-0.997591782255411
-0.75628450302929
-0.633433374601099
-0.832614705880801
-0.577931733548212
-0.329435355608315
-0.272453046910878
-0.0978572526017799
-0.0319269116402892
0.015225483169856
0.00592532770100186
-0.0710684830555256
0.034986900429191
-0.0436212619102491
-0.0185126260315804
-0.0871481776581825
-0.0140338769724423
-0.115273091437869
-0.069426771562653
-0.0752846611414782
-0.0897206382694355
-0.0876016364372704
-0.0734208897620333
-0.0645078078308832
-0.00034567485409143
-0.0596623902447032
-0.0139084223454471
-0.017241305639574
0.0179639418014963
-0.0146818550819475
0.000853642062982325
-0.0354021714191114
-0.0366477027088321
-0.00343471671705886
0.0196703874700762
-0.0193751904738903
-0.0022210924566962
0.000255440255670635
-0.0217849381598697
0.0157048768997328
0.0257939458204922
0.00058970412649065
0.0221838027897313
0.0099900086583905
0.00700630501958704
-0.00474902569572506
-0.00235947884684781
-0.0124652854833743
-0.009158506774321
-0.00041655900925274
-0.0112939200191912
-0.00476302439490677
-0.00422855331568789
-0.0272522647639758
-0.0369562584621518
-0.0232415193620595
-0.0355467479086957
-0.0168734813921369
-0.00577782190239911
-0.00994272307342843
0.00444853657352582
-0.00430599533085021
0.00322524104710357
-0.0106608378372662
0.00146316973915192
-0.0186842624633099
-0.0224774466082194
-0.00607487356365898
-0.0433636923516897
-0.0083821453411161
-0.0290840135000586
-0.0224336985555919
-0.0198902978053085
-0.0206548819455007
-0.0271885001761615
-0.00302884505901947
-0.00351373624109346
-0.014101579680726
-0.00456188170670999
-0.021029264117024
-0.00452139137572509
-0.0142800454821205
-0.00496844099399482
-0.00678526794712294
-0.00983303145695555
-0.0183063944163664
-0.00489383567312686
-0.00660348964406131
-0.015951527295124
-0.00925302285597618
-0.040884815241984
-0.0451124557092164
0.00135972510367656
-0.019865551006022
-0.00608595137353624
-0.0145161211422389
-0.014418299122048
-0.00342124934245446
-0.0106103549993608
-0.00836436875630711
-0.00154957631016536
-0.00343547187477274
-0.00343547187477274
