-0.975324235922147
-0.917334475043431
-0.376194124946471
-0.413573378499213
-0.126367212723465
-0.0512177429098494
-0.05744758146737
0.00295820778258934
-0.0433723662029416
-0.0498555161290821
-0.0112776869984469
-0.0315327565538343
-0.0924814351531658
-0.021521370941469
0.00760352331123645
-0.104681167923893
0.0138151650149107
0.00241839016016415
1.15343921449134e-05
0.00753933494330334
0.0109591675388076
-0.0160711824167623
0.0233578889555844
0.0156849941676539
-0.0182411974703065
-0.020433680981626
0.000162744615760106
-0.0214350751588104
-0.00277112947561449
0.0107889414856217
-0.0128893741008892
-0.0141972362656929
-0.000545337622702021
0.00689019387417445
0.0266230764244403
-0.000601178531340882
-0.00497483815076466
0.0188012123515571
-0.0236412412142018
-0.00260163042787292
-0.0912799167983307
-0.0291445556019426
-0.00280808856396025
-0.0182827120937695
-0.00925391992994228
-0.00788668131825174
-0.0124180238823352
-0.0285659042610146
0.0203097744937254
-0.000181170028255233
-0.00824471597196135
-0.00106505719955118
0.00686849943020056
0.00450150786599683
0.00694077422993398
0.000401190358516883
-0.00078389580214568
0.00541881804593457
0.0131298217746273
0.00555021018546346
-0.00707461671630404
-0.00967650390534151
-0.0046606648889262
0.00521703455441087
-0.000431911957639077
-0.00462957938942349
-0.0033320169553685
-0.00325569534142298
1.91869815114987e-05
-0.0211160409436846
-0.0233997084951631
-0.00118377218642174
-0.0205247271912442
-0.00464777151786067
-0.0297216680112203
-0.019767554637446
-0.00193785557585427
-0.0124656909469975
-0.0152511389138662
-0.0154096281462535
0.000840488969795238
-0.00282831007027178
-0.00411739898300312
-0.00111856355191948
-0.00137244424206439
-0.00911926327858935
-0.00837115155540447
-0.00653563882555752
-0.000689813165110307
-0.0165901869430268
-0.00645991837934882
-0.00912981255147134
-0.00297032554202109
-0.00231493654924976
-0.00970066348342873
-0.000808308415899697
-0.00191080676678861
-0.000527933873185834
-0.000996982301656982
-0.0135456945940378
-0.00162672949616215
-0.00298122297849404
-6.88291433789527e-05
