-0.976098809499395
-0.703395561700148
-0.226347613915375
-0.178921936664731
-0.0636050964589934
0.007888885777896
-0.01469888168198
-0.0566110364376495
-0.134564759390606
-0.0610988089846524
-0.0734698401687111
-0.0574376581877577
-0.0508567005289991
-0.0453218762296804
-0.00187854278637377
-0.0243056196495062
0.00837002207098741
-0.002101804008698
0.00364752983737048
-0.0173764394286524
-0.0109606394041802
-0.00340633029112357
-0.012244242815374
0.00779389027851193
0.00866246682777823
-0.0139112294129822
-0.0255028121670364
-0.0162648775180131
-0.00691192455648351
-0.00393272252207155
0.00331300861462899
-0.0429816000948931
0.00170318394935912
-0.00117865159143893
-0.00368161673649007
-0.00596771830243272
-0.000823723646196728
-0.000285198362499645
-0.00661711815597972
0.000373195270996451
-0.00895720327955191
-0.00484349770241379
-0.00273205368884017
-0.000897007528894066
-0.00427297480358162
0.00055547439079013
-0.000319392786114012
-0.00202281995500598
-0.00404813227339925
-0.00332594918301725
-0.0104222603696751
0.00407692183065111
-0.00970097606795836
-0.00792189341388669
-0.0207156081553577
-0.0108494456909001
-0.00522243040217352
0.00240806190909455
0.00533669692736544
0.00607799426486765
0.00509879431018739
0.000759672215066495
-0.00162467411919905
0.00101982421833975
-0.00347358598327778
-0.00801549879940409
-0.0037247831294614
-0.00295784967032744
0.000772352964808598
-0.00192765565231295
-0.000641873228775185
-0.00406178568240948
-0.000678409927311664
-0.00659600029047912
-0.004675924027392
-0.0125152817672097
0.00170376568094151
-0.00507509398264887
0.00507201698378264
-0.0178695075319142
-0.00339968635173762
-0.00243913844242181
-0.00233052492853808
-0.00605460188120432
5.57899841360505e-05
-0.00278681324983449
-0.00277679114487042
-0.00751892078735094
0.000954104727096775
-0.0110998179556685
0.000141647708571712
-0.00197255943334314
-0.00946444589931466
-0.000104084180136086
-0.000782382172911619
-0.00210653564199776
-0.0049388803838811
-0.0174955185703006
-0.00557393704365046
-0.0125714032398107
-0.00651279667445647
-0.00397975433461587
-0.00397975433461577
