-0.953761580089523
-0.960450082325836
-0.961757270350726
-0.951144413375985
-0.908470341075993
-0.86460581726711
-0.83386505079966
-0.748372080755333
-0.651689222437169
-0.606642312595376
-0.540536548972208
-0.416818857221524
-0.377045430154492
-0.353053147040716
-0.228493901812309
-0.154886018894367
-0.173167469866008
-0.160716433933545
-0.138130860065961
-0.149492169879457
-0.155539410356219
-0.107559161196703
-0.0465412599465119
-0.040949387952081
-0.0218220493459879
-0.0097991001204221
0.00607922821845963
-3.75264841705365e-05
-0.00707108163572713
-0.0190441068770169
-0.0208617768477503
-0.010552109729502
-0.00807043108767802
-0.00206980351432812
0.00246662445763153
-0.0131972078149431
-0.0158343743152126
-0.0139160062608313
0.0126374996429459
0.0166194177846168
0.0140058118049457
0.00988911832823505
-0.00811070572736527
-0.00865565128252784
-0.00729279623699829
-0.0055049180893777
0.00278950573818056
0.00179866705468508
-0.00370930026004985
-0.00404854627745131
-0.00109523730145353
-0.00455650736889702
-0.00362545973583463
0.00356027554332669
0.0190444641935171
0.0364920030853845
0.0433610726345852
0.0436770129377172
0.0257360538817591
0.0374202133523764
0.0292496455846028
-0.00989955080357889
-0.0258015584400465
-0.0123926788884043
-0.0150798904024783
-0.0157064719949196
0.0186725697060865
0.0419738132951986
0.0271623557394562
-0.00402625353890005
0.0252384868455839
0.0406890699638856
0.00678871332514484
0.00204927726055387
-0.00263446449032559
-0.00359764680319911
-0.0172380094027269
0.00942703429250775
0.0130242921732014
0.0061112973353685
0.0282889664193736
0.0178112007043504
-0.0128783590326077
-0.00619936213267071
0.00192952829537966
0.0114665805918885
0.00134332355582076
-0.00393240705764593
-0.0021541350474436
-0.00223939218236111
-0.0276545783693512
-0.0242842009883505
-0.0172731936871828
-0.0358238421523131
-0.013456692813525
-0.00382875043724835
0.00331141333280313
0.00609629888559322
-0.00103672014149892
0.00252523364949443
-2.62254841704389e-05
-0.00165187773746942
-0.000505489691082892
0.00142744434408977
0.00254535834476776
-0.000936572085948478
-0.00437466262215905
-0.0155710468287917
-0.000712984486474031
-0.00673794801968991
-0.00951937421977471
-0.00335077735427891
-0.0130590209627432
-0.00746548972476579
-0.00874264849240838
0.00947208059941316
0.00669200454229994
-0.00674098146950788
0.00585348223385181
0.0127281735714209
0.014087566593639
0.0223701675368312
0.0251674235265207
0.00407505091341002
-0.000909464156360749
-0.0106079725542402
-0.00163711618579991
0.00258117837103714
-0.0029054772303166
-0.00608004356268744
-0.0134567025718946
-0.004391081229997
-0.00616376678312558
-0.000577146198713036
0.00907705565277553
-0.000524307584699054
-0.0171307258452596
-0.0226692380754206
-0.0331258138911046
-0.0129581150155498
0.00591938469455907
-0.00270836418995669
-0.015080104420204
-0.0161393960795075
-0.00389332049441662
0.000634944052432137
0.00413938591771652
-0.00058097022146403
0.0050611511658803
0.0121679840251377
0.0147625890309332
0.0109321841646692
-0.0186350570558264
-0.0179126245358826
0.0213519467054472
0.0111958136370847
-0.000744558987430654
0.00355242755050884
-0.0291859165020904
-0.0120600848459237
0.00952030597418875
-0.013772872153046
-0.00797502892849387
-0.0157076854798411
0.00232960173103778
-0.00117913089909528
-0.00517021921074327
-0.0196911504388668
-0.0184819895935436
-0.00349676375362916
0.0153507238373915
-0.00590915217139227
-0.0142109324296427
0.0135847955143508
0.00695820087214964
-0.0113446635820922
-0.0280306028061988
-0.0283981109891909
-0.00110144617701216
0.0237929171318757
0.0361899996846582
0.0324657944740927
0.0213519522319904
0.0363055590673065
-0.0119887089055337
-0.00209826513865296
-0.0679946150297435
-0.0762537441579709
-0.0245477408176863
-0.00857163656652838
0.0365751810894838
0.0264103404938784
0.0294796151089202
0.0120149149203035
0.0130185918119726
-0.000771491372691687
-0.0319736278957943
-0.0317542593435718
-0.0187722818727509
-0.0161791445094526
0.00615668604526532
0.0259491177347329
0.0156549078291429
-0.0019915913493191
-0.00463512363051772
-0.00440009266380166
-0.0202488115048215
-0.0432956271560109
-0.0299704016133083
-0.0224452266744003
-0.0333007096659277
-0.0260068632915249
-0.0207715621724269
-0.00032447436619349
0.0131166177294448
0.0219105123164525
0.0290433208967773
0.0285100948282855
0.0285750776089659
-0.00598109231330302
-0.00471859451283633
0.0138498537547913
0.00970719905845121
-0.0105932284642548
-0.00382336279196704
0.00420691811095373
0.00842653788081581
6.38148230753524e-05
0.00469212358739545
0.00442076820071504
-0.000235037635225444
-0.00245575124632561
-0.0282643867156635
-0.0368106986329855
-0.0282728764208379
-0.00593307193821928
-0.0178447543603931
-0.0249049112288401
-0.000265957114674955
-0.0201984946923136
-0.0253757272541164
-0.00257737322205634
0.00351867630100965
0.00202131564275689
-0.0103433703638653
-0.0224981612450385
-0.0138451598000701
-0.00716417646284252
-0.00609376404331396
-0.0056622734983266
-0.0120879124168252
-0.00917209344058857
-0.0137134276216487
-0.019169909925522
0.0034326861829409
0.0123932767759008
-0.00692502518451173
-0.0176900897430046
-0.00204263286067846
0.00896130234195192
0.0347282787037873
0.042905267237366
0.0345093000731005
0.0216733385964142
0.0219307104177423
0.040918104739825
0.0484204679794805
0.0412851147157299
0.0501353225424001
0.0286850464877682
-0.0026435610048415
-0.00419574078542394
-0.0293749234831614
-0.0398748644346733
-0.0289201768987457
0.0127843892015253
0.00838051181786925
-0.0153279458497534
-0.026583356771173
0.0115466418468117
-0.0155581691923171
-0.0468101452133683
-0.00938338245998469
-0.0327732550350817
-0.035867006114648
-0.0481440939880937
-0.0435914964428436
-0.0261697600173041
-0.0316725764585214
-0.0185963612296125
-0.0189819900518795
-0.0164949523457485
-0.0074069457557334
-0.0129150361767062
-0.00220439346325538
0.0236341289967687
0.00973566325321106
-0.011683708266405
-0.0192233862461095
-0.0595339956068965
-0.0676380109366123
-0.0447067973404501
-0.0124870179326771
0.00242973341403468
-0.0410187138366831
-0.0520133590195783
-0.0189045864397017
0.000959624729377483
-0.00448201073808997
-0.0062313170803771
0.00274121961595488
0.0316219210272764
0.031241157515299
0.0532532759148642
0.0617641230774926
0.0332352191574709
-0.0594451252994077
-0.0326310360492521
-0.0262312033355575
-0.0288857574740773
0.00370920013551819
0.0198118645728904
0.0185563084814266
0.0153457408025209
0.0337107068486599
-0.00638871176091348
-0.0245998967440568
-0.0289759256751612
-0.00899730782571675
0.0206288528695202
0.0160573249610931
0.0062649471357852
0.00809146789555608
0.00521312142745856
0.0111090128426284
0.0146928699910178
0.0425685295717077
0.0410155299367882
0.0163094129529588
0.00756094877922398
0.00835527544672988
0.00162994206759081
-0.00226069552824959
0.00315040661005941
0.00414262656041972
0.00155825321444545
-0.00365017809106044
-0.0122224364553547
-0.0117522711358
0.00179900054147814
0.00260388674584708
-5.70334193147807e-05
-0.00456698732039801
-0.0227888578728198
-0.0335654762620363
-0.0170317864519467
-0.0162256842599571
-0.0285351165572479
-0.0233853178108018
-0.0176354650556214
-0.00669840414566388
-0.00102109397802371
0.000375799363839753
-0.015965621215836
-0.0172993616259729
-0.016006764803677
-0.0409739278790885
-0.0422336646631665
-0.0260452182751072
-0.0110064906577759
0.00496292570165694
0.0358435481207415
0.0263016294014974
0.00403698955153701
-0.00741296059632355
-0.0258124260064325
-0.00375291110949854
-0.0119667535692422
-0.0137165371728351
0.00751114453014786
0.0111214716861384
0.00258835773268745
0.000549188985188629
-0.000296121897063949
-0.00585458860617529
-0.0125125568719117
-0.00698202858253809
-0.00219274083362379
-0.00190386472186538
-0.000183720472328333
-0.00352384621577532
-0.00246316738974957
0.00412768109597751
0.0101611443717146
0.00316227624968526
0.00936632086689087
0.0143157848001614
0.00135491195301795
-0.00119498951270333
0.00164693413109595
0.00335756408352906
-0.000506298522352366
0.00300245057747844
-0.00573802118545685
-0.00193521910903323
0.0154432768896137
0.0579348739147917
0.0372301384892742
0.0509471237937699
0.0287180101737419
0.0142147820094789
-0.0124493589934234
-0.0258577897515006
-0.0140296337899639
-0.0135653719635162
-0.0457492348145895
-0.0016934424583118
-0.00479923416265419
-0.00853779218737619
0.00131167386707593
0.00971612393699788
0.00199480484239949
0.00676303607365214
0.0061852179005908
0.00821264444447581
0.018307455485323
0.00670120190850278
-0.00160677698431491
-0.00891996902908878
0.00297689041708098
0.00279456506196427
-0.00992564721944579
-0.0168208802126397
-0.0155961402690853
0.00802658252270085
0.00437613690534128
-0.0157027042438269
0.018688500633978
0.0190625878014305
0.0222551462440229
0.000255680400484265
-0.0831120180362058
-0.0494712820019913
-0.0804743230242725
-0.117893664375772
-0.0250387914489036
-0.000902756393864539
0.0349122078333402
0.0309204297874083
-0.000600017251815327
0.020761126553257
0.00908074742780856
0.00627124994983836
0.00933694044174253
0.00642618471869606
-0.0330574771153245
-0.0406944454183767
-0.05733945381071
-0.05201417607822
-0.0261350217165424
-0.0237371445120905
-0.011829248731751
-0.00183960988020297
0.00221199963056681
-0.000515003748712628
-0.00927105832360666
-0.0160787209366507
-0.0212885882738175
-0.00957249746874538
0.00373422995064329
0.0118075416517217
0.00463013175913318
-0.00520888792038705
-0.00546030463432802
-0.00802083024176255
-0.00619945327010636
-0.00319292439853006
-0.0115761796172917
-0.0149439893162748
-0.000477816148416397
0.00599708925850205
-0.0051032146521348
-0.0119799686076311
-0.0222417729576687
-0.0304098963929396
-0.0421962208865824
-0.0495007625670037
-0.0447489637996875
-0.0382369783607268
-0.0183063341761833
0.0177855300862299
0.0166163349742598
0.00957010982623427
0.00133734344122944
0.0094698859488124
0.0150059828121192
0.000683963065957815
-0.0114693418152801
-0.00968080465707775
-0.0208749978877918
0.00305060395252328
0.00786767656282452
-0.00286632375783806
-0.000341174208007594
0.0138844370732339
0.0146951499564868
0.00585063906141151
-0.00358950333798954
0.000313788425886915
-0.0144016437741189
-0.0030654322327672
-0.00173678580870131
-0.0177072830283968
-0.0121916466066497
0.00213551726560193
0.000592810726392499
0.0349222982869545
0.021952070972109
0.00995045258060682
0.00693497193505151
-0.0128843744996702
-0.0108753009833955
-0.0143328449346279
-0.0271530619124973
-0.0303852102241384
-0.0204166906674269
-0.0187873656676967
-0.00167005754532859
0.00729538377508117
0.000991058484156175
0.00473821664882986
0.0233009004567603
0.00303574678247379
-0.0206545471697328
-0.00473480640702194
0.00779502645390675
-0.0207177731528543
-0.0128700523565772
-0.0106631953587274
-0.00195540991425523
-0.00542029880744566
-0.00118545978664398
0.00509100949840864
-0.0082208817317414
-0.0138551239360641
-0.0152965906342952
-0.00947663367599824
-0.00822565730871866
0.00278650905777346
-0.0028675724900604
-0.00567109558539912
-0.00123088298602056
-0.00388540313840915
-0.00385946412006998
-0.00665338592208195
-0.00433124770042515
-0.00595661136759234
-0.011479956285501
0.0122010526888267
0.00561372695684657
-0.00678545424546096
-0.00767931301720468
-0.00212115763915322
-0.00635503502643722
0.00476442775775982
0.00533756747984764
-0.0060151771008016
-0.00606246064963794
0.0021272376270958
0.00115368465822261
-0.0013078861754125
-0.0020722065980218
-0.000167998512947757
-0.0142498175084515
-0.0141858916968809
-0.0563936289183556
-0.0760594466839449
-0.0381300911031424
-0.0267451453845858
-0.0102294842013417
-0.00317881963625986
-0.00281822846028144
0.00414571898248186
0.0114917908926766
0.00182800930856739
-0.00377758339154707
-0.0122309336607937
-0.00549035412327823
-0.0152309034018487
-0.038310783406382
-0.0458897250601978
-0.0268553573135761
0.0146535445317399
0.00156469035766619
-0.0035681057974083
-0.0057423081317406
-0.0133727364342472
-0.00443525813990315
-0.00164530202400982
0.00635899346072745
0.00305016011823055
-0.00517330051248159
-0.0192445421618976
-0.0264674706721669
-0.0294372650919943
-0.0141230870914245
0.00104020097419735
0.00207691436768418
0.00955820396855095
0.0226869800609985
0.0365094007792747
0.030864074195083
0.0163389361775458
0.0318014454131726
0.0311094912906936
0.021296001552539
0.0140906058855616
0.0153825285178073
0.00161782076626216
0.00217157890463336
0.00538079135612039
-0.00191139936766254
-0.000311279384402448
-0.0110490625572065
-0.00607757810368388
-0.00533462584213084
-0.0176926855026557
-0.0089154901657425
-0.0123303219019661
0.00115578379057348
-0.00262109040766048
-0.000278969055746443
0.0011940599535102
-0.00294444059302546
-0.0025553897024422
-0.00670232505412666
-0.0144443098790354
-0.0160204404451515
-0.0190689979861758
-0.0103448823366868
0.00296492493929306
0.000861650329756138
-0.000135055217146123
-0.00402737149510313
-0.00206194285421177
-0.00242179876755562
0.00890770962689137
0.00945898919453339
0.00102556786925263
-0.000484821745325954
-0.028200775875415
-0.00946854058348368
0.00326857434644398
0.003724815743857
0.008557128513668
0.00789121254427911
0.00272401171537809
-0.00592068473357573
-0.0012397396115192
0.0188364724394452
-0.00595508471702663
0.0121713163917706
0.018145148110985
-0.0155633525894517
-0.0160166851733501
-0.0202847461707956
-0.0438504353045503
-0.0301378791930729
-0.00583737620440368
-0.00160474665896347
-0.00255169484170109
0.000720400546420286
0.00450546308742018
0.000955701077325248
-0.0141887872446143
-0.0210146609873694
-0.00389022562424504
0.00343608330290838
0.016763728663855
0.0158772743065734
0.0178516933309619
0.00553751041000253
0.00210234751681064
-0.00522069274677359
-0.021483406080951
-0.0341245348192883
-0.0546155449318848
-0.0322477255584149
-0.00215349335893505
-0.00557384132672786
0.0012958973791094
-0.000471574040686573
-0.00433681541704399
-0.00312656344905664
-0.0331795170211571
-0.0221756769224771
-0.00158864013325089
-0.0099728488686508
-0.00933948891573567
-0.0050102510176625
-0.000393830733331933
-0.0248807856762538
-0.019884207686595
-0.0148524034681654
-0.0074212193875638
0.011022621770622
-0.00250793922678293
-0.00216609324803352
0.0132281770454185
0.0174043050039874
0.0165790600363227
0.00490699539852008
0.00567379318719258
-0.00154684944884797
-0.0151915214234883
-0.0125673126790808
0.00323838057337449
0.00989381604255724
0.0075365874737999
-0.0358355160309654
-0.0309173804792126
-0.00877341644470275
-0.00946806291156485
-0.00823854772146896
-0.0142502586987756
-0.00124296154736323
0.00146673355178779
-0.00794941187970315
-0.00984932747428354
0.00662231635951821
0.0181256480534559
0.0221711388600924
0.0258832320941794
0.0283715997163991
0.0164489542402893
-0.00329069653856046
0.00267721175224109
0.00301486492160371
0.00369717689157623
-0.00245631668446795
-0.00160743895365272
-0.00611288481102478
-0.0120262442322906
-0.00738773794265271
-0.00901507970365485
-0.00150644205245364
0.00207728188230347
0.0047492943862915
0.00671961520186477
-7.93537669184895e-05
-0.0016980931463054
-0.000274279595603351
0.0361044228156158
0.0131290062597449
0.0104707580721314
0.00836711132004755
-0.00534066141761892
-0.0127646933681666
-0.0108324474712336
-0.00159376575289551
0.00296119574151442
0.0184339651487076
-8.62472944977849e-05
-0.00687257720600403
-0.00718065525290183
-0.00511333353523327
-0.00361018737991727
-0.00757329751507457
0.00334930175162303
0.00341650148508461
-0.00996436571762212
-0.0285509829428198
-0.0218029451717703
-0.00932823584167802
-0.00810645799413083
-0.0119053311241387
0.000249611868445961
-0.0023448340764487
-0.00852348542070585
-0.0055710455575855
-0.00304681315994308
-0.00508234327689718
-0.00603270578863438
-0.00415981152094719
0.000238106029521833
6.7125122309759e-05
-0.00307536885238415
-0.00997031308584124
-0.0149933037942255
-0.00102308258541628
0.000972263130258171
-0.00223866589836096
-0.000912041844003861
-0.000725806988846378
-0.00980881261809679
-0.0141567230078204
-0.00590783629093135
0.000913526608822647
0.0066834837371382
0.00873794512515158
0.0122897104751836
0.00964966469311925
-0.00230760560118611
-0.0101614700446222
-0.00993967117277077
-0.00885459057101544
-0.00265493625510762
0.00359386274148068
0.0107698351191424
0.00869818583517607
0.016008644195206
0.0112638666724555
0.00558854136501197
0.00781492419422612
0.00119392589971507
-0.0148402639864468
-0.0144231906320947
-0.00257859136557368
0.000632161417558936
-0.0011705306103419
0.00218698540429572
0.00464273735359553
0.00460063953001431
0.00989469838775294
0.0140460765508795
0.0186473101814474
0.0200846789197724
0.0250765398742143
0.0247620388822055
0.0259436721647076
0.0160674590595149
0.00151653150018482
-0.00847197738913328
-0.00565025753545755
-0.00207024353285587
-0.00809266455185653
-0.00248394278424229
0.00158275593312492
-0.00175630331679518
-0.000210166660488634
0.00103734824210103
0.0125901572000875
0.0106573889687655
0.0183299452193857
0.0141661812251541
0.00180699749965297
0.00130750839815395
0.00138684355096814
-0.000403006286537753
-0.000604245337158674
-0.00193537027447977
-0.00524734949670148
-0.00294878719320037
-0.00431048554852667
0.000437840161728927
0.000550002047646019
0.00760872082562094
0.00797693735779569
0.00682155342197736
0.00488520216666421
0.00207481464961345
-0.00141136714866918
-0.000920725408437532
-0.00700037976065062
-0.0185056948497499
-0.0308621834517615
-0.0115052442941251
-0.0172615392016356
-0.0134884954760622
-0.00188135548564825
0.00457743957438386
0.00183090527112762
-0.000764217185853433
-0.00411376338681171
-0.0146290131895275
-0.0187318736857842
-0.019230558961804
-0.0119165646077219
-0.00100507420990141
-0.000938633914747871
-0.000836013833941951
-0.00264292228077785
-0.00545974833375044
-0.000629964848097763
-0.00155006608983965
0.00463399671461075
0.0141913595649489
0.014217757200934
0.0101312725669283
0.0059666854356641
0.00545320664518889
-0.00107085574991872
-0.00156943550027663
0.00415011747894745
0.00038061907010751
-0.00101694598515717
-0.00935175292830798
-0.0263161331867351
-0.0300047970814614
-0.0115134178944135
-0.00174046394666709
0.00385316068255105
0.0104028762685974
0.0119720579300325
0.00123366029505183
-0.00363626309856851
-0.00340626242770054
-0.00429763059319484
-0.0111384167098617
-0.0231127830089394
-0.0134432238524917
-0.00674220274409472
-0.00900302550518489
-0.00350468965796845
0.00839004101166987
-0.000958301288761635
-0.0163124061143405
-0.0258254924933248
-0.0310863423261232
-0.0208359945835859
-0.016834729823198
-0.0191080735660051
-0.0106603353408501
-0.00551527206896379
-0.0104304887738393
-0.00562909927897811
-0.00329379756423306
-0.00486252151476906
-0.00679961170327277
-0.00300309663389804
-0.00256321379440202
-0.00308817464086704
-0.00130988286064057
-0.00110697537840357
-0.00032592138462206
0.0108314118736725
0.0011382545042204
-0.0143391025181193
-0.0214242138784665
-0.0185073821447078
-0.0162014895707915
-0.013320655974965
-0.0109929218316252
-0.00209774374768465
0.00131210922261445
0.000416567121749343
-0.00254913974425608
-0.00842116480446481
-0.0089450559233795
-0.0133566567215094
-0.0102786333906001
0.000642034840102543
0.00441823400164346
0.00357008045634852
0.00466106018983629
0.00407751835369
-0.00066608690941763
-0.0140055544723817
-0.0196691452044705
-0.0159120698995901
-0.0162810060269993
-0.00746699160568599
-0.00377506668725488
-0.00418746541220902
-0.0146856388727237
-0.0171259787515992
-0.0150930722639237
-0.0325155882618092
-0.0263826509503379
-0.00962991636346726
-0.00254554718148173
0.00229276520098139
0.000844184387817989
0.00161936888042239
0.00291462712286081
0.0011616240265504
-0.000765689510551913
0.00115904987998316
0.00210739074579679
-0.000414683721512748
0.000486254844044577
-0.000850351765600518
-0.00204000119598826
-0.00175506457964753
-0.0022248921603323
-0.00230636474796452
-0.00381527311795462
-0.00180057103477603
0.000590841674228513
0.000468986602248916
0.000444198957352917
-0.000951758666304625
-0.00520880234070557
-0.00485929389926975
-0.00363131910266055
-0.00200149852909628
-0.000820892727457172
0.000134590615618982
0.000418713611525042
0.00164702934434403
0.000960986122338849
0.00056461492288374
-0.00309810736009477
-0.00105365079230355
-0.000359386540637237
0.000439523547553947
-0.00139698194925473
-0.00291221291272416
-0.00198579738083332
-0.00186456273486722
-0.0019668282653706
-0.00239501574890369
-0.00335698165630377
-0.00652718115143809
-0.00638886158071412
-0.00516556687194537
-0.00438417955597216
-0.0013692001718919
0.000327059832535949
-0.000560192168877953
-0.00378826651762496
-0.00864523481684218
-0.00783677940317608
-0.0078913247266546
-0.00742358520387218
-0.00480160878626502
-0.00654114767538183
-0.00584291354736491
-0.00451796825988517
-0.00307906746135105
-0.00491600652304388
-0.00642325201838573
-0.00792512623677567
-0.00909248358714915
