-0.996253381483339
-0.971707852648814
-0.944149553671301
-0.930144138463153
-0.891724237678274
-0.84266054798014
-0.829514968903471
-0.82152848294773
-0.773205038985157
-0.786856728939609
-0.713041948643359
-0.625644858684273
-0.569925100051593
-0.563649880656053
-0.536576844172921
-0.368853567826564
-0.225983963259872
-0.205240377454452
-0.181731528261553
-0.0500624928494616
-0.0225842505490416
-0.119303793453092
-0.16800627803641
-0.201652420717862
-0.243432421361047
-0.203136448704703
-0.126268681290188
-0.069750166066244
-0.0315849775460726
1.36312690701655e-05
-0.00712514437785296
-0.0315927422803866
-0.0685005008225254
-0.0795293679389894
-0.0447010822769682
-0.011789211350167
0.00552642939973816
0.00229210889465114
-0.00647116985462447
-0.0209391501265357
-0.0278302581380273
-0.0814007190920951
-0.0660224595808876
-0.0285015974283622
-0.0106341282894121
0.00272690030240924
-0.00233363516245092
-0.00608791989009952
-0.00759162380572558
0.0125117335983176
0.0183214151155813
-0.0225640657732866
-0.0554588687837891
-0.0749254559422679
-0.0560050283698392
-0.0517046965122805
-0.0585878925405584
-0.0607197313957218
-0.0589180661188662
-0.0466176667206969
-0.0406294585944699
-0.0309008046728137
-0.00901405855178635
0.0117797610194161
0.0356704586517604
0.0177487345731825
0.0225460593653895
0.00605851337511359
-0.0221491076411381
-0.0267962212226678
-0.0161452646932306
-0.00650851847201618
0.00423488463164804
0.00831134700061136
0.0151575497181211
0.0256796644222557
0.0268180813588384
0.0103192263543765
-0.00376842520969787
-0.00323237212892616
0.00276758606924712
-0.00600222181925693
-0.0067137848644483
-0.00127744524550227
-0.000194555551007824
-0.00298770027231497
-0.00296823977810975
0.00278590483603411
0.00504001348594935
0.034363481013011
0.0492770636224244
0.0531789064089001
0.0541954908723546
0.0492227135445384
0.0393340044035959
0.0220990758016399
-0.00204077203260281
-0.00602115557778143
0.00477568003248067
0.0136052740303497
0.00598405946292785
0.0031635515129892
0.00294170839427395
0.000351264527601521
-0.0160293082555513
-0.0131827958252271
0.0218458572388738
0.0199008236162101
0.0177173638138245
-0.00246755561346549
-0.029496360362401
-0.0350391988287335
-0.0269260229846437
-0.0341765120938702
-0.0116679404210345
-0.00294349444323422
-0.00547409765481342
0.00410756380120239
-0.00816681731637896
-0.00541468372907558
-0.00334771148400366
0.00449520567188371
0.0177662796035397
0.0138694135638222
-0.00204890360169797
0.000892723816706503
-0.000380045113622573
-0.00445209827235409
-0.0131573388420202
-0.000686882433089571
-0.00249915168274785
-0.00244775873678968
-0.00734742700323377
2.97510572944888e-05
0.00942225920814444
-0.0043220692190513
-0.0180684710466343
-0.0290765059980915
-0.00928922309265037
-0.014706671553716
-0.00775722876261837
-0.00134247759177206
-0.00314394054330177
-0.0103947565635066
-0.0185981616931725
-0.0106558136974643
-0.0266786140804649
-0.00980701802626734
0.00354700167885612
-0.00254443482364607
-0.00687946802749885
-0.0163685176035115
-0.0105201720050804
-0.00176544161639212
0.00332930735253777
0.0143265523664579
0.00742073052653304
0.00654992214343779
0.0149567592583722
0.0327439342244921
0.0703816163762217
0.0450459969842107
0.0457250237096309
0.0433308863379854
0.0238308157026083
-0.00762388683986491
-0.027418653221907
-0.00941546148322709
0.0103437639093126
0.0903621025544758
0.115587397267159
0.0682250233040117
0.0126358519844308
-0.00146516932714427
0.0718787624292204
0.0347557677455066
0.0321265591662418
-0.0164500362998111
-0.0433632699606789
-0.0179570904965401
-0.00905084270507164
-0.000147751116276778
-0.00397528171543084
-0.0535294444993297
-0.0421568722322992
-0.0335914140326972
-0.00213626176345313
0.0165750276975399
0.00137306470756295
-0.008972021802412
-0.00504206314483053
-0.0213567977953364
-0.0260272216242265
-0.00261767786221827
0.0204230868258407
-0.0870412072257342
-0.15206076397764
-0.195317923522754
-0.330296771601937
-0.112300413226517
-0.0180357263291388
0.000886258288675218
0.00185265835908064
0.00207131432526894
-0.0128004913624876
-0.0065309792225819
-0.0392996929070122
-0.0445043125324382
-0.0629722796575286
-0.0538604432578013
-0.0118692988614342
-0.000289213035991218
-0.00198601052106064
-0.00307945615600861
-0.00521634834237342
0.00349475501735503
0.0180050569468776
0.0163273261924663
0.00376446631865467
-0.00145206181318312
-0.0125742199107941
-0.00794342841137395
0.00300166053749784
0.00513294828554031
0.00385258067206038
0.00550160565613334
0.00184521523780623
0.0030066004269024
0.00954172392311235
0.00625023752346969
-0.00645134723813817
-0.00981314438589932
-0.0004109328409805
-0.000485912305423802
5.59574748365075e-05
0.00127937799553948
0.001235269836604
0.000484072840872797
-0.000277481087148755
0.000101599245372738
0.00534417343844972
0.00489076293698255
0.00883921206352451
0.021153264345849
0.0126031518359139
-0.0457097831476107
-0.0365601582080013
-0.0284061569235178
-0.0231708499037487
0.00137103752037234
0.0242266698289143
0.0194516833348371
0.0102581746151946
0.00480377069325089
-0.000186039829845382
-0.0155946130256696
-0.00926475579166913
-0.00220465795076427
0.0105360562019467
0.0203889225605905
0.0118763712472702
0.00133217423082913
0.000646952214370268
0.00990988530032436
0.0129922391454724
-0.00858075511031293
-0.0649988348929301
-0.0989379194899585
-0.083741316384246
-0.0851838656778294
0.000732780537155739
-0.0120612401625041
0.00454244464457138
-0.00863648848669177
-0.00873581977743623
-0.0110979784471226
-0.0275372581221304
-0.00894122617262055
0.0103019684392461
-0.00978677225502998
-0.00838242568239963
-0.00639190048166892
-0.00347799022179221
0.00247315454124412
-0.00270629094088061
0.00110619890922843
-0.00112040540967961
0.0104954916706389
0.0206626749601489
0.016784759017527
0.0176230371212594
-0.00337966799521356
-0.0077671833436347
0.0109492065454316
0.0091098105505429
0.00366285037257521
-0.00141221924454772
-0.000889375398727026
0.000408084211076313
0.000607530247273883
-0.00475944117824502
-0.013009023641156
-0.00439268775723312
-0.00328735542523299
-0.00584973186774117
-0.00636219893035835
0.00040341043565268
-0.00390145699632192
-0.000275316306596555
-0.00100974677590845
-0.00165005136574824
-0.0033415209691482
0.00371150538655198
6.86024887560539e-05
-0.00977468463473357
-0.00728061056279188
0.0174205471696911
0.0202405041449436
0.0294038337008909
0.0333725935792265
0.00186237761959607
-0.00667160813469092
-0.00582081718278066
-0.0131579532771504
-0.0300184432701577
-0.0253633560917638
-0.0152925253430406
-0.0056203251879215
0.00271343575581396
0.00111522006232213
-0.0129156128580723
-0.010889694777928
6.71115594142162e-07
0.0308933228595351
0.0420078845909604
0.0300933193212445
0.0383690282206764
0.016089189943472
0.0104893229056927
0.0131124555774663
0.024100190198083
0.00612869625304235
-0.00702709460868123
-0.00136440507445315
-0.0214089952530375
-0.0127051018363757
-0.00825500932745576
-0.0142437302850684
-0.00637248237680139
0.0188945651336021
0.0323371014933063
0.0274042308200473
0.0128149815284486
-0.00725195808126032
-0.0239175761646244
-0.0448514719648453
-0.0320609056704668
-0.0553364441783442
-0.0919704617092054
-0.053762542766674
-0.020895962217231
0.0146394908322825
0.00950871910226054
0.0192237229675111
0.0163930995494133
0.0178130010906248
0.0117818113065868
-0.000890323449728003
-0.000671226519105725
1.18555096889426e-05
0.000789162987819596
0.00629724721335555
0.0164862607522184
0.0236430953698928
0.0198878800513921
0.00727012754441807
-0.00199524606584918
-0.00312559948729368
-0.0229544233504576
-0.0417062773481109
-0.0362297306308719
-0.0151205607106789
-0.0146120296155495
-0.00238194761604076
0.00159290576842576
-0.0146108638582583
-0.0131599822037599
-0.012390735861734
-0.00142959526939791
0.00777222028810079
0.00646102403030267
-0.00777012878737333
-0.0239424665783317
-0.0256129291409566
-0.0266232432995857
-0.013486843913624
0.0114226061589599
0.0188854078218479
0.0224159292201354
0.0292082823660119
0.00910693472743112
-0.00401307980493378
-0.00912833018013443
-0.0166149702696373
-0.0343872011921221
-0.000181043620631802
0.0107237530376943
0.00444752920303599
-0.000827871903529988
0.00678696423171751
0.0110339089276965
0.00937417892835825
0.00940668310717578
0.00552234133231325
-0.0108122078570111
-0.0048862288005789
-0.00273885567970215
-0.00585518497681865
-0.00298640576576138
-0.00771311930682921
-0.00350849489531577
0.00176209741257008
0.00387531473364259
0.000985774772134413
8.98060738303739e-05
0.000663207488053676
0.0040681096897124
0.00950910812222384
0.0203946876730101
0.0249823471900993
0.0214750363996341
-0.00695170121563845
-0.0144490428749052
-0.00227851965702679
-0.00200106741162843
-0.00614332567977977
-0.00188118019083199
0.00858698691409281
0.0209605730263603
0.0203689997141764
0.0105225759769711
0.0127796474404682
0.00175868308953068
-0.00837669858766861
0.0128696905847381
0.0215513054374107
0.0317888524786123
0.0411695656424477
0.015605676961522
-0.00596649544110506
-0.0181244851048258
-0.00931052054750426
-0.00909648737365109
-0.00705573302813701
-0.0134628664332132
-0.00959402924819574
-0.00633404907632272
-0.0106358550930701
-0.00468661601124491
0.000748351470250992
0.00333975942345133
0.00289659296714232
-0.00040455530088675
-0.00232121314287734
-0.00064865631635884
-0.00408745472766108
-0.00746010678167745
0.000620873944689865
0.0187899700706938
0.0108874138130438
-0.00041728255757438
0.00598339685835248
0.0351616861539718
0.0156211955747187
0.0122898714641546
0.00427119643296706
-0.00583571310005102
0.00548226039949305
0.00603820605909279
-0.0212063870908458
-0.0131378563172577
0.00559331599795459
0.00632958501482668
0.000775803590992497
-0.0047101736774912
0.00170830669913808
-0.000517386210010882
-0.0250255735386458
-0.0340302607086723
-0.0182757125255158
-0.0118712373422659
0.0140204231798245
0.0571369690073835
0.0488383425895291
0.000627583843701773
-0.028793565948816
-0.0364538194875232
-0.0356695341692971
-0.0406909655504356
-0.000330844807359561
0.0134935774200568
0.00106787404141279
-0.0112863699866571
-0.0217869020378813
-0.00910815264860832
-0.00680650081175379
-0.00764506915300252
0.00460808577286175
0.0182862797667047
0.0121080993313874
0.028187317406339
0.0332985745369067
0.0168833453817926
0.0240391971103052
0.0124340798050944
-0.0103949138914129
-0.019841038006511
-0.00722684333397666
0.000497930807143374
-0.00104772709661578
-0.000389876450101647
0.0178819165825802
0.0103128265656365
0.00895934972391719
0.00127284469857306
0.0102108914303019
0.0249387767417902
0.0244653879535138
0.0150942862950657
0.014623511929944
0.0176777731699381
0.013109318190108
0.00401370961724031
0.00401581963517053
0.0221911492229707
0.0164843360499172
-0.0172906690369103
-0.0233110107260484
-0.0166508412374271
-0.00437639510998747
-0.00565673070990362
0.000251672589447312
0.010418831358679
0.00285445840738861
-0.000285363578441319
0.00287842600176602
-0.00420060918989632
-0.00430502354252921
-0.0103698842986812
-0.00463863478701624
-0.00580438454364595
-0.00630174299503741
-0.0032580055951712
0.000882558003020692
-0.00425317494814698
-0.0229988658641523
-0.0131327444374187
-0.00569618923027639
-0.0100668798561795
-0.0126154599864938
0.00167354928573056
0.00261952331625944
0.000437832186449992
0.000712876045239009
0.00147566433946579
-0.00271179382294553
0.00565995294488854
0.00878566153759233
0.00366565273098537
0.00805457951245674
0.00238580614773616
0.00511751497977883
0.00407271007732695
0.0012822420742039
-0.00512448191230011
-0.00877139748796572
-0.00765986249376413
-0.00923731855708858
-0.0130545363807282
-0.00640923580526529
-0.00389763229176281
-0.0046537641795107
0.000449205134729477
-0.0114425241807556
-0.0194936976943883
-0.0138575335659999
-0.0142976483888425
0.00704694100648067
0.0365701889012058
0.0385437875657395
0.0225089156021208
-0.000329344706732133
0.00608021198961596
0.00335196983379179
-0.000346221828231874
-0.00015560154891035
-0.00102750742214255
0.00875850313694825
0.0100914885974603
0.00605097874278652
0.0190560015165539
0.0190137042430524
0.0136514588878949
0.011568964082114
0.00511399221827913
-0.00104036827813339
0.0029795374739157
0.00194302568748217
0.00301401676298876
0.00618890623548666
0.00617233599393708
0.00101588180449207
0.00755928330777094
0.0174835949130765
0.0154072038606438
0.0141622713200117
0.0113867357678346
0.00641478929659752
-0.0160823657292763
-0.0142102258881829
-0.00355954048135835
-0.00178384196869894
-0.00856309888599264
-0.00328691454015314
-0.00258178736072473
-0.00498619239182596
0.00105854503703543
-0.00580168056501502
-0.00671598492581091
-0.00364485175391514
-0.000283781790680371
0.00164984830115916
-0.00128941198886035
-0.00788071416928267
-0.0125658236113399
-0.0145774229103781
-0.0125811377722605
-0.00823799960646829
-0.0197173475711516
-0.0203186815689076
-0.0243268589393847
-0.0205515670538456
-0.0135630828265739
-0.00964839032701508
-0.0079260229000278
-0.0164600440561515
-0.0048911288091599
-0.00126197443938511
-0.00113401725435591
-0.000629945027524642
0.000764358655501371
0.00775909209814943
0.0168703758927643
0.0202900673410423
0.0196285060232517
0.0185611306243064
0.0125297846172537
0.00704704525296058
0.0121418398049102
0.0084132757280218
-0.0112275414162218
-0.0200679979335138
-0.00939709816258075
0.00439714590637117
0.0158724991336784
0.0250827151629015
0.00924181725057476
0.000365032001214657
-0.00547847450247151
-0.0105369508039544
0.0139727597993801
0.00695781702724585
-0.0185210741404213
-0.0257406461011979
-0.0405923317132677
-0.0391045305264894
-0.0297532402750043
-0.0200961623807465
-0.0150864137913853
-0.00693479569756164
-0.00693428726385022
-0.00339653202792943
-0.00625846993221139
-0.000265342747483809
-0.000828707055443513
-0.0185522712570425
-0.013577280921863
0.0134103891465217
-0.00376210546649382
-0.0129052508328802
-0.0124095188392315
-0.0104393280376799
-0.0126457340943972
-0.00707008600307219
-0.00813820756143469
-0.00871183445989182
-0.00450496448006329
-0.000810959115715636
-0.000605251303067364
-0.00142762266937857
0.004648756501425
0.0141407206824794
0.0185699304591527
0.00550818953991633
0.00480977002832412
0.0022579516964803
-0.00948927619754452
-0.0172956055366009
-0.0206518655239639
-0.02347032211873
-0.0269159558545943
-0.0327980170466977
-0.0182287015767039
-0.00467107405178382
-0.00431483113685129
-0.0068602803052149
-0.00435997556354074
-0.00729451906915144
-0.0169924243610063
-0.0182483234852943
-0.0204726155592947
-0.0158188710779905
0.00193482834006153
0.0173253463141229
-0.0174631138573922
0.00440861831222991
-0.0192588035611808
-0.00920361228021649
0.00287330466431272
0.000398193024363497
-0.00119842593141015
-0.00161926566937916
-0.00654423575158163
-0.0022382913889109
-0.00870765421309225
0.00564566585648215
0.0016194289005939
-0.0153659705674814
-0.021601641947638
-0.015430118898782
-0.0030754760890429
-0.0219333885391764
-0.022471603519069
0.00844351019072845
-6.311562693957e-05
-0.00383041974933579
0.00732268129174355
0.00350492070401776
-8.0192004121472e-05
-0.00354260291355763
-0.0142222787681386
-0.00901260191284866
-0.0194097774339082
-0.0302023541772862
-0.0202089259540651
-0.0114223814675672
-0.00159668087891316
0.00149968004732638
-0.00110746434078883
-0.00790282701031807
-0.00942807388567332
-0.0121468619926719
-0.00414368926351539
0.002807390416818
0.00314462211856301
-0.00361124975617145
0.00318440069486856
-0.00864951262289231
-0.0119660336705673
-0.0100600365912413
-0.0180481429791659
-0.0225888054809656
-0.0150182316342852
0.000503294086205353
-4.29177669620542e-05
-0.000466750012775405
-0.00746662938424405
-0.00673058558594939
-0.00815640115218576
-0.00720265909520581
-0.00643767134659676
-0.00576381140490999
-0.00846484123460704
-0.00288743433243182
-0.00235831697789451
-0.00103731017087519
0.00381250004027996
0.00335457959260502
0.000850766931607946
-0.0033372188405878
-0.00566460403717209
-0.00553622926407674
-0.0074158829771801
-0.00378639024949508
-0.00554124509091434
-0.00614514145721113
-0.00328649848675533
-0.000224400423857045
0.00140836291104088
0.000593114555395499
0.00574592035463102
0.00998577169926162
0.00785706059034632
0.00269272926666041
-0.00123275061004855
-0.0137717354068495
-0.0135648670930744
-0.00890640928976749
-0.0108252368246803
-0.0104526855226836
-0.00593730682683502
-0.00944785251922934
-0.00454355166083377
0.00298408369727227
-0.00605462998630038
0.00190403432563881
0.000935072489464802
0.00525473232189115
0.00510607415621235
-0.00892665497018084
-0.0244366131370171
-0.0201953603748807
-0.0114028792142602
-0.0111463764408998
-0.00348267701356834
-0.00840204178131658
-0.0109395899465913
-0.00938101941498756
-0.00575946893253153
-0.00166005847480451
-0.000936824379170139
-0.00248253173898665
-0.00277473526943439
0.00268177215050571
0.00233198343734651
-0.0111298384278684
-0.0108896801950187
-0.000802374550952449
-0.00131700038958238
-0.00129498276534568
0.000451963869569833
0.00433506941897619
0.00172200971549276
0.000884266478758923
-0.0125618148176549
-0.0276285014023448
-0.0308375003699144
-0.0398963992797332
-0.0215457786196863
-0.020628159216911
-0.0053337308052113
-0.00860355590354156
-0.00330237157570751
-0.00799353178150769
-0.0061663770000865
-0.0124848349646985
-0.00939042173578254
-0.00201374068892466
0.00103940170431084
0.00429850858278752
0.00401000420108206
0.00904048427866314
0.0102676968447813
0.00352492258625653
-0.00469248116389903
-0.00150468828266863
0.000687311837924744
0.00292406555718979
0.00213991361264988
-0.00357634704394009
-0.000772823011531111
0.00518579527280146
0.00441708078642991
0.0041688558081374
0.00156653366921716
0.00153641329415315
-0.00325357864901338
-0.00584370671758007
-0.0087589074772096
-0.0097361971606704
-0.0137921844755666
-0.0199542075300875
-0.0236317505670823
-0.0138271464543749
-0.0110967496297021
-0.0101600651306105
-0.00950965850734941
-0.00953209011588049
-0.00484387537146156
-0.00398921243743168
-0.00135901915292556
0.00208065995220301
0.00302368339355224
0.00585920423322855
0.008579269108467
0.00491504208670208
0.00163273094394076
-0.00132217573566476
-0.00153108507133693
0.00213284320277054
0.00108381015936362
-0.00144465369826178
-0.00610102741128336
-0.000521637282715637
0.00241635154623424
-0.00278828896503343
-0.00400177388179047
0.000474975051170769
0.00246773276995546
0.00684160354344682
0.00702704044128631
0.00189011733545836
-0.000258442275843562
0.00432036514627949
0.00490831577335108
0.000624948331918283
-0.00083875009327585
-0.000796370625690685
-0.0013965992726315
-0.000705880205249119
-0.00211793800329545
-0.00203297197359942
-0.00443077403361369
-0.00294706180808181
-0.000546448717099886
0.0023293134349801
0.00241850287834213
0.00762833427812135
0.00975362528420703
-0.0024973517890635
-0.00755808964180823
-0.00993441778604449
-0.0142423473673376
-0.0119966689349374
-0.00861548675713272
-0.00386191464521408
-0.000273251726286427
0.000452381186058076
-0.00165757473461121
-0.00152972474049965
0.000587778774819436
0.000955259659741427
0.00411582520918534
0.0132773738392045
0.0102215077110806
0.0039312846234138
-0.00239511925507058
-0.00949517824252518
-0.0180682112146454
-0.0189373433791611
-0.0113945538362434
-0.0021130665767862
-1.82174150761446e-05
-1.01726514212086e-05
-0.00087632732006512
-0.00343484994471622
-0.0024205605112193
-0.00308824910520497
-0.00304490505959889
-0.000894676170497017
-0.00219999259274077
0.000235234718342215
-0.00137156209262811
-0.00834169429022108
-0.00819302207443766
-0.00496173342002133
-0.00313655963181018
-0.00299206811492972
-0.00217675247204749
0.000430526732729153
0.000631508711816795
-0.00355227380078017
-0.00451102060091149
-0.00525339385597916
-0.00550640270633246
-0.00601808519900957
-0.00529701047924288
-0.000844252154576459
-0.000295718436602338
0.00245540908230977
0.000328426868063973
-0.00143856824063671
0.000171674866786545
0.00270761544596113
0.00173282073041646
-0.000165379317575958
0.00136907459109896
0.000312652308136574
-0.00110232506653938
-0.00156287872387369
-0.00254567723756511
-0.00156751346891019
-0.000115829096473522
7.64133575719515e-05
0.000938628845997774
0.00137866223574733
0.00178299939982739
0.00232310326531202
0.00228227371215517
0.00195267842530068
0.00296043840538786
0.00245875777268343
0.000194508650856624
-0.00143891874230883
-0.00135571492029275
-0.00275440638516977
-0.00370899640285493
-0.00104700851929655
0.000740683406211531
0.00207746896872007
0.0033581479954414
0.00236543125044951
-0.000776713365606062
-0.00098828754219127
-0.00210421657293429
-0.00297846305389519
-0.0022805036042054
-0.00216943494488836
-0.00267630942577875
-0.00479047472789752
-0.00654715379888145
-0.00792494751509674
-0.00891117452567142
-0.00907472518377522
-0.00659070329147503
-0.0032414897008674
-0.00131946471773012
-0.00195365100591411
-0.00312516481802802
-0.00411279360778465
-0.0046596060294368
-0.00490773887753877
-0.00527006012885878
-0.00500512748108815
