-0.993512954868133
-0.995129022529981
-1.00483027335698
-0.979275113775463
-0.923656740974375
-0.917914289424845
-0.885651911634789
-0.7494196428724
-0.655877651277302
-0.616253046120347
-0.525070815539896
-0.432944227404633
-0.411295762467294
-0.452159614314127
-0.386002826120441
-0.348101245379694
-0.322331407886364
-0.302992259033359
-0.241670535633792
-0.163452127901739
-0.0788091897865667
-0.0335021554791641
-0.00484301056487095
0.0536242512428392
0.0397452579561773
-0.00824790945374221
-0.0324543340879744
-0.0711713056714238
-0.0693834019252516
-0.0927766091330988
-0.0352167677885283
-0.0388645083283973
-0.0207656885323982
-0.0194481878720768
-0.0259837022762742
-0.0550377659638485
-0.0556267658172082
-0.0366299032987495
-0.0424543540616227
-0.0353333150664231
0.0045685567187572
-0.00411556709368752
-0.0312501357571219
-0.0359995449068137
-0.0370178206651915
-0.0328751783769852
-0.0393972442400169
-0.0470235972698982
-0.0553421142113239
-0.0649915812306066
-0.0516294911919073
-0.0255771692536563
-0.025535550847643
-0.0264763799180281
-0.0175352460138567
-0.0172796154915209
-0.0219215306069971
-0.0425232584880275
-0.0405626262135858
-0.0109452284438167
-0.00954914848206761
-0.00160403411556909
-0.000295309956296406
-0.0422997157115437
-0.0795754550252441
-0.0671203868962175
-0.0476360763883341
-0.0215605530049066
0.0189907686949864
0.0129067082289266
0.00988998414727554
0.0027506676943562
-0.0183128927350162
-0.00227579411898348
0.00296185578882952
0.000534811446272173
0.00268826124728719
-0.00567381187734714
-0.00218850100345172
0.00364543479765449
0.0511634315354151
0.0514370535022275
0.0268675366300725
0.0266571488447733
0.0386956842021463
0.0260976191497294
0.00141586891790509
-0.0102381556959305
0.0252809408406705
0.0404314236608959
0.026248209439492
-0.000848552610032728
-0.00445509824170597
-0.00188520305806582
-0.00743293646649187
-0.00433635399623849
0.010035486685371
0.0318927781913389
0.0423121541293848
0.0235510899476351
0.0351867459011541
0.0613702436645002
0.0480997417990587
0.0320689668581642
0.045865021314654
0.0568925470044508
0.0524960864209461
0.0248823344681197
0.0199953760880658
0.0271918383169613
0.0132888601699603
-0.00103595330252779
-0.00606394362693632
0.00301178553737814
0.00442669309025032
0.00649066262724978
0.000117957983976083
0.00224360688357374
0.0122325002742296
0.0160044163750266
0.0115322090562515
0.0160980438707034
0.0330720435943862
0.0176869099866186
0.0151558932728765
0.0259347063073124
0.00817261832515887
0.0144858708424272
0.00441015539661259
0.000764367970693123
0.00199213581099048
0.00593429716213158
0.0215759369283538
0.0187212855313791
-0.013446258606487
-0.0232344495575549
-0.00816263877378605
-0.0049263743084176
-7.63883026854584e-05
-0.0385187351349021
-0.0363560408423339
0.0119453296781836
-0.00130724910173222
0.00266401092555524
-0.00631616996990951
0.00740254491576048
-0.0125972632629267
-0.00749308245645667
0.0174215756636841
0.0447839030470601
0.0210595717249393
-0.0151578351365622
-0.00136414387463911
0.0104161295738932
0.0114758227261395
0.0115124671076183
0.00330022453969021
0.000330582910004085
0.0063510328338296
0.00130761135891141
0.000649468414444925
-0.00577472190617077
-0.00111249600074987
0.000975760243080961
0.00136242656050594
0.00247986355894161
0.00925304812969984
-0.00611080074212173
-0.014354769593205
-0.0194509353689344
-0.0323648411049743
-0.0336510406722807
-0.0169306492982163
-0.0059450211915069
-0.0027908228814409
-0.00268592546291839
0.00400051333830394
-0.0040712904450805
-0.00747561413677888
-0.0151850212114666
-0.0417897253940967
-0.0390493211314877
-0.0200724772659692
-0.0138543459144477
-0.0243028322932561
-0.0324580011842271
-0.0223832459987318
-0.0100305954634295
-0.0104259578841188
-0.00723500276315452
0.00712880271480707
0.0109471498287407
0.00987469515360663
0.0065285762704734
-0.0151358336821335
-0.0380958288059647
-0.0262582407257468
-0.0562764948995044
-0.0673678212596305
-0.0395498181691495
-0.0236312197704463
-0.0367936735233318
-0.0387297631399557
-0.0363354596034135
-0.0185811095612995
-0.0242552752990502
-0.00694232103858688
-0.00192373003540251
-0.00214071456965565
0.00161434915776198
-0.00856218127957867
-0.00818747006870913
0.00463789364503749
-0.0098608155120292
-0.00305034704597588
-0.00553465151032236
-0.00956435878618761
-0.000807887478449888
0.0237485685665881
0.0309694805145532
5.42736536891086e-05
-0.00389310790533362
-0.0432950945840331
-0.0962515004077199
-0.0535997218316199
0.0227117118976566
0.0215040290486349
-0.00130136989688238
-0.0184112934748276
-0.028811273406116
-0.0430906372080757
-0.0399654371407325
-0.00994647481112607
0.00307907823829513
0.00111273655927996
0.000581019022774252
0.0286108092220084
0.0528377691482219
0.0428386736943798
-0.00505799412733418
0.0277689698272102
0.00385687655502772
-0.00753931524063778
0.0197477464225831
0.0207530989919038
-0.0152429017885913
-0.0239741161408059
-0.0314939015932705
-0.0227733083604097
-0.00107790742144219
-0.000415975073613091
0.0032342940369999
0.00135107074044563
0.00359952008896106
0.0108478251025121
0.00483132891270556
0.00300546736104952
-0.00438605340109638
-0.00203496623672175
-0.000103681061228929
0.000840652856220868
-0.00371648457297241
0.00218463436733034
0.0063415528885224
0.00596641347272515
0.0103455334060159
0.0291465815168057
-0.0257259319533433
-0.0254049739387098
-4.00378806374169e-05
0.00704239380867187
0.017313257962993
0.012466707171187
-0.0281008934673082
-0.0302132982584829
-0.0433662430798382
-0.0318888475962274
0.0184648878041475
0.00347360758153673
-0.0115196145864752
-0.000298900638267791
0.00281947567318854
0.00186423198844996
-0.00724515538801864
-0.00617296251610242
-0.0065216572696335
-0.0104546654759106
-0.00785334563003472
-0.0162815835744755
-0.0174842712070185
-0.00446209941051044
0.00117706624341386
0.00249802041054806
-0.00445213487726716
-0.00436019846641565
-0.0209939844834379
-0.0119404071891597
-0.00312078348776738
0.0051844997865041
0.00196642671346354
0.000239766296465081
-0.0118204097312621
-0.018939640866635
-0.0247806183927559
-0.0275020724521992
-0.0182169244438141
-0.00421893064003579
0.00711655006353286
0.00597640543635611
0.00895710114622081
0.00435391614470331
-0.00689708572295268
-0.0139113208799007
-0.0165626809672377
-0.0161816616500031
-0.0123308655170322
-0.0138135842277392
-9.58861042944723e-05
0.00595115539377405
0.00149113945817625
0.00149969202010376
-0.0232600920654412
-0.0318462913951995
-0.0653280093446834
-0.0762717661301776
-0.0679533344951216
-0.0137436880632276
0.00578293285286775
-0.00573434552289661
-0.0159437245325578
-0.0183168830574055
-0.0292331241801171
-0.0106942192026303
0.00429521324879836
0.00517427234747765
0.00600793074435017
0.00184706380901542
-0.00260877177258484
-0.00446027688941404
-0.00494369455242229
-0.0224181400415243
-0.0414435560384229
-0.0281801366458342
0.00789558624537521
-0.0254848231942455
-0.0308703665986272
-0.0128183107105817
-0.00801389558699454
-0.0022140669268897
-0.0059511544737041
-0.00850289462550401
0.0248166262024603
0.0116424927828828
-0.0106107527686003
-0.0225615505492086
-0.0340934371522035
-0.0103377976456095
0.00271799829495275
0.00475375150958816
0.00777312019015558
0.00927148544745098
0.0198327637258067
0.0278708249956834
0.0254810231039289
0.011784623982983
-0.000386115262116959
-0.00272203633986044
0.0131726061446679
0.016886495684413
0.0126276119551193
0.0190839934064572
0.00333613637580818
-0.0209656668762356
-0.00486814441208725
0.0169530875155502
0.0122760618531341
0.00866563759980171
0.00956512307925089
0.00426678425940827
-0.0166326270677718
-0.00818175832871092
-0.00164195151817247
-0.00755869937345229
-0.00945595551654192
-0.00734203260446935
-0.00841585466375461
-0.00799236468464424
-0.00777366375002728
-0.00544535064392251
-0.000423105863171627
-0.00102582087242053
-0.0014889262383806
0.000444247593483966
-0.0173507975700046
-0.00788565957912182
-0.00112374869471075
0.00375933907152065
0.00793588651249945
-0.00142053536589162
-0.00742643890883725
-0.0301539295772237
-0.0330020877283168
-0.017092041388972
-0.011740083596827
-0.00275783284609156
-0.00564522731420833
-0.00921706520137719
-0.0126722214642288
-0.0146418067416584
-0.000341874469517739
0.0036634891057824
-0.00560588601145802
0.000928042639420441
-5.60809669858971e-05
0.00399152731185063
0.00839554346827235
0.010053318754074
0.00326085863757205
0.00431456723590795
0.00396660740123324
0.00315028672653064
0.00477152599490811
0.0055299218190609
0.00143755059374266
-0.00411904132428723
0.00329867805276181
0.0155755923422052
0.0204987208002801
0.0273021533153882
0.0396321277079513
0.0139432935692675
0.0139294740423649
0.0093376780217061
-0.00785089464076559
-0.00209898358533592
-0.00690848791048696
0.00225149427097642
0.0134975150773695
0.00599018354373722
0.00742971977698034
0.0124574393645047
0.00762938767698534
-0.00183285001036843
-0.0043300956334977
0.00264956935188115
0.000148698670955634
0.0122958592457275
0.00825037395718457
0.0130601254302989
0.0106070886841993
0.00666813472467487
0.00399183206057792
0.00218517068341195
0.00909769395503969
0.0138300380624455
0.0163576596499607
0.0110936841475157
5.08697102578469e-06
-0.00227540454389396
0.00162993359673009
0.00380436493653303
0.00194110672666679
0.00680385613280158
0.00466468055666065
0.000719362334888467
0.00234319470311477
0.00182623688135215
-1.90905316289696e-05
-0.00172594553239401
0.00767804263396904
0.00585046092778046
0.00638767939635439
0.0090447656822615
-0.01028388499999
-0.0136773112058075
-0.000657086519437123
0.0102549753003696
0.0154447842833793
0.00204669305630756
-0.00605160180990038
-0.00275471488480262
0.00577848232227836
-0.00492356784327526
-0.00562523899817421
-0.00360525285176116
0.00162978151966202
0.00322658031133547
0.00783851557146634
0.00944921827506494
0.00126913129936669
0.00624876863339174
0.0029021001273586
0.0126028231648226
-0.00387872177840223
-0.0136890668534861
-0.00325319312187312
0.0027987503185615
0.00155645949292699
0.00129189595354785
0.00213557525314052
5.03586831006818e-05
-0.00981113307091085
0.00453797930068177
0.0104029885942676
0.0153172389964269
0.0106054782641684
0.00613381035215013
-0.0032385326148537
-0.00200782846238502
-0.00114771666347314
-0.000382855663447269
-0.00464844188371238
0.0147988457525765
0.0186232650608869
0.01006429820003
0.00532422619485796
-0.00159000819236112
-0.0131807581707812
-0.0188457359843462
-0.00447342026156357
-0.0130525166633779
-0.0130735347455494
0.00738494872309177
-0.00248939748998367
-0.00225025487597692
0.00545500370810072
0.0108367785170975
0.0159775064316511
0.00900638070008429
0.00327188799246201
0.00295573780533358
-0.00216484387701082
-0.00407134643371377
0.00734159864821461
0.00398238720024001
-0.00544530371264332
-0.0018865963157643
0.0058273583189666
0.00608938374230554
0.0057589815907289
0.00187636217628751
0.00268638897552073
0.00824775386667238
0.0113615358276508
0.00191159133020416
0.00123644238181168
0.000395755168623032
-0.00115049594863879
-0.00473618922703483
-0.00894588189285266
-0.000734095448546198
-0.0026567975658514
7.47173400153373e-05
0.00015843552003985
-0.000839190528828175
3.23690989095706e-06
-0.00239986256994744
-0.0116946643172693
-0.0149284695450521
-0.00602766138404508
-0.00497702568618806
-0.0040642132016402
0.000294508195025361
-0.00761320606963342
-0.00688817145068448
-0.000568859266630536
-0.00453075751202882
-0.0116911772652042
-0.00707786262233427
-0.00390784374248432
-0.0143851950583935
-0.0041827103107796
0.00718254692913429
0.0198301975687637
0.00400051754042079
0.00771073498791645
0.000879752556039257
0.0012658375067887
0.000609163971490975
0.000687237080686318
-0.000907913407785777
-0.00060778570215418
0.000732614832393373
0.0125076879739217
0.0153394845667762
0.0163795597352115
0.0132540938743586
1.44809971254229e-05
0.00334104452090962
0.0013331733593815
-0.00253894571141496
-0.00326335048488589
0.000828471533446409
-0.0012512517651931
-0.00383587250582205
0.000723416658655432
-0.00492112242574806
-0.0031909445572666
0.00170777691731973
-0.00245138083373263
-0.00495204684037444
-0.00334914374436577
0.000186166513978519
0.000455827387529551
0.00596308975444243
0.00904253192551977
0.00992206249999849
0.0154004513437378
0.0166077650568647
0.00576250835500666
0.00433955529444079
0.0026584134697043
-0.000390336096480968
-0.00127069782171912
-0.000672449125394172
0.00160124702080155
-0.00343167785428783
-0.000367608505891924
0.0013212933933003
-0.00980710583784724
-0.00874213389545983
-0.0156619319099224
-0.0162922963310588
-0.00416346346515185
-0.000587980084245207
-0.0041065805596748
-0.00483429552745851
-0.00036401003825227
-0.00342408174992418
-0.00443275865176189
-0.0107825173561049
-0.0281282221317801
-0.0266929173839297
-0.00809756654025815
-0.00462835743177619
-0.000131853282239587
0.00364312019181638
0.00658457086335155
0.00205162308621806
-0.00219575837986585
-0.00190062170465023
0.00651164460485139
0.00537526318162605
-0.000686557119898484
-0.000984330569715626
-0.000282480939010147
-0.0162817133614703
-0.0200166825668522
-0.0238426465826291
-0.0209056930807094
-0.00651523832469654
-0.00178357924914613
-0.000459526001758471
-0.000622119894446013
-0.000128601685408078
0.00199208087354633
0.00666482030824611
0.00494356770204262
0.000744959216337221
-0.0041192308841364
-0.00307530695577187
0.000745305739447983
-0.00220111115992708
-0.00210005370807683
0.00259526237127904
0.0101208783762691
0.0149557268760401
0.00978217098498843
0.00425427674640651
0.00345323150890822
0.00272254950655925
-0.00689922736547517
-0.00403948432827528
-0.00180565061267104
0.0114516278781942
0.00475849910426744
-0.00149284451333059
-0.00196863711208212
0.0182577292379317
0.0158463582986056
0.00271593322160306
0.00852953960440952
0.0131231364328588
0.0153518324960784
0.00769853992157087
-0.00484540846139508
-0.000864689073991512
0.00159508128418998
0.00176867401210583
-0.00149750741695724
0.00112101166710602
0.00673244629394927
0.00558050896509315
0.00036339390640256
0.00228747494083391
0.0208070033664698
0.0221031804621605
0.011919198564697
0.00540049823471587
0.00194008652569058
-0.00110339195841174
-0.00236778875962744
-0.00657945698278404
-0.00419875239475713
-0.00021823506402442
0.00165225714581979
-0.00299334093602046
-0.00302433354824207
0.00153808254650615
0.00194791684013004
-0.00100791081404145
0.00341336665742498
0.00554678681128462
0.00444118733947217
-0.00292683893424825
-0.00265713003416123
-0.00212353072009501
-0.00275753584669307
-0.000631665832334769
0.00358976373728101
0.0102396192570723
0.00802992270224578
0.0034142619778593
0.00110686634316323
0.0049871528703435
0.00278585575426955
0.00317378577824504
-0.000350535349192934
-0.00322097754375647
-0.00345438559791699
0.0010635818339177
-0.000238642539088158
-0.00299998423678402
-0.00496983567817327
-0.00320675880554822
-0.00241441895625442
-0.000501315566344
-0.00142103103931944
-0.00486664125787197
-0.00422589370564092
-0.00192284042242313
-0.00290825786207073
-0.00156764448907277
-0.00249289444026295
-0.00865040215644296
-0.00570585840620339
-0.00428232669343217
-0.00876938629703772
-0.00838992899523795
-0.00883419713366369
-0.00433800522800517
-0.00347416035167691
-0.0101497475651343
-0.013055473754311
-0.009227709442289
-0.00891599165809056
-0.0110906593259436
-0.0102453794604933
-0.00433449222293954
0.00158150127128386
0.000670616514935492
0.000914599776302256
0.00229374645060347
-0.00377159975761102
-0.00722174665889592
-0.0039414790324171
0.000498507536083163
0.00164798227910283
0.000310596704959209
0.000288212959200216
0.00113264659010186
0.00226921065961801
-0.00497088595248709
-0.00158963302580932
0.00267157590381492
0.0039503831768991
0.00460181710853265
0.00332832538797334
0.00542481977274645
0.00528132159939626
0.00591564841797854
-0.00082355081561888
4.39583890853583e-05
-0.000247718316371642
-0.00105528486260086
0.000355109254894125
0.00097143817005501
0.00449363979248701
0.00661809681080403
0.0038307117518968
0.000803553146559086
0.00270187883146163
0.00179027877866938
6.40766059149074e-06
-0.00121478907615492
-0.00108651483600224
-0.0010738857672359
-0.00299135042144515
-2.66318147514547e-05
0.00118458949929908
0.00305993786940454
0.00197327202647841
0.00170167178360646
-0.000331500232118528
-0.00134259158653182
-0.000676989607638718
-0.00133504154454839
-0.00258902973949783
-0.00240929433473514
-0.000621481446865899
0.00261655673103967
0.00144848826683508
-0.00226177761864309
-0.00331247777613482
-0.00581690499820745
-0.0076387609162229
-0.013201923455675
-0.012162037353191
-0.00337565158997791
0.00354121719193485
0.00633187087114393
0.00320576845459239
0.00443756183688507
0.00177067095269907
-0.00202610933095293
-0.000468765633982261
-0.00617768326418688
-0.00339575376748709
-0.00112144710983599
-0.00141778066144165
0.000924417228112982
-9.25281970035503e-05
-0.000793967505164505
0.00611378342438878
0.003568919817173
0.000953091714869626
0.000671917081769063
0.000207017809009601
9.29923010628991e-05
0.000602146367482913
-0.00213300262454957
-0.00321984101906027
-0.00512751152642366
-0.00630077773098452
-0.00411652989024467
-0.00379197292859737
-0.00409879490031137
-0.00140818026002681
0.000405005234418802
0.000178222419732174
-0.00166891329127585
-0.00155023926855307
-0.00088994310126995
0.00148597520329153
0.00255393473377119
0.00101793190850117
-0.00608729970940991
-0.0103631019973469
-0.0148644063702148
-0.011086949618863
-0.00546096628653695
-8.61177900300012e-05
0.000716690798554707
0.00205225275926806
0.002737403562198
0.0017510559680011
0.000427844653573453
0.00157991077284515
0.0102360019402633
0.0044162984363872
-0.000708515803372001
0.000557265876489371
-0.000553587281275757
9.02391462175137e-05
-0.00183806891532384
-0.00269771138863355
-0.00113133717491832
0.000594171411461651
-0.00402889700922604
-0.0068021028549069
-0.00706297771415412
-0.00725001962583723
-0.00583758312686548
-0.00104954475060248
1.86263051141846e-05
-6.70881868572287e-05
-0.000769337850009814
-0.00439500111514831
-0.0110250981152648
-0.0143261335260533
-0.0152437260122733
-0.0129787674106592
-0.00755142723711613
-0.00495652024085922
-0.00391819228939237
-0.00268869020697321
0.000715337399396639
0.000500121437651186
0.000211051101374945
0.00104166333791961
0.000123478951177914
-0.000788916033175667
-0.00114176462272037
2.75817345425948e-05
-1.86461368451912e-05
-0.000251606778435581
-0.000152652507117126
-0.00110945068771876
-0.0013524220269217
-0.000460747608791116
0.00136677842335171
0.00231867399009596
0.000778578589509278
-0.000433324572989279
-0.000656398392432907
-0.00116629141984889
1.04968746592383e-05
-0.000380500723929169
-0.000187092031094722
-0.00247443573960439
-0.00341206052357727
-0.00215244192294855
-0.00083274273838916
-7.11633566203981e-05
0.00132426631745414
0.00244337866104247
0.00161790738450333
-0.000217093949420503
-0.000830594703730923
-0.000158195185975024
0.000402516524967071
0.0012356726840244
0.00172261209303361
0.00125808814497633
8.85982334867023e-06
-5.0686336120734e-06
-0.00102077433236621
-0.00222617487870335
-0.00160289831507351
9.00101716400167e-05
-0.000627397456128151
-0.000236827466274617
-9.09676268302139e-05
-0.00043508664412092
0.000264279644972235
0.000628839272635761
-2.6020705444258e-05
-0.000558287488273048
-0.00120051472764816
-0.000171461435200694
0.000410774772908704
-0.00164492216807656
-0.0013466210760267
-0.00117538294284727
-0.00391260729201599
-0.00186733075685256
-0.00136354698207168
-0.00332324964555626
0.000115205104051224
-0.00159736761230237
-0.00259396880668822
-0.00308779402323519
-0.00409330546268076
-0.00553859709583008
-0.00411130316990377
-0.00322806164857892
-0.0014855311911807
-0.00132034311707584
-0.00419328198970527
-0.00501686058872651
-0.0048489619327397
-0.00307277454885822
-0.00137815858427155
-0.000538944144692525
-0.000550713455987347
-0.000232347746575236
-0.000874707876558428
-0.000865751150168022
-0.000759616279909103
-0.00017722727741986
-1.42792423702016e-05
0.000168005028181611
0.00158266992188396
0.00414091666366876
0.00379899508236719
0.00038401123763928
-0.000473026924006012
0.000714059706978705
7.95290763173527e-05
0.00164257932808569
0.00150746838187821
-0.0017891251012315
-0.00449142685803217
-0.00385648100172471
-0.0037945425587156
-0.00423066662746068
-0.00292995047101899
-0.00308351334552791
-0.00396503570350525
-0.00623112162159204
-0.00851606478211206
-0.00583438319427993
-0.00299361856757047
-0.000400035484310236
0.000605738743460942
9.49061612842643e-05
-0.000114861634871211
-0.00020470183613648
0.000330297062596348
0.00122593651704734
0.000772480788466773
0.000324427910434973
0.00013733905182849
-0.000782090214589186
-0.00116858816509338
-0.000729191140558157
-0.000436395605024019
0.000112828698198181
-0.000546708610264776
-0.00165810794157151
-0.00218441621335062
-0.00236579003468427
-0.0021988239503991
-0.00222085256045958
-0.00237305966984614
-0.00154341699523279
-0.0016172815859949
-0.00127381216033139
-0.00114264106517653
-0.00107718615644882
-0.000786489482832461
-0.000396680941387418
-0.000396733752765328
-0.000396733752765328
