-0.993709194878783
-0.993709194878783
-0.993910909778704
-0.994105235959999
-0.980468438126091
-0.946718305227293
-0.917339113086695
-0.842716980562822
-0.7511519444881
-0.582786511305306
-0.489858324882525
-0.485071603796408
-0.463617266783842
-0.484775733828145
-0.549734392936285
-0.493229487657813
-0.45441961939382
-0.42290170537607
-0.285876937147892
-0.151363346037483
-0.0331477970102681
-0.00470379490371765
-0.0111211013948447
0.0187111066691639
-0.0231708753379332
-0.0565441567438376
-0.000905289199465677
0.0080064977973688
-1.50483540879223e-05
-0.00266691110934008
0.00702968083873683
0.00348113016319033
0.00566759105781124
0.00486995797688481
-0.00732064624186721
-0.0124561323435283
0.00276423166460223
0.0115513603924639
0.00479528792051989
-0.0033217194503299
-0.0398284803228378
-0.101228976778292
-0.133606612774933
-0.06132581766334
0.0153669675686701
0.00114772614867458
0.0232860001922752
0.0350416181709343
0.000250756052024095
-0.030620951612057
-0.0221324237161818
-0.00316840831414707
-0.0534669918636187
-0.0412941582846826
0.0549295016154395
0.0504710047462466
0.0480322194320063
0.0446836456634946
0.0236270844248297
0.0184336087356069
0.0118654234361755
0.0123891564127728
0.0222332584006704
0.021326458268037
0.0577253708914259
0.105583766678255
0.106436205312413
0.0946092629053392
0.0827538629925681
0.0711685890486631
0.0800847524544003
0.107446570253107
0.0682083988835138
0.00641797895624747
0.00573108084589604
0.00158792442882657
-0.013322305820226
-0.0406687710644311
-0.013849157870216
0.0109794223527925
0.0330385524210388
0.0375977121461717
0.0566403908772607
0.0648918350118309
0.0286919724219309
0.018192469450122
0.0271098164183345
0.00433344186688434
0.0051562522705004
0.0221151842009496
0.00525994804018574
0.0169392634655318
0.00977062276845182
0.00198721726866929
0.00274178951194878
0.01149219338125
-0.0256576302585717
-0.013670662668622
-0.00215857022616804
-0.00755548619639047
-0.00580802952543895
-0.000384702783350191
0.013560835753204
0.00276216307475443
-0.00238938816088099
-0.0055764618328961
-0.0133529446282804
-0.00385160515818025
0.0238515644984161
0.0335090462014816
0.0200640798012347
0.0142648250622352
0.0150910957618717
0.00240517050347115
0.0515378752344184
0.0230951056078292
-0.0101311347719493
-0.0142222859255503
0.0258357801120517
0.0557078614908342
0.0436189950388292
0.0114589043036885
0.00632605742506165
0.0269898683291029
0.0225510502483668
0.0351936617336078
0.0403927080079848
0.0168632406432618
0.0106860997888624
0.00920236656906783
-0.0484316648782661
-0.0453479798611636
-0.0552308533028725
-0.0381597505817527
-0.00263557616595781
0.000219308631291376
-0.0180885122036448
-0.00341544049579012
-0.00773130427567434
-0.00301065007147745
-0.00838636199011612
-0.036847087973934
-0.030369557284758
-0.00528665473616903
0.0162113836512966
0.0710065787805827
0.101599726336201
0.101796319095764
0.0527617214529385
0.0348955154993676
0.0249588181369592
-0.00700039502332419
-0.0364213461542674
-0.0319314608172136
0.0168891235760665
-0.0127130273942509
0.00181411091096332
0.00388733593098749
-0.00396305102972152
-0.00722072471205483
0.000157153110745366
0.0087286420827124
0.0039992808928902
-0.00210913177123942
-0.00487040622038283
-0.00582746745468258
-0.00962145099615073
-0.00609398741915117
-0.000549574079587792
0.0118914017125066
0.0145299787928538
0.00515789727484929
-0.0164141989494089
-0.0441003005106301
-0.0237308273390216
-0.00311172399211371
-0.00600408708795175
-0.00755260838151144
-0.00659101190817031
-0.0167843886690936
-0.0164056784641815
-0.00533400324649505
-0.0158884078182511
-0.037457618499481
-0.0331300810255686
-0.0348326013925744
-0.0447206996005036
-0.0631406877839811
-0.066104509603943
-0.0591511460212451
-0.0538077074161636
-0.0170998613286739
-0.000884908842881865
0.0366935297953459
0.0101298297439936
-0.000159213396865737
-0.0031502283524944
0.002989981323729
-0.01124329742473
-0.0412657053421358
-0.0391650710580685
0.0048313713615327
0.00437349705341593
0.0100917582990355
0.0151265663000596
0.0117713599995974
-0.00588355047278659
-0.0119157266368488
0.00131628396561494
0.0228260586593672
0.0430367503154708
0.0159401819594869
0.0014647393981236
0.0180208424017354
0.0140137477666893
0.00430123533748268
-0.00496319799156804
-0.0113452779556641
0.00141477450054825
-0.00407030307273772
-0.00116473641334837
-0.015738402928221
-0.0108299157677204
-0.0639123772936327
-0.0905782145053633
-0.0842080111901852
-0.0496723765108015
-0.026585055440444
-0.0238900744425639
0.00438981206621105
0.0041774355718413
-0.00159616509798055
0.00976752461332285
0.00874370235790803
0.0257713302290368
0.00580848023948906
-0.00206657746886222
-0.00598581265907041
-0.00975279300167003
-0.023587940768368
-0.0165421351506187
-0.0131821533465968
-0.0110150092639682
-0.0101548874223513
-0.0197474841340164
-0.0143012734901982
0.00379497372189332
0.00258620256899907
-0.0147022514474764
-0.0397506205446766
-0.0172162373498268
-0.00291028418813121
0.0111105380800547
0.00811397386972102
-0.027752630425341
-0.0336829697745668
-0.0265206457955578
-0.0494305258610816
-0.0255824745312812
-0.00456512100395415
-0.00473375928836447
-0.00942350497302519
-0.0131431108008931
-0.00256904181367861
-0.0162200642580618
-0.0172580543080687
0.00313246915769645
0.00452892908301226
-0.0235513288663897
-0.0169532126825415
-0.0327200601931389
-0.0178175338397524
-0.00858836676841554
-0.00911470698012429
-0.0157089503226003
-0.0128186332863513
-0.00333622757961564
-0.00211548644226253
0.00243463409202333
0.00261461482481385
-0.00623028079549966
-0.0105031547725954
-0.00918070998684253
-0.0083032484969157
0.00241739616201521
0.00508787744393696
0.0248352795939406
0.0366028878569461
0.0033154621161812
0.00340959750683163
0.0144593459910052
-0.00267491573747922
-0.00418232928272465
-0.000379746030435396
0.00954704293262966
-0.0175724153908906
-0.0123892763078966
-0.00954858226264861
-0.00974255759774348
0.00070577070400951
0.000970544077610178
-0.00181281694202951
0.0179787043139781
0.00731765288552234
-0.00401777791941309
-0.00514084729955057
-0.000871596216602571
0.00294139235985214
0.00248257895413556
0.0193745968397813
0.0270832460902365
0.00581030305434061
-0.00144280696990108
0.00688790631224474
-0.0413286215577681
-0.0846306334442203
-0.00982522085299351
0.00203913982218577
0.00749359792807475
0.020671046796995
0.0261863526598089
0.00502234615503735
0.0227086151068379
0.0374689533551874
0.0324405333814588
0.0155709776760762
0.0158250486234661
0.0226972219266706
0.00897457782440519
0.00135217696027916
0.00233875031743777
0.00540794911693577
0.00514607424058787
0.0062286979205529
-0.00165073200894172
-0.00817858349710477
-0.00562651674589197
0.00321924685680894
-0.00685889706319776
0.00168551606874367
0.0119303544888592
0.00842139725647783
0.00997097523147174
0.0121065687369778
0.0145651157521977
0.0186926609919755
0.0269532422445861
0.0574384750710217
0.0506411057002362
0.0382566675042805
0.0146968169347413
0.00287405956641367
0.00360294293604167
0.00420294869501358
0.00660890460674485
0.00126470058536975
-0.00486141106921024
-0.00857574016971784
-0.0045447754707959
-0.0231338101385264
-0.0101822672468729
-0.00994720094644138
-0.0169906724257251
0.0343790988550274
0.0161945003420307
0.0245015316924166
0.0182750422911562
0.0253569983123433
0.00764715949117003
-0.0218010532771251
-0.0294995685799143
-0.0203507318321641
-0.00221206470804744
0.00626648121454076
0.0106499545635737
0.0219589780731708
0.0152540676990232
0.00409305365760728
0.00308849291770761
-0.00434051545772303
-0.00447955599710601
-0.00682095723807424
0.00490355572715451
-0.000938927593757979
0.00322327987737945
-0.00076469929659927
-0.00614388818430777
0.00902520039009096
0.0307857644413058
0.0199947311049542
0.0203626287992819
0.0089202068900555
-0.0112709633289336
-0.0190292754114653
-0.0200108583341308
0.00356399158390697
0.0218857587469076
0.0149377226397491
0.0392963854140264
0.0358733995238443
0.0180341615755947
0.0163953288592871
0.0193469961231807
0.00216255604324123
-0.00427813222640271
0.00382617089059639
0.00372782773853947
0.00646642188436256
-0.000359167313612757
0.00287430730253991
0.000244147329186459
-0.00350609349242841
-0.00634081361883605
-0.0055858944227249
0.00591517489885389
0.00671292275388302
0.0191900874176572
0.0291740373829848
0.0106231053781408
0.0320321936458652
0.0290206551091169
0.0276967165893094
0.0299707355633216
0.0149253676602589
0.0226645631516638
0.0282341172703164
0.00951340150864385
0.00199785607944204
-0.0303084562181574
-0.03911754782726
-0.040897993535639
-0.0172353576964459
-0.00746759430722978
0.000825786419800534
-0.0040562436016751
-0.00794014351068345
0.00247861469534975
0.00536203571197071
-0.00450081880238792
-0.00207645483261881
0.00990679968647544
0.0116587861850995
0.0260215014655847
0.0428308094502613
0.0154840242897196
-0.000391517773745508
-0.00769933686106558
-0.000448691827593031
-0.00877521921650755
-0.0116367156329372
-0.00997427387363302
0.00868769469774305
0.00415793531942673
-0.0086997128579551
-0.0272769609810498
-0.0648263554494515
-0.076773185108756
-0.0746740323147874
-0.049809205701053
0.0114385496233344
0.0113040586519162
0.0144970737782335
0.00114522522462266
0.00118131211647072
0.00601944538849421
0.00397972996752704
0.0029059401005087
-0.00538417882133287
0.000910443991313415
-0.00662370366931026
-0.00926392362333756
-0.0160726089667021
-0.0210310745415253
-0.00740930947107023
0.0227324947752841
0.0208904240073268
0.0149030243340488
0.00677153203977216
-0.00328763713360372
-0.00984111658168699
-0.00288178239358567
-0.00986576995161279
-0.00927403653189583
0.00498578073335615
-0.0125330244489345
-0.0144938343556291
-0.00762063519987755
-0.00369555710042287
-0.00674720763204444
-0.00154923706159866
-0.00115966541406413
-0.00286515782418962
0.000809484791398394
0.00520403593889469
0.00387545899536424
0.0048262349800055
-0.000159707625323834
-0.00400845396616768
-0.011751270612927
-0.0131337798276278
-0.0125016942019594
-0.00227682224622919
0.00424549657860747
0.00566964765045395
0.00923511807033286
0.0118907091354193
0.00894611295413696
0.0114390214996544
0.0173415863935803
0.00913142776887611
-0.00816276816545889
-0.000673642732083169
-0.00815557523231906
-0.0181315299287934
-0.0136295921848649
-0.00453281483998513
-0.00137019509568865
-0.00833394614168897
-0.00682902403550858
0.00828677781550567
0.023357785813067
0.0326574832572889
0.0502866322433418
0.0420735193516825
0.024470489117076
-0.00270961551816775
0.000951051619492166
-0.000901238150572459
-0.00261790243869242
-0.00745157644131118
-0.0102052518472119
-0.00178202040679629
0.00137347462960491
-0.000580241698488605
-0.00341236381903616
0.00496849091681233
0.0219767961566242
0.00823008521875489
-0.010128941637742
-0.025112263379775
-0.045579238067985
-0.0575517757343017
-0.0232855765680211
-0.00518570097902376
0.0114824267010493
0.00390876565710157
0.00864767265904692
0.0067751135019654
-0.00247557002812576
-0.00288801125608749
0.00216960270537103
0.00536446623054545
0.00286193262464873
-0.011233354569468
-0.0145478100730138
-0.0169850424064344
-0.0137531971342161
-0.00654081766719024
0.00175600330435784
0.00244892235116968
-0.00019553197147329
-0.000698844867789869
-0.00185489933225301
0.000643112108750544
0.000129753610113261
-0.00353598662938125
-0.00352950650639132
-0.0020756143477999
-0.00182971631470246
-0.00190577114309917
-9.37221269225316e-05
-0.00890390943475047
-0.00353408188662254
-0.00727689620515707
-0.00384381529192602
-0.00481505639579853
-0.0054663167717493
-0.00167470965140432
-0.00142645637424671
-0.00142261618134369
0.00482251011157085
-0.000197009638525824
-0.0021411825825573
-0.00273324659840265
-0.00473161223014969
-0.0057797140726725
-0.00782067391829666
-0.00489427464186299
0.00244181279692152
0.0071482267603836
-0.00655739278136896
0.00141402946698678
0.00341936371780222
-0.000958111474965554
0.00381142227164474
0.00914606798097837
0.0165298227011696
-0.00137374893358027
0.00721590840689319
0.00375734647043753
-0.00144453549040529
0.0047738103781677
0.00541066706317368
0.0033006520648926
0.00348115919972306
0.00541506451223796
0.0148274653420602
0.0180710960267479
0.0222893542485603
0.00417310634978931
0.000556096038970475
0.004488407816137
-0.00171450594617771
0.000770416412562992
0.000429874054993561
0.00149057697379976
0.00446814501867483
0.00194990442865845
0.000384616754612593
-0.00202900143749742
0.00440068504757431
0.000322487613932427
-0.00772875895355451
-0.0102986828232436
-0.00847852140537876
-0.0032097528978081
0.00348050373533627
0.00709795678926836
0.00241024355458825
-0.00107541269480068
0.00367041358737933
0.0061711721757089
0.00959205119863191
0.00588041486596766
-0.00135277250087657
-0.00650360974439219
-0.00306432958800096
0.0043303644312424
-0.003407329896072
-0.012885594431733
0.0114549888803349
0.00030056566760403
0.0138973735162482
0.00872430397849901
0.00774531095818869
0.00827952080693411
-0.00710788241808579
-0.0238030158414027
-0.0250347566152407
-0.0197264797444106
-0.0123138705575097
-0.00610251839077759
-0.00122458559245711
-0.000614765858374674
-0.00243311829534949
-0.00573055730682924
-0.00251781483161745
-0.00729795925784258
-0.00520275537297854
-0.00246318543875406
0.00478455531832179
0.00395390125047999
-0.00374900474095904
-0.00786178191817863
-0.0180553474542807
-0.0100014290634392
-0.00669559253668272
-0.00530404885389458
0.000345265649894962
-0.0119066357400549
-0.0170194424662234
-0.014525932991343
-0.0118065736685943
0.00954717142225443
0.00643676123397502
-0.00259728007630358
-0.00485456931853314
-0.0193811856863141
-0.00610658900483636
-0.0155323116352217
-0.00981639035343835
0.00492534712794322
0.003997379937988
-0.00678034288239687
-0.0204409140946376
-0.0148506848807616
-0.0265593399310835
-0.0151247655041688
-0.00655391416572447
-0.0105435560538655
-0.00710178448666317
-0.00423272537480565
-0.0101740737661563
-0.00057954409644417
-0.00267004460882468
-0.00130820256453466
0.00255533509914805
-0.00346186962997274
0.0170630858794655
0.0229998587569679
0.00553394540985371
-0.00310046614367098
-0.00303518662097886
-0.0028797638744694
-0.0043876233546065
-0.00539121104290781
-0.0049964763800117
-0.00284355742802653
0.00563818554690339
-0.00454514671364879
0.000306930355037665
0.00623162426377116
0.00417062969563547
0.00102841277068638
0.00255012468857783
-0.000418350571805396
-0.000434378491324764
-0.00844302740458143
-0.00645493355643095
-0.0036690963769033
-0.00883085894914757
-0.00686734141744527
-0.00188400571431599
-0.00542842998503188
-0.0128287142303723
-0.020556566069239
-0.0171711835181656
-0.0271557229417961
-0.012808901824416
0.00468194571513928
-0.000760195350688507
-0.0119209453861247
-0.00586355874686302
-0.00348543255278275
-0.00108707325649025
-0.000573431923093691
0.00528469601506438
0.00735509688253489
0.00380764993430504
0.0102785427004837
0.00173763650279311
-0.000814394158920892
-0.00129656253141329
-0.00131127029427037
-0.00271698356900247
-0.00679569845599658
0.00326007532448348
0.0105493602569599
0.00158769510859418
0.00347763346298391
0.00896517489616612
0.00570649487427821
0.000498956508247403
0.00154863346695946
-0.00474501586133239
-0.00163103479286998
0.0110228927072261
-0.00620845133761242
-0.00261621831425609
-0.0136050463761957
-0.014053113932267
-0.0370224967327621
-0.0336681719615413
-0.0172672665606715
-0.0120305807280793
-0.0108850289812737
-0.000911932546200359
-0.00431366771938791
0.00315598248153577
-0.00170632538123552
-0.0040436765046007
-7.17161995622039e-05
-0.0105847530969255
-0.0168983399870803
-0.018075458983473
-0.0146207657612419
-0.0105137219242481
-0.00475996875580923
-0.00682384243314571
-0.00815456998912997
-0.0105597677896607
-0.0153229326920272
-0.0173741113776075
-0.00531785697434013
-0.00310474515830112
-0.00420702880609197
0.000378219437935728
0.00424867454937203
-0.00150464965833707
-0.00787544216221156
-0.00404273017766449
-0.00190973693691148
-0.00135534210813836
-0.00234600344677255
-0.00412314860685183
-0.00549052159714071
-0.000327195339583046
0.0055100712146024
0.00241264477663626
-0.00339568282112579
-0.000359819346844119
-0.0144994268012453
-0.0260374829166788
-0.033315053899561
-0.0360943868832638
-0.0278427479852683
-0.0200228078526149
-0.0139290582746838
0.00588357569132872
0.0108710949010103
-0.000313708039978579
-0.00971738656651383
-0.00457004147277961
0.005932766344761
0.00710187466256175
0.00620098931519388
-0.00425248671840156
-0.00538962055920886
0.00262425597227254
-0.00696731846383856
0.000561436846697032
0.0028197372638931
-0.00189388398045085
-0.000925545611062403
-0.00584571886986975
-0.00428438886517145
-0.00176939885802723
0.000736321424692311
0.0075851114708199
0.00496548844445442
0.00441001771092052
0.00152416969539114
-0.00749940907702672
-0.00252923272415885
-0.00420538138526869
-0.00121595967403158
-0.00103408037971649
-0.000672755799417191
-0.00128506348681299
0.000535927460872496
5.82484063912791e-05
-0.00136860338755281
-8.87847333746943e-05
-0.000461233431198082
0.00348617352754336
-0.00038642684337767
-0.0160236474491678
-0.0213346438663966
-0.0168547362039232
-0.0120304622950732
-0.00951211706304911
-0.0183730414546913
-0.0244972067485984
-0.0127121329408338
-0.0118207265316395
-0.0172943803692014
-0.0130392625842368
-0.0116790863590734
-0.00952212058518823
-0.0090658807109478
-0.00790380923548117
-0.00646138590198347
-0.00598535789603039
-0.00676073602617607
-0.00444825178158721
-0.0103037596675865
-0.0111861303177129
-0.00994388454340501
-0.00961129210261479
-0.011363744747068
-0.0123822707290611
-0.0117053220961706
-0.000985752332311812
-0.00208115610152212
0.0014266911409862
-0.00240682207075803
-0.00911125646740876
-0.00809289171241748
-0.00687011912598588
-0.004602374517023
-0.00547583123732108
-0.00650517095493259
-0.00381886366846635
-0.00477761313669191
4.25707591264035e-05
0.000880008135723223
6.54980688844441e-06
-0.000461953996908752
0.000543182053785282
-0.00627227062842306
-0.0080052258615892
-0.00439213341731108
-0.00158274840463403
0.00345073561309093
0.0039562489507825
0.00140605658953249
0.00198876462718014
0.00132285925718295
-0.000548741829338454
-0.00122931365158882
-0.00138484449762105
-0.00075319988107587
0.00120824704295196
0.00031255700313298
-0.00257819154915162
-0.00235016774618976
0.000556051483165098
0.00182260140825369
0.00177153444681509
0.00272912874985072
-0.00026093800086626
-0.00380741532857821
-0.00319910431023301
-0.00210122529013514
-0.000802822189198531
0.000329580300979509
0.00154924725794981
0.00196691196393877
0.000739266351783159
0.000477693447133649
-0.000406818100237631
-0.00185231884355661
-0.000849199873353801
0.00321752808869435
0.00177944961093305
0.000164881370101867
-0.000553846422398773
-0.00118407197261067
-0.0027559140251085
-0.00306972178581115
-0.00396310916208745
-0.00456164178859546
-0.00484547711072626
-0.00149386218623385
0.000307179440657986
0.000547340269620271
-0.000445107173069603
-0.000340209947635755
0.00159898232836251
0.0002925175903816
-0.000848510449768695
-0.0013872693983341
-0.002235777704039
-0.00693072585837937
-0.00653672935436651
-0.00546767573497401
-0.00594762122391245
-0.00288816338161902
0.00188038837033501
0.00139986613875544
-0.00131386044264112
-0.00257597023629935
-0.00215188009838036
-0.00249334421405905
-0.000985955168048527
9.27486472330233e-05
-0.000133546220183208
0.000386982412806655
-0.000239317550715598
-0.00146655486740015
-0.00183129098093583
-0.00300157251028478
-0.000676932138413064
-0.000282033177918556
-0.00189627332201992
0.000300597089314462
3.7014441399158e-05
-0.00244101375291878
-0.00412586471929673
-0.00820081491825069
-0.0118111832055696
-0.0135307070200009
-0.00960985155895734
-0.00427112515512747
-0.000115711084484168
0.0013756563595474
0.000625870468720736
-0.00190717012432318
-0.0018931397305229
-0.00449665637802728
-0.00276647056549335
-0.00343059047822489
-0.00411533271401766
-0.00524585376736503
-0.0089487026092192
-0.00788098977942548
-0.00694879765635426
-0.00486099197305463
-0.00236920305130099
-0.000270463790597933
0.000558035646011182
0.000825202515952085
0.00214322412812011
0.00188955264768468
0.000416821052872861
0.000350978805086294
0.000133289869278545
-0.000223428676071615
-7.82687525871394e-05
-0.000115749466555997
8.09989125075782e-05
0.000255145513933035
0.000263131512984606
6.31145266140185e-05
7.8430973489698e-05
-0.000133922684330663
-0.000263560018493726
-0.000300353743051505
-0.000402169917279768
-8.22574438662657e-05
0.000759543840429999
0.00226991180930369
0.00265317882508945
4.89637800870628e-05
-0.000161300730977644
0.000259260743089798
0.000197967203398291
0.000176235464141825
0.000384394544082536
0.000657095670358929
0.000405817702787938
-1.75037501045874e-05
-0.000156234784925231
-0.000184917875594227
-0.000545157821419738
-0.000760062956118349
-0.000752651771442712
-0.000761690433739456
-0.000651105803203749
-0.000651105803203749
-0.00065110580320375
-0.000651105803203751
-0.000651105803203753
-0.000651105803203753
