-0.990711600133263
-0.990711600133263
-0.990912596595551
-0.966727466016488
-0.961079147630376
-0.885505059199087
-0.715765603660038
-0.559830006755315
-0.450139402624486
-0.353868695752676
-0.348197893589913
-0.319626290884524
-0.27926298487802
-0.289429165893451
-0.306024551739398
-0.281219334056363
-0.12568973290371
-0.198830096692979
-0.230668753662108
-0.149165057996094
-0.0711024698682709
-0.103458632122884
-0.0656882878608133
-0.0824573511274875
-0.147404656807921
-0.245318091039275
-0.164712058010403
-0.117041901262331
-0.132181136314097
-0.0658587970622591
-0.0741876099496358
-0.0646676418386049
-0.0639986561156147
-0.0272754065998753
-0.0123401885834227
-0.00183484038229755
-0.0244858877258116
-0.0252008702397761
-0.0488862356326178
-0.0549537233035793
-0.0368328871385091
-0.00989975492099357
-0.00725101817718564
-0.0473832848058038
-0.0235393847964074
-0.0306856797396311
0.0187896264496736
0.0333181668712826
0.0366460087882106
0.0465910080696006
0.0318397489513728
0.0339365495854021
-0.0489686546495217
-0.0314800610300201
-0.120560114589762
-0.087977649689878
-0.0362341090382535
-0.0348445691416169
2.00934311754344e-05
0.0224522317287148
0.0392836464440058
0.0431292157921018
-0.0240101802697087
-0.0722134131447169
-0.0702848068347524
-0.050944335059887
-0.0678071366241282
-0.0567694157820652
-0.00496759772647788
-0.00141946445303024
0.00207387373875187
-0.0621411515983055
-0.0438024865053813
-0.000599610997022638
0.00917187644790501
0.00575502532254031
0.00183099822897759
0.00355159184038341
-0.0010378850599647
6.98920269663339e-05
0.00147350670896531
-0.0227443850451397
-0.0338674034008421
0.00140627143140089
-0.00461320858877445
-0.00858876010415125
-7.80578338606111e-05
-0.0187395403937603
-0.0284327835954606
-0.0295587574913469
-0.0195435066348235
0.0107221408842181
0.032549573736676
0.00117020446167684
0.0136727183799674
0.00174306890231237
0.0116370415147539
-0.0134015978035427
-0.0239950231192658
-0.020263255392842
-0.0328016709749999
-0.0310998041144259
0.0126442138684674
-0.000349726416833973
-0.00526618456079414
-0.0153587736864751
-0.037596056594302
-0.00218578899191268
0.00468280752525659
0.00057228442982233
-0.01177976681976
-0.00813174478708615
-0.0137682812136224
-0.0396918771057493
-0.0912429717677318
-0.0964367246601146
-0.032393987898292
-0.0216340638536457
-0.00623538693831481
-0.0156257864669885
0.000588179881302645
-0.0591708489805929
-0.156695155207616
0.00412976195695267
-0.0183429465949425
-0.0356292852264206
0.00145507386184222
0.0313268920628333
0.00958855575606937
-0.0136553710614958
-0.0220127475417732
-0.0303543552945832
-0.0549022762450624
-0.0674680660455096
-0.0384229543493109
-0.0158126232109139
-0.0232916441505166
-0.0269016546622111
0.00292935732640146
-0.0102830195847226
-0.0110710872558195
-0.0315755866553821
-0.0364501796689301
-0.049776315548419
-0.006106980567552
-0.00878753936334109
-0.010444668902541
-0.00775887848255844
-0.00610379559659649
0.011770512742945
0.0304095262600714
-0.00883104172141494
-0.0528799528657065
0.00406699511252926
0.00473005018154814
0.0111382864742046
0.00965375803101526
0.00674339024074361
0.0347479007892026
0.012547985601202
0.00697778173154452
-0.0115110319124055
0.00913335434640652
-0.00208225935698919
-0.0223900225527839
0.0200942810750703
0.0595883841456317
0.0190246442733056
0.0145579227266599
-0.00773201851596095
0.0223070912019308
0.0475769891399284
0.0439036462055795
0.0468878752845108
0.0110678793429911
-0.0051454838381239
0.0050381359597854
-0.00239287171167393
0.0495772465926664
0.0784241585799692
0.0266255700745825
0.0137365703712091
0.0128862125763776
0.0240586590594403
0.01048926362068
0.157549850036951
0.0300442607348841
0.0296439966151644
0.00113360275786092
-0.0129432781408205
-0.00487261920181687
-0.00421795398173039
-0.00816277497705717
0.00690145514097569
0.0025373903856951
-0.00192074798887013
-0.00543402853858219
-0.0224362717058951
-0.00370184861016393
-0.0889011278001044
-0.0618376434661753
0.038104417015381
-0.0472733637159815
0.00459809549196318
-0.00503284779252996
-0.00321368823375407
-0.0114252006646124
-0.00202354496965611
-0.000944380768025899
0.0245775741960131
0.0558369142233002
0.0117461199110868
0.0033583756048007
-0.0133479325842461
-0.0347441492303548
-0.0474524580869505
-0.0522313174397036
-0.0502814229649498
-0.0608293041500028
-0.00161566902680207
-0.0131817195730304
-0.0658189571817065
-0.0373816910950928
0.0232487224048323
0.00836653832940198
-0.00876849780655922
-0.0146718094928228
-0.0229600060255037
-0.0182977296904759
0.00425964363710698
0.0188951382036611
0.00527319559005719
-0.0246598985829927
-0.0242038382707981
0.00116743417801731
0.0255202720272605
0.00213781867633462
-0.00348983429003521
0.0470680514719113
0.000451638332153934
-0.00757892977496776
-0.00151261972108846
-5.61739906247355e-05
0.00541721720371135
-0.0054328096118011
-0.0350205825728682
-0.0136793941048129
-0.00140543660149706
0.00568406261233148
0.0230273157894916
0.00294132510866576
-0.00573603072439496
0.041252384713602
-0.0108231718875959
-0.0506771440562616
-0.00110720793429937
-0.000473428517347007
0.0144876855612018
0.00309812691021622
0.0272061726252667
-0.0306789546563441
-0.0301144737584636
0.0036448458207103
0.019852961893494
-0.00264978956424834
0.00714472477525059
0.0274915029036048
0.0382829378044717
-0.0415820366046304
-0.0189672181700567
0.0186643389409226
0.0497991400457027
0.000838315484087269
0.0419862827263114
0.0189890498779114
0.0115725172064147
-0.00471628443601352
0.00443617032039588
-0.00115791093076649
-0.0317396169846998
-0.00958971183524866
0.00965080096954918
0.000358277368629861
0.0029471801076371
0.012485805458992
0.00406094789185133
0.048564198019131
0.0363325317504148
0.0230623974834898
0.0208894813426851
0.0237475475996666
0.0489026243100063
0.0292468271675048
0.0571369422751667
0.0218620676317074
-0.0744238411289585
-0.0327210387454611
-0.0105942961371223
-0.00814218538398173
-0.0132561424357743
0.0165351111048368
-0.0062876199326335
0.0217258941299571
0.0493198949364378
0.00820632908406794
0.019070887942572
-0.00527640227169098
-0.0193857076453115
0.020172947855611
0.000453251772859293
0.029085739609249
0.00299688080723821
0.000226622392301616
0.000540449698543511
-0.0369706573856064
0.00581453301645966
-0.0181809717892395
-0.000487480136552443
0.00300342403657091
-0.0320885544965729
-0.00550444515429609
0.00125402046134024
0.0023600665477209
0.0144714192724679
-0.000384878476825054
-0.0195187206848313
-0.0258799606636453
0.00162042636342336
0.00271754085478949
0.0304093484737552
0.0216749252158297
0.00186590327813076
-0.0293632555965783
0.000297129023145958
-0.00150093608496324
0.000421459006448571
-0.000619625549067682
-0.013676677137687
0.00484439166707887
-0.00311854906137374
-0.0167302561060234
0.0229676039058056
-0.0452623938643972
0.00984951258772254
-0.00148146418509961
-0.00831847324709234
-0.00516775140359261
-0.00167699364323555
0.00998524412636674
0.0114010948394979
0.00125513278095029
0.0242010627445766
-0.0676989076095258
-0.023885025245695
-0.079179056275401
-0.00289994166361147
-0.0320111810137808
-0.00809619487446871
0.00166548330012624
0.0121361001985743
0.041250156169642
-0.00686414909998116
0.00919026947557702
-0.00757334368157311
-0.0311347048510629
-0.0137905915895213
-0.00569429890278742
0.00120104868568368
-0.00225561222240042
-0.00811247861454177
-0.0100728212593996
-0.0180841662119831
-0.0385321593221752
0.00799924569234931
-0.00240983933326409
-0.00356521193882494
-0.0142442021193348
-0.0490061700492375
-0.0437578736373943
-0.111065609243978
0.0197100392872822
-0.0165335653060296
0.00265874960321922
0.00761729223381441
0.0174148470368894
-0.00807148726566042
0.00737326816693484
-0.0176404255279577
-0.0169326775301688
-0.00515882910493628
-0.00220567460970918
0.008764402584611
-0.00367851537062754
-0.0136947014085548
0.0323107628795343
0.0220193843867156
0.000691039158798099
-0.0041817649858728
-0.0210966932110202
-0.0258141608507855
-0.0151705520258599
-0.0300993296690608
-0.107095581767876
-0.00557457439293157
-0.00215338549166409
0.0023311066540042
-0.025258135554834
-0.0069539413082969
-0.00141389547778427
-0.0109261470729792
-0.0406792990996163
-0.00629431968191355
-0.0103479300165668
0.00685172175389146
0.0331196166595278
0.0183112657946534
0.00270040875910173
0.0043279801100758
-6.70534822816444e-05
0.00731499618794654
0.00207202935051646
0.022932063468971
0.0417129830469754
0.00739937011161478
0.00449693603109586
-0.0160584904940613
0.00578412208159653
0.0136575142919776
0.00631603931369646
-0.00834623065823992
-0.0119854470970764
-0.00147952234996219
0.00439861124787291
0.0115757789444036
0.0198351844538126
0.00312205126593029
-0.00700288738762044
-0.000297227224943264
-0.00948790812122839
-0.018587542655891
-0.0426863766646808
0.00923947940950768
-0.0278704286388722
-0.00588101535594762
0.00321561470485887
-0.0140457616473975
-0.00812395245468793
-0.0217606499140671
-0.00290412581807363
0.00393779960330627
-0.0079920612191069
-0.010070564805324
-0.0179839184381842
0.0292506125633384
0.00917669593171713
0.00518937460302618
0.00359462814564407
0.000647639647855721
-0.00520792567002913
-0.000224529621401604
0.00756782865381982
0.00876820850681348
0.0321054046620602
0.0232635854847625
0.00913750010742308
0.0103578703730981
-0.0035321901334616
-0.00332345281515544
-0.0125868867927558
0.00291298273117526
0.00753831093548658
-0.00298238374235058
0.00236211958216157
-0.0532198810516015
-0.0202537247726262
-0.00741960047911068
0.00167256564257564
0.00180486358588993
0.00447893209086511
0.00112387707311535
0.0125095463376246
-0.0180494881443609
-0.0188805431582621
0.019962883720509
0.00998922289632648
0.00219504350474466
-0.00516612350403589
-0.000923222595859197
-0.00266157868828142
-0.00238750445571345
-0.000611633422268907
-0.0016856659001408
0.0062717712356969
-0.0128464451151426
-0.0185421074215747
0.00218671737687043
0.00270857600294331
0.0012516474578918
0.00496727820217589
-0.00729929692778496
-0.0183379906222055
0.015399609892201
0.00204093920133495
0.00395676793505593
0.00270771913781456
-0.00175629299907796
-0.0116531210490967
0.00352526629411848
0.0191274753750391
0.0143084226757045
0.00265626107514884
-0.000709875381816652
-0.0012132759682659
-0.00678607794332972
-0.0454890561024619
0.0217976860877674
0.000785275260115459
-0.00205200064684593
-0.00888652520593545
-0.00545214025656663
-0.00205635277456963
-0.00344451098531968
0.00055013984720836
0.0110291804444216
-0.0010224077606251
0.0116634625230506
0.0143508396564432
-0.00169045258653752
-0.0139562775356876
-0.0103283191426131
-0.00839346137587054
0.00292610650644063
-0.0139114232746995
-0.00144514295837873
0.00516981132164573
0.00383549116553079
-0.00372094433352344
-0.00107573877191991
0.000976925459531511
-0.00188026977744744
0.00125153451856912
0.000891859955724285
-0.0012783997141294
-0.00405073211454467
-0.0071757257770933
0.00609117376024563
-0.00211069880382707
-0.0121444201141302
-0.0214899959980483
-0.000646487033799286
0.00255033424936924
0.00114299067153818
-0.000919522890583088
0.000731304672623159
0.000154829358064184
-0.0047903919727508
0.00162945385592992
-0.00248486186890784
-0.00408788223649638
0.0148322451608131
-0.00467056703741437
0.00568608458163448
0.00281228781652297
-3.92253921256661e-05
0.00234304145286205
0.00954499192743214
0.0549224981238631
0.0336860217291845
0.00369905485634911
0.001449324884428
-0.0068777219116039
0.017098101517351
0.0116354642271399
0.00211620098589577
-0.104726134999931
-0.00969686332988165
0.00228516941448458
-0.00238141592520725
-0.0118505598721392
-0.00580382632277853
-0.00144855111855918
0.00133705993446137
-0.00210245821273089
0.0034179815778772
0.00157574258481481
0.00699023164271126
0.0132964619307994
-0.00649566442421293
-0.0206654162869787
-0.0295494988292018
0.000733510170738904
0.00729866202219575
0.00799965148542149
0.0117681409318853
0.0112227098903426
-0.000654994597103421
-0.0048199484253423
5.76813633005424e-05
0.0058756125044038
0.00391524362188749
0.00234724646998232
0.00706754086895853
-0.0214882116599182
0.00678361755278424
0.00611506223552625
0.00709944311918072
-0.010177983844398
0.00872013356672787
-0.0192041557328035
-0.00305889269091773
-0.00130256152742852
0.00750672346671662
-0.00166840332511989
0.000590674841135531
-0.00150578965020417
0.000399242859014326
-0.00498225426799824
-0.00725362078027164
0.00305763881648061
0.00648862338723822
0.00132270255716303
-0.009298484862619
-0.0083691284082625
-0.0128222288100441
0.00509967011781272
-0.00768995896282225
-0.00949115711149653
-0.00200220451828035
-0.0102741767124129
-0.00746652065625995
0.00104646855864926
-0.0253810458868645
-0.00473416675747807
0.000481812649267581
0.0020980569303238
0.00144101229851052
0.00110849222687523
0.00113263259818464
0.0158182853452033
-0.00303757050034711
0.0122651302399867
0.0229680176552296
-0.00381143020697254
0.00487263121134607
-0.000765903690001167
0.00185891867592937
0.00555757632225001
-0.02034925902085
-0.0164402859646362
-0.000522321604508015
-0.00807113807836909
-0.00463478507760091
3.30125459022017e-05
-0.00489458754426648
0.00131459495230562
0.00440222688304756
-0.0170668787172932
-0.0254692531815666
0.000806532077808639
-0.00163793841665603
0.00197335454060768
-0.0133836965403094
-0.00500122186140457
0.00364150167422037
-0.00308924359502703
-0.000697866153974731
0.000428501335082336
0.00659860424998621
0.00297531927425321
-0.00499117000273976
0.0102254031405506
0.014178183022126
0.0150478310913382
0.0124722131288839
-0.0132758906099565
-0.0258420382609032
-0.00349598585980773
-0.00380318813077453
0.0012310789755599
-0.00221167094198321
-0.00816119100813381
0.00551240744448886
0.00117021872276846
-0.0140123164022236
0.00427215869742741
-0.00466164777449521
-0.00252899645254002
0.011659844209253
-0.0122253426828786
-0.0178942829553853
0.00361857488834921
-0.000688465020638796
0.0036813425606373
-0.00115945889187822
3.02484021555856e-05
0.00817173358226746
0.00125718753021892
-0.00246074636719102
-0.00671158267673421
-0.00142838496840724
-0.00163862466320592
-0.00762500546356254
0.00350295045316424
0.00720182180278329
-0.000442824215701049
-0.00930953052633975
0.00641476023677373
-0.0143229493567484
0.00783758084012208
-0.00139583600517562
-0.00965851755922058
0.00764744106374674
0.0211800896415139
0.0030460740210928
-0.0086658123021171
0.0079917756748679
0.0161078020178753
0.00158619713889822
-0.00711117406533409
-0.00173874230107593
-0.000637283596670477
0.000968355685426416
-0.0121233724369261
-0.00408009987799246
0.00125630792822975
0.00221391050385347
0.000607592142542693
6.43144327582163e-05
0.0019774272094414
-0.00118626388453074
0.000207910698290648
0.00180376297671073
-0.000246253035341357
0.00127811437436747
-0.00215413491703633
-0.0141185541605605
-0.00863316373812243
-0.00578962934359573
-0.000517341071916652
0.00569865655583926
-0.00638072598967376
0.00214599165878753
-0.00185073464180393
0.00921462533720703
0.00627493795877987
0.0040373444816232
0.00339525486229809
-0.00480024464985749
-0.0111012904563986
-0.00374853806195744
-0.0178619796012926
-0.00632777403358051
-0.00438940593283512
0.00588627337019476
0.00524951380673538
0.000568195844157552
0.00145679439425898
-0.0111968886394874
0.0331670702848512
0.0131366295521976
-0.0217775245201747
-0.0115645861818929
-0.0187559870916388
-0.0124251666379862
-0.00862116143681972
-0.00365492723899125
-0.00134048952390344
-0.00418948519444799
0.00639880077335127
0.00306840545815814
-0.00568398970845856
-0.000988932419466424
-0.00838033625369538
0.00104674988036569
-0.00137298039613383
-0.00991201352243003
-0.0131073650128054
0.00462040123337834
0.0135062091559903
0.00122640450961643
-0.00529553810150011
0.0051514334922521
0.000263788796809216
0.00153165300463396
0.000163702308175987
0.00108685845810522
-0.00276099954170992
-0.00560499878193377
-0.0151335603636498
0.0154860097952957
0.00369279478794667
-6.07427553516761e-05
0.0130401382747142
0.00306766249520972
0.000728667660521024
-0.00364885858021193
-0.00496128273215175
-0.00149343170269331
0.00957702909217645
0.00105998693065017
0.001826252145512
0.00187809672846517
0.00343233126809479
0.00843215527631254
0.0106660693563287
-0.00262556645013096
-0.0206178858572315
-0.0141848320327824
-0.00962904686097356
-0.00450299994830798
-0.00282440091417002
0.00339293499988568
0.00728819214748467
0.00396732235960898
0.00118319602851372
-0.00175016473292261
-0.00205334943090939
0.00173047704812278
0.000110021734735352
0.0014335566008049
-0.00621512249815012
-0.00206012132011795
-0.00173494648555044
0.000631127456946414
-4.46771820158897e-05
-0.00269968557240218
0.00209407569413722
-0.000937194052779319
-0.00643706652281164
0.000101790776963254
-0.000812799884336285
0.00507355366145602
-0.000527924292249772
-0.000110881054354366
0.000675427702368216
0.00195173007922249
-0.0134871542001548
-0.0124963454666466
-0.0154402683127917
-0.0123229289337642
0.00144507702522332
0.000910686100683609
-0.000743629797747923
7.60735215875632e-05
-0.00182089220966654
-0.00734928426374596
-0.00456620139568264
0.00201143609921302
0.00494951896639902
-0.00358778711144352
-0.00132008605864961
0.00515752883708172
-0.000121468916164429
0.0036322454449841
0.00654653398914664
0.0047431105352341
-5.72086251386852e-05
-0.000149701127836177
-0.000478328365499595
-0.00155544943998462
0.00314684091973106
0.00405171522388117
0.00568252343698917
0.000983780619843072
0.000903569095879578
-0.00169368588324422
-0.00271060886917157
-0.00526770234866134
0.00155640485854431
0.00179751224794021
-0.00657001379022506
0.000371379954515002
-0.00196155833364304
-0.0063607279257556
-0.00770575475025508
-0.00209474917334754
-0.000594617327253951
0.0013116079657456
0.0032240042453809
-0.000423084115407274
0.00473238347614809
0.00565882966958161
-0.0027018275820044
0.000114332219696103
-0.00262929062107966
-0.008241545093581
-0.00595482254871663
-0.00382204673813511
-0.00197843709145258
-0.00419759781396355
-0.00113537369621728
-0.0066851436119514
-0.000714034107127799
-0.00936546038201338
-0.00872614702476732
-0.0151842232387298
-0.0234110056010901
-0.00650241429572921
-0.00080782032031282
-0.0103385751210936
0.000626366218458179
-0.00291977308944397
0.00426793394957144
0.00127576880764912
-0.00041303258893301
0.0013519709596994
-0.00195257158767033
-0.0108965704878002
-0.0181219524761649
-0.00203327734643598
-0.00226146493368514
-0.00328427924221122
-0.00315338185204183
-0.00426314613961786
-0.00318385200868058
-0.00711471474881751
-0.00505690002755935
-0.00276347696927567
-0.00131973588886404
-0.00187794809817716
0.000689901123340462
0.00316881275316199
-0.00111233894857596
0.000729060682789589
0.00610426760553265
0.00740658267955589
0.00403400744131161
6.97800275258265e-05
-0.000749166158807392
-0.000498347009056271
8.46450508391548e-05
0.000611410789020162
0.000812576720034547
-0.000570676623277912
-0.000158214150809921
-0.00171209500033867
0.00142315127334559
0.000470944144598525
-0.00279262264972314
-0.00640141192349236
-0.00158584911910392
3.82616955096472e-05
-0.00125597182222909
-0.0024963363948413
-0.00207747906454086
-0.00300818086226838
0.00408830719302596
0.00465567841567349
7.97028391646936e-05
-0.00325226954024875
-0.00238849485210136
0.00013017367818073
0.000310030761383105
0.000409615262720059
-0.00306411089699404
-0.00394474719244569
-0.00450387375082617
-0.00256496591568096
-0.00058614099383342
-0.000666176673236668
-0.00250868758239411
0.000251694757027162
0.00709738689979913
0.00559712750874632
0.00173683115821557
0.00175170909282277
0.00220416978354333
-0.00224565230912289
-0.00167352592143093
0.000787855289141701
-0.00256501802151095
-0.0032907787450075
-0.0124735885551346
-0.00380038381812261
-0.00155554229308677
-0.000614384083792842
-0.00198042372956747
-0.00223044571092847
-0.00331747231568471
-0.00355692085303276
0.00215510638392344
0.00358009015678324
-0.000206385034459098
-0.00128011283577349
-0.00515377605156955
-0.00114789077353266
-0.000561627719751557
0.0026749737374563
4.61663836387852e-05
2.40386637398877e-05
-0.000400576112983561
-0.000111641683663838
-0.00217692122840319
-0.00494443049163713
-0.00176722874335962
-0.00171011206632199
-0.000212142900004037
-0.00413803568079516
-0.00679430920751015
-0.00517024710800978
2.08815101460486e-05
-0.00186056787289629
-0.00313814524603591
-0.00301648928744785
-0.0038048962816486
-0.0053369763514041
-0.00831584644958799
-0.00779590572002499
-0.00477654948367992
-0.000978885607811624
-0.000166763746606669
-0.000297595289561248
-0.0010370961200032
-0.000489403109021275
-0.000175325410167948
0.00160029387712081
0.00336291177108507
0.00168972696478571
0.000333050793307103
0.000111728560857166
-0.000312432562610147
-6.22105668348244e-05
-0.000270968071075625
-0.000685973344686731
-0.000315117647424488
-0.000332631772264028
-0.000820519470351385
-0.00135226273002811
-0.00136917343180051
-0.00105069515854976
-0.00137002956482479
-0.00118682112654425
-0.000506130931647069
-0.00050613093164707
