-0.961595950671253
-0.963830672237866
-0.946821523845836
-0.893310175589115
-0.886242273486954
-0.779732968821228
-0.64585209397088
-0.595776827629508
-0.505332055635015
-0.36293305650878
-0.379332513589242
-0.377714745269822
-0.379982215857545
-0.371271662216514
-0.354182100338413
-0.351287496603766
-0.305843804250564
-0.230245318578794
-0.215858640269375
-0.163888716371272
-0.189281826695952
-0.16358255396931
-0.169820801292724
-0.157189694293927
-0.119076578764549
-0.123129671597127
-0.192595100762867
-0.144914552644435
-0.13607284373921
-0.151215581903244
-0.117336097127041
-0.0485959899500312
0.0192609750235573
0.0850117077334095
0.108918047258102
-0.0598438372089515
-0.0259661277351748
-0.0396841548359996
-0.0780356542392275
-0.109135153002105
-0.0314918385203779
-0.0285138017101885
-0.068304057642409
-0.0706175779850887
-0.0295570765346406
0.0131397097850569
-0.000851286715051265
-0.0335825933858529
-0.0816136614647445
-0.0639747796448914
-0.0572684918452184
-0.0206259107287135
0.00384072350267733
-0.0121310111388734
-0.0353813884485193
-0.0286524611225614
-0.0496231945085544
-0.0640034264137583
-0.0560248812033979
-0.0826590042547296
-0.0117462437762158
0.0212073570359925
0.0392152859932386
0.0351612249921934
0.0369170263584079
-0.0178587006284809
-0.0085013615374722
0.0137309868941409
-0.00236910203885482
-0.0269801205949632
-0.0359524270394378
-0.0151885704068111
0.00892850303962579
0.0490418123723454
0.0705863275274418
0.0442667424244468
0.0119425029575656
0.00159392378828708
0.0045843261735186
0.016469203038878
0.00473889347753277
-0.026503002980773
-0.0112805879467622
-0.00610138806992314
-0.00246812172995
0.00677840164211867
0.00169004028168774
0.00827985572682027
0.0194093702501148
0.0105570027345556
0.0242167812098912
0.0256116845160561
3.33450458849596e-05
0.0104500401478283
-0.0134170518073158
-0.0181422007735396
-0.0272556138381583
0.0278446164327798
-0.0181983601578442
-0.0242488839213686
-0.0341649294544345
0.0157225911473179
0.0363845398337167
0.0303175837744485
0.0173214023171759
-0.00277816411142496
0.00180681507632952
0.000797626751491315
-0.00181683905093031
0.00562362906035784
-0.00637843102696098
-0.0032993018690556
0.00597191129359722
0.000830862165642592
0.0285155965965982
0.00551183308219901
-0.00928340493546707
-4.32597409751566e-05
0.00653905708869595
0.0322745018549425
0.00791303772473024
0.00448248052326433
0.00419096521095485
-0.00611884563851592
-0.0160295954752781
0.00218773204356647
0.0104164151023351
0.0323572055455271
-0.0247510461690572
-0.0124630982445933
-0.00741157340627474
-0.0133978067055394
-0.00147276214798217
-0.0162866229087464
-0.0228698382279261
-0.00917289287287258
0.0126138420816093
0.0298698253345209
0.0365800544723864
0.0539174329184103
0.0284890175450878
0.00516717573124033
-0.0203738184997628
0.000297583331687013
0.0020593965388808
0.00438104195591945
-0.000419746146427371
-0.00184645751328858
-0.0155998930417938
-0.0216987687374928
-0.0145233800237628
-0.00917698483884667
0.00240527691163541
-0.00436609641824305
0.0198099903075755
0.0115797740721073
0.00950177144547912
-0.000461160260174489
0.0196650971912744
0.00766742532086979
-0.00300201091220248
-0.00485082554630219
-0.00740340824007886
0.00616111650957381
0.0256433936663058
-0.00242599520969312
-0.00944820584333235
-0.00274605057573239
0.017432406959551
0.0173292667266163
0.0034795714139167
-0.0030397512844888
-0.0108664293185592
-0.0213662496301612
-0.00521543402236359
-0.00784725389437155
-0.0558697286062531
0.00447144579827954
-0.0289533857384538
-0.086730141865904
-0.0161840964776263
0.00186446249694689
0.00993078965847117
0.00769653793378733
0.0273000590902508
-0.00528745163654158
-0.00184402036265383
-0.0539876848334486
-0.0215458798754458
0.00475980578709422
-0.00840065357150652
-0.0108566527078471
-0.0125990156016267
-0.00156252848952164
-0.00731656550779775
-0.0495012109033426
-0.0380710668732267
-0.00548809424200727
0.000882186610382692
0.00031594216466314
0.000136778440803289
-0.0699562979532124
-0.0713252797869074
-0.0131713408828532
-0.0239111695221914
0.0368853451037254
0.0186384099118262
-0.0272728047945429
-0.00217070002422819
-0.0186811359222502
-0.0100952948043754
0.000360386934567932
1.97243423796277e-05
0.0204894724370872
0.00321521160562838
0.0384973017152372
-0.00946957713928603
-0.0221884747621695
-0.0374068801428522
-0.0285210550306985
-0.00733404129293717
0.011670011611634
0.00378064332027602
-0.00912152327994408
0.0033254751950839
0.00112098705407934
0.00473563598238009
-0.00090212523824524
0.00855292179421693
0.00465838506912289
0.0010895088663416
-0.00886957574528491
-0.0118732496521987
-0.00326832233712372
-0.00148176748442934
0.00615563865800246
-0.00518271372887062
0.0186720587642456
-0.00145906755650019
0.00828653753105728
-0.00135874280270182
-0.00232834729579632
0.00433347645597458
0.021552280751005
-0.00461748980200897
-0.00334945153503634
-0.000906990816610429
0.0169702616035852
-0.00856898383739026
-0.000189246528692625
0.0057059942324338
0.0145288841416768
-0.00929736551881433
0.00481488601013661
0.00181887588918537
0.00390534790552548
0.0115507023711174
-0.00693738711224624
-0.0150756788415945
-0.0196778712686136
0.0294145820618853
0.00429643294727692
0.00703312877259243
-0.0010836499433782
-0.018341594601005
-0.019061588500954
-0.00286099845608807
-0.00346024710253357
-0.0160258078864882
-0.0185772992794736
-0.0383509738376009
0.0203360810357369
0.00285372937137041
-0.000113030608071572
0.00515457636099696
0.0293299229153992
0.0180802120684336
-0.00187737806288667
-0.040973636304992
-0.03741923397405
0.00189996603791692
-0.0287905010868313
-0.00892178473940418
-0.0231518612919973
-0.00904069414147955
0.0123195592271959
-0.00291310268019221
-0.0107092150877849
-0.0625088444937445
-0.0214176234434338
0.00922792127834625
0.0379248121302385
0.0139332101107991
0.00732088071219996
0.0199466023883567
-0.00694500003743843
-0.026255112160095
0.000946275904568536
0.00182556067479364
-0.0269912675757793
-0.0328101455350534
0.00481803627270147
4.85536236596387e-05
-0.00859046106509436
0.00317518235225641
0.00308525990439944
-0.00462069600523173
-0.00639943560360666
-0.0202329448860023
-0.017056011905927
0.0149539635702978
-0.00275046864318521
0.0030236142823649
-0.0137369290083756
-0.0611311377170341
-0.0517205398235883
-0.00700642996422134
0.000179767563810363
0.00129090398169943
0.00779652631348637
-0.00543305568867054
-0.00172334259440033
0.00243855878450887
0.00316956449748686
0.0406184333889413
0.00705030758226342
0.000750206152687321
-0.0142341164453704
-9.12405465051557e-05
0.0059245400375384
0.00786424926770622
0.0222979722856726
0.0225668611642817
-0.00501576328022053
-0.0260797574700438
-2.64442915625142e-05
0.000804384443362655
0.00716939507766315
0.00400246777750656
-0.000974719501091747
-0.0207904564161043
-0.0330234980928118
-0.00279443208647921
-0.0145800505703879
0.000803932854042182
0.00560504137808193
0.0268065926930026
-0.0138656260824827
0.00514732062454907
0.0332462088838583
0.00542548640487228
-0.00535356110169044
-0.00457834870250245
-0.0236770752734968
0.00315961228563858
0.00498332409416231
-0.00212063114604848
0.00868436162838203
0.000838454551894776
0.000651455056190598
-0.00129542010161735
-0.010927168776777
-0.0159449631461923
-0.00832952156712673
-0.0456863577584618
-0.000659326175483219
0.00456485800294397
-0.0208882109455318
0.0128938912262764
-0.009190559848718
-0.00377368158705327
-0.00531350375659163
0.0139092750926894
0.00349672779501752
0.0066653396162141
0.0260037007204864
0.0040407185162771
0.00539148413182889
-0.0107741793537727
0.00632102887452849
0.0118600774961235
-0.00423090499750489
-0.00630676787514704
-0.0128808012983571
0.00339270049724351
0.00201473663233462
-0.00133399837364378
0.00685166433245787
-0.0377933425572841
0.00205944070598067
-0.0129411817743266
-0.0322002918886218
-0.000495633806770431
0.00133295833300478
0.00543379450045334
-0.0166531791665401
-0.0160370119640641
-0.0197168209886827
0.00663443694953878
0.000889256875432526
-0.00971184355092833
-0.00727354728494802
0.00249516025509737
-0.000978749952757242
0.0211065906679027
0.00107506852234281
0.0112857712305227
0.0182547090992235
-0.0152694332637449
-0.0174117395750666
-0.0228521908437908
-0.0226089057999164
0.00263468321522892
0.00297722030687298
0.00118304670623249
0.0115588220239085
0.00484918960407794
0.0107505193436514
0.00350549164047971
-0.0198462556420091
-0.00802750700460954
0.00508940348607708
0.00300006842215279
0.00693810972658793
9.32473843742098e-05
-0.00342994416726985
0.00109377327087196
0.00811514015298376
-0.00474199197142758
-0.0248912774613023
-0.0152074415721387
0.0314508722956279
0.0827499427330567
0.0155481302641966
0.00891822693064834
0.0308885664731105
-0.00135491581110597
0.010297412366344
0.00802019372013805
-0.00517894994843792
0.00602041207236126
0.0128757095104315
0.0317284438819136
0.00922443127653371
0.0103178745956229
-0.00327081144053501
-0.00199497074312129
0.0100947421337406
0.00951937851644492
-0.00117062432082708
-0.0399090671495816
0.00051096855479172
-0.00978632953908163
0.0275364235145284
0.0108918957598059
0.0278204615671316
-0.0045370273873425
-0.00779543309824403
-6.65363212456367e-05
-0.0119767793376915
-0.00274125375413587
-0.0107737002116565
-0.0130245458133741
-0.000721688071778359
0.00198910769486116
0.00432440282077961
0.00766978605589932
0.00848912855582665
0.00257814699989324
0.00175701634998384
0.0029112012874473
0.00644049891899765
-0.000305533402020972
-0.0114849750964355
-0.00687132794160174
0.00170949973308582
-0.00701624386387536
0.0138057686743625
0.00218437259732019
0.00120588591941008
0.00515288630310355
0.011352936709572
0.000196734842290418
0.00217297903036427
-0.00989345396590436
0.0207402208544078
-0.00368300091325429
-0.00114724954279266
0.0105188243921278
-0.012623561218469
-0.0168355183191057
-0.0142443001034465
-0.0125267801222409
0.00927592566622467
-0.000866064007635312
-0.0011934029542817
0.00249064720005861
-0.0318776664834127
0.00204881264873658
0.00428005199928692
-0.0029767019989827
0.0342656482552334
0.0329148871294887
-0.00326067754747718
0.0358434390652866
0.00110815631231201
0.00331288087932982
-0.00557647691493318
-0.00662043369639992
-0.00282072252562908
-0.00225120953820691
-0.00793700390651543
-0.0025741676198192
-0.0213802694622826
-0.00141815029398024
0.00198840330947794
-0.00866072470980661
0.00532897007643776
-0.00327761758607707
-0.00880721830128562
-0.0112897482234411
0.0102028905327464
0.000110173129807525
-5.69445125296331e-05
0.010970207277098
-0.00030700609226692
-0.0060448157014222
0.00196569829280894
-0.00223595645437656
0.00697986508273845
0.0323642875865135
0.00660137727702428
0.0195989567563107
-3.36710821183389e-05
0.000741063976445782
-0.0135868173140059
0.00215831797012722
0.00499754139063424
-0.00630403022998081
-0.0088106682565922
-0.0100479392491376
0.0144139127257369
0.0452268397385266
-0.00313442504593773
0.00479084212780486
0.0121812416914599
-0.000747159443805819
-0.0239556543299364
-0.00559678017783559
0.00226076533016599
-0.0163255765610853
-0.00341991275192819
0.00459871843288473
0.0054298214946566
0.00399097433337691
0.00388497257136128
0.00929365503011671
0.00340346610436894
0.000703950661060833
0.016061851962939
0.00845584021828617
0.0135084436899555
0.00212905313975303
0.00179642312126653
0.00101662724779886
-0.00169394215811697
-0.00125674881515383
-0.0060342185797933
0.00637530459475993
-0.00143649556017359
0.000528473116388005
-0.0268104544432548
-0.00466271621850698
0.00318966103167825
-0.00721331735846647
-0.0112936927443239
-0.00818953473910263
-0.00775452543783715
-0.00421661499851309
-0.00155155387832627
0.00130954499112807
0.000161283291146514
-0.000281774056053113
-0.000958977667430189
-0.00354145007984186
0.00251641384461292
-0.00135459573405977
0.00395143291668615
0.00115717322098299
-0.00448602964132776
0.000637464550229514
0.0037402043805312
0.0137756755208808
-0.0070575527843183
-0.0119439232537957
-0.000352413419366879
-0.0017769516384447
-0.00253714705966408
-0.00218600751574025
0.00277811841662691
0.0160005191129934
-0.000638982778016705
0.00254386617122353
-0.00462314273109765
-7.60310080058103e-05
0.00318053045982558
-9.9753725592996e-05
0.0015019117337241
0.00422663521526977
0.00363893989180316
-0.00115018204518047
-0.000469893791636902
-0.00468443771869482
-0.00921718042560238
-0.00378383450019594
0.00335866639772931
-0.0235124758901569
-0.00959751548804667
-0.00362045857396359
0.000231056813408572
-0.0056167804661933
0.0044053721665266
-0.000835094268763463
-0.00940000188584175
0.00620361579752904
-0.00254299447864751
-0.000525892609537805
-0.00629733266151606
-0.00164526463555346
0.000519909036962572
-0.00513055696271599
0.0212430293111078
0.00114231616696793
-0.00382187767029725
0.004689549959002
-0.00329878423315907
0.00754311320070336
-6.39386318283127e-05
-0.000271400248499411
0.000572024957935675
0.00125823033355957
0.00477896502744345
-0.00325725493028891
0.00367106219218344
0.000411253645221035
-0.00815223756650155
-0.00817891351577794
-0.0150202029149347
-0.0132570696757413
-0.0134909508185071
-0.00460329826968981
0.00426003458378716
0.00733475577352957
-0.0135567210664044
0.00089259288282943
0.00746132537899581
0.020947334940994
-0.00274488639628363
-0.00143454786361461
-0.00200670193834126
-0.00173697538405477
-0.00391669988311438
0.00239485044754563
5.36552700552476e-05
-0.000777355383578811
-0.0212988985317402
-0.0170103759525474
-0.0161356326639706
0.00304602464341525
0.0144336217024011
0.00416939869262903
-0.00307723974364866
0.00149237057556774
-0.00244344973787562
0.00130166958770428
-0.00877324508166301
-0.00187300417030818
0.00139236906479499
-0.00553271243299005
-0.00201239742265987
0.00158681319499855
0.00500598684529332
0.00730315975292638
0.00599682651772286
-0.000680439818093854
-0.000835634792340246
1.24979706919055e-05
-0.00342384409045675
-0.00548260362832822
-0.00130126700328135
-0.000445820731222331
0.00487977230656206
0.00150879063286228
0.00156144818482154
0.00573092714562507
0.000214924627943472
-0.00278911173546825
-0.000291307657444441
-0.00199670975255545
0.0025314225507904
0.00315085546538028
0.00172155775312455
-0.00524380829795314
0.00569743010633737
0.0053145394987748
0.00702058998121337
0.000887798651993567
-0.0013748174341422
0.00210664562018887
-0.00183248270768152
-0.00343698599342475
-0.00153702598297708
0.00766283883906537
0.0061048573551467
0.00259463959175262
0.00216685776020794
-0.00534721828987983
0.000343063553215349
-0.0015315143354343
0.00427441599905186
-9.88221820559935e-05
-2.84573143782562e-05
-0.00103162066212784
-0.00441930882050143
-0.00253337650424978
-0.000884305934209373
0.00392798548133733
0.000347807678780559
-0.00333720866014337
-0.00134834118591694
-0.000147400123469538
-0.00150921126710754
-0.00179533395329753
0.000261449621583768
0.000160323174321878
-0.0016512021983786
-0.00507988835124011
-0.00563025991875605
0.00658320665640199
-0.0109227722156261
-0.000928028609567024
-0.0102473549893139
-0.0159908489387227
8.42041025865875e-05
0.00271960843009357
0.00108205712515703
0.000627315803729943
-0.000488240923321532
-0.000771095716004726
-0.000915156822221374
-0.00083772124098523
0.000125519265391658
0.00129818354333132
-0.000618140351185406
-0.00355935818990713
-0.00219776522783652
8.92988400903131e-06
0.00160736194326142
-0.000303281451798175
0.000378863384210098
-0.00379630148148486
0.00264119548869794
-0.00743265985411462
0.00584832267770513
0.0104627610029622
-0.00131330878492138
-0.00741327260718995
-0.00282958442278311
0.000953442707354789
-0.000296036582582659
0.0011866343533474
-0.00330878171384023
-0.000853037725114289
0.0012004459281503
-0.000826641586922927
0.0223916856472382
0.00987625356591509
0.00648976612271091
0.000543118055641271
-0.0013698165009203
-0.00917583242331367
-0.00146067741373168
0.00185261205005506
-0.00305857187536812
0.001703528113653
0.00113128979504801
-0.00877343358362812
0.00219876240052104
0.00109817531150639
-0.00280325238995992
-0.00533655143343759
-0.00487036906959325
-0.00289289567513844
0.00171900041926067
-0.00215469572235345
0.000302442512631116
0.00177490735768353
-0.00538013618227351
-0.0223719785256362
-0.0166020891744476
-0.0101456844660293
-0.00816656099350036
0.000929335589498792
-0.00183672238320633
-0.00102111819308749
-0.00348398631944831
-0.00691630410494778
-0.00370242592552946
-0.00501177369225672
-0.00719855858568059
-0.00248106035767764
0.00208898764446137
-0.00193216422341855
-0.00735402157162515
-0.00305072272775655
-0.0047952841089852
-0.00570821848735327
-0.00547761150392861
-0.00330532120002036
0.000696058270734207
-0.00358196287142161
-0.00179014628243351
0.000528964187002424
-0.00163399420167059
0.00241880731084135
-0.000160510450353923
0.000174242462149995
5.81964952241613e-05
-0.000144831315897961
0.00428578407343695
0.000148797860842278
-0.00144334240114843
-0.00307520941200199
-0.000468038882903961
-0.00209986354997332
-0.00224244523642251
-0.000559674936263724
-0.0033946321070321
-0.00135426079330622
-0.00712609328880645
-0.00115916438060172
-0.000926401945501683
0.00612069838281016
0.00177446413134443
0.000195553222628024
0.00235375849378161
0.00668346688343271
0.014275082812888
0.0115974280538819
0.000641545480283154
-0.00307805749369354
-0.00174294100005233
0.00160317135043424
0.00639859676018654
0.00200663376953783
-0.000694093468000949
0.00119065874965971
-0.000212429790797037
0.00129089938962693
0.0031701601881861
0.00597711976778331
-0.00349149716402937
0.000579284910471424
-0.000328070358539158
0.00402779995705246
0.000515438253252949
-0.00613820466699453
0.000147178441140917
0.000344004171677617
-0.000830914957917081
-0.00213172641644703
-0.00196941501788871
-0.00404990067277547
0.00429690896698145
-0.0031153637442866
-0.00725203446510811
0.00186901602821813
0.000830670238910241
0.00131306770927215
-0.000277687904607124
0.00056918342583449
-0.00056721035541362
-0.000502222266689092
-0.000250748644057382
7.02034625364241e-05
-0.000531973387011192
-0.00017368944581734
0.000781859921948606
0.00049203349075015
-0.00078411546266039
-0.00132616724554672
-0.00389887995334962
0.000752680254140374
-0.000631887572630626
-0.00163994556994168
0.00213870278054887
0.000610023638912752
-0.000688552844768118
0.000140970564685842
0.00183790108183464
0.00340102018557236
0.000770321330609477
0.00227831218971628
0.00402318525152849
0.000306393547227172
-0.000110798041913824
-0.00178627927845642
-0.00634315712321246
-0.00254465645466071
-0.00380466917106769
-0.00261981195765389
0.00100829554302349
0.00253590457997215
0.000664318970085942
0.000278443941307088
0.000105693896708088
-0.00150538262341
-0.00190567317600966
-0.000331458023838787
-7.31521866300236e-05
-0.000161379696762054
-0.00189493516837794
-0.00328518383673651
-0.00301563316248841
-0.000723873939699909
-0.00389859348835325
-0.00053478288938563
0.000598268458906531
0.00248268942447579
0.000261894779626714
0.00100907354016366
0.000604176113106543
-0.00153055754883336
-0.00139447167181295
-0.000305918890267188
0.000187673574758799
0.000580721255603052
0.000150081431824837
-0.000190504174722989
0.000140041096128256
0.00145395950904088
-0.000193036350548351
0.000143773299285725
-6.01821415358086e-06
-0.000719511052190874
-0.00137513859654311
-0.00237707877837894
-0.00180687834325667
0.000775663833860112
0.00128125863523262
0.00118033502333152
0.00112695203819969
0.000498835713876911
0.000353427567542157
0.000899233822568196
0.0011820952134573
0.00115551522766987
-0.000455752591135081
-0.00192504774761826
-0.00302489768678266
-0.000822228326632805
-0.000200230411326445
0.000790824713212109
0.000677826871907834
0.00119055148526344
-0.000992944776842829
-0.000250225303380485
0.000960741848014015
0.000908190754590349
-0.00029326350627644
-8.2401159547636e-05
-0.000710439013723427
-0.000810311763687413
0.000267605895716082
0.000183194652941972
-0.00292160736483861
-0.000625558542550665
-0.000927675845174448
-0.00172221786559036
-0.00296704363249001
-0.0029565819353013
-0.00219944669132147
-0.00214166191628808
0.000225721506572261
0.00149217335000806
0.00167158157958767
-2.91493307001433e-05
0.00113612468904508
0.000882849186284638
-0.000499751204294624
-0.00130699131044377
-0.00178259108989246
-0.00097991634438237
-5.1777283852182e-05
-0.000137138703998505
-0.00170841608381875
-0.00256546997752104
-0.00248111166139535
-0.00407987589362921
-0.00588134938249847
-0.00332718763652414
-0.00461296595028664
-0.00275249764203139
-0.000129508245103886
0.000176044137300752
-0.00077920849997866
0.00015600121276865
0.000432221723992993
2.13058541224381e-05
-0.000175458615775795
-0.000448987944083353
-0.000202949802266209
-0.00056944446386976
-0.000736894562429524
-0.000540641105305665
-0.00019669302480931
0.000352742439492229
0.000330615164469636
0.000266389971426579
0.000102412785704265
-8.54078735065223e-05
-0.000127215316585505
-1.9280569997524e-05
-1.18615142627952e-05
-0.000167570829672184
-0.000355829474419212
-0.000244484377027004
-0.000224752666567369
-0.00016836436677282
-6.55965286363864e-05
-0.000149033924384323
-0.000164133069227303
-0.000197564430024193
-0.000197564430024193
