-0.97484353728113
-0.921010694469266
-0.90815832666012
-0.832485471259774
-0.75203037952161
-0.458319324446775
-0.347266308094892
-0.343398795222092
-0.210276993050951
-0.086424609048987
-0.188035698537282
-0.384372451368419
-0.515280673987097
-0.487210434854833
-0.4539880427184
-0.433011081984108
-0.440060242170211
-0.348127325393358
-0.245972877320714
-0.259976863616356
-0.334811948031851
-0.352338354784275
-0.370528325111106
-0.372640230703278
-0.440175235206282
-0.376071038726771
-0.29117805641194
-0.148660677643209
-0.118152974861199
-0.134742243359895
-0.168412021075725
-0.146746340626419
-0.120224394534209
-0.101947701997958
-0.110608073613259
-0.123800088569096
-0.0542932525725633
-0.0465731092422715
-0.0623461993948641
-0.0570581271740157
-0.0236463519126243
-0.0477254261581625
-0.0353832528329939
-0.000389932554862509
-0.0518960570031483
-0.0434319673087476
-0.0679533413637613
-0.0287722611454528
-0.0340370977495604
-0.056086035350431
-0.0882874805424609
-0.0597858003787288
-0.0470495659198688
-0.059580410394425
-0.0662243661679461
-0.0832573971370669
-0.0908023521017725
-0.0240363453626229
-0.0155104376223965
0.00471695533654146
-0.00357674464669464
0.0317966212717797
0.00655348842024799
0.0127961013516474
0.030907370568965
0.005139280625204
0.00966718911724092
-0.0230482775168343
-0.0569886630224567
-0.0204723935652108
0.010988235355295
0.00449479999769446
-0.0595237424071065
-0.0439916393690967
-0.0134962320871515
0.0044403640683514
-0.00310682955701158
0.0160527371112352
0.0250394896360515
0.035961978792502
-0.00701055650884381
0.0226099202517354
0.00108366805804648
-0.0139966048128347
-0.0110654224447269
-0.0161045639872668
0.00642227998891078
-0.0162499941644272
-0.00725892001793476
-0.0146875157280639
-0.0103085549909959
-0.0150600724926495
-0.012070626764702
-0.00477984537952618
-0.0100083470288754
-0.00667429657033194
0.0136271271248894
0.00277612896404166
-0.00304750571439555
0.00308681662740605
0.0294639963636447
0.00363619557307617
-0.018002399857085
-0.0399140605787682
-0.0631983104156784
-0.0748284333965742
0.0236449184344902
0.0242250308909755
0.0541147787783661
0.0344638930081244
0.00971904812208182
0.052642357277849
0.01612394041991
0.016649910402561
0.0259794114104254
0.0116153124807736
-0.0139914125511176
0.0119236506475797
0.0121381926649542
0.0166393298990893
-0.0139552587518086
-0.0230364261784329
-0.0111357196096698
-0.0318798653988519
-0.0206086438688302
-0.00886015514428029
-0.016702601083026
-0.034225529936932
-0.0367727408954352
-0.0445472100021624
-0.0191964149152412
0.00103045901434545
0.020430893200872
-0.00847866382298513
0.0233549490854588
0.060220023582897
0.0446752424453324
0.032245623162668
-0.0218272089373383
-0.104479082026525
0.0134454974078891
-0.0728771336074311
-0.0805024144479789
-0.0564355743784649
-0.0815764458506183
-0.0225866343280356
-0.0286836032551419
-0.00213059923272469
0.00886031395678923
-0.0160302621984885
0.0129547436208426
0.0173870725807427
-0.0706242660982765
-0.0289235970611473
-0.0158120893715429
-0.0239983516474412
-0.0445315741098905
-0.0172871509797702
0.0299465147647161
0.00297442367344859
-0.0100911198216727
-0.0457917719801225
-0.0343342500765183
-0.0337406331490077
0.014745493893929
0.0125539371155493
0.0518188015034968
0.0228247070378656
-0.0139683230767864
-0.00537893719936151
-0.00101685317657605
-0.0329963043431887
-0.0918587070655057
-0.0148561507837266
-0.0214425825253491
0.0044434594176858
0.0221277133531038
-0.00236536075192358
0.00745713850893007
-0.0193333218556748
-0.0914835496071883
-0.0341204155484481
-0.0540318620966944
-0.00140676311853867
0.0167437286218337
0.0433347102896306
-0.00532450647484611
-0.00340973933726081
-0.017011030943202
-0.00503218689371369
0.00367513855903157
0.0477962030849127
0.0157215997442018
-0.00546511453694634
-0.00675682374302788
0.0283529703286115
-0.0190829004464493
0.0439551687743522
0.00418231794776415
0.0447505918392732
0.100153071059107
0.0525158773719975
-0.0020993515645693
0.00687704829219497
0.00513798866581403
-0.000676772585198075
0.00645702880461202
-0.025835385320743
-0.00377376898500728
0.0144747934260801
0.0670287449124978
-0.00147211128006216
0.0129603054223038
0.0129116669333048
0.0158468783970896
0.000555145392423063
-0.0271284368777967
-0.050260512543999
-0.101682239570576
-0.00920827176878955
0.0209266209337969
0.0352705024786679
0.0553165690885012
0.0225137085062615
0.00270488437238685
-0.013678560794469
-0.00468856461387249
0.00577494266724179
0.0358501825678895
0.0209009341682962
0.0178724298853225
0.0271994839355063
-0.00323188449809573
-0.00793417419567517
-0.0123006753114214
-0.00868377060438946
-0.0242017730554713
-0.00927352449327704
1.07902637806086e-05
0.0151975692643576
0.0466099483083411
0.0163251467995067
-0.011011219280208
0.0136605349630678
-0.0116446235561822
-0.0446381521128137
0.0339879997585306
0.0405898338002808
0.0624197093613413
0.0398444568429265
0.0408207675649243
0.00153687263949471
0.0071323625390067
-0.00183108133399101
0.00341054825878741
0.0156842325263326
0.0190599073813301
0.0204283675493212
0.0469678760232696
0.0372624069190284
-0.00442495790926789
0.0587662107577152
0.0333249269982056
0.0583600268571029
-0.00272831723589295
-0.000600379597401961
0.00519423010354279
-0.00989484596933519
-0.00845028633237375
0.0161226970044356
-0.00193619555462811
-0.00421851864720932
0.00145151556254856
0.0112295171139868
0.0104934438103558
-0.000128974777560083
0.00521675747187205
0.0147641361075938
0.00237868219177593
-0.0282588748620657
-0.0277022432130715
-0.0213184230615785
-0.00838575922992111
-0.0262045270722379
-0.0715444149437224
-0.0819359853138495
-0.00908324761427281
0.0152410914960677
-0.0124924362997642
-0.0141706472580568
-0.00760340938733988
-0.0184733588507238
-0.0108500699404866
-0.0210364775590421
-0.0341837197630746
-0.0519036609648564
0.00769259670974917
0.0115263509087055
0.00111381139525466
0.0613241802673905
0.0903428105000144
0.0235938551021956
0.0016125694678584
0.00393340534336689
-0.0176944536584288
0.049950302213448
0.00282640247144439
-0.0104076897612336
0.00757486527227181
0.0192474814175755
-0.0111949819686833
0.0317851193708766
0.0124336536375085
-0.0162112194813995
-0.000575863739699985
0.0407716616803478
0.137906322173692
-0.00858245638298889
-0.04032264865178
-0.174536337512073
-0.0202024480157806
-0.0163978652701532
-0.0302840712745691
0.00117892460355375
-0.0383268330828424
0.00153832581789556
0.0881410633469856
-0.0790893751690825
-0.0162068732968652
-0.00829908294485974
-0.0155557315006876
0.00477557702291095
0.0995106749608324
-0.00860142576319686
-0.00310751168800839
0.0110417705896868
0.0283273590211175
0.0584411067587361
-0.021047278373671
-0.001802304416336
0.00564686423279444
0.000631621647291959
-0.00736052936657601
0.00109786346960128
-0.0224570909305705
0.0231821520294149
0.0244917931130684
0.00319467241772396
-0.0124607615017829
-0.0141077723527851
0.000889059572766351
-0.0103904306476756
0.0330262205026979
0.012608507549295
-0.0191685143589152
-0.00420850661549468
-0.0178445766621086
0.0587217169120375
0.0744264529986168
0.0145331546907908
0.000313595648837219
-0.000551725412340815
0.00507567937808447
0.00669801110174149
-0.000449460290413793
0.00167216135078733
0.00947580948079773
0.00590916670331316
0.033294732382138
-0.0749702401537985
-0.055846772263058
-0.0292018513853482
-0.019250827112815
-0.0107782097245711
-0.0123559444604769
0.00281812941889639
-0.00158129937295577
-0.0123028903777207
-0.0062252274671139
0.0042402065598779
0.00104474652999679
-0.00161714707712811
0.0106638468835821
0.00180067754065124
-0.0025822870536037
0.0136609458068897
0.0012302881418434
0.00107884268340507
0.0154767784333623
-0.0131927914092596
-0.0173118312520541
-0.0139523980331988
-0.0213935241802366
-0.0258625317414637
-0.0453915617382964
-0.000943431310514766
-0.000233590549078965
-0.0341388190494381
0.00120463307782164
-0.0316980610907482
-0.0570326713104378
-0.0147381616574424
0.0203755846063485
0.00320866833305382
0.0129460917214423
0.0236607763267932
0.0184383625194014
0.0406652587120797
0.0256231327206777
0.0310783258659035
-0.019852652046091
-0.0187559467915284
-0.00569881316770577
-0.00774266766793437
-0.00298452729688834
-0.0165753574553278
-0.0487803721259044
0.0600029873373794
0.016790985151547
-0.00100575932261594
-0.0121554039782144
0.0154583382828442
0.00976593599895671
0.0142095477147367
0.018327601777917
0.00319834762688205
-0.0508374087160464
-0.00876527710120939
0.00360498249675978
-0.016551733511946
-0.00721311822524601
-0.0113520498827421
-0.0138158272729455
-0.0102045140158321
-0.0067840064184562
-0.00737742076244113
-0.00113903302525589
-0.000371616744661356
0.00482334717484186
0.000964372442100308
0.0094277522385479
-0.00775850415290951
-0.00248712926892544
-0.0118648472205494
-0.0219807202680728
-0.0222317962388509
0.00124287225449092
-0.00957850789290155
-0.0111266819206806
-0.0106966413236815
-0.0024836148184227
-0.00503211926588211
-0.00761420326775727
-0.0137573764833413
-0.0173263453811586
-0.0267951123830858
-0.0202578512615806
0.00752786771061605
-0.00458334790073268
-0.0149214690737314
-0.0128395367310093
0.0260214522362004
0.00123067587782263
0.0059809266014136
0.0258719202007868
-0.0185075881282222
-0.0196882690322613
-0.0254871073280046
-0.0213894656198085
0.00153220840423484
-0.0147611577115941
-0.044400150408454
-0.0236844390512008
-0.000390401485846614
-0.0122418826467432
-0.00670635283396306
0.0120717726053576
0.00661418018673343
0.0146626055211164
-0.0102015313481725
0.00460611107540699
0.00866731318723642
-0.00910479419839621
-0.0310449887423618
-0.00690087313761614
-0.0175117152778816
-0.00523766733984591
-0.029225471741116
0.00774182956945632
0.00581457524677894
0.00709254383384306
-0.00185480473410914
-0.00987922809498911
-0.00492517838109986
-0.011410228770361
-0.0366345835707513
-0.0335667496145048
0.011543038137954
0.00132181500745684
0.0372543814535126
0.0130479834063307
0.00251438459578694
-0.0181518322986511
-0.0403935022763585
-0.0472331399166047
-0.00402557351605662
-0.0521626592008607
0.00888900215362283
0.000345309864841286
-0.00263698936742866
0.00662743231554404
-0.00250096146056006
-0.00234724211326487
-0.00418040828747434
0.0236335833385135
0.000160788338747511
0.00129833248631232
0.0254780755125503
-0.0175955150492001
0.00552221628078945
-0.00231350370471717
-0.0226297674642561
0.0134908983258848
0.0241627382107343
0.00435992818220563
0.0121604586670747
-0.055875479353654
-0.0604934005507629
-0.00581347898808108
-0.00383661749661519
0.0235890367664861
0.00102738744748871
-0.0183020381691498
-0.0180700264033049
0.00563286777067249
-0.000152948849147632
-0.0339272249212541
-0.105137210123701
-0.0930149262639886
0.104213774486446
-0.00818369160938039
0.00638329795643964
-0.0162214075707962
-0.0114445811304363
0.0137470934363886
-0.0102198731193548
0.00863628305320487
-0.0490518263785064
-0.12996637515513
-0.0140552403979847
0.00610861829077786
-0.113045314861073
-0.0278305142537109
-0.0202631036029308
-0.0280435229649866
0.00123813219244074
-0.054310513685043
-0.0118682111152925
-0.00842443511511521
0.00430281138482075
0.0488957670154564
-0.00795826267800948
-0.0509627653538805
-0.065659152750249
-0.0122070634327567
-0.0378512681454395
-0.0229365935844722
0.00689367833258477
0.0375929498766498
0.00620279647172923
0.0133780368009828
0.0103269779870774
0.015872373096399
0.00496917526386325
-0.0113026762702788
0.00624633682615629
-0.00785823630511009
0.00157822023431729
0.0102950140955786
0.0100335843241708
0.0113407856752687
0.00596089663053977
-0.00251379021841661
-0.000311150914336279
0.00056002194369409
-4.09016330562848e-05
-0.0226580062193635
0.00083097790662361
-0.0292047503289495
-0.13032188833858
-0.0919070703976526
-0.00926066374084504
-0.0190837929579092
0.00802760255960759
-0.0457219697767889
-0.036270138162612
-0.0167399344473184
-0.00436827790891505
-0.00939758969755455
-0.00435874192767959
0.0060268824032907
0.03005974166028
-0.000925706773810516
0.00445994145551546
0.00037536463156818
0.00673377492898401
-0.00426134480671434
-0.0220623591563955
0.0374468500836976
0.0263041446807286
0.0140174900909105
-0.0209232123328498
0.00477244998689441
-9.59513743273794e-05
0.0170971374945785
0.0116492378565456
0.0340755284703747
0.00539751947016499
0.0717088224177177
-0.00812472861399068
0.00125461966889795
-0.0243736277648605
-0.0341762967234952
-0.0469240319824312
-0.0370210075621431
-0.0383697402135689
0.023550926244091
0.0470753257379117
-0.0169183310375867
0.00347966149479221
0.0155410757805236
0.00369049333275161
0.0361982174310337
0.0248208781852398
0.00540786160893917
0.00222062939622277
0.00588468708469869
-0.0138527457402409
0.00325249059595824
0.00851381839379577
0.0158608174722772
0.00403487624717712
-0.00155799224476237
-0.00415357115288885
-0.00838633624226555
0.0237909045954117
-0.0415518375569497
-0.00112708313476702
0.0369397747437042
0.0118152688837246
-0.0571699074801881
-0.039181525569265
0.00955980368070451
-0.00155248180473593
-0.0224843415376863
-0.018687004913182
0.0118916198259124
-0.0344936762951508
-0.0126795266021171
-0.00530624411219485
-0.00828903750209167
-0.0175306207010388
-0.0372445537171559
-0.0564369695098864
-0.000270326503347955
0.00762890419182038
-0.0109033405279196
-0.0178128487440357
-0.00480165223602243
0.0298329067979599
0.0244119061125911
-0.0102101630896917
-0.00224719468614275
0.0118893943345616
0.0105111072258311
0.00225273654195271
0.00707787469433816
-0.00831796130094635
-0.00987499939860811
-0.0116187674276931
0.0303170175165433
0.0327247365637981
0.00458149811662136
0.00227838740684632
-0.00416299704587928
0.0152334627269275
-0.00415623056723264
0.00105150663077634
-0.00142673430334842
-0.0143057275589001
-0.0593540453943127
-0.0577909274707799
-0.0185517116004133
-0.0064167565320128
0.0183983683197959
0.00123265767213789
-0.0199748172354954
0.0239278663572595
0.00239992824788691
-0.0271589434414361
-0.0437779864447986
-0.0342977439629752
0.00460379018102845
-0.0370975663847676
0.0116331935873836
-0.0145462093793724
-0.0362213476541978
-0.0754171350776362
0.0740182742379649
0.00538617622459252
-0.00550720237863657
0.000136959122483355
0.00085008589070075
-0.0129443761596094
-0.0320702894878692
-0.0434116355934289
-0.0211892379163413
-0.0336666105312442
-0.0771623052805188
-0.045325088563995
-0.0486162821409468
-0.00235820087435963
-0.00627754493123697
0.00604572005925859
-0.00242758509967544
0.0556483591736894
0.00583303678433256
-0.00618989148622653
-0.014129088516947
-0.0124304773917116
0.00738426037365261
-0.00726492430649844
-0.0137611691800266
0.0337334611242031
-0.00444250793018021
0.00188402404735353
0.0055063587104686
-0.00711789898042518
0.009250957400664
0.00607435310187324
-0.0155915960280628
-0.00540495535218124
-0.00260429257511002
0.00582687319849516
0.000306340031407724
-0.016665946896655
-0.00233386324202786
0.0114924446985701
0.0275035243817547
-0.00432101222268849
-0.00146508329597558
0.00603962205366109
-0.0118574544187516
0.00169598030687392
-0.0498585308777638
-0.0102072880773758
0.00721297800184803
-0.00401800373159763
-0.0030171481578534
-0.00173633460307887
0.00192192404073117
0.000695827392700547
-0.000966501103355107
-0.0113635898914619
0.0287133170972874
0.0215810937925047
0.0131011358269667
-0.0142504365415907
0.0163161604075608
0.0225846075779249
-0.00508629797269719
-0.0136571330300741
-0.023938881093947
-0.0304597317819743
-0.0330260519473009
0.029034509715679
-0.040186732619477
-0.0049637035464395
0.000165571238536603
0.00284028247413039
0.00321178352116853
0.00105197820932197
-0.00197405170204453
-0.0127500774710669
-0.00117859299026629
-0.0154172624568515
-0.0204645502337072
0.00139684065194101
0.00331297686828033
-0.00220603576219057
0.00188473941871904
0.00434658727785233
0.0329645033620537
0.0214869246886476
0.00810785300665208
0.00824298271929329
0.00414006303350951
0.0292259467259028
0.0147247113130666
0.00216300151442278
0.0159596339608827
0.000496551561266361
-0.00116047362917115
0.00273121357168958
-0.00475859775387611
-0.00508052720799913
-0.0125810025001621
0.0159679203812159
0.00995149667977032
0.00249566817451198
0.00228620929151918
0.000572041089605816
0.000634630350110072
0.00380886009381267
-0.00158979523344405
0.000870354862998483
0.00340899785157085
0.00143132498667712
-0.0164337764089954
0.000120371864125626
-0.00876820518111151
-0.0176238599289854
0.00239077131370525
0.00103286732273859
0.00628712037338028
0.00579562543838096
-0.00909763841319048
-0.00975309359686767
-0.0426126414276751
-0.0127963386762604
0.00298575734622959
0.00175312776170989
0.00231811682891629
-0.00138777354874496
-0.00135306271881629
0.00216118529291516
-0.00193913931110087
-0.00106670354215896
0.0054378766191226
-8.15211949872965e-05
-0.0124894815690825
0.00568882186948799
0.0129509724461882
0.0094315514314074
0.00402231679780801
0.00340867929692476
-0.00305300979806534
-0.00072878428753426
-0.0175699123710509
0.0114626663420288
0.00426878400752746
0.0150603390287139
-0.00224236431673228
-0.00235645203716327
-0.00226383678996825
-0.000629277454195632
-0.0044048454873445
-0.00122134639337564
0.00027766126168226
-0.000731849422746295
-0.00235062081182749
0.00156685866405552
-0.0021419939054867
-0.00936857786646734
-0.0126306848979331
-0.0247973823766942
0.00512826339011957
-0.0135982531639544
-0.00542935953355779
0.00550155236398997
-0.00184607143806761
0.000935277144574891
0.00112116553519783
-0.00108391624479962
-9.42755185245203e-05
0.00025033858115402
-0.000385309706433399
-0.00187624824592516
-0.00378983338860611
0.000483624914096382
0.0011443398241918
0.00117561181510692
0.00349081436759301
0.00223032365951619
0.000587700650721607
-0.00129096901331356
-0.00313883489561688
0.00952061509512666
0.0134178917629904
-0.00301030586679377
-0.0025521070301913
0.00168908369024059
0.0109967176942574
0.014011169507245
0.0055034213442502
0.00106760919660069
0.000575657524656734
0.000402982602203276
0.00199893078617344
-0.00316569722180013
-0.0106149687465334
-0.0119093305074341
0.0048106267581973
0.00334360994546644
0.00031812203584567
0.00206802399524144
0.00106225640572314
-0.00205530353352086
-0.000770320921422149
0.00527704141766394
-0.00726905734201117
-0.000251132826451907
-0.00266159262419941
-0.00180637581078836
-0.00438326979628169
-0.0127626599955496
-0.00669752015987325
-0.000509794353422374
-0.0100786165169209
-0.007596624207817
-0.00979292655353039
-0.00507795165030252
0.00621066169649444
-0.00587102400235377
-0.0185490503355715
-0.00804478452100232
0.00236637993330246
-0.00161779362276254
-0.00264199805287205
0.00192061151658485
0.00396407672060111
0.00276869407308728
-0.00326299386782361
0.00159057569614351
0.00107194015696954
-0.00352187013837665
-0.00152172839239248
0.00133189793610013
-0.00503431707549602
-0.0136690432547196
-0.00400764669189092
-0.00278986631291928
-0.0029088691323529
-0.00383341245085662
0.000848908586577295
0.000580449589384485
-2.56993772216866e-05
-0.000963002185596735
0.0018596497216602
0.000947841773499536
-0.00107220927252499
0.000895496200725473
-0.00362395946142124
-0.0101480759860805
-0.0122868721811173
-0.0114156485800853
-0.0094250814506218
-0.00526610171998288
-0.00500600184996399
-0.00551752200114921
-0.00656480254335853
-0.00246575289864078
-0.00243207253389603
0.000501518206125445
-0.00233621754331001
-0.00848527071286079
-0.00502136700132455
-0.00233535584826038
-0.00163787466458385
-0.00150490853189362
-0.00117212496238324
-0.00757613202008608
-0.00687434513615405
-0.00908762946973756
-0.00257603731808522
0.00483596699764707
0.00179548614046504
2.37196888493488e-06
-0.00280183120095122
-0.00163759779999956
0.00381292563487783
0.000488141968800873
0.00295438520575446
0.00568533641392358
0.00522015513772029
0.00512022950514701
0.00277767334486354
0.00401452967029206
0.00580254320270764
-0.00209203876850753
-0.0075319890895039
-0.00646757759863253
-0.0132075741178567
-0.00601939192969884
0.000319398165722938
0.00603515035352695
0.00603932121343586
-0.000577510619969533
0.000163425256341756
0.00231929608350245
0.00156729192237256
-0.00289680504222157
-0.00519660674275237
-0.00104438095342369
-0.00267490597908094
-0.00166415078194398
-0.000108715970710291
-4.91800471426996e-05
-0.000559162677927557
-0.00179892642031673
-0.00105598572630738
-0.000342819311825786
0.00203876424125442
0.00205921654673211
0.00235923846490607
0.00046553521059131
-0.00110128058543118
-0.00038711754640713
-0.0011664839079429
-0.00256156847302696
-0.00177143043815315
-0.000276702032836552
-6.28083731238958e-05
-0.000220200820505875
-0.00109546247322211
-0.00192635224080423
-0.000978675213518328
-0.00112709371798917
-0.00217662674903306
-0.00189025885697509
-0.00212193412632942
-0.00263336621407744
-0.00262596994077425
-0.00262596994077425
