-0.985568838837462
-0.972160210066041
-0.903863743719521
-0.85868533816066
-0.774929102128713
-0.648902741472507
-0.578334687707125
-0.588231228494123
-0.435187030891404
-0.340426864164396
-0.318624645119441
-0.307586920222606
-0.297244530850177
-0.29571897656946
-0.126239530004474
-0.0514510079824012
-0.0509664287200207
-0.00831190478786951
-0.0241026738760167
-0.0679111033679256
-0.073362266095451
-0.0435234510330253
-0.0804867243080516
-0.112350363540802
-0.157379507199413
-0.143037588283687
-0.124100907262582
-0.0673458162076269
-0.109696456785266
-0.059826330256799
-0.0217997279082014
0.0172794562191832
0.0467233733699759
0.021999490603363
-0.0108651245976194
0.0139554630910515
-0.0298312258412978
-0.0663827890393138
-0.0329593637167979
-0.0359064184490008
-0.0516517504416984
-0.0317041302451031
-0.0255564077994889
-0.0632820095315028
-0.0623477092827382
-0.0476907898593361
-0.0559755690756222
-0.047042744185414
-0.0509755143933538
-0.107560210767449
-0.0453732380936164
-0.0103747672965905
-0.00994015517218205
-0.0219294997562034
-0.0110112990850438
-0.00747728187699102
-0.0188987245560545
-0.00686622390521482
-0.0489603581135513
-0.11441223085965
-0.0470819796993573
0.00970091710016751
-0.0150421010558108
0.0160383987716424
0.0206535824153743
0.00863000990896403
0.0393920756188587
-0.00113815748105482
-0.0286443008272995
0.0178306564300828
-0.0050774091746862
-0.00836488130539179
-0.0406754385607033
-0.010037721526852
-0.0105997288604262
-0.0027480516287016
-0.0161903596850681
-0.00338939682859662
-0.0138813237591935
-0.0185214006972216
0.014393070885172
0.0118651892745044
0.01026267494547
0.00468805534219099
-0.010788155545949
0.01368666721737
0.0788419811657084
0.07283041087964
0.069504902887136
0.0191137962270621
-0.00972020801529769
-0.000283199506020065
-0.000189567482985984
0.00115124633195662
0.00322153234158095
0.00574910897454672
-0.0115229708920692
0.00368345335706801
-0.00174743245342446
0.00367378950316993
0.0138067417317893
0.00531322579625519
-0.0113827921705519
-0.0126026254491878
-0.0131500680772925
-0.0580176203972424
-0.0280582218145546
-0.0647196853578065
-0.00867781750839429
0.000723907073565742
-0.00116736062887451
-0.00406283475197425
0.042277849929288
0.0168432864415384
-0.00961742585908353
0.00187785173060448
0.00262909888691946
-0.025239645178642
-0.0176560224687647
-0.00999711293266996
-0.0127093407586141
0.0113429251100958
-0.0123849559244412
0.00360697825591997
0.021473466668263
-0.0011803754937715
0.00354859901581249
0.00657424858481861
0.00767412911809239
0.0270966312471128
0.01038018951794
0.00446125778285474
0.00823612779155945
0.00786669741894975
0.0014713447001653
0.00387974897437766
-0.000917950053008963
-0.00139358495562683
0.00201975701020547
0.00604812128853788
-0.00265850723741158
-0.00615827301293764
0.000343026930416476
-0.0122416781523306
-0.00337620403395215
-0.0227406396591941
-0.0360584542921758
0.0247982865901639
0.0934568510335643
0.0686747061547292
0.00379795769674154
-0.0246120410084852
-0.00619073858103317
0.00183255404038963
0.00116830929280618
-0.00627974088459239
-0.0101150183006167
-0.00517943906810213
0.00236882021756132
-0.0102597111707031
-0.0276107358688021
-0.029979505030483
0.00360118777282774
-0.00934296475782132
-0.00393694115158134
-0.0186215147710747
-0.0191540619092151
-0.0397603772629778
-0.0284553092342575
-0.00433943324030091
-0.00586980816483887
0.00509956886838403
-0.0150692763629634
0.00496287317172423
0.00848867881477446
0.0127179777299325
-0.0291781113135046
-0.015564666503569
-0.00813008324336574
-0.0264879059622819
-0.0183084843121613
-0.0180625507817601
-0.0207083114498958
-0.0236694285289697
-0.0147771685512003
-0.0126188354741097
-0.00592308188440185
0.0014315500031249
-0.00902626976093922
-0.0149915317349584
-0.00428354309758818
-0.00462205859199975
-0.00725966535178071
-0.0102246900684547
-0.00647498441898841
0.00374192522151692
-0.00530091798724622
-0.00171503943077031
-0.0245743915515154
-0.0073727191607719
-0.0113010035088186
-0.0141985807273393
-0.033475646527526
-0.0282569150986894
0.000854360966905989
0.00732930399866947
0.0263289355446538
0.00225614777795509
0.0296667493343103
-0.0356313549596538
-0.0212607406425223
-0.0231554336327137
-0.0468439102018964
-0.00668000690467259
0.00627576922779055
0.022309712516788
0.00148654211369439
-0.0120179760354389
-0.00202564829565988
-0.00247117453209403
-0.00431269802215158
-0.00807605179631739
-0.00883360119609425
-0.00443674660045056
-0.0275190387150331
-0.00753713977686226
-0.00435114383955621
0.00834917112719792
0.116275874854957
0.0278280664043011
0.000181940514437417
-0.0220349599814413
0.0393554831508641
0.0568248327962511
0.048234933646537
0.0653027320691334
0.0132594369276747
0.0175295706034338
0.01053597925018
0.0511260228733562
-0.0048193004037537
-0.0130137802529757
-0.00349077295569289
0.0192066054254246
-0.0413470699439593
-0.047109418394196
-0.0212147476342151
-0.0042841538840062
0.00287542709444815
-0.00808761483560872
-0.0127206108459285
-0.00375118591264829
0.0108671080439484
0.0347834929773655
0.0490785650401881
-0.0055892901854714
-0.00205438527754031
0.0218891521871687
0.0548911311612509
0.043537047803286
-0.00870403361997229
-0.0424856275010006
-0.0440044734140075
-0.0276732094689985
-0.0172255089659946
-0.00138755224604892
-0.0268289189954442
0.00547633760800378
-0.0316873697818983
-0.0340725161466554
-0.0127007967861921
-0.0481982819322997
0.00162868116902356
0.0150330181152289
0.00506759120055461
-0.0270499536499504
-0.0362903187458548
0.0255618705013854
0.0100635456935893
0.0128398461079613
0.000949029485327857
0.0155736885669726
-0.00231371848080838
0.0414477828616541
-0.0525275784521859
-0.0348411793701042
-0.0271007104690636
-0.00541494970745406
-0.001682968181702
-0.00251064058141008
0.00145655478992527
0.029542085070009
-0.00812358439259798
-0.0338921709550754
-0.0342748506172205
0.00116673903742464
-0.00557933821584984
-0.0684991891173813
-0.0764280218854092
-0.0600636135155793
-0.0271774494576872
-0.0030249269446344
-0.0174577571506186
0.00816189916367161
0.0118695498934385
0.00430056603524587
-0.00290471606555284
-0.000655215878040176
0.0014971606625632
-0.00110153105876688
-0.024659724535268
-0.0272308586927575
0.0065586093214289
-0.00514056177382797
-0.00357516055290147
-0.0020020982647889
0.00433569567031529
-0.00637280376587576
-0.0053004903416185
0.00239063793035978
0.00276850542599508
0.0289478917989306
-0.00223052582535952
-0.0242113171710399
-0.0203692805352002
0.000397647458064922
-0.0153213518988363
0.00716831687181723
-0.00165172473333918
0.0151839166203241
0.0192709457434584
0.0370291010101137
0.0305005924622373
0.00726330968405938
0.00609331886090958
0.0328661099292737
0.0548618656857674
-0.0237645329980527
0.0117589132157249
0.0158151748878487
-0.00275308859113456
-0.00441435019602953
-0.00199812757791033
0.00837880607039352
-0.00620344667852687
0.0072495927163053
-0.00702310487427761
-0.00735869957247927
-0.13409859214424
-0.00234950285037993
-0.00495594919326955
-0.00632890962801154
-0.0165775660505318
0.00578599929897598
-0.00146306030417986
-0.00222247371599993
-0.0134812959396808
-0.00726439175888362
0.00535144438704314
-0.00951845445250407
0.0114919599681177
0.0257944775121747
0.00488317238659539
-0.000192527773393285
0.0146342555584766
0.0132390592037294
0.0397577968352762
-0.00629880177574866
-0.00346590123466179
-0.00301759293832093
0.019561572943364
-0.0230212764058576
0.0230201012120223
0.0217984628317614
0.0282356857756458
0.0213120067174012
0.0199847872375177
0.0076592488356266
0.00946904792618119
0.00356736598530413
-0.000558113640873535
-0.00154335502157863
-0.00152213247714378
-0.0172900371477475
-0.016135938293464
-0.0162031820172042
-0.00138987059936319
0.013101689575096
0.00521907200849564
0.000459828569969356
-0.0313800448892152
-0.0059706202047003
-0.034800029445604
0.0060752231421979
0.0117262729865978
-0.00156702307476909
-0.0101502725571554
0.018615950438032
0.0405836487271806
-0.0104499227378277
0.00216291406907766
-0.0515364387120276
0.0339929555054396
0.00141147719897846
0.0261556263260409
0.0409201229961286
-0.0122970945246989
-0.00312569030303416
-0.00423664626633056
0.00258056521637553
0.00274576514747987
0.00421892792952879
-0.00161360103586284
-0.00224562649898476
-0.00719996511509158
-0.00485112805968211
0.0182061930943158
-0.0220225966947638
0.00799035280089846
0.039358396502145
0.00142758376209965
-0.00260148646543758
-0.0208972519547029
0.0136980889703989
-0.0150340101944535
-0.0727227183546725
0.00740464989601944
-0.0111356525393201
-0.00853622324148028
0.00127992781114223
0.0147308018349218
-0.00893524353725997
-0.00300912002014587
-0.00101259931191074
-0.00256757991081449
-0.00767446277040179
-0.0239868945076638
-0.00767392396567702
-0.0218678006854399
0.000719959974017506
0.028448274492407
0.00201229205271108
0.00631761600581383
0.00662462598128044
0.0215219434044903
-0.00140923471728647
0.0382977597282833
-0.00838094187360531
-0.00259759453362872
-0.0188480874095506
0.000697537392002012
0.0405147665714611
0.024500117627537
0.0104911337619327
-0.00835495281418895
0.000717753039677509
-0.0257514116059045
-2.56037266131853e-05
0.00436732993847148
-0.0012192874161945
-0.0103436915925593
0.00240237383221259
-0.00265590332300025
-0.00558922169529583
0.00264815851856061
0.00213137405522153
0.00616560710003105
0.0265779411233662
0.0399897459000249
-0.0340531622407887
-0.0085900385353624
-0.0075649809113324
-0.00657284159960044
0.000897149593227719
-0.0102431050767864
0.0174512239031536
0.00468579371396118
-0.00481568303415152
-0.00491033090008823
-0.0307137298098604
-0.00808553790492729
0.0113523054204371
0.0207200704248647
0.0318294781880848
-0.00695511130459542
0.00281687042314395
0.00409754022037595
-0.00751085709171718
-0.00060280250075049
-0.0341580992819414
0.0124599278481122
-0.00205700519318835
-0.00121742727611589
0.00200837703948164
0.000270996188213872
-0.00309959814265568
0.00102999572560489
0.0036091910604191
0.000878066956030501
-0.00232742432855678
0.00173222953399891
0.00395902984960584
0.0113466331746244
0.0143682746875354
-0.00327121915869772
-0.00993068980213436
0.00741007476531589
-0.0105930585934007
-0.00326741853781141
-0.0124797555327283
0.00931149497381939
0.0292215342370539
0.0112628448354502
0.0213475950865433
0.000192016753531397
-0.00998292209644674
0.00644121598187709
0.00481923624386541
-0.0220906999011335
-0.00273206212317448
-0.00910874769541073
-0.00568913664073574
-0.0393394947200441
-0.00578707785224271
-0.0139344762707825
-0.00620202000767917
0.0265269194952035
0.00724695500475092
-0.0275397679703493
-0.042279691263907
-0.0595431805911206
-0.0887519115548265
-0.02675683660053
0.00562751873577951
-0.00511810337901208
-0.00470640306389598
-0.00667815957450273
-0.00635240611221412
-0.000189181120720788
-0.0107995218261974
-0.0123235241289415
-0.0284407901493283
-0.0241402519272869
-0.0120521872876188
-0.0631313596233802
-0.0088513577856944
-0.040191320986882
-0.0120187250497313
-0.00250481440920457
-0.000766996401814561
0.0140888105691696
0.0266677365344476
0.00982449525840967
0.00276992485365206
-0.0163829726973552
-0.0181230154951786
-0.0247827312779918
-0.011338078979023
-0.0169460957896567
-0.0129637445143739
-0.00786593075170463
0.0020427155957007
-0.0053226072535598
-0.00881315472392265
-0.000556157453741416
-6.57278893216942e-06
0.00107756597725914
-0.00290372377782365
0.0127259860750605
0.0124504961674795
0.0178921584766007
-0.00054712487656955
0.00422909102484919
0.0384294073508983
0.028351050707839
-0.0263621285770196
-0.00747211524314895
0.0151280558009884
0.00131734124454528
-0.0149185207071109
-0.00504166563189576
-0.0144162072949778
-0.0252421814644128
0.00875955691048018
-0.00681695532118881
-0.0149502476427954
0.00633485486049905
-0.000918232957765826
-0.0506107418009613
-0.000592445543219466
-0.00150686979328838
0.0168884409610561
0.00574787365345477
0.00283235831538113
-0.004131791319228
0.0115518896750311
0.00466910866233756
0.00643224508707992
0.00348182561562962
0.0201809903285634
0.00982980292266212
0.000703234057393462
-0.00157919996870146
0.00426055175756294
-0.00503641925594737
-0.00449204028093798
-0.0155165585053363
0.000984492621080534
0.00150543885811386
0.00191878428189155
-0.00716441628625927
0.00157255627224552
-0.0261457356000452
-0.000695092896446517
0.00271560214759274
-0.015110478629711
-0.030626623803213
-0.00178574826403418
-0.00821435339310105
-0.0122687447425463
-0.000795127274375739
-6.01380898775834e-05
0.00623503024092618
0.00217279124277079
-0.00311986350748519
-0.00637792431704806
-0.00599887242088278
-0.0141377731107737
0.00359687077998067
0.00502456161980072
0.0157094189654509
0.00315118298729501
-0.00453826543932147
-0.000456606573894012
0.00916607712946461
0.0092717333334911
0.00856545335100843
0.00450035036980392
0.00405096973452729
0.00562084467445157
0.00927611717608523
-0.00299370820013732
0.000210026695599273
-0.005194021388954
-0.00153808102338069
-0.00566352260764139
-0.0187030224590337
-0.00213226512981418
-0.0187115367020828
-0.000280182663713291
0.00273899804779437
-0.00117870125515194
0.000452976058121952
-0.00114327560331929
-0.00207315122284474
-0.00621427026658075
-0.00076477880606213
0.00246670091552078
0.00560982955044854
-0.0082336321671627
-0.000838441081568017
-0.00105343629734241
-0.000732013455918505
-0.00584228559825815
0.00749084832390417
-0.00719420273344827
-0.00173339069569812
-0.0055177660182183
-0.00910110380485342
0.00312371856048858
0.0248129317540757
0.00227985270439354
0.0339642859025213
0.0115831817295782
-0.0005989235136002
-0.00201550507075376
-0.0142313211660466
0.00306730757122542
-0.00122061413980377
-0.000581700549355402
0.0104815074786598
0.0056729292033223
0.00451673577949274
0.00668010297512841
0.00278748202819202
-0.00566395640908476
-0.02608048459264
0.0257603623546354
0.0106776510610949
0.00125400742637551
-0.00680449512107376
-0.00987909564370324
-0.0150811190172853
-0.00276818424475448
-0.000223492401888527
0.00307110563607816
0.000357074390778715
-0.00152355581669683
-0.00619994189539844
-0.00102502624045662
0.00322653076088895
0.00405496076565517
0.00308827899002692
0.00149517684345588
-0.00173585560723679
-0.00659804682050603
0.000270165699766092
0.00402588241268728
-0.00166926316519512
0.00231792330920571
0.00120474445888922
0.0010299080666268
-0.00409889001774021
0.000790848761021829
0.000694986776052191
0.0062389472707928
-0.000449202285498388
0.00523511345187695
-0.000284212350434949
-0.00185484572654165
0.000859335652964161
8.95212144050757e-05
-0.00313254824107562
0.00242186228399746
0.00150467129626877
-0.0032636178340293
-0.00323994632120139
-0.00401470860742815
0.00171842069485928
0.00409159150022552
0.00314015200080149
-0.000400700447892326
0.00104766658104342
-0.000622986144687001
0.000764226062735981
-0.000331359306258064
3.13390173802197e-05
-0.00139103054361024
-0.00413810923843121
-0.00289731326874637
-0.00209470638126347
-0.00385338262706734
-0.00579426330534413
0.00137072958354354
0.000936376757500344
-0.00068259406907666
-0.00136363957315195
0.00199735179881941
-0.000337797924509359
-0.00200638146341556
-0.00160697036420469
-0.0129265227265057
7.73010867025372e-05
0.0123211164163669
-0.00101664550194552
0.00158695749960719
0.0016374492528988
-0.00181309667274017
0.00416829054578755
-0.00198834400547966
-0.00072468723696351
0.00553623636220341
0.000249856938365001
-0.00345534101710871
-0.00324708779714088
-0.00713618282884506
-0.00443247163888375
-0.00268197837857807
0.0018430050878169
-0.00324273714356508
-0.00571719278619977
-0.00308711096291824
0.0122717587462599
0.00406830174604739
-0.00800296782970603
-0.00678491279502712
-0.000481255444201307
-0.00224562108049264
0.00020483197922176
-0.00805338386331226
-0.00156707566956382
-8.45915495413356e-05
0.000498961496666252
0.00431831210309599
-0.00115977177824617
-0.00044129670996144
-0.00139370211432026
-0.00198788530931199
-0.00139152227704601
0.000585528029721154
0.00391503141648311
-0.00431732191187676
-0.000986533234596286
-0.00646849022022965
0.00886153237028663
-0.000557232200248811
0.00131978960571673
0.00186125973340729
0.00355229485688219
0.00567505395873936
-0.00142368625643884
-0.00425848864850816
-0.00122030355016421
-0.000791656136931116
-0.00308969793207728
-0.00411669540241338
-0.000539720526973418
-5.89368912783913e-05
0.00364257915403908
0.00412806753980671
-0.00124582966869155
0.00140057873757286
0.0110029234851864
0.0038181284840334
0.00932445249616674
-1.28812030879702e-05
-0.00132988721138888
-0.000131430368132153
6.10370276812985e-05
-0.000714567821489308
-0.00135914184838102
-0.000862392082842354
0.00768089892183394
0.0021560007057307
0.00132705976379733
-0.00465226304206852
-0.0118422843475632
0.00311623640757444
-0.00171275386482231
-0.000360447171685423
-0.00332085002538767
-0.00178594425436128
-0.00150073447954122
0.00307733322773095
-0.00096226794907148
-0.000212029223224545
9.12041933495112e-05
0.000123701610509836
-0.00120184791755601
0.00363271341212142
0.00343117348390564
-0.00131305164876577
0.000133540376324192
-0.000492377900884898
0.00170510029057821
-8.67292705829155e-05
-0.00291332935092916
-0.00355190864233275
-0.012799126225303
-0.00660211699591874
-0.00175761115751501
0.0135233652340339
0.00979902922541943
0.00252516498746431
-0.000120490350357338
0.0107110132071932
0.00362274431946635
0.00213453558303966
-0.00187716368623348
-0.00818031015108609
-0.00898161849612818
-0.00349661405943269
-0.0027445587794693
-0.00250473761065201
-0.0087038275893841
-0.00236948302275384
-0.00925855248038828
0.00140556985533242
-0.00018052909886469
-0.000940822925844889
-0.00242207179101647
-0.00472821987899191
-0.00483796363883372
-0.00951579436335641
-0.00312612370127323
0.0013613085678267
-0.00603200676415593
-0.00278555961664718
-0.00136266094958258
0.00170512972820763
0.00118964910366812
0.00178802904035471
0.000844261458214289
-0.00164853785037502
-0.00496736302693068
-0.000626973858967656
-0.000403630529934419
-0.00215585034013397
-0.00184655531796889
-0.00353190683660194
0.00487514963458841
0.00391297366479589
-0.00141527191257641
0.00114979286850662
0.000574340840226392
-0.000782545797625453
-0.000680575163138017
-0.00356991526814803
-0.00348828753699084
-0.00170701594905877
0.00141749411705849
-0.00186531511144581
-6.12840306449229e-05
0.00138523504299134
9.99423976731223e-05
0.00181458208440465
0.00122870875004664
0.000387539731724425
-0.00135255272537686
0.000306635248137915
-0.00258818661149152
0.000319387339119295
0.000726375908585435
-0.00204442440489894
0.00230325433424193
0.0010097909777112
0.00185427890441991
0.00234050103999325
0.000761551386532645
-0.000273126635487773
0.00056153867557019
-5.42236957473205e-05
-0.000443177911436396
0.000149733800529844
0.000219310304253496
-4.3570048483768e-05
0.000812608479128388
-0.00122234929154588
-0.00152714465245149
-0.00204979502241754
-0.00303206610769477
0.00531230254527053
0.00122888167466009
0.000601114286642733
0.00284543187175404
-0.000106371100340295
-0.000175729806824037
-5.82422864178586e-05
-0.00245021130675025
-0.000571312588192177
-0.000553447498593104
0.00565305972977931
-4.19788144741936e-05
-0.0018710332157628
0.000138862765684904
0.000966005777873881
0.00256877417852526
-0.00116474461469405
-5.38417484684151e-05
-0.00142533757704024
-0.000537591719346923
-0.0011049252689639
-0.00241233616036797
0.00238798038065024
0.000539048277698592
-0.000238292658914449
-0.000583441924528269
-0.000494949356817738
0.000418192076298325
0.00140054220551011
0.00284891338324212
0.000534264254539106
0.000519677298398691
-0.000228840777317597
-0.000229901510879134
1.95464270009819e-06
-0.000751870004995156
-0.00267503761685233
-0.00294003573883016
-0.00129410208021645
-0.000529056159336541
-0.000977103249102571
-0.000494099039262971
0.000347937855312881
-0.00138090778587752
-0.00192638771019606
-0.00299974513606391
-0.00135550081652306
-0.00363947638875017
-0.00551441492020947
-0.00498971274135225
-0.00496036481348915
-0.00612659647886229
-0.00273650353472541
-0.00113437899767768
4.86906490218392e-05
-0.000722859829374335
-0.000460697608868375
-5.68776067355769e-05
0.000192507296102686
-0.000818294125719797
-0.000929905177537695
-0.000496864047413307
-0.00272705989143746
-0.00806532132484632
-0.00347578155910885
-0.00112951113473122
-0.000389568595897168
-1.36826784740943e-05
0.000501834407980954
-1.16049225883083e-05
-0.00139684833212997
-0.000661295755278256
0.000186273347364008
7.15913503375465e-05
7.84674498048651e-05
-0.000578687223193542
-0.000527152406796015
-3.47066137210966e-05
-0.000396804043246041
7.44319614220673e-05
-0.000290443367933963
-0.000677996682507999
-0.00149422812548602
-0.00198108162930775
-0.00195852088087035
-0.000995235404032113
-0.000257908187905549
-0.000144148443197089
0.000131934389114618
0.000366935442569993
-0.000350598786669881
-0.00169380083322442
-0.00171416321973449
-0.00168109237503159
-0.00164286188145776
-0.0010001660020958
-0.000880857181778229
-0.000678263879101691
-0.000485690495920507
-0.000397285243473211
-0.000715503976009566
-0.000525251708011207
-0.000328126474680228
