-0.972282559769377
-0.979057899858152
-0.949521766311854
-0.930262113548506
-0.961545416074754
-0.796210552092876
-0.669440208006738
-0.609540385189981
-0.544495260139973
-0.342504111651181
-0.29505145806873
-0.34278639507941
-0.280260096393327
-0.310089433933475
-0.400111793985368
-0.356968846279517
-0.304469243531607
-0.355566494926476
-0.388019587635158
-0.352968099871901
-0.268801560187116
-0.20883035779005
-0.16965351119943
-0.110870955167884
-0.0658008178092288
-0.0521772880507455
-0.0441212432261991
-0.0382094943176683
-0.0204394172865347
-0.0996635585634196
-0.118168729135632
-0.120010747434101
-0.0837868456101013
-0.0207930137592107
-0.0395874396168452
-0.102011365443062
-0.120775692589521
-0.160483723786337
-0.164931571031095
-0.069195246438655
-0.118632780860309
-0.112233122928486
-0.149434369408051
-0.0744253345549056
0.0143217502120665
-0.00649136451049838
0.00879604838322011
-0.00740023052595711
-0.00900546273012489
-0.00481566801863773
0.0164482834428965
0.00484902094755046
0.00782209415511147
0.050769981486847
-0.00694902220222007
0.0315261886386175
-0.00749827777493611
-0.0151116339979498
-0.0199620306546335
-0.00603171331524089
0.00795739369060699
-0.0112509237205719
-0.00670868931606988
-0.0359855650790264
-0.0176037008043487
-0.0120416118751679
-0.010454481868371
-0.0609175312842724
-0.030219544493519
-0.0762096397600063
-0.0684935603110252
-0.0345162075939057
0.00364604727200299
0.0492191254914498
0.00983962670151384
-0.00227002159208114
0.000505743322817184
0.00284313719642386
0.00563346909536223
0.00564295573964542
-0.00266378106473807
0.0115738876075078
0.016036261102835
-0.00390912312292333
0.0116069300569254
0.0345462006511484
0.0137499969598652
0.000644305574780257
0.0268486551211931
-0.0392985241603188
-0.0491876483783872
-0.0331138727425855
-0.0449073374558165
-0.011824846872084
-0.0219136815106037
0.0100709497278007
0.047308142016925
0.0349213199438115
0.0250751458498416
0.00447147039159258
0.00217504201949975
0.00492655485476061
0.0319151255234226
0.0486735532786385
0.0468114523655852
0.00128238877244509
0.00414120469735244
0.0131295892162425
0.00572567285458558
-0.00175233414461928
0.00571405824481271
-0.00552402542737602
-0.00114260106396475
0.0107038290233231
-0.0067598028467895
-0.0228537545967953
-0.00654517187453454
-0.0099613301653776
-0.000824005699186238
-0.0133451905774458
-0.00901787933266089
0.0109232189876441
0.014601247680807
-0.0187330092951689
-0.013719858918127
0.000472860720770633
0.00147673377947125
-0.0271668288897877
-0.0170572680408677
0.00358664335156231
-0.000788593906650276
0.013850086197571
-0.00629058504996191
0.00583196344821425
0.00081652277965142
0.00455071328446273
0.0315520959885782
0.0147097807069057
0.00124625465575089
0.0187994025516607
0.0158471833420188
-0.0178836362536456
-0.0192675794569127
-0.0121083190652228
-0.0163156261701304
-0.00325340974875763
0.0156192095595426
0.0340544188869003
0.00665835704563571
-0.000770677255399326
-0.00162021844021206
-0.0201272144407509
0.00747650892321131
0.0048796870099136
0.00207963298061748
0.0464944531411827
0.0313677769651251
0.0458415832028924
0.0406843297297789
0.0255675332804455
0.0179359233480977
-0.00830602077878842
-0.0101337524765341
0.0472707386884517
0.0620946870296363
-0.0616124740630751
-0.027232808221306
-0.0157791693363804
0.000847702486058207
0.00426793655048395
-0.00824712356353901
0.00541012281402616
0.022133675658989
-0.0168143111152933
0.00403558173320518
0.00947545595122923
0.0219020907684307
0.00893587569059286
-0.00746278792922842
0.0288810794847562
0.00873643066378115
0.00932799483108028
0.0132464133833777
0.0125906495407883
0.0348521147658956
0.00925303453250687
0.000157030898006962
0.00717871847437894
-0.00283680339810455
0.00203878201715452
0.0294976396373137
-0.0126403242481681
0.000991923874727891
0.00446541523920016
0.00447437801022743
-0.006311009483889
-0.0118529037316552
-0.0176835222005781
-0.000417343461373146
-0.00441538664768207
0.000315052505395963
0.00117942852673029
-0.00351014404021176
-0.0145988069637653
-0.00952627390184546
0.00361954878923856
0.00841620806942422
0.00734575181546577
-0.00564590087805545
-0.0267132108078474
-0.0211896972194952
-0.00951275007221528
-0.00384077232630013
-0.00450070769273253
-0.0102372495234141
-0.00818870151554894
0.00854864027887364
-0.0245881719669512
-0.0024671895765676
-0.000275435419002196
0.012020852186753
0.000370362188250748
0.00508498571372001
0.0199572450856604
-0.00231495896458229
-0.00456985723109591
0.0112864878233012
-0.000102486175529654
-0.0038045733116345
9.64704678508514e-05
-0.00280100745549046
-0.00112031163651629
-0.0564770896601905
0.00457713080846051
0.00558611035969774
0.0184292807718389
0.0127328723352949
-0.00204084339046874
0.00514379760261552
0.00326442384442894
0.0114044654616072
-0.00416005173929439
0.0165669147371353
-0.0110919869964873
-0.0326590315427701
-0.00303740046786508
-0.0487652100504604
-0.0850488643116171
-0.0137301409326257
-0.0100053218034789
0.00248841379517278
-0.0182984296417846
-0.017203293533878
0.00759297162073068
-0.00961674104363684
-0.00961832940979138
-0.000354316472744728
-0.0069504371976581
-0.0134154137853057
-0.00255276571791334
-0.00301625155600745
-0.00980634285527419
0.0225031121568908
-0.0845607271765968
-0.0176309563760673
0.00143200255259148
-0.00264820716422514
0.00179659536448232
0.00500640446211566
0.0144710437762613
-0.00703668322494175
-0.0234173688993711
-0.00479541613870503
0.00212394052043006
-0.00152758639269186
-0.00431527230720963
0.00671470380114991
0.0159871218120586
0.0539109625946023
-0.0163792110196564
0.00535566157868501
0.00393923854176127
0.0652297183638708
0.0378628313232875
0.0126249093984212
-0.00537590794011853
0.0217966182291539
0.0324016145154862
-2.71834580732686e-06
0.000353431767044503
0.00380601476573679
-0.005370130605427
-0.0376580959368002
-0.00260408572334322
-0.00546851457173696
-0.000383464685366036
-0.00592755515182011
0.00707893274456349
0.000185672631393208
0.0025782587959081
0.0179246194762687
-0.00224986220899207
0.00957221599447233
0.00804818959655646
-0.00214720423170914
-0.0071724303398861
0.0333653045005199
-0.00975190631080878
0.0138506892810607
0.00371975665111742
-0.00454511221963261
0.00775530760367017
0.000707347302914928
-0.00711733043133527
-0.004009857700275
-0.00334262625159333
0.00574107606362673
0.0112042212369159
0.00237873055445282
-0.000624220826494224
0.000669629328079059
-3.18519172176372e-05
-0.00238169014645635
-0.00069058988547697
0.00635003479674091
-0.00282293262117041
0.00708342418354331
0.00575649945093198
-0.00349675419677776
-0.0172718444481687
0.00367332156250617
0.00334291797871368
0.0022875450521036
-0.000991070795627073
0.00647335613717216
0.00421759546730668
0.000787366463872295
0.000340464375370101
0.00185732260216651
-0.00142450330724793
-0.00748916930197835
-0.00173843374041695
9.42932696389667e-05
0.000253168772742487
-0.0125645738417932
-0.0175137219731511
-0.00329243495378741
-0.00675729196037048
-0.0012787617488177
-0.00892843438679348
-0.00111315080873797
-0.00108956866602398
0.000692866941295724
0.00418059495058877
0.00422996707634047
-0.043806194533026
0.00668918136171645
0.0150213506426064
0.00422165758563699
0.00246459155944434
-0.000977926857183229
0.00165616563824929
0.00101044797403933
0.00251168211750629
0.000735162623743547
0.00765983174311489
0.00172187791872787
0.0223235897851318
-0.0123073389458052
0.00889985215114406
-0.0105437959954571
0.0116590196083405
-0.0152910452111501
0.015440921672503
0.0207390182349977
0.0155130471203447
-0.112079354780874
0.00530571191336745
0.0329433216795724
0.00335433613559309
-0.000982730231146219
-0.00886763911563759
-0.00292922611543441
-0.00475363786268079
-0.000671313886069909
0.0027757192309692
0.00384446164142699
0.000234700536201044
-0.000474061876695858
-0.000282054350558491
0.0148989830863975
0.0282892236298133
0.00413991688109865
0.00152789012526769
-0.000358425327640723
0.000371774459791813
-0.0011246742137105
0.00206418311968024
0.00167683134820715
0.00202532905487006
-0.0143985594346601
-0.0122897877568721
0.000226033438116086
-0.00349762081634537
-0.00121802198228418
-0.0107203879218348
-0.0239757999042433
-0.0140445411853567
0.00953663378045674
0.00320318307683668
-0.0136410587407961
0.00964534011962805
-0.0222630034278018
-0.0116094140926394
0.00953538669652839
-0.00378344611434301
-0.0057515524322315
-0.0103299028726418
-0.000127433663201788
0.0153202186833312
-0.00306547474037691
-0.000441056539287194
0.00174047493458889
-0.00495060427504188
-0.0190639180558899
0.00539979041520535
-0.00516153594522715
-0.00843975753016427
-0.000398718061838933
-0.0130837976783361
-0.0248947794437154
0.0154975442243771
-0.00184539957016833
-0.00869572820034112
-0.0132115818809561
-0.0063708106569999
0.00036242195067989
0.00135084604071897
0.00127499378139852
-0.00201812708059727
-0.00287718268936639
-0.00299127506437387
-0.00374458558408153
-0.00361860988149527
0.00141561418355332
0.0139854992271439
0.00408720656694111
-0.00348110447516146
0.00771728164051347
0.0144317160311086
0.00812293512594119
0.00202380433828685
-0.0126076867832188
-0.00218116641433466
0.00162133412992968
0.00479600869273718
-0.00298307736762885
-0.00785488463463573
-0.0016808786813416
-0.00265370850903732
-0.00351354785596564
-0.000253093553532968
-0.00154576732259518
-0.00383811586796055
-0.00265582240752256
-0.00372931237192494
0.00688915161537589
0.0115766818454017
-0.00345516813051695
0.000263736992654955
0.00730739455230113
0.0169815487648327
-0.00273762070029509
0.0157941123366019
0.0203238546271997
0.0029210695844459
0.00254114830753809
0.00598403522219892
-0.0250963747329825
-0.0112612279644503
-0.00303224772425042
-0.00678391545819313
-0.0016681271462573
0.00102814941240355
0.00815540292317141
0.014349768294018
0.000967010506726093
0.00379150754584833
-0.0201675418010608
-0.0206958227892673
0.000349043381517475
0.0184648877702005
0.00565380374895365
0.00446895743366924
-0.0136228646100571
0.00352458418939242
0.0023140489061358
0.0111503468162201
0.000132204685722205
-0.000468494619957541
0.000526677414922868
-0.00213003776114242
-0.00559368709132655
0.00148162153069994
0.00161886623065872
0.00094154127948123
-0.00315595878016101
-0.00320565049729769
-0.003910582275759
-0.000178939083389718
-0.00134838048624584
0.00644821676049832
-0.00058197513892256
0.00216436078137744
0.00128860306070604
0.00452185289544138
-0.00534273240507953
0.000997688309550045
-0.00337035819641415
0.0144511980484144
0.0155395586889834
0.00296444910283325
8.8797257674929e-05
-0.0094493465192163
0.016250617855505
0.0155054810256798
0.0084140191046336
0.00360981456756805
0.00103830206325951
0.00290967417142431
0.00173473994771967
0.00590079291676173
0.00520288257603179
0.00189405249176362
-0.00135861223310104
-0.00212243806634271
-0.00451342444243191
0.0027907423049544
-0.0272824816651062
0.0258099220929646
-0.0109237087930046
-0.0148924787880274
0.00105765647190936
0.00457317095512847
-0.0171771427910798
-0.00925420349498771
0.00240423486886619
-0.00212510491507858
-0.0208380882915036
-0.0119434019152588
-0.00395582958166515
-0.00412408547216749
-0.00676387201937865
0.000579989439505208
0.00865175852549929
-0.00200061059685484
0.00290589584433031
0.0196076985876682
0.0147785560257532
0.0026798394627743
-0.00489480029286654
0.000330001551536092
-0.00263611685458286
-0.00376874873477582
-0.00289298000318575
0.000168658712461607
0.000822539811861704
-0.00332756903933186
0.000562368250909764
-0.00320713856177951
0.00892921883703864
-0.0038580194876422
-0.000829117065679573
0.00152907318187928
0.00453478535058483
0.00151367993956425
-0.00182221137092209
-0.010194664035729
-0.00976192333825969
0.00383978400701268
0.00364334506798212
0.00598845420355025
0.0027463435479389
-0.00454048480866245
-0.00142308132326101
-0.0153233910684
-0.0200031873551961
-0.00370607182563668
-0.000106647937449602
0.00378352367618568
0.000586064846896672
-0.00128231605820266
0.00037296976880525
-0.0104987706717372
0.000147815919288466
0.00187562431979709
-0.000878732431621574
-0.00283797253771546
-0.00112506844539255
0.00015709984462805
0.00939301617385701
0.0052334933060318
-0.00563980438705577
-0.00940221655595113
-0.0148748585581671
-0.0018872919614611
-0.00432658588610339
0.000202647928627963
-0.000612968465734913
-0.00921569215629564
0.00373777569868251
-0.00422809311327321
-0.00260681465132861
-0.0287605839160982
-0.0207357905249978
-0.0106951896209482
0.00122973580085267
0.00330600503648695
-0.00032118216606058
0.000491438728188227
-0.00140142752554555
0.00651407204790602
-0.00747946260369577
-0.00501003870215997
0.00457861370012265
0.015190517681067
0.0189326084688224
-0.00164040941388981
-0.00114129106495286
-0.00311523479255793
-0.0103405109042596
0.00813569064012794
0.0183683770946159
0.00219041019549974
-0.00304087990627923
-0.00790717606623119
-0.00806254629143971
0.0207818766168399
0.00884732187140891
0.00723649696100273
0.000601857865953017
0.012664787597377
0.0232401193652854
-0.00159248816010534
-0.000991110820070873
-0.00016362775109822
-0.000364169651733862
0.000932624408075278
0.000232566580724337
-0.000511711811306417
-0.000971834880797089
-0.0111854120656774
-0.00133928865263865
-0.0102075998005917
-0.00519149947548298
-0.00108891412103119
0.00117775176131386
0.000128743200780383
-0.00224099096590844
-0.0023062305304545
-0.0103393756985276
-0.0400898709704936
-0.017187524574582
-0.00982893104961621
-0.00159990529976335
0.00580261375521167
-0.002120590224249
0.00227701880240563
0.000494180943264717
0.00491732970424018
0.00810172433057202
0.00311213384331337
0.00232682046708667
-0.000430886190464914
-0.00374225169941264
0.0133042143894282
-0.0179011099627311
0.0112217419591705
0.00158964056732068
-0.00286667988770881
-0.00680210336614502
-0.0104269880426614
-0.00566889609107563
-0.00039454220483463
0.00854872328426662
-0.00608692929559156
-0.00592143199537152
-0.000797821616497521
-0.00137107056048355
-0.000302093179568585
-0.00043966997303173
0.00160288444838513
0.00158871355765874
-0.00257012793617432
0.00418032517792553
0.0146966748731694
-0.00144417043022824
-0.00147730810266149
-0.00278169620310331
-0.00551829376936372
-0.00851317195482895
0.00100643615256351
-0.00187973082170328
-0.00113487973153084
-0.00188885114773096
0.000143881946138272
-0.00120488928481531
0.00302679267754947
-0.00820254625352613
0.00317628020844988
0.00146164831013309
0.00336495629003701
0.00328569390414919
-0.0060879630420932
0.00478701929758746
0.0117770056977002
0.00935187561971784
0.00728903872210973
0.000894538801222775
0.00382860635917378
0.00138923756361563
-0.00307801425190608
0.0083971948487667
0.0015230375096653
0.000672895167285695
-0.00392170123886127
-0.00312082192656512
-0.00106539823351003
-0.00135354094390404
-0.000360608735490744
-0.00109747482608522
0.00430526236727715
0.00117347427428963
-0.000485738127521419
0.00253617037341628
0.00115903520328902
0.00885491997164969
0.00254476298092834
0.00319768326435718
0.00105201158390206
0.000449709006254625
0.00329276717294515
-0.000899337259142298
-0.000632292908199004
-0.000418315570589145
0.00111144800963718
0.0045323962128082
-0.00309544881892937
-0.00144069867029866
0.00116179237817998
-0.00423430888510278
-0.00147174031163367
-0.00363361352926925
-0.00189474418361189
-0.00401842479471735
-0.0158510839242805
-0.00244740181827077
-0.00295088794489529
-0.00212627727583893
-0.000161498707734128
-0.00205398910371685
0.000684318131324078
0.0012736851948245
0.0013488911536763
0.00285651469578609
-0.00198010931997818
-0.00066911661781674
0.000696803705032523
-0.000239798259829581
-0.000896094027004828
-0.000287357797816584
0.000389980517876577
-0.00470691236002533
-0.00107048774766388
-0.000235872560180332
-0.00340142121689239
-0.000147603545664814
0.000540370793147537
0.00422902352778417
0.000543115666079217
-0.000828761097664122
0.000986719004078014
0.00991105773496256
-0.000764033332491314
-0.00136440148633221
-0.00237467872021367
-0.00133494808543421
-0.00102905351747353
0.00284849186099493
0.00745111987411618
0.00831547506364586
0.00548160320421042
0.00369711600155149
0.00102072641558502
0.000448644201274803
-0.000554185509338614
0.00388867784750781
-0.00167022117348538
4.54463784603041e-05
-0.00360401473344041
-0.00455947555703004
-0.00117612131343961
0.0055683955918644
-9.76382290191444e-05
-0.00723420086544399
0.000281162582003388
0.000239740042083061
-0.00150154690979653
0.000838605864841221
3.84412862799495e-05
4.24960720937623e-05
0.00533393492883507
0.00213606362147695
-0.00231693238028302
0.00541858947235189
0.00454590946500704
5.95550979209034e-05
-0.00599489819676684
0.0100807509784347
0.00046225195771684
-0.00114043200087247
0.00959870383628306
0.000484023453397307
-0.000188020096448721
0.00124383802886666
0.00126087463582582
-0.000548680399830492
-0.000408698741778299
0.00109848334859818
-0.00150689485593615
-0.00299565021566744
-0.00180089319799413
0.000324517994926575
0.00623365736761081
0.00643258628098467
0.00181894635882393
0.00175896238728139
0.00128851395978563
0.00170843151328267
-0.000712213038873203
-0.000740797481040287
-0.000263244187639156
-0.00442160401487124
0.00143320640411052
-0.000834165756938703
0.000372531947537853
0.00124276347845973
0.00584418718010851
0.00270765375989181
0.00184454648426742
-0.000960364358422645
0.0011916263311433
-2.66885800077425e-05
-4.54826791392494e-05
0.00154108801088034
-0.000359411592019642
-0.00388206187767902
-0.00321971854343456
-0.00446709694433359
-0.000764040899518908
-0.00126746309259192
-0.0019431104034904
-1.87684543520924e-05
0.00307928548755558
0.000144503986610829
0.000118554380194893
0.000321852770162168
0.00204442971360972
0.00232217351002534
-0.00249226395547444
0.000845232639422755
0.002889398617469
-0.00059701426228871
-0.000321093225442216
-0.00203805931711309
-0.000963238729837212
0.00122113981176945
0.00197250007038861
0.0032445478116512
-0.000319460413058934
-0.00204256505793876
-0.00390965874803127
-0.000464797549961336
2.34831019496404e-05
0.000979085270603908
0.000969510676723334
-3.84907584157358e-05
0.000827729717530474
0.000958890773003734
0.000332798371692744
-0.000884494229696427
-0.000758390401830179
-0.000857165771770576
-0.000804040048930042
0.000902058056740079
-0.000472732879428911
-0.00271052064784413
-0.000986866076735192
-0.0004730788034673
0.000484072823989039
0.000376800479566341
0.000101313925945292
2.99098966157255e-05
0.000199302193186144
0.000546825676690857
5.01668495522994e-05
-0.000154013681752898
-0.000168043706435515
-0.000234987148655144
-0.00264392330677175
-0.00111932380145573
-0.000526302432748712
0.000569959094589612
0.000638402828261542
0.000137524727496631
-0.000102670466560561
-9.32295351652718e-05
-0.000251055746688811
0.000398734945516255
0.000806782653490007
0.000107878966454618
0.000514078637727749
0.000859648932720407
0.00118291211610902
0.000129557374796779
-4.26484193420478e-06
0.000299610177596477
0.000508715861231864
0.000141974467167295
-8.07870525276686e-05
-6.15444000598687e-05
-0.000135981658781997
-1.5965099525597e-05
0.000179710667908953
0.00053286648743149
0.000240440500486832
0.000552539300999495
0.000956921929238736
0.000168863715848864
-6.07282037524507e-05
0.000392881698919596
-0.0019662220685088
-0.00116107346813881
-0.00116227249256564
-0.00094112782396353
-0.000390424922701784
-0.000841352514280588
-0.000962947050548916
-0.00014319608340968
0.000155973427406404
0.000182248568794125
-0.000178284987843249
-0.000806601928087082
-0.000564843038622584
-0.00166019179469889
-0.000674756498765071
-8.19789252998425e-05
-0.000714402482901618
-0.000734672133012509
0.000262950510715598
0.000679453459452908
-0.000732865171709125
-0.000779952716045134
-0.000379942349683306
3.19270706427611e-06
0.0011819970628788
0.00226340612396525
0.000301527451870423
0.000949700338779397
0.000137605902862938
0.000349655528259545
0.000611864655793324
-0.000760729160155709
-0.000700871156960289
-0.000801601025774578
-3.54460105831386e-05
-0.00112862259696703
-0.00115851620523124
-0.00164080477730725
-0.000315460899874582
-0.000296124290766743
-0.000387206740095207
-0.000721024367524335
0.00187958675737591
0.000677432736249418
-0.000626868091725418
-0.000216008553283478
-0.00146051131163873
-1.25174779589859e-05
3.27114761228172e-05
-0.000222207668391861
0.000822668596852456
0.0015040135583896
0.00127260353561469
0.000464697845515488
-0.000111865982874184
-0.000225206172114078
-0.000625255681220371
-0.00079673946031425
-0.000296719792494784
0.00027101307124124
1.32995606272302e-05
0.000372696797991382
0.000507037814412573
0.000356763107837122
-1.14036162883078e-05
0.000394427309981086
-0.000104196051164588
0.000125761161144287
0.000274503218056419
-0.000403175970909742
-0.00122972458581068
-0.00165276828377079
-0.00192837917955333
-0.00103754676196168
-0.000705545761823
-0.00026436672726976
-0.000153139293275493
-0.000295184382411909
-0.000522045265221397
-0.00111624165935074
-0.00119290491279118
-0.00124767944926923
-0.00123275108384691
-0.00105080066353626
-0.000751169921007148
-0.00108244462079581
-0.00111610403723728
-0.00115546671943855
-0.000993924177954641
-0.000971893632283265
-0.00124739462309176
-0.00131237463880198
-0.00126510997910514
