-0.968366107600319
-0.995278855879139
-1.0339890402314
-1.00370170720165
-0.865899575283732
-0.699572467552144
-0.661049664145431
-0.485016592077771
-0.172015932572629
-0.171128020240119
-0.141467749792154
0.00846717925418336
0.00813074231147454
-0.0313427315223015
0.00669784986265853
-0.0173519212705679
-0.0975129462079258
-0.213690928370189
-0.278139585676268
-0.261176575214859
-0.199046821570938
-0.144042119853736
-0.192356226299804
-0.0881461415749377
-0.0722324221395699
-0.0980633456771087
-0.0815660289480105
-0.0613743594383898
-0.0585522669326061
-0.0442218369385709
-0.106639732054278
-0.266044647589939
-0.129056953403768
-0.0339042933721786
-0.0307323400200543
-0.0121349419462216
0.0100425816345919
-0.00847285585654071
-0.0208680938338276
0.0254237306063899
0.0281379897734955
0.0391559686230565
0.00211182300700471
-0.00265946434664706
-0.00620968101054088
0.00945416327832172
0.0490316890023656
-0.0248165710548552
-0.049838636226593
-0.0185523204455826
0.000166441359962948
-0.021858258668648
0.00784957738554909
0.0636583021781612
0.0487771073302899
0.0342285389361896
0.0211595174602829
0.0296628951303025
-0.0238768762121644
-0.0461581146608666
-0.0866957636943053
-0.0262537907125472
-0.0119291021200671
-0.00666529006715594
-0.00283187455672889
0.00686789287292505
0.0165031310061646
0.0187106690103231
0.00169837511486618
0.00870127581198736
0.01423226542648
0.00438443322261185
0.022210614286296
0.015540987057928
0.012519591732093
0.00599085794499003
0.00774512146271287
0.0213552452009361
0.00205857521408411
-0.0587892011895071
-0.0966654716473525
-0.117590521813948
-0.26321680823986
-0.0258206738469898
0.0150452650981741
0.114784690899522
-0.0349827319623941
0.0149453603165249
-6.74908714423175e-05
0.019834028287089
0.0269029492950573
-0.014588532805713
-0.0012546859492704
0.0391201785844412
0.0213082150608322
0.018182597820767
-0.062303572131279
-0.0301130354468154
-0.00889832013978664
-0.011776944547081
-0.0158775202897146
0.00835271968927405
0.00338681244487894
-0.000353617022595308
0.0116517376995909
-0.00286016088827495
0.000339320713435938
-0.00339600564595798
0.0174749854997539
0.0286085753710668
0.0664454437042243
0.0219680016803253
-0.0157210820119479
0.0595205961877129
-0.0303022318004184
-0.0469801184244588
-0.0557869904941179
-0.0140045706216225
-0.0680256331571007
-0.0510686105935971
-0.0684974999134235
-0.0199921391072808
-0.037750884540987
-0.0260592518617535
0.0262937351768103
0.0143792617839717
0.0369692013993949
0.0287933794224642
0.0103951032656788
0.00356814692492926
0.00692857705876692
0.0013056636484391
-0.00945900508992074
-0.0189803960214532
-0.0188105042200865
0.00132297228990901
0.0107303966475742
0.0217981275694206
0.00918765451316132
-0.00126024951042925
0.00132950928462209
-0.00548898605213974
0.0270910860082617
-0.0480614770696608
0.0377713706623372
0.0305638540507731
-0.0169708004487555
-0.00957564996839864
-0.0611137023708484
0.017313804532885
0.015404019374553
0.00702332822425073
-0.00110683010995836
0.00481708599511418
0.0485602294331558
0.0920648779645248
-0.0125227414431935
-0.0179086040314975
-0.0139398050399236
0.00943495262915882
0.00619312367036986
0.0110528428833576
0.00757251594524441
0.016913172117928
-0.0177954736128923
-0.0295549238714251
-0.039859899018228
-0.0018552827366671
0.0337538875643092
0.0150932881691941
0.0114527548719209
0.0109375631889683
-0.0211552313014266
-0.0229196625141235
0.0378384929111672
0.0365563774082604
0.0991859685765883
0.058958644736111
-0.00743842594623747
-0.000667360755138357
0.00939276543546673
0.0221367268916679
0.0336838214284947
0.0478112492200512
-0.00346117592980571
0.00952420686500779
0.00133561686019643
0.0129299766635725
-0.0107045497325956
-0.0105646949174399
-0.0149794283978368
-0.0129341157978258
0.00917307159057767
0.0140269033866521
-0.00830064276568782
0.00690460288783836
0.00496116088813392
0.0104661446115777
0.00342237605941033
-0.0191197957036118
-0.0133705928952254
-0.00542026465323914
-0.0140496247554571
-0.00792980327144581
0.00404372751309255
0.000567847011115077
-0.00465610156730038
-0.00735201072549243
-0.0127629995219521
-0.0461979708624988
0.00944933963272661
0.00337143117292505
0.0127084135696894
0.0719676075797449
0.00884593193895045
-0.000911864066561526
-0.000158132270480879
-0.00112191530090498
-0.0152713610570619
-0.0161971890326677
0.00867496311911719
0.0359035592636501
-0.0299858820352123
-0.0211599760809375
-0.0148756810603547
0.00279240569606252
0.0227305685780764
-0.0256432798175346
-0.0302566425114716
-0.0446809827038888
0.02506753067165
0.143506075219515
-0.0195258751349887
-0.0708388108618075
-0.0059682895002596
-0.0058946313729286
-0.0139252650059606
-0.0387352832375017
0.0144383856165874
0.0920997941723975
0.042970536813962
0.0356201190311739
0.0590832118968715
0.00954028873466412
-0.00809950937463082
-0.010601813710079
0.0109604451427409
0.0014168226314155
0.00683828650331428
0.0571831303569563
-0.0274495351978503
0.0703495014316443
0.00860331444039775
-0.000596098410104391
-0.00289971923884622
-0.0152273699647455
0.0116413001164913
-0.0187543594701536
-0.00504139219321593
0.0443716601087676
0.0162571849076611
-0.0194935570169627
-0.015991219765502
-0.0031707950088504
0.00594795552866953
0.021026940943327
0.0124617702895063
-0.008585554321053
-0.024347620532995
-0.0118619735485102
-0.0166624005759157
0.00757572912407604
0.0102113905423262
0.0194915641851978
0.0367806286921485
0.0207313574169594
0.00436852729378308
-0.00745682486742016
-0.0304833674746462
0.0144434892413221
0.0197787348841159
-0.00671862162917444
-0.00380314517829539
0.00501569838985211
-0.0053562264845828
-0.0648229686798661
-0.0379042756282988
-0.017667711452642
-0.00194737654565922
0.0161449809758031
-0.00369369572351353
-0.0322408211981734
-0.0248930103843776
0.000672490537784176
0.000553738477227893
-0.0228395463417172
-0.0280900076671871
-0.0173560892386528
-0.000699860256681364
0.00376243939879147
0.00510586911181065
0.0345252698357286
0.0228681041415712
0.00884224157760419
0.00212849217634843
-0.00883787205162836
-0.0148691762659722
-0.0195718070045796
0.00189282134543689
0.0242957846743935
-0.00252319770559036
-0.0060497028168515
-0.00605540717302251
-0.00251401017493084
-0.011076700305368
-0.000868309195462251
-0.00303171183150623
-0.000505788742552288
-0.0109857611060732
-0.000853181053956587
0.000755650430170089
0.0212202394043689
0.0143812795793668
-0.00253844287658796
-0.00204551933894275
0.00447071681798509
0.0527628316981643
-0.00571560295940332
-0.00838117159984317
-0.00458210852388501
0.0299305646412245
-0.00696265350365251
-0.00391153336534901
-0.0174519392848639
-0.000971309741020294
0.000473777852370996
0.00904692059766033
0.0149029867216488
0.0245090496725286
0.00147460050207533
0.00439710278031359
-0.0172697170619823
-0.0148404672814453
0.0104858701789865
-0.0159351751695923
-0.00738697009323463
-0.00248261425625559
-0.00934722897061079
-0.00389708421848811
0.00203833883698281
0.0150744338229844
-0.0169575098035028
-0.00633327884883131
-0.00131646593908479
-0.0258167611433133
-0.000822916907664607
0.0020843457353542
-0.00621303437735402
0.0182208956154387
0.00055355657723288
0.0512293613762847
0.061729812509402
0.0266883011860206
0.0100979674674957
-0.00630902485321002
0.0218458905560096
0.0159538733903337
0.00726296492271927
-0.00492053449057147
0.002693635703622
-0.0171357098986409
0.0297946217807221
0.00134333197198122
0.0287629890028729
0.00396901861350974
0.010164816311245
-0.00226922118062504
-0.0261879031665665
-0.0869158425414234
-0.0441898399813477
-0.000224423411283117
-0.00326862947668768
-0.0106027609125471
0.00548262444244881
0.0298559297314292
0.010791833965628
-0.0497244696152463
0.00942562940029714
0.00366550947196387
0.0163346677287257
0.0139157851626743
0.00432104156784073
-0.0137047756993202
-0.00701507026063329
-0.0538705164405021
-0.0738639302486717
0.00168775384879677
0.00940218176960153
0.00939767342790131
0.0757370736161503
0.0172474419891462
0.0111869624201706
0.0162374735542731
0.00301705184063337
-0.00161714226529651
0.00190347206389649
-0.00385486133570496
-0.0175968747461818
0.0495263904592064
0.04246536813487
-0.00685883850852177
0.0293337409827722
-0.00217808950611353
-0.00112690114923095
-0.021840078278218
0.0243825146270052
-0.0338855497666236
-0.00613858465255376
-0.00496693466694572
0.0125900900371163
0.00958412899025888
0.022232583787583
-0.0172006884434658
-0.0301247360559976
0.000145749555937998
0.00471895758769896
-0.00299839605439903
0.00533835500742356
0.0188616022977273
0.00626690193359298
-0.0130668188184995
0.0122597209643038
-0.00447824250616833
0.037689982354885
0.0055761296501194
0.0141206230292774
0.0025799820969688
-0.111136857659897
-0.0705005592497466
-0.0040504597611861
0.000968912188497164
-0.0410329295887713
-0.00981012994168286
-0.00277332738482539
-0.00534894683362809
-0.00505458941959419
-0.00174262721373095
-0.0254838709523661
-0.0126493556229788
-0.0351301235669141
-0.015273451820844
0.00049176979751965
-0.00306497071406575
-0.00276394992996874
-0.000460452145584436
-0.0061220891229487
-0.00784963396834785
-0.00593617462473957
-0.00302242739192167
0.00304272918259878
-0.0019378807323791
-0.00427594523252719
0.00181050090826083
0.0164156796943965
0.0245305058007924
0.00151916738473564
-0.00889957692082666
0.0123684800072532
0.0220544158646708
0.0186660538998936
-0.0183446554474581
-0.00457668909590258
-0.00679313896239088
-0.0170082303857736
0.0204745111792183
-0.00681354442030801
-0.00684722544197099
-0.00706582696912769
0.00207806253218294
0.0143509013764923
0.0156949315996971
0.00283352439035209
-0.00264325849414841
-0.00780077048186389
-0.00752432273802534
0.00150515952910107
-0.00161787206852792
-0.0104839624888805
0.00205330492541563
0.0256274478726719
0.00988382844699568
0.00377222445128138
0.00557606118583327
-0.00339985637360107
0.00933145658155565
-0.00690228751555139
0.00687876781961394
0.00941710146229122
0.0139104639417718
0.00114538418858001
-0.000198645226485568
-0.00192231500355512
0.0019879361651755
0.000701349873191158
0.000338160705746237
-0.00359513669683016
-0.00700110159634342
-0.0169501639757508
-0.00187474904694815
0.0168677628353935
-0.0158134279936758
-0.00340154730454127
0.00163589790875077
-0.00701471321787467
-0.00126520113235684
-0.0381934764797892
-0.0179435528697005
-0.00927988761421347
0.0061649257332948
0.000172760913080904
-0.00370751514755652
0.000340498427552594
6.45339617176674e-05
-0.000177155102592591
-0.0111562219861807
0.0136736278191003
0.00791324394981609
0.00584713215345492
-0.00794722330543156
-0.00386828050790293
0.00980752804129905
0.0131187549673316
0.0148477573742146
-0.0089680976179561
-0.000362655961153101
-0.0145564522052596
-0.024066589629513
-0.00598473804804352
0.0138002844254603
0.00757512038977197
-0.0180518891714209
0.0373230057754936
-0.0163264763466479
-0.00711338866913868
0.0125710708912959
-0.00640343715809366
-0.000784922590924282
0.00418661120115184
-0.0239631963143225
-0.0128445519626109
-0.018501061141358
-0.0541010553830973
-0.0254086432348926
0.00442719212680971
0.047973552504631
0.0224169920148453
0.000385914797010827
-0.0116906742126697
-0.00965777319262718
-0.00288670365407032
0.00508731212017179
-0.0130930543706965
-0.0156924338506023
-0.000388796416666149
-0.0029328279042776
-0.00438071963643247
-0.00370116706459605
-0.0146259789089067
0.00513806007812532
0.00528331269588915
-0.0093199879186181
-0.00314824819753272
0.000215505208249353
-0.00663227387192703
0.00999422535520062
0.0048187633253004
-0.00669557575673418
-0.040231888473436
0.00530807832581373
0.0134928601079674
0.000154794421108689
-0.000313062054098614
0.000486590024431828
0.00411547783990495
0.00258852354166032
-0.00407248146284322
0.00131865671372088
0.00430016169955708
-0.00198205752310339
0.00154857630220216
-0.000984118381883527
0.00341123713785298
-0.0076390442412179
-0.00530299848386651
-0.022407314523242
-0.0311797721617249
0.0138263175260681
-0.0237058917281543
-0.0212444428604567
0.0402661866535885
-0.0129472922923193
-0.0204057270022547
0.0214688721883735
-0.00509469538326731
-0.000302583995053361
0.0189277146736034
-0.00558032424352043
0.00426242168537802
0.012519274889149
0.00893222271832369
0.0069043087303977
0.00213706800695159
-0.00381578789780215
0.00158265439702193
-0.0131155596863257
0.00226319239604668
-0.00729114717261459
0.00418728152307536
0.00793321242747309
0.0369916882090803
0.026289320508779
0.0340453546791987
0.00664234325649557
0.00384655095703508
0.0116192089741631
0.00397490002319728
0.00849287898786028
0.0183861480568504
0.033222763216971
-0.00527009325843033
-0.000780177418234586
0.0619487344482986
0.000107003742267605
0.00865051957063437
0.00320383257804655
0.00407641556349736
-0.00530155676982109
0.00642828992798889
-0.00737533054280154
-0.00630160764455925
-0.0190092671832109
0.000498167220712359
-0.00816097732251892
0.0119549811585447
0.00662350889957135
0.00614307591362869
-0.00798497445731009
-0.00937691823294239
0.0266473153223589
0.0110161987649512
-0.00448265865647888
-0.0122818890766338
0.0025027651558384
-0.00920081321552212
0.00765483225291836
-0.00172936021189648
-0.00397023707185595
0.00767448634420751
0.00935652089798089
-0.000737225860381125
0.0503910028228961
-0.0158301250332241
-0.01274519422466
0.0024779163891669
0.0125212596999342
0.000172428602344529
0.00161361834999593
-0.0161203881935474
0.00116151940111136
-0.0018408706708015
0.000882502957407424
-0.00204388761945868
-0.010705111115089
-0.0058524445018726
-0.0100693964416135
-0.0205142562603308
0.043290435678849
0.00537447935308295
0.0260020609264648
0.0261177442175867
0.0174471373950583
0.0033347964249178
-0.00508434612165378
0.00803143300463545
-0.00210410917793923
0.00744413217941953
-0.0114966278057298
0.00493240561429108
0.00703496152116099
0.000315582631900212
-0.0156310242847676
-0.00299925730562679
-0.014071860174213
-0.000854813016921464
-0.00502570404067906
0.000499259876474922
-0.00198374782778426
0.00534034297001633
-0.00769481331671167
-0.0025747776679049
0.0055849122938279
0.00750310171310148
-0.0262214825071358
0.00187113781452681
0.0166878963338857
-0.00690284876945134
0.0171978629604188
-0.0390818188627236
-0.0233297904960655
-0.0165587588053959
-0.00621609276225254
0.00556003651202538
0.0205475559824748
-0.00186442433801148
-0.00484919802865913
0.0203288108170338
0.00860178308015998
0.00283518745789974
0.00295680046837821
0.00922244067469744
0.00257606212462911
0.00126531690113088
0.0113829442047686
-0.00266744845359095
0.0143587480370317
0.0115188650932272
0.0180496797881347
0.00103231884455015
0.00547112857870042
-0.00416531396155424
-9.32368790525998e-05
-0.00407243299869764
0.000256990395850681
-0.0054829729705876
-0.0192568797925125
-0.0188080198838255
0.00733954766623929
-0.00267754821277843
-0.0100754888775055
0.00866022032612866
0.000794722524919341
-0.0113507694317554
-0.0120465439381572
-0.0163404129456136
-0.0020435316305759
0.00526238043719733
0.0317469336373384
-0.00508638241396185
-0.00656983009465
-0.00179654725765973
-0.00970000648266851
-0.0131670630796813
-0.0051887851336865
0.000174193549835963
0.0128049194428942
0.00236733794968261
0.00282720195857939
0.0220425437865526
0.004247666141559
0.000155350871513734
-0.00359538018039802
-0.0030783880073478
0.00222866201905317
0.00038274145463478
0.000755430645891244
-0.00225638734707931
-0.023542483056345
-0.0261609159005862
-0.0157913334844077
-0.00876212122640223
-0.00450895951255065
-0.00120094380955829
0.00403923725143705
0.0114787705402679
0.0183515557865361
-0.00616369351658552
-0.0300420399741655
-0.0272206130995726
-0.0128387459924762
-0.00536972723596446
0.000768582293294094
-0.000136225008143372
-0.000388840246586685
0.00117390377552819
-0.00399635282802015
0.0124505076967966
0.00846520721962096
0.00153045187645717
0.000862636294935486
0.00755474356566001
0.0361086708053044
0.0251855239481145
0.0260813203135457
0.00322234451129252
0.0358751468307049
-0.00618618542638904
-0.0122913389570637
-0.00534960026777729
0.00445908999909471
0.00124453537426469
-0.000632822956890381
-0.00175586859874388
-0.00650625094198746
-0.00950693142165259
0.00158443290376046
-0.0208860953954252
0.00131581685142218
-0.00887273706830628
0.0189354067127982
0.026213646349987
0.00868888653910254
-0.0026583669066275
-0.00543010722267949
-0.00266492873377846
0.00195036890330339
-0.0025292880386748
0.00391567018073196
-0.000140365585229281
-0.000560480987522765
0.00344905751005378
-0.000933620253272444
0.000631108972324982
-0.00793530238209418
0.000885730368933039
0.00326914986442778
0.00243578004003446
-0.00216719348514111
-0.000971524632847318
-0.00405119125022705
0.0160506736338333
-1.7714031675992e-05
0.00187511248543575
0.00259453211278553
0.00907017809192786
-0.00624332553476498
-0.017219993681912
-0.00422526519427761
-0.000752242288310785
0.00251222852516892
0.00455955637330413
-0.00335044449289762
0.00447079408022824
0.00279017818963679
-7.20497907001076e-05
-0.00404480314099694
-0.00622597550634104
-0.00758684235304245
-0.00424607275896155
-0.00342485828323944
0.00425699194259307
-0.000246992207404882
0.00120268863005381
-0.000554379222084745
0.000123612670771123
-0.000603666579842792
0.00172842629946585
0.000173899992898901
-0.00406667119788697
0.000714403947027937
-0.00122594657990696
-0.00200524310974829
-0.00744007165258088
0.000164029235431122
0.00157712281785656
-0.00158053264043782
0.0070379233798596
-0.00959847003674059
-0.00918386285419081
-0.00513740655963914
-0.00591560886119187
-0.0159402788460124
-0.014829032520584
-0.0131709315364024
0.00321908472318889
0.00212179945780686
0.00254300020452209
0.000407783971413686
-0.00173846812348145
0.00142585163975455
0.0167707306489472
0.0327611622353681
0.00146778090852651
0.00196410144898851
0.00659152240585249
0.00527385413376055
-0.000935986687714732
-0.00913097991364418
-0.00304949240149079
0.00211564619602504
-4.7985977559328e-05
-0.00167963961489332
-0.00282614489767841
-0.00236431715578893
-0.0193269967683971
-0.00651596462617035
-0.00485491668876465
0.00123851762710535
-0.000878533879353745
-0.0111508243247997
-0.0151270409024568
-0.00330888523735144
-0.00102742676266669
-0.000955082513008961
-0.00449539741245618
-0.000665836727268623
-0.000416450034747886
0.000634337472176451
-0.00242324016458468
0.00225176573779046
-0.00349111990330334
0.00781854144084141
0.00876082118258862
-0.00244006823847313
-0.00763855124925816
-0.000267089360898105
0.00384542358096506
0.00317901082270727
-0.0033120424214996
0.000864895812857334
-0.00204447360807475
-0.00168532834552838
-0.00341918640557699
0.00452825231168051
0.0051865212205049
0.00715717862115248
0.00029722362622764
-0.00423693543395448
-0.00362535770495804
-0.0125246741335764
-0.0163847530308505
-0.00189947890289107
0.00239808975013764
-0.00676178181835837
0.00296783899924925
-0.00577250208461781
-0.00450283986224586
-0.0105763149705708
-0.00800320966178424
-0.00728287839496976
-0.00570525105042619
-0.00261566279402512
-0.00112050290843844
0.00128245488927793
0.00807933887746369
0.000812267527276505
-0.00330830814282497
0.000278343299037361
0.00158028144514721
-0.00401317384955239
-0.00424154692693795
-0.00543431082704599
0.00267205216561122
0.00366149635782138
0.00153657285583708
0.00134925419989579
0.00069914582124213
-0.000313425631152993
-0.00146598819877767
-0.00260290580654255
-0.00587752790663178
-0.00686971547707075
0.000381923106448432
0.000865102914997373
0.00189754525757006
-0.000239832110746169
0.000165432905178518
-0.000593885676515825
-0.00122272623209841
-0.000251595870758328
-0.00111465076713368
-0.00103384299524788
-0.00235769038650597
0.00102279681994122
-0.00105369784372156
-0.00358904650027154
-0.00217003039142699
7.60601639414594e-06
0.00118984501477475
0.000907431101998525
0.00162781792138795
-0.00108304250481934
-0.00496806555423657
-0.00628346147068531
-0.00614957018825808
-0.0027210599321147
-0.000108617235192736
0.000181780126491133
-0.000692665804409186
-0.000633732525880839
-0.000799793466274664
0.000170592524315201
0.00028410211332797
-0.00380427690183015
-0.0112558853398705
-0.00476023890389144
0.00264829944229233
0.00196965175966619
8.34426632036613e-05
0.000635831936057736
0.000315876410356461
-0.0017252679197839
-0.00131160732642197
-0.00018087722940806
-0.00017294717179672
-0.00130734101624257
-0.00172846683527356
-0.00140846334050957
0.00164776348329412
0.000190048981697101
-0.000161312415253345
-0.000601082238551353
-0.00366077934671469
-0.00789251962493608
-0.0057651755935121
-0.00441357025238922
-0.00355609525846592
-0.00300496844937133
-0.00218050986075982
-0.00164280410130854
-0.0012372394616864
-0.00316934281140843
-0.00529979666987264
-0.00507903463258723
-0.00278023583784148
-0.00116106321518717
-0.00137691500092014
-0.00111409582751011
-0.000470931028531877
-0.0012071392470066
-0.00297370127993918
-0.0032967067322971
-0.00345406209631036
-0.00433066758699961
-0.00449503125132778
