1.451800232288039984e-02
1.596980255516839975e-01
3.048780487804880202e-01
4.500580720092919873e-01
5.952380952380950108e-01
7.404181184668989779e-01
1.175958188153310102e+00
1.321138211382109962e+00
1.466318234610920035e+00
1.611498257839719894e+00
1.756678281068529968e+00
1.901858304297330049e+00
2.047038327526129908e+00
2.337398373983739841e+00
2.482578397212539922e+00
2.627758420441350218e+00
2.772938443670149855e+00
3.208478513356559869e+00
3.353658536585370165e+00
3.498838559814169802e+00
3.644018583042969883e+00
3.934378629500579816e+00
4.079558652729380341e+00
4.224738675958190193e+00
4.369918699186990274e+00
4.515098722415800125e+00
4.660278745644600207e+00
4.805458768873400288e+00
4.950638792102210139e+00
5.095818815331010221e+00
5.240998838559810302e+00
5.531358885017420235e+00
5.676538908246230086e+00
5.821718931475030168e+00
5.966898954703830249e+00
6.112078977932640100e+00
6.257259001161440182e+00
6.402439024390240263e+00
6.547619047619050114e+00
6.692799070847850196e+00
6.837979094076660047e+00
6.983159117305460128e+00
7.128339140534260210e+00
7.273519163763070061e+00
7.418699186991870143e+00
7.709059233449480075e+00
8.289779326364689283e+00
8.434959349593500022e+00
8.870499419279909148e+00
9.015679442508709229e+00
9.596399535423930871e+00
9.741579558652729176e+00
1.003193960511029914e+01
1.017711962833909922e+01
1.032229965156789930e+01
1.046747967479669938e+01
1.061265969802560072e+01
1.090301974448320088e+01
1.119337979094079927e+01
1.148373983739839943e+01
1.162891986062719951e+01
1.177409988385599959e+01
1.191927990708479967e+01
1.206445993031359976e+01
1.220963995354239984e+01
1.235481997677119992e+01
1.250000000000000000e+01
1.264518002322880008e+01
1.279036004645760016e+01
1.308072009291520033e+01
1.322590011614400041e+01
1.351626016260160057e+01
1.366144018583040065e+01
1.380662020905920073e+01
1.395180023228800081e+01
1.409698025551679912e+01
1.424216027874559920e+01
1.438734030197439928e+01
1.511324041811849916e+01
1.525842044134729925e+01
1.540360046457609933e+01
1.554878048780489941e+01
1.569396051103369949e+01
1.583914053426249957e+01
1.598432055749129965e+01
1.612950058072010151e+01
1.627468060394890159e+01
1.641986062717770167e+01
1.656504065040650175e+01
1.671022067363529828e+01
1.685540069686409836e+01
1.700058072009289845e+01
1.714576074332169853e+01
1.729094076655049861e+01
1.743612078977929869e+01
1.758130081300809877e+01
1.772648083623689885e+01
1.787166085946569893e+01
1.816202090592329910e+01
1.845238095238099874e+01
1.859756097560979882e+01
1.874274099883859890e+01
1.888792102206739898e+01
1.903310104529619906e+01
1.946864111498259930e+01
1.961382113821139939e+01
1.975900116144019947e+01
1.990418118466899955e+01
2.004936120789779963e+01
2.019454123112659971e+01
2.033972125435539979e+01
2.048490127758419987e+01
2.077526132404180004e+01
2.106562137049940020e+01
2.135598141695700036e+01
2.150116144018580044e+01
2.164634146341460053e+01
2.179152148664340061e+01
2.193670150987220069e+01
2.208188153310100077e+01
2.222706155632990033e+01
2.237224157955870041e+01
2.251742160278750049e+01
2.266260162601630057e+01
2.280778164924510065e+01
2.295296167247390073e+01
2.309814169570270082e+01
2.324332171893150090e+01
2.338850174216030098e+01
2.353368176538910106e+01
2.367886178861790114e+01
2.396922183507550130e+01
2.425958188153310147e+01
2.440476190476190155e+01
2.454994192799070163e+01
2.469512195121950171e+01
2.484030197444829824e+01
2.498548199767709832e+01
2.527584204413469848e+01
2.542102206736349856e+01
2.556620209059229865e+01
2.571138211382109873e+01
2.585656213704989881e+01
2.600174216027869889e+01
2.614692218350749897e+01
2.629210220673639853e+01
2.643728222996519861e+01
2.658246225319399869e+01
2.672764227642279877e+01
2.687282229965159885e+01
2.701800232288039894e+01
2.716318234610919902e+01
2.730836236933799910e+01
2.774390243902439934e+01
2.788908246225319942e+01
2.803426248548199951e+01
2.817944250871079959e+01
2.832462253193959967e+01
2.861498257839719983e+01
2.890534262485479999e+01
2.905052264808360007e+01
2.919570267131240016e+01
2.934088269454120024e+01
2.948606271777000032e+01
2.977642276422760048e+01
2.992160278745640056e+01
3.006678281068530012e+01
3.021196283391410020e+01
3.035714285714290028e+01
3.064750290360050045e+01
3.093786295005810061e+01
3.122822299651570077e+01
3.137340301974450085e+01
3.195412311265970118e+01
3.209930313588849771e+01
3.224448315911730134e+01
3.238966318234609787e+01
3.253484320557490150e+01
3.268002322880369803e+01
3.282520325203250167e+01
3.297038327526129819e+01
3.311556329849010183e+01
3.326074332171889836e+01
3.369628339140530215e+01
3.384146341463409868e+01
3.427700348432060196e+01
3.442218350754939848e+01
3.456736353077820212e+01
3.471254355400699865e+01
3.500290360046459881e+01
3.514808362369340244e+01
3.529326364692219897e+01
3.543844367015100261e+01
3.558362369337979914e+01
3.572880371660860277e+01
3.587398373983739930e+01
3.616434378629499946e+01
3.645470383275259962e+01
3.659988385598140326e+01
3.674506387921019979e+01
3.703542392566779995e+01
3.718060394889659648e+01
3.732578397212540011e+01
3.747096399535419664e+01
3.761614401858300027e+01
3.776132404181179680e+01
3.790650406504069991e+01
3.805168408826950355e+01
3.834204413472709660e+01
3.848722415795590024e+01
3.863240418118469677e+01
3.877758420441350040e+01
3.892276422764229693e+01
3.906794425087110056e+01
3.921312427409989709e+01
3.935830429732870073e+01
3.964866434378630089e+01
3.979384436701509742e+01
3.993902439024390105e+01
4.022938443670150122e+01
4.051974448315910138e+01
4.066492450638789791e+01
4.081010452961670154e+01
4.110046457607430170e+01
4.124564459930309823e+01
4.139082462253190187e+01
4.182636469221839803e+01
4.197154471544720167e+01
4.211672473867599820e+01
4.240708478513359836e+01
4.255226480836240199e+01
4.269744483159119852e+01
4.284262485482000216e+01
4.298780487804879868e+01
4.313298490127760232e+01
4.327816492450639885e+01
4.356852497096399901e+01
4.371370499419280264e+01
4.385888501742159917e+01
4.400406504065040281e+01
4.414924506387919934e+01
4.429442508710800297e+01
4.443960511033679950e+01
4.458478513356560313e+01
4.472996515679439966e+01
4.487514518002320330e+01
4.531068524970959999e+01
4.545586527293839652e+01
4.560104529616720015e+01
4.574622531939610326e+01
4.589140534262489979e+01
4.603658536585370342e+01
4.618176538908249995e+01
4.632694541231129648e+01
4.647212543554010011e+01
4.661730545876889664e+01
4.676248548199770028e+01
4.690766550522649680e+01
4.705284552845530044e+01
4.719802555168409697e+01
4.734320557491290060e+01
4.748838559814169713e+01
4.763356562137050076e+01
4.777874564459929729e+01
4.792392566782810093e+01
4.806910569105689746e+01
4.821428571428570109e+01
4.835946573751449762e+01
4.864982578397209778e+01
4.894018583042969794e+01
4.908536585365850158e+01
4.937572590011610174e+01
4.952090592334489827e+01
4.966608594657380138e+01
4.981126596980259791e+01
4.995644599303140154e+01
