-9.594460734197689522e-01
-6.048070821643599659e-01
-3.796784944020539787e-01
-2.432619780818890132e-01
-1.917531866705010080e-01
-1.719490014165249991e-01
-1.283898237629400030e-01
-9.257575874526309534e-02
-6.650430299557689995e-02
-5.375851834530549767e-02
-4.583129587602940286e-02
-3.210791432734549922e-02
-1.882207607878839950e-02
-1.823240890308040069e-02
-1.427642415992379926e-02
-1.186961274814399975e-02
-1.010964098628099918e-02
-6.904099453653980180e-03
-5.159284618641999699e-03
-7.335617244167329590e-03
-2.713160938094880039e-03
4.606556369540739846e-04
-1.600538373027049878e-04
-3.685195447826369788e-03
1.221682472315020079e-04
-3.755690948382790165e-03
9.656240650550019632e-04
-1.235980405243369915e-03
-2.431990402295490083e-04
-2.590566484760380150e-03
-2.100981243166430055e-04
3.298711848712860043e-04
-1.530736914884249945e-03
-8.140630217231120669e-05
-2.264063065286330023e-04
-1.216613688902480053e-03
3.269244682247159734e-04
-2.252634657297870099e-03
-3.900773423302519947e-04
-7.768373792764630493e-04
-1.326025615936630005e-05
1.391632178702340104e-03
9.926206690291810610e-04
-6.301869916287070180e-04
7.880206791268329564e-04
-2.533371908173040216e-03
6.107993402324799707e-04
2.459306869397489843e-03
-5.503435651500900418e-04
1.152520596917200107e-03
-1.644474031673970023e-03
-3.605463241350110194e-03
2.241317358729900109e-04
2.382135143980240125e-03
4.983579501923000041e-04
-5.343650910118320470e-04
-1.076210907522330042e-03
-9.592173522754440058e-04
1.312916098677459993e-03
-1.758447346068199926e-03
2.874489883292010209e-04
-1.643935285184929939e-03
-1.141278134229910084e-03
5.258914525502480456e-04
1.180881056048370100e-03
-4.068493326881280031e-04
4.793558821079159886e-05
-1.263805294555930001e-03
-1.351680575952239963e-03
-4.420522526956650270e-04
1.419535951720849896e-03
-7.436914761993789662e-04
-2.027191707573559876e-03
1.324363006609729967e-05
-1.285736469876579916e-03
-2.025392009699620004e-03
-2.418497672148750208e-03
-3.307058423947750042e-03
-3.364998373248000228e-04
-2.469071649407989823e-03
-9.822405059578529808e-04
6.072540555846600270e-04
1.028282902450839906e-03
1.067235590384250097e-03
7.865017589363529956e-04
-3.002126368839389838e-04
-3.635670994059320236e-04
2.614313989306130126e-03
4.580636462562510231e-04
-2.678472656710150120e-03
1.113861774995669914e-03
1.787858297966029913e-03
-1.251371272539180063e-03
1.301641549315749979e-04
5.993268528762399697e-04
8.249411360715890431e-04
-1.937385837835800106e-03
1.052185910668249980e-03
-6.850328060937709669e-04
1.171612112033800033e-03
-2.260599678578120199e-03
6.973596023975780437e-04
-7.613942822688710187e-04
-1.538429284009329955e-03
-1.288538710481270050e-03
1.705817795860000016e-04
-1.628259241710709997e-03
-1.766496831640789866e-04
-3.592349332066579960e-04
-6.197983660629689633e-04
-1.182445770877499922e-03
-3.634083311758200176e-04
-3.688491413757630168e-04
-9.312691134647280416e-04
-1.583334084619840041e-03
1.999481769817580018e-04
1.422990721719419966e-03
-5.979147932587089995e-04
-1.982547956064260181e-03
-1.911001073299240004e-03
-7.379090211175850286e-04
1.256314722067469964e-03
-8.097573641611020227e-04
-5.457351041804129861e-04
2.342328174602330119e-04
1.812218626885700023e-03
-5.798759065124680506e-04
-1.740411896994359950e-03
-1.094415810787600094e-03
-2.037933439305379853e-03
-6.500640506574000433e-04
2.781272254753189895e-03
-6.390312524739630426e-04
6.502228243904339521e-04
1.743832866552069965e-03
9.084690774713129668e-04
-2.662947348526849885e-03
-1.731566820538540030e-03
1.647568044300349926e-03
1.274110691147229898e-03
1.772997520083580050e-03
-1.472543337969099957e-03
-6.739327342039359544e-04
-2.203770515353150044e-04
9.309031433234819696e-06
-8.652792721288810008e-04
-8.727596673223850373e-04
-1.877529975365570063e-04
3.539921699315460294e-05
-2.603517609227439834e-03
4.620374434999139799e-04
5.860689403599059644e-04
-2.203661727658659877e-03
-3.427216147949309886e-04
-8.312872962112830390e-04
-2.909000925935600131e-04
1.237042235553290136e-04
-1.299888765069819908e-03
3.062988189461020002e-04
1.015924898383500051e-03
4.070852518786689735e-04
-1.048276248287140011e-04
1.765278731188840060e-03
-1.493582362541999919e-03
2.569186303591690194e-04
-9.915944065264959990e-04
-2.257121609985150018e-03
5.537314866662780381e-04
-7.654642933993230136e-06
7.624414155265500041e-04
-1.829436543918670018e-04
-1.437962910245460047e-03
3.610939203883999820e-04
1.215222784657490012e-04
2.402501972833840044e-04
-2.510711324040910096e-03
3.568731807713900004e-04
9.119315074199089814e-04
1.378611641606560054e-03
-9.419316975545619823e-04
-7.878244103947890185e-04
8.379153850309930401e-04
8.887423364776189704e-04
-1.408750982235599993e-03
-1.008218636625049947e-03
1.265246954418660025e-03
7.725883862800120424e-04
1.192811646238689949e-03
-7.407364151385370217e-04
4.015506688904979787e-04
2.507921412745880204e-03
1.043377274846900076e-03
-8.354059729540370006e-04
1.439754430709989930e-03
-6.943930867118829715e-04
-5.404965242028489988e-04
1.161475148303779984e-03
9.641853345711309982e-04
-3.311879960391819993e-04
4.628860881755079916e-04
-3.343027390560599746e-04
5.776088384177190029e-04
-5.586216120355390335e-04
3.526895155012249833e-04
-9.919918647897320221e-04
-8.846451719529810267e-04
-9.923693977617979983e-04
-7.945852522959719793e-04
7.203136751310829696e-04
-1.407170751596570043e-03
1.045865384649290056e-03
1.354501478049860040e-03
-1.012253794032789972e-04
6.459178195532099941e-04
-3.664990984090929970e-04
-7.483782208126299636e-04
1.688026466140759912e-03
-1.131511403596820002e-03
-2.707187984743730249e-04
-7.102620222712880283e-04
9.173656384273450167e-04
1.375333280857349943e-05
6.407521021531690283e-04
1.723526972782430094e-03
-7.782361781857679737e-04
-2.743222221016359858e-04
5.307554553221579575e-04
-6.693903097017580130e-04
9.080049248158019717e-04
-1.456628037634649913e-03
3.426995843825649842e-06
8.316264441677680185e-04
1.240132694981859948e-03
-2.177535481542979944e-04
-1.756285407596509991e-04
1.137150193925859929e-03
-9.546657271011709878e-04
-1.330147767400980058e-03
8.460093197332539759e-04
-1.379783974820050080e-03
-1.307295306264860029e-03
1.716394588994180027e-03
-1.488180385614540054e-03
4.093904712423550155e-04
-1.293113627319519875e-04
1.100072096175730039e-03
-1.086785522756160026e-03
-3.801205140923370187e-04
5.353381648064309837e-04
-1.328290845675190015e-03
-1.246765412368390025e-03
6.903399519612829331e-05
2.532084355152890154e-03
-2.396080768319609842e-03
-6.478647525258859549e-04
-6.084144445431799832e-04
-1.736646673095660048e-03
-6.047724628098279532e-04
-9.938292346962070232e-04
-5.667403010980520206e-04
-1.653564811672079971e-03
-1.167573955815710092e-03
-4.384127704510869922e-04
1.070127624899589900e-03
-1.751350136471619963e-04
-3.907826949705959911e-04
-8.168871459381080342e-04
2.868862934439650133e-04
-2.551557343421430053e-03
2.918126473228050115e-03
-8.851771454963459950e-04
-2.608265730991629876e-04
9.755451507041009709e-04
9.063015438720479653e-04
6.819728548010640067e-04
4.068227179527579974e-04
-2.468384582617859781e-04
1.249211808438510001e-03
7.273753736904210493e-05
-4.995241720367359821e-04
-7.839261706503640134e-05
1.066025074378170031e-03
2.193176316912580186e-03
-3.933072758408089824e-04
-6.475985926734829793e-04
1.231893736980390090e-03
-1.221667914579420075e-03
-1.065468115563370042e-03
-1.411899125530679915e-03
-1.029054513824000008e-03
-1.554019286008010044e-03
-1.538203988822579946e-03
4.193572721806379760e-04
-3.226629371196209793e-04
6.191667874866649485e-04
-8.000785748191180510e-04
2.870866620887019879e-05
3.354374806025099990e-04
2.930293096792669738e-04
2.221434544046770032e-04
-1.024610368144890024e-03
-2.004078533988450095e-03
2.701365140518659919e-03
3.307079903394050092e-04
-6.825029610317249898e-04
-9.976557509810569783e-05
-5.867994652624730157e-04
-2.869183818975119793e-04
9.738198986494260405e-04
9.967531796206109630e-05
1.750668621833980070e-04
1.535760641249910106e-03
8.813833227678660514e-04
1.898067534708979974e-04
6.608255995050790190e-04
6.000424368478949472e-04
2.784503439828840254e-04
-7.823348502509990367e-04
6.621688112710850125e-04
-2.798397743749710020e-05
2.719465940577810094e-04
5.263668469935610167e-04
-6.101402902488600039e-04
-1.507431130457040130e-04
-5.498047116156840053e-04
1.193260833115349952e-03
-2.007854361346639999e-03
-1.191214217412859969e-03
-1.740853874180240020e-03
1.009193637250789923e-03
-7.052671153586869942e-04
-1.529479536234349931e-03
3.366201693325669968e-04
1.205308941056460067e-04
-1.238263992239269995e-03
-2.106985474675649936e-03
4.532988383497509846e-04
1.212423720596160015e-03
-1.502686427403619913e-03
1.961350487076770027e-04
-1.711666488590510098e-04
-3.703737597614889781e-04
-1.207724098935099993e-03
-6.772816361502430067e-04
1.480687276265420108e-03
3.207434507389729761e-05
5.414996606606510511e-04
-1.193864973336180094e-03
1.331197482681839973e-04
1.089817042548520050e-04
7.568177337503739516e-04
-2.944857475351119738e-04
-1.034170872157989980e-03
2.239033344734040116e-04
1.098670432650970005e-04
-5.429520172351029678e-04
-1.068041341604200048e-03
7.904567613738650326e-05
1.027744791335469948e-03
1.179473741798090050e-04
5.004937935866490524e-04
9.957559129622199526e-05
3.121423004461180246e-04
7.580270721435460046e-04
-1.008313054017870086e-03
-1.291576154861190069e-03
-3.610477414065509810e-04
2.888003340091329870e-04
8.877808465020459909e-04
-1.069442055541739919e-03
-1.950265438113339895e-04
-3.405701696694350233e-04
-5.599844461180660156e-04
-1.927448142445009898e-04
1.091889329516569949e-04
1.683861774341060061e-03
-8.541212480451939801e-04
-1.005050028380980029e-03
-1.006075122324240085e-03
4.264652903419660222e-05
-4.444107928233830170e-04
8.175486978016840295e-04
1.304246042916230039e-04
-1.095885392732360062e-04
-2.584844840759230235e-04
-2.431188846549569953e-04
2.264198242587770111e-04
-4.170303452354990259e-04
1.454882621228199965e-03
3.212670494036400049e-04
8.606165717248949671e-05
-1.806673202171540048e-04
1.254008509058179973e-03
-2.011653711217330112e-04
-4.293301919668209769e-04
-1.509043411515680099e-03
-3.412254058951100168e-04
1.024309266606099984e-03
1.305992061053059920e-03
-9.652306208002479860e-04
1.301600802175529974e-03
1.815724708832550062e-03
-4.541947182479740041e-04
-1.255266989163859924e-04
7.593903099396189784e-04
-4.305253199931319968e-04
3.673300136040470016e-04
-2.235595799582159920e-04
1.362796361255169978e-03
8.848852693564190008e-05
-2.661967469975020056e-04
1.897293619360320067e-04
-3.094529728398450223e-04
4.642787242295019876e-04
-7.331709367476759581e-04
3.465518545284050232e-04
1.837821555016929938e-04
-5.999399388565179909e-04
-5.065466221895279517e-04
3.811282298341269777e-05
-6.110830499202599868e-04
1.903297443978159984e-03
-5.983098966734329667e-05
-2.475518137793510228e-04
-1.117365296269009914e-03
2.212395452462510089e-04
1.347609099443460023e-03
-6.998592920431019907e-04
4.538682865518469875e-04
-6.905047802981290495e-04
1.607501029017979971e-03
8.302614470453269701e-04
-1.354630251692340043e-03
-2.130219442489619987e-05
-5.807681358615629464e-04
1.569833919999659867e-04
-5.870022778903100352e-04
5.915506888187540288e-04
4.200645161322549858e-05
-2.053398364469240060e-04
-7.023248473826369798e-04
-4.496228648400079839e-04
-8.946004951934879469e-04
3.323797054070969895e-04
-2.715261890628629829e-04
4.078494064982380153e-04
-1.307107672352110029e-03
-8.551548460903370119e-04
-6.978521676296780413e-04
-2.484451020999510224e-04
3.930238684272409746e-04
7.873017188452749882e-04
1.184335003413709972e-03
5.109560585312420463e-04
1.235757227187739954e-04
1.716474014289290026e-04
-6.158524934288169689e-04
1.164721504810469974e-03
-1.099776723098229957e-03
-6.841384453960280441e-04
-1.026332101954949933e-04
-8.194292809570529693e-04
1.030958547066319984e-03
5.117441735746489691e-04
1.613037916866330091e-04
6.324281197495099874e-04
-2.417897036219769928e-04
-2.244920635477099999e-04
8.062888617039310315e-04
8.381055648216570149e-04
1.144300471474319932e-06
-1.782869549762420127e-04
-6.984626219011360118e-04
5.503310635379279978e-04
-7.188542011149699458e-04
-2.096682641327700033e-04
-3.277117795974680229e-04
5.848784532122410038e-04
-5.183493880299560198e-04
-2.690679215594149920e-04
-1.836125048482169968e-03
1.221336968282619941e-04
-1.237737467364900075e-03
-5.548909966789889554e-04
-1.322644221921590035e-03
-1.102846981488300001e-05
4.805223680293629982e-04
-5.534302070096379931e-04
-1.538764310451130055e-03
7.370798836406739461e-04
1.208182450535680080e-03
-1.722583560672290087e-04
-1.752191518931920115e-04
-5.535310084594619821e-04
3.505504284741109921e-04
-4.798986848205640042e-04
-1.859369919242890071e-04
-1.427820855360859887e-04
1.541456823720329923e-04
-7.177082986513090394e-04
-8.267559454265330492e-04
-4.652721964006320044e-04
-1.237975452159910091e-03
2.497141318175150212e-04
-2.690564959891229759e-04
-6.177744423605589612e-04
2.008034587141779923e-04
1.255952157046309888e-04
-5.671336178655279935e-04
-1.760241917548739958e-03
-1.233338847658550016e-04
-1.984906915468629925e-04
-4.877220678334619956e-04
-1.161291453733380002e-04
-1.844009392685859927e-03
3.094018258189030080e-04
-3.293790470539689893e-04
1.409586180179689960e-04
-7.893336845984580278e-04
-1.201772140687489910e-03
-2.761337035941139814e-04
-1.487400721023139898e-04
-5.588429599344829635e-04
6.790702977381280316e-04
6.786923450780729412e-05
-5.245677936129390173e-04
-5.483360068383280432e-04
-3.417851656894960264e-04
-3.098008225430439800e-04
5.718498922050769965e-04
-1.712969945449490077e-04
-6.790688329803180065e-05
-3.914458479083349787e-05
1.195019853584020027e-04
-4.765256192103730216e-04
7.966957850729389917e-04
-8.822376748702049840e-04
-4.756573535560130149e-04
-9.660126521180079561e-05
-1.273297236456989896e-03
-7.894602945226619761e-04
-2.124320632127439873e-04
2.407567325898500132e-04
-3.288224122155420184e-04
-4.294497929393840084e-04
-1.005275835852670064e-04
-1.914911605460930079e-04
-3.587618107769850219e-04
-3.993627005781210174e-04
-1.351952969668699951e-03
2.236577139910649915e-04
-8.527489134576249919e-06
-6.170018075073559552e-04
2.787916937705470005e-04
-7.509983256119510389e-04
3.903085906313769949e-04
-3.662237212580800013e-04
2.009847862068579977e-04
-8.209925019323420330e-04
-1.277514845094529939e-03
-2.685106617896379920e-05
-6.771253143471260127e-04
-3.940502181967349958e-04
-4.512494945255710217e-04
-6.054867636827250457e-04
4.842228762716639808e-04
-2.175251229124359955e-04
-9.438832074394990250e-04
1.619768266449249925e-04
-4.339284756962909890e-04
4.937964479746140148e-04
-2.525666197277240204e-04
8.066846926047129517e-04
-1.836711218881599897e-04
-6.767116301685360661e-05
-6.972006778890740093e-04
5.760072246021579606e-04
4.301370712071489878e-04
-8.936417357764969715e-05
-2.007899458764440012e-04
-2.390195228001420005e-04
-5.732855809634599677e-05
-3.027396750206399865e-05
-3.997069412116469760e-04
-3.463339977823979838e-04
4.423515003538679917e-04
6.021424455202829470e-04
-5.584135220938780128e-04
3.723189290381709738e-05
-2.406455682803049993e-04
1.024322912997769952e-04
-3.174165825807269848e-04
-1.007095257246760087e-03
2.928914382647200185e-04
2.286639886415850096e-04
8.925338494557840481e-05
-1.761892868943890132e-04
-7.747667990220360372e-05
-4.262040227642350100e-04
2.362645441477980010e-04
7.217925610724050523e-05
1.772281862956749904e-04
1.975038496503380109e-04
-2.385088227272359892e-05
-4.112273988342089975e-04
-7.268336405516490203e-04
-4.762702829669240271e-04
-9.847331548582239334e-05
-3.526749227069499951e-04
-1.440489489811079972e-04
-2.471175256842309941e-04
-3.522803323228620000e-04
-2.537390559105900186e-04
-2.526498800903570095e-04
-7.198177163546499524e-04
-1.692166082312929957e-04
1.591169249964349971e-04
-3.347540960817799974e-04
-2.195174260577540109e-04
-1.859084270909149982e-04
-4.022286684757610313e-05
3.968817936786039825e-04
-4.441613293792589937e-04
-4.403218132385830030e-04
-4.285010508795940179e-04
-2.457475630317109794e-04
-7.144701425960749575e-04
-3.986054510410700085e-04
1.036334493884380036e-04
1.450393692653829925e-04
-3.497802054592379767e-05
-5.076606489157399916e-04
3.349482080979590093e-04
-3.726936674766590180e-04
5.538704847581390469e-04
4.048313356479760070e-05
5.257783920618910021e-05
-1.757719474717919902e-04
2.303746124255670060e-04
-2.627153071404390123e-04
-4.303303728250909847e-04
-5.564054305463510090e-04
-1.400078396815849949e-04
-3.537045637131400102e-04
-3.289126828491329758e-04
-6.744962679599219527e-05
-2.268226277325430067e-04
1.607619790526340099e-04
1.719950530434629960e-04
4.415534582038429834e-05
-4.413183682533620002e-04
-2.156389119842899911e-04
4.612141849881070055e-05
1.738961430481369852e-05
-4.729745126429519891e-04
-1.286389856247490099e-04
-2.501747769654159761e-04
3.220240723003699879e-05
-2.280734265386699948e-04
8.355290962696640367e-05
-4.806740773661000166e-04
-4.940227128670729830e-04
-5.497549832348550339e-04
-3.928533541142279861e-04
1.860656696819850114e-04
-4.795495711380439894e-04
-1.216777418319379945e-04
-4.006752438070009773e-04
-4.721400649046269909e-04
1.300494626409730043e-04
-7.847917963326970375e-05
-2.072671655755819922e-04
-6.997519423800430084e-04
-2.083984788387710084e-04
-7.141972673156470140e-04
-4.244926603269449797e-04
-3.807087613378890012e-04
-2.712923044669719968e-04
-5.534239707979819777e-04
-5.463586988626570242e-04
-4.000301816613229780e-04
-4.106982379166230113e-04
2.309253637781600091e-04
-5.762145131005570200e-05
-1.439930892960499941e-04
-2.368894953472249908e-04
-5.771404120766180203e-04
-5.544874023955209761e-04
-2.013601457471410100e-05
-6.343986645457369816e-05
-1.950093118484960036e-04
-8.175863871919080133e-04
-3.288110790589399840e-04
-3.235352680123819934e-04
-4.410141308999550221e-05
-2.838051816953110159e-04
-2.608128540114149942e-04
9.288986869804169389e-05
-1.303243472846050120e-04
1.420641369520980018e-05
-3.457263211539719902e-04
-3.218871467344460217e-04
-2.972196227992620200e-04
-4.031406414636419890e-04
8.766097291100300641e-05
-9.799332585105750316e-05
-4.774174445074079866e-04
-1.265528797861359964e-04
-3.351359185041420164e-04
-9.435566939939990039e-04
1.560589573937909977e-04
3.542807023821160272e-05
-3.700730590818670086e-04
-2.391850154645160011e-04
-1.459513859951830134e-04
-2.772703673823349825e-04
-2.537939621438820232e-04
-2.460699260990200266e-04
-2.318721369500569994e-04
9.390734435096170655e-05
-1.517870541576130073e-04
-3.583815086471280075e-04
-8.307510394066469606e-05
-3.636934326140880015e-04
-3.164177534002399976e-05
-9.436092122723430521e-05
-1.633827648258069914e-04
-1.210544421636000016e-04
-3.639838946067339761e-04
-1.425146717562889931e-04
-1.910697499231220205e-06
-3.362959326666460267e-04
-1.339950340841999878e-04
-2.800671396185909945e-04
-2.933676019449639786e-04
-2.921055972400060088e-04
-1.817502350046850095e-04
-4.295829630862459743e-04
-9.485393174041829400e-05
-1.829035849475219998e-04
-3.268099444332489941e-05
-7.135505169333170039e-05
-9.904388540502640284e-05
-5.939373929109519859e-05
1.205041499643379992e-05
-4.214531891497469906e-04
-2.298925243326529935e-04
7.634057311959709653e-06
-1.125912222360970041e-04
-3.902285093188219856e-04
-2.658263116484260182e-04
-2.161170117554909943e-04
-2.813234603573099880e-04
-1.399438739891669932e-04
-2.399154046792919984e-04
-2.633516165136709996e-04
-4.481047413392240083e-04
-8.169814741573450231e-05
-7.971859539960440052e-05
-2.476500752699280016e-05
-2.651034824225199948e-04
-3.285041034489600078e-05
-2.232691566477089981e-04
-3.330687127967540246e-04
-1.157334952548560037e-04
-2.101680019196200053e-04
-1.127485999923630018e-04
-1.155304355419050049e-04
-1.130186704131340051e-04
-2.000861008843179978e-04
-2.266973154922650047e-04
1.560352476525999944e-06
-1.884306237884319970e-04
-2.086585681525059924e-04
-3.198586226112760250e-04
-2.285902847299480119e-04
-6.777612979825260015e-05
-3.440761339116900222e-04
-8.134820395461770173e-05
-2.485860842501410109e-04
-1.821728468924040003e-04
-1.667820365594530052e-04
-2.033779777094699994e-04
-1.143275715991370054e-04
-1.615903934910640084e-04
-2.985689472324579759e-04
-2.712973901353649738e-04
-2.244840918545310080e-04
-3.734508282255929773e-04
-3.232710048092020025e-04
-3.250134405565730206e-04
-2.185993271468169999e-04
-1.959866617920849900e-04
-1.997161256032770028e-04
-2.960856411746100097e-04
-2.178256246326860110e-04
-2.100054851808609883e-04
-2.015710646965899891e-04
-2.026856949291729916e-04
-1.879634816232660110e-04
-1.735516522296899947e-04
-1.763511051482719993e-04
-1.936590878309510052e-04
-1.202156601736940048e-04
-1.743831501656880039e-04
-1.680832513197070123e-04
-2.926024461352090046e-04
-2.607781957900129756e-04
-2.044788128885540119e-04
-2.001936687280089886e-04
-2.502288529168129861e-04
-2.341588373188020116e-04
-2.221577524086400116e-04
-1.995004525610100132e-04
-2.005782413646829904e-04
-2.217941011157939990e-04
-2.172718001488200049e-04
-2.678294429726050217e-04
-2.965995156533809810e-04
-2.688287962007500061e-04
