-0.933034375213955
-0.953744521821308
-0.752008774598627
-0.626890227125082
-0.631563278814466
-0.312276922494191
-0.0977259918608397
-0.0992445404477346
-0.109881461799651
-0.0295051375928987
-0.00090309834250011
0.00345395999368211
-0.0766677965615405
-0.0512892067432792
-0.0578760073845065
-0.0766791261034763
-0.0584845559916557
-0.0146861272198026
0.021278830537145
-0.0112352220986375
0.00202475218187736
-0.0242657895126852
-0.00862523429185088
-0.00965454323295232
-0.0242016115609362
-0.00631686572760131
0.00807292914279059
-0.000814198413572147
0.00388531927915095
-0.00830890538424721
0.00438932179949615
-0.00977572766928947
-0.0172352544830334
0.0133579179985814
0.015459275319808
0.00770643087446008
0.00744600241803381
-0.0572010745591096
-0.0112152077045319
0.0101898455269401
0.0207162992964946
-0.0127431376282176
9.11062227952747e-05
-0.00413646770879465
-0.0165392939391394
-0.0114430202028378
-0.0124534877122981
-0.0511739988014619
-0.0233595766898139
0.00306142229123461
0.00908169490558142
-0.00371044877945324
0.0102865225900448
0.0136453687375321
-0.0165156905765492
0.0294847428814514
-0.00900060884243138
-0.0310295661483791
-0.0303021524673266
-0.00122280600694048
-0.0238932462507053
-0.0233287714237003
0.0513012694060921
0.0340382336136845
0.0117805346974413
-0.000122421340947728
-0.00410064454221993
0.0251785349713855
-0.00606743811753642
0.00888935757549373
0.0341072945132179
-0.00033803243649363
0.00126774069206175
-0.00445726450174331
-0.0225293933356084
-0.00270023547251468
0.000260297202634503
-0.00198842643041894
-0.0100871817954318
-0.0216567005627689
-0.00309186072318254
-0.0114616114104601
0.0113472767252171
-0.00611305841382579
0.0126885026907934
-0.0105706627920264
0.00718438705672295
-0.0412646288206464
0.00576527972803317
0.00212589634326689
-0.0159705303833176
-0.013628140100418
-0.0402726716591486
-0.0119734030987562
-0.0315729793528931
-0.0349511886645792
0.00865861195152272
-0.0132514156560524
-0.00159416352966314
-0.00827306841704083
-0.00593518251381299
0.000881198956231435
-0.00928542190404947
-0.00328172364944841
-0.00139738813065187
-0.0201021882597529
-0.0203734365590532
-0.0144242187952227
-0.00211921336725871
0.0249801600973335
0.0181950406231222
-0.0231384745712763
0.00439733684430826
0.00830116294517668
-0.00248429209854325
0.00327970270303528
0.000302900185188817
0.0473189982995518
0.0265096069825174
-0.0212860092170209
-0.0317781317244878
0.00304669793545235
0.000133668704582715
0.000991697180880087
-0.0126654711835849
-0.0018137953754963
-0.00621079164259148
-0.0389854182152879
0.0231641656976227
0.0227125169611994
-0.0199018380519006
-0.0277047989828262
0.0265132400676836
-0.000728640542425933
-0.0428591630638478
0.00655694589184421
-0.000320833620312934
0.0534324329179723
0.00455454790203424
-0.00181606722364563
-0.0241706184269479
-0.0752217854827474
-0.0096384365530295
-0.00038903123880117
0.00974066635306531
-0.00663104079407274
0.0143731483227492
0.0261371920410192
-0.0730259538369617
-0.0222529511860382
0.0124485365819166
-0.0029630584653578
-0.00115419557720089
-0.102437450462736
-0.00325849420086989
-0.000790054504582688
0.0110971476594189
0.0212001200634401
-0.00338359838202319
0.015788894940678
-0.0231846423192882
0.0072707355495347
-0.00163897311628057
0.0193246619361274
-0.0179023528902899
0.015363061207608
-0.0377905798644181
0.0142264035743163
0.120444604017703
-0.00393963797374747
-0.0339581936584975
-0.0306976311399469
0.00526804555026983
0.085267757980322
0.00662064162475823
-0.000920822133375549
-0.0230035091809878
-0.0305205242603671
0.00560568009200563
0.0244389788083949
-0.000931340075934636
-0.012524658547287
-0.0243937325952528
0.00353668025011944
-0.0214077647303105
0.00862855775815492
0.0348473425764008
-0.00852368647680175
0.00328325606647631
-2.97965467517198e-05
-0.0321317365266936
-0.00505773997784812
-0.00416026563134932
-0.00411041100344166
0.0365841361049675
-0.0201081663777771
-0.00221910456095165
-0.00291239646254857
0.00164939741414241
-0.0085914006597134
-0.00064447481256669
0.00543571080244766
-0.00796502086274717
0.0359571881933708
0.00625049344174008
-0.00372028624026231
-0.0331278850970096
0.0455100407663807
0.0149086003702897
0.0283043816416624
0.00593412012042135
0.00125030213718422
-0.00421744055393527
-0.0137342231445582
-0.00376468937099504
0.0112190833116973
-0.013784846825075
0.103307442888628
-0.00262814858542553
0.024677107888482
-0.00265571916126812
0.00353562853684873
-0.00774801007291576
0.0131277036479008
0.00917056759991699
0.0330430120516067
0.00105067858271534
-0.00164939459620948
-0.00119205756937808
-0.00160291456760263
-0.00393481917343228
-0.0252881611891408
0.0168873193420201
0.0120374976779157
0.00207803963149008
0.00133549612414978
0.00557107536623488
-0.0151804757785888
0.00861194243200568
0.0107722253392447
-0.00145855735089643
0.0123110000417006
0.00480805300528267
0.00197986646261632
-0.00127028672690333
-0.0238121542747803
0.00767088965140061
0.0186512846274803
-0.0194467510983953
0.000497955735581826
-0.0130596498128873
-0.0281010448246175
0.00548003797535345
0.00430752375238488
-0.0189068410140094
-0.0137226297269124
-0.00523993652787061
-0.00730159752783721
-0.00569309950274235
-0.0017706419706029
-0.00242896811101291
-0.0361261466498131
0.0118081584527557
0.0231551824051879
-0.00243275746275766
0.0213182809838395
0.0277898157375061
-0.0100812853890023
-0.0101782733011251
0.000837395260059401
0.00634791809455632
0.0111295325941746
0.00244236902123224
0.0187828391691246
0.0233633750809499
0.00184937814829614
-0.000959907352737648
-0.00413560047418104
0.0200169683484438
-0.0113544778424592
0.00418001737740444
0.0447941214416849
0.00398115674905661
-0.0125317166666981
-0.0124360589571176
-0.0043913665912101
-0.0353197669694463
-0.0125024779134088
0.00783290339801947
0.0133672748984962
0.0425051988613879
-0.010996693335531
0.0038544531945556
-0.0208811379277554
-0.00038604953449712
-0.0054299724885977
-0.00873016796790867
-0.0163059196791393
0.0379002237786162
0.00278540694134329
0.0161265091693351
-0.00568583805487648
0.0184719917534339
-0.00565275844880714
-0.0548797834105443
0.0235493094781173
0.0159061201237965
-0.00124004221690136
0.0097917765501183
-0.0267414439154216
-0.0151607079014105
0.00661484392885594
0.00525073346869255
-0.00292009312764676
-0.0113198698906237
-0.00214217694949252
0.00279098527423284
-0.0226083942166705
-0.0123210341591521
0.026464840754122
-0.00836179556710128
-0.00275021676350085
0.0027393836356898
-0.00522466038576928
-0.0022260831884176
-0.000238341242468361
-0.00593308202396809
-0.00571124145069082
-0.0126777539583466
0.0158443555705111
0.00477297969857057
-0.0023275268479827
0.00918842273282751
0.00748044881658312
0.0280246969579915
-0.00708612833454515
0.0359706219795488
0.00526364225313084
0.00209138553705247
-0.00614347474198664
-0.00405382906174751
-0.00117413813687281
0.00107059066999982
0.0211338437088734
-0.00658408405777491
0.00108291026262596
-0.0193652458349479
0.00472099152273745
-0.0502988141582013
-0.00283022863112976
-0.00212276859230299
-0.000736231886737219
0.000232765520914905
-0.00746163114987381
-0.000642906922452889
-0.00353845825173939
-0.00189344583232833
-0.0219446890182485
-0.00406987822087359
-0.000332403032525144
0.00318032882165317
0.00554032134069003
0.00252444323083517
0.00218790727353072
0.00414512788772628
-0.00150429093044758
-0.0140200897905564
-0.0217565456375939
0.00685322283066345
-0.00509382803033341
-0.00377177239184908
0.00683401305786933
0.00354085228539339
0.00314438530281683
0.00360366194570041
0.01668773036784
0.01126062578098
0.00685212122860215
-0.00440270868552655
0.00754872683952237
0.000310351411936255
-0.00072505774771734
-0.00635389289309533
-0.00202087843908309
-0.000475874597739187
0.00135120625392738
0.00298934060468664
0.00308208898273226
-0.00519449153816163
-0.000292180230415927
0.00165982895005528
-0.000371099064455324
8.90093795556916e-05
-0.000521067222559509
-0.000578493211196884
0.000153148127073316
-0.00842088626321869
0.00351799183818188
-0.0975375202799878
0.00108213305087172
-0.000251149958900604
0.00774990418462616
0.00402023573587771
-0.00404746176289549
0.00131838494033924
-0.00650720121666164
-0.00252471425404132
-0.00546559946487456
0.00638612576648559
0.00296189181987089
-0.00293347575442442
9.73908262533567e-05
0.00459789613860137
-0.00461884234592681
0.0020105956755806
0.000483514553622621
-0.00185533699842776
-0.000348301573830701
-0.000725323119758884
-0.00463594885193696
-0.00392601783130953
-0.00818040372964589
0.00135545263473518
-0.00092524215958633
0.0124960589212884
-0.00185852613800644
0.00247357531697119
-0.011555573222633
-0.00886148262720564
-0.00370453703703074
-0.0124994315200575
0.00965765439697944
0.000865320340301113
0.000743229854681834
0.00237248852355727
0.00210109510628688
0.00382024956684344
0.00356627430519618
0.00195436089154334
-0.0108037537200236
-0.00425013288826206
-0.00087143491402298
0.000128332959399762
0.00184217936669265
0.000423293285204785
-0.00150086968436219
-0.000377575415210728
0.00621537867498702
-0.00376366482326552
0.0125059912000709
-0.00139947878274554
-0.00558703528354211
-0.00729239585738426
-0.00334368416358093
0.0204150167974062
0.00645776767230881
-0.00130081608668739
0.00722885820387931
0.00801639774095983
-0.0163100933065295
-0.0241773616212446
-0.0140643028095316
0.00116231848256262
0.00737815270541387
-0.0175098149913899
0.00111427126985703
-0.000632531191997451
-0.0012682540247488
0.00724812090533707
-0.00125944752653176
-0.00112840154456402
0.000813148626520334
-0.00281319311718619
0.00164502186259154
-0.00586255427044564
-0.00285914713857965
0.00295603787954022
0.00819004016733396
-0.000402931573964972
0.0029402582050247
0.000306208558656187
0.00559786410083126
0.00322317780635898
0.00369201121204071
0.00247970404425038
-0.000357208021028377
0.00111749369352211
-0.00133274292167292
-0.00276231511023395
0.003801394667515
0.0102206688621753
-0.00277957291493136
-0.00142262988663363
-0.00691327373540609
2.17844866532868e-05
0.000898515371360527
0.0144556540071683
-0.00428249106971502
0.00213294749587982
0.00839644184486451
-0.00287596000529539
-0.00061846780849792
-0.000436458410261123
0.000977513468333734
-0.0195435801435383
-6.7993495693339e-05
-0.00544573946025365
0.0097024997052735
-0.000622328517255155
0.00482577350432709
0.00886613204027855
-0.00331050305026224
-0.000161855578106878
0.0555432277309798
0.00293919777035751
0.00576190889701648
1.7949402976317e-06
0.00577247945188478
0.00056251880936177
-0.00138003666008491
0.00884595279147478
0.00214605067474239
0.00105206891482171
-0.00274182229071337
0.00285701928009614
-0.00154804537778579
0.001492930456797
0.00170374262204192
-0.0025369455162224
0.00532726969402865
0.00251124007206263
-0.00205959621429463
-0.00255065023772966
-0.000286322821213518
0.000259343361750754
-0.000590866624882587
0.00557019951120118
-0.00236665849178884
-0.00303030923473596
-0.00342842544794425
0.00200347026109839
0.000649796049277045
-0.0109616614853661
-0.00293461019075558
-0.00610907953798376
0.00548483296918128
0.00294755558050825
-0.000948657041484221
0.000962753755128613
0.00222379892894027
-0.0173748341127736
-0.00308230248333161
-0.0044034918202574
0.00695629566544191
0.00390469322064392
0.00547749103891664
-0.00548857130398746
-0.00565058714618517
-0.000165616085172274
-0.00584536401527288
0.00564471234851357
0.00939187764753902
0.0155707102578482
0.000272323042670767
0.0236016021401087
0.0084260385734274
-0.00460626705561888
-0.00130874261088229
2.84561079528349e-05
-0.00979289887240453
-0.00449845479623566
-0.0134368629776884
-0.0145243990061924
-0.000538558619262367
-0.0175066044252476
0.00130159841739479
-0.0409637160536906
-0.00358343086331085
0.00353123323190081
0.00908347508352185
0.000511392551309199
-0.00555649562197363
-0.00968308951946707
-0.00957783250431594
0.000347368559842525
0.00109505508281015
0.0120623837736852
0.00348438382211062
0.000519190896053589
-0.00722244719357958
-0.0205696461718564
-5.90892053978671e-05
-0.00207295515340923
-0.00205375612218417
-0.00436309244045204
0.00728476308774438
0.00115047009067806
-0.00214190139298224
-0.000730749033042735
-0.0144220427678193
-0.00298005241573276
0.0128745886240016
0.00606528983839241
-0.000719917413846517
8.64087157997448e-05
0.00114601712275583
-0.00997486005782152
0.0404398900239417
-0.0213917301490227
-0.00418723797084791
0.00126295902139854
-0.00550909039144706
0.00185206325686071
0.000972608470282481
-0.00624979830547177
-0.0106116418983005
0.00950291443318468
-0.00149475266878762
-0.0171543009473456
-0.00691681994322159
-0.0124319150391358
-0.0014566878413414
0.00133259335866615
-0.0108520947779215
-0.00819367616794108
0.00838913062458933
-0.000117308158134956
-0.0103558703695017
0.000653986437212561
0.0156194798733027
-0.000345857155358067
-0.00222874406723084
0.00624002023809679
-0.0025457846370256
0.0384470207484201
0.047779458376414
-0.00205369174521256
0.00161208437062071
0.000416130552737006
0.00108801151660084
9.67891031390857e-05
0.00782190099386636
-0.00029743868985256
0.000527679538709488
0.000185405641136428
-0.00866114439374905
-9.01527992130896e-05
0.00245130073987905
-0.00157508307543293
0.00210092708795286
-0.00105358173281804
0.00434220573932317
0.00480936893811552
0.000962277824823575
-0.0052456436702846
-0.00357680669895262
-0.00645958732928109
-0.00278339856977622
-0.00322631024036742
0.00378044322933504
-0.00511748959875058
0.0121342786017974
0.000920864295639839
0.00415984746203539
0.000430916779591717
0.0116210235422845
-0.00633189348872325
-0.000460307970310569
-0.00427990596047765
-0.0105945040349915
-0.00420735210398732
0.0387606722999619
0.000321470996181576
0.00023032480878837
-0.0148443850310158
0.00173041693652584
0.00409426251516884
0.0285950689020969
-0.00261993146606595
0.000813227608590952
-0.00277756744421804
-0.00347074361655883
0.0519478467378669
0.00689268288099909
-0.000854921574498404
0.0433158084606988
0.000134400377349553
0.010439601616359
-0.0143815493525862
-0.000839849084301365
-0.0089829833084795
0.000188038586945125
0.00173891693233005
-0.0131849383776648
0.0136488825145002
0.00458255728202504
0.000103495376957162
0.00357532063450461
0.00171703128610133
0.00156216820903032
0.00274484525183394
-0.000833903121600763
0.00419616264848995
0.00396684784516263
0.000954477476044552
0.0179007481566303
-0.0196177001765742
-0.00763227395772147
-0.00520326646099211
0.00114944661694718
-0.00274922467697113
-0.0171693911530156
-0.00315946385527744
-0.000724204600493843
-0.000677937107368798
-0.0052596473996373
0.00109977457055156
0.000724290945005961
-0.00314720242574847
-0.00801968838478207
-0.00260910944269576
0.00108313834231837
0.00742974125771851
-0.00582929030757133
0.00755650660920027
0.00208907707403699
0.00729198806807209
-0.00835276026392088
-0.00789870745527269
0.00103596096329747
-0.00970753648335379
-0.00303020093465727
0.00539646563172487
-0.00016534356027969
0.00704647825141518
-0.000290896736990965
0.000962266121454326
0.00160759828148089
-0.0165394254931643
-0.00118230392571614
-0.00354309276626015
0.0115431102624274
0.000581028266054497
-0.00817717072114735
-0.000594040821544229
-0.0013334774183924
0.000555795310387139
-0.0033897797021054
-0.00409766065381806
0.00499180479073433
-0.0106149821796629
0.00154059231538177
-0.000557785187045473
-0.0104346476375368
0.000221795862465207
0.000422846314707117
0.000981535075671351
0.00917708691341232
-0.00130436582016386
-0.000383347863051374
-0.00149041689482604
0.00325290129237601
-0.0012821646139752
-0.0023731033341475
-0.00422093007007947
-0.00567906369956423
0.00105633581640217
0.000664777310008651
-0.000148167569717595
0.0119413239272521
-0.00130554253835447
-0.00253626840997331
0.00214745664898743
0.000401682547691676
0.000653684816979449
0.00150528935130621
0.000280655121077592
0.00182359406133838
-0.000973517822696614
0.00321037188507896
0.000307813554004824
-0.00102444097945089
0.000474616475510385
0.00306099148108019
-0.00290784849114806
-0.00125467291041686
-0.00182395991453982
0.00108588742925587
0.00678022138314198
-0.00030589313965415
2.9339457371148e-05
0.00446935021032974
-0.00237210564011411
0.000794598308500186
-0.00626633913702898
-0.00162021492111385
0.002042220024828
-0.00434888232665104
-0.00137021487821034
0.00172560103562783
-0.00192051162774001
0.00391330354720645
0.00017821678988621
-0.00581190046103285
-0.00162601758271681
0.000176573086205588
-0.000271733034979165
-0.000827679011763826
-0.000418370077685193
-1.22562557937308e-05
0.00264544850788527
0.00145595892724505
-0.00301635966796547
0.00116956809165576
-0.00311635081064408
-0.00141098942819428
0.000290443148137485
0.00408181515223979
-0.00130534801877995
0.0067419355728811
-0.000659218322353742
-0.00402231552400265
0.00540695688176779
-0.000192920323021431
-0.00328841882582261
-0.00239161921995522
0.000708375584625956
-0.000819771327715365
-0.000871751157056649
-0.00167831787623188
0.000126001108591933
-0.00168780062527917
-0.00259323986441472
-0.00304385678705666
-0.00308269306315038
-0.00119670876656247
-0.000273002777764903
0.000961706562338495
0.00178091554601048
0.0112791702092575
-0.000509243607672869
0.000680738605125083
0.00136181529051649
-0.00258924660033218
-0.00237698970951456
-6.69074922943185e-05
-0.000383774392544772
-0.00128391875135625
0.000906420056400098
0.000429780506632431
0.00104289168018553
0.00408304259182066
0.0019654391586238
0.000346991750570774
-8.63118380555353e-05
-0.000500440783160865
-0.000534118135914675
0.00334171965898049
4.45235206081622e-05
0.00112171382839848
0.000864441433098338
-0.000522576418256403
-0.000929799875975504
-0.00211252699469899
-0.000294280274080327
-0.000964228531751754
0.0190775533797958
-0.000563436048797086
0.000863868711919763
-0.00355320814917847
-0.000821842050131827
0.00240574096487685
0.00429180624924802
-0.00150806699379302
-0.000627225853655589
-0.0029841074584081
-0.00294330382650069
-9.24351458104614e-05
-0.00219903962751841
0.000531200013620323
2.66734746060314e-05
-0.00444164005171638
-0.00529906234854363
-0.000646429741254263
-0.00076846508275658
-0.00200900427283601
-0.00272006961814021
-0.003194068703312
0.00234729660321323
-0.00311126013311882
-0.00151903443800739
-0.000147019558373983
-0.00477583339517972
-0.00461109125532986
-0.00116136594177148
-0.00054121899648703
-0.000897835472947265
0.000596024321607241
-5.7133086990512e-05
0.000819103981599072
0.00254071857297762
-0.000579970947112846
-0.000325634723363816
0.000153886109315452
-0.000772628091999993
0.00078681082737034
-0.00230334755099206
-0.000463972818282917
0.000808504760827737
-0.00261194888516316
-5.04293270735477e-05
0.00032556511543983
0.00204235532887508
0.000747953777237852
1.36519955971021e-05
0.000732416849426598
0.000987967715002655
-0.000907870241371193
-0.000532045832988815
-0.000582669570273692
0.000147869191099156
-0.000149490068732688
-0.00187995002527944
-0.000312913057668428
0.000396970278627141
-0.00234765879507578
-0.000342192954087426
0.000581590333892133
7.87130203439252e-05
-0.00444683328569587
-0.00104371876815097
-4.83538739736063e-06
0.00180900440300414
0.000403682296394835
0.000659166948243438
0.00125036212857624
-0.00176564147522893
0.00132345979377865
0.00456920953589506
-0.000491306731401522
-0.00339934999580519
0.000403773115326043
-0.000125585920512976
-0.000246310492439703
-0.000372759643538413
-0.00177896926693271
0.00163457611169513
-0.00121979774365785
-0.000312114129545463
0.000232276239818326
0.000858723147042153
0.00161091066334473
3.84131739920529e-05
-0.000213514031889191
-0.00180965676279557
1.7159229581983e-05
6.63606557901745e-05
-0.000308078135353333
0.000249415327545952
5.94048670420717e-05
9.11996617530636e-05
-0.00157486071553011
0.000380686588340514
-0.000736120396142949
-0.000123904023270027
-0.00085399659813359
0.000785046394883707
-0.00133274644014568
-0.000890611487619115
-0.00123618648892065
3.56995566348984e-06
-0.00160425514487717
0.00040355059097091
-0.000298483297739308
-0.00154086991650512
0.00126104607649546
0.000106132981744599
-0.000730601032991785
-0.000749473226387651
-0.0016238582400269
-0.00204335613221612
-0.00209872874468681
-0.000338343630409204
-0.00238555801489496
0.00105184821387657
-0.000422205856225189
-0.000695210300567432
-0.000326869939668112
0.000398852121142734
0.000678961443679751
-4.83698595384143e-05
-0.000213392904495245
-7.246238091493e-05
8.73525333750073e-05
0.000335144867225001
-9.74235213186569e-05
0.00059280708011918
-0.00074313602906193
-0.000104096397078085
-0.000177805349661949
-1.62033877226367e-05
0.000671943884400106
7.70406738750242e-05
-0.00072422575428429
-0.00268835590945529
-0.000695965274586923
-0.000266069587395722
-4.11811916006584e-05
6.94403677515539e-05
0.000243667725364955
0.000435570576416207
0.000187251006018124
1.83559257897776e-05
2.44627724561272e-05
-0.000311968342952993
-0.000369194616874831
-0.000499281439372247
-8.01695841566894e-05
-0.000176354373932678
-0.000171011274481925
-9.12339798491813e-06
-2.65603844094908e-05
-0.000186483891505129
-0.000251621789246289
-0.000160060006184758
