-0.929565550996105
-0.895519492625431
-0.786502526164824
-0.657760692316567
-0.43938288051248
-0.192272958227881
-0.18045111516981
-0.162696977220138
-0.0859472310537922
-0.139735502894779
-0.133759699073841
-0.152303842634904
-0.0568618556010774
-0.0608448010429135
-0.0711832775479639
-0.0355735045712288
0.00589351545357188
-0.0210526353851975
0.0574718064733806
0.07081530435496
0.00164191678183826
-0.0474187119607489
-0.149307801071846
-0.0519542149379859
-0.0703985336385803
-0.0209493022171371
-0.00356544068369945
-0.0230917428149708
-0.011831338436379
0.00186081769435473
0.0143287722957975
-0.00535397937875177
-0.030449608355046
-0.00868148501786491
0.0157012601472206
-0.0448492943897675
-0.00723566859504271
-0.00363168943674208
0.00727747633525884
-0.00509331764203462
0.0202076361240602
-0.0185578370532344
-0.0150915621875333
-0.010963856312019
-0.0447504980530397
0.0265999567385034
0.0137618536989664
0.00640267842556269
0.0104349203196054
0.00405612810229052
0.015594099389159
-0.0188647996434339
-0.0560120427528452
-0.00184647201353223
-0.00451520193824453
0.0784650837547098
0.147615136578424
-0.00432663747369104
-0.00401257854648309
-0.00703995539254981
-0.025935831355608
-0.00564180169504018
-0.0186551866668044
0.00499470623271842
0.00962992276037097
-0.00276515456048539
0.0261595643481754
0.000982448129924518
-0.0189738542571416
-0.0046453380340553
-0.0339799456836891
-0.0222378070380754
-0.0146792872015874
-0.0261740588313222
-0.0308958185969244
-0.00519331995004148
-0.0124674156511681
0.0541956392252989
-0.0238272355913853
0.0647454436347909
0.00258601008138263
6.9860607563278e-05
-0.000976457902577053
0.00364937659507772
-0.038801936651496
0.0056259033747973
-0.00894756447023166
-0.0364947119816486
-0.00238121341654348
0.0369036903539861
0.00236376642207304
0.000123411558737184
0.0584960768732754
-0.0399386517823695
0.000922271545837329
-0.00243985056343148
-8.09082679898258e-05
0.00405099987552232
0.0101289649340601
0.00965679752738357
0.0191307211513518
0.000467468352135958
-0.0207934320252171
-0.0135517664982497
-0.0139801230265266
0.0128757243710479
0.0122508432873738
-0.0308331043872049
-0.0459998877556312
-0.0191753233323993
0.00802497080362575
-0.00885418512311143
0.043060946844351
0.00417208617857889
0.0104049241354503
0.00946425805642729
0.0308703304495225
-0.00585233628459277
0.00196303244797835
0.0373207085228937
0.0220986769523577
-0.0207922888856525
-0.0176854442180477
-0.00240817178539353
-0.00116291177277102
-0.0100958871662495
0.0123017850367076
0.0124856837926162
0.0047975165492102
0.00376336751758844
0.00234589885289612
-0.0100216811658014
0.00832049064510271
-0.0439201969510535
0.0227925560259972
-0.0132222996555861
-0.033737992875777
-0.0220103060956066
0.0113106418900134
0.0122760019186818
-0.0321302481338897
0.00812556832324007
-0.0635633710823697
-0.00434558972360382
-0.00238528934553794
-0.00257208085465126
-0.00782905004572083
-0.00108510185537534
0.00267283378653233
0.00270233075535559
-0.0016646494820837
-0.0361702728080899
-0.00942642454854057
0.0145771787278273
-0.003102588600669
0.000551414651184648
0.00998503142645967
0.0242322409088777
0.0481036596242623
0.00171507232083509
-0.0113765184134045
0.00610157049037348
-0.0159137686175999
-0.00336309010053785
0.00243631519635813
0.0121467991920315
-0.000467728613705205
0.0214451704826275
-0.0357238579433225
0.0020361005315188
-0.00606886677193858
-0.0353992288196822
-0.0597399006395166
-0.00100703003229664
-0.00351878891789789
-0.00902845410488488
0.0138733413440476
-0.00408413972811266
0.0325341230848636
-0.0016555077021244
0.00376469328567039
0.0216905256931968
-0.0037768423540395
-0.00993619084796299
0.00722656641909256
0.0121752862198228
-0.000139910942052851
0.0120096026441511
-0.00261814015203616
-0.0161875851576224
0.00137749602985802
0.0076683017201261
0.00108016905850161
0.00723901415299008
-0.00404671244520688
-0.00405482339196655
-0.00256907456635477
-0.0228125617752581
-0.0223802156134527
-0.0388555159344677
0.00218383412590834
-0.0014369870775687
-0.00249693835222062
-0.0151656467695661
0.00789024418091058
0.00528954790513252
-0.006450291907514
0.00217420908445766
0.00554288752353806
-0.00126319768036676
0.0303663218251849
0.00676689286469928
-0.00393729269370134
-0.00561852727776467
-0.00404431579584664
-0.0139275329564366
-0.00399953063920279
-0.00130223485458807
-0.00115894451501156
0.000889069003193612
-0.00228730666565893
0.00850776295502068
0.00382623476677393
0.00465000480168238
0.00194399825058722
-0.00774984543702248
-0.00165863336858059
0.000471831720366265
0.00521087331959581
-0.0182872362535457
0.00691972479331335
0.00437682310719872
-0.0012871550439627
0.00785306185113461
-0.00631993959228549
0.00183148365095963
-0.000217288235072582
0.00402701240236475
0.00288373616376222
0.00498584534983817
-0.00730464613669955
-0.00387759352848048
-0.00344464851260613
-0.00159183793518502
0.00233249449695586
-0.00703816260327349
-0.00139455445760043
0.0950339737906482
-0.0301577798767619
0.00109735383196621
0.0143409549785354
0.00727264006542294
-0.00546154267324033
0.00747090690419568
-0.00111568607193469
-0.0112233675680949
-0.00851536998769951
0.0235224239043456
-0.0184589490536811
-0.000652832910619996
0.00212284962786421
-0.000166212680725835
-0.000929525670801901
0.0532117725360593
-0.00997264843370638
0.0146269801479265
-0.000647312140760231
0.00138123124148213
0.00252164245326228
-0.00804988515727448
-0.00541388367177274
-0.0336215234686005
0.00245997915983032
0.00824930736495905
-0.00350999159209365
0.00170501879723881
-0.00742547738572776
0.000142030483848077
0.00333307484101146
-0.00176170148439643
-0.0119471719777788
-0.0072336415645266
0.0044214679794408
-2.37698213202465e-05
-9.46167413177631e-05
0.000259820529794787
-0.000771273883065336
-0.0155660611117673
0.00479882747159661
0.000140872130052515
-0.0183883805128738
-0.00803432683952413
0.0208922275292673
0.00230330354768503
0.00140990104341735
0.00138189015804852
0.00403559534879194
-0.0444717445891455
0.000872271110765759
0.00817813308644145
-0.000460813307839428
0.00599589684443146
-0.00713619478263274
0.00275978210282856
0.000976573288126524
-2.27174874376759e-06
0.00372276036340509
-0.00038928211428653
-0.00162162106114407
-0.00839627394827406
-0.0122690730732169
-0.0033419182547042
0.024889946261985
0.00528817504175851
-0.000425784822350176
-3.92291861406541e-05
0.00770122161057646
-0.00291099196683347
0.00774895091551898
-0.000891965813597278
0.0243212924278653
-0.00671157727203509
-0.0013013703351903
0.00762292249486922
0.00227699851870503
-0.00435042962070041
-0.00212202035712822
0.0179935737485379
-0.00398684934957811
-0.0031097676555668
0.00944221712620615
-0.00227311785719546
0.00255534249664089
-0.00193595722328584
-0.00087717081938639
0.00181441946314432
0.0015005931061165
-0.00115128562667061
-0.0063486656697958
-0.00674361152857429
0.00182987934617035
-0.000201869789757843
0.0013005943767392
-0.0114358648061211
0.000763475781964636
-0.00774166177604212
0.000674423823946777
0.0138421386191795
-0.00925883104818875
-0.0187473499508062
-0.00762016235430727
-0.00494195025716533
0.00432923118097326
-0.00237592632525977
-0.00553059200813876
-0.0135015625920037
-0.0108822038505285
-0.000782258530601055
-0.0081860491291705
-0.0184531986771264
-0.00562643499875071
0.000955051501415728
-0.00391161606960015
0.014225593394923
-0.00996894230027814
-0.00785362857207478
0.000174329212342174
0.00289727125785772
0.00751169031084349
0.00840075399333402
-0.00808774235073863
-0.0064886135184665
0.0345691695069251
0.00190167858342245
-0.00709208287082072
0.0134052300768375
-0.00983025251087251
-0.0117951790101631
-0.0051144056667131
0.00866686235733118
-0.00446574625873764
-0.00231790357061853
0.00404311935849992
-0.000578680018130528
0.0149250531247804
0.00841231996063514
-0.0020214499404337
-0.0145862212072771
-0.00899055607493151
0.00106911858926192
0.00672006883051982
0.0163442891313596
-0.0170904179636837
0.00222314856362874
-0.000277442234372327
-0.00169308780937215
-0.00368206394547318
3.67799725257099e-06
0.000467776252913887
-0.00131071923061302
-8.98465961690911e-05
-0.00416984606082964
0.00211215269366441
0.000965374749088242
0.000396193888028167
-0.00164677467177966
0.000467775565789278
0.00337181537221924
-0.00724328583830953
0.00270030348758632
1.5748975452125e-05
-0.00501129971427081
-0.00707656084572123
-0.00899185879673179
-0.000892484655463173
-0.0112448978508853
-1.58855101941554e-05
-0.0157869575783883
-0.00424078206334119
0.00539028246216384
0.00317246875037243
-0.0011927733839716
-0.000723772725445123
-0.000320109458815744
0.00457428826987483
0.00528265690163402
-0.0128887871825161
0.00284862050631706
-0.0116664040579831
-0.00885932184423923
-0.000133105880365607
-0.00273439630322845
0.00102304491779178
0.00841758577414135
0.000650919398461659
0.00211674366207805
0.0015277960923274
0.00300940471425437
-0.00409554484518203
0.00113208212561107
0.000360120207126034
-0.000250200809276076
-0.0047621644915591
0.00493457137893258
-0.000480181655722446
-0.0011396619666427
-0.00477598145415683
-0.000604111142732274
0.00323054651459225
-0.0132330585792665
-0.00192248834942846
0.00150070153567899
0.000103067817992127
0.00458926008034975
0.00489672415533452
-0.00425923662293557
0.00310258401273471
-0.0039232432431528
0.00133526122388023
0.00859403185277785
-0.000667118095003206
-0.00182027949496138
0.00473660156577133
-0.00211333150258857
-0.00187867378861741
0.00272085247174445
-0.000918785341517805
0.000421094059483912
-5.39908627158845e-06
0.00485410646268605
-0.000115280480629081
0.00193299842965742
-0.00291802209265646
-0.000864998861897218
0.0013647705133898
0.00152346351482195
0.0070082813604929
-0.0180429703055355
0.000237928906083718
-0.000796698297987658
-0.00429867850964095
0.00660050807159716
0.00330675829033937
0.0229787656762831
0.0021297770085736
-0.00214855510774408
-0.00230703617248304
-0.00134074550011228
-0.00365279808402785
0.0434964152401853
-0.000895826582786839
-0.0014695210079582
-0.00146207237719055
0.00186201757332881
0.00154892937806437
0.00171743774060969
0.00241054278421274
-0.00317691280390459
-0.000928101394756727
-0.00265620788740096
0.000281554678653676
0.000984681395435567
0.000148912322115313
-0.00219661405092243
0.00155656358462189
0.00473589385515714
0.00126758190988007
-1.98076409492492e-05
0.00364205631150669
0.00467196931923643
-0.00349713143352312
0.00362801832106095
-0.00182109060883022
0.0129322162558718
0.00297496659506121
7.37374865721983e-05
0.00784240069726736
0.000838012209526694
-0.00505340307158745
-0.00201681013283909
-0.00526798287210812
0.00225024000112438
0.000845616563536383
0.000400718850049702
-0.0020100114566716
-0.00298042792780385
0.00227394483436427
-0.00136607558535729
-0.00380254622598623
-0.0010787026037032
0.00523207673352685
-0.0227787651538768
0.00266377545689148
-0.00364003018481691
-0.00113544503113445
-0.00178719256949259
0.00473378155733964
-0.0128175288839574
0.00320330412569899
0.0144239928980131
0.00515302188385675
-0.0032750063386533
-0.00101832798758067
-0.00762914078387723
-0.00164831866403111
-0.00888110306261602
0.000141170060921467
0.000786878721231032
-0.00420548234871807
-0.00946628668921901
0.000676978696425007
0.000308997170504033
-0.000953875693405994
-0.00154965148481027
-0.00324090426385485
0.00200491906210305
0.00131837343834003
0.000414967976490766
6.84017633546085e-05
6.55682060733736e-05
0.016535896040331
-0.00214512421857814
0.000892994921637229
0.000452872982261091
-0.000637026278302275
-3.29124764966308e-05
0.00233828105743922
-0.00587229534832036
-0.00427135898360568
-0.00341065713289281
0.00803748781929149
0.00322298168196844
0.0008222636384961
-0.00413872683619975
0.00238704143210843
0.00172754417278811
-0.00126749040530339
0.00900197203067721
-0.00045140543275049
0.00136763786164561
-0.00161340148163501
-0.000418806912739208
-0.0127697952643598
0.000401319084042912
-0.000229971345460164
0.000325458667876311
0.00012480941766196
-0.0177724536139661
0.00869764009975749
-0.0108899335046719
0.00215645972068175
-0.000883971909509727
-0.00032456617681072
0.00249263220647972
0.00331954624860096
0.000941180627327439
-0.00253874476561292
0.000314083736385938
-0.00149757675390498
0.0033086660853039
0.00536853755173784
-0.00154889917725049
0.0289336701126377
-0.000498898298325383
-0.000190550873618534
-0.00508648041009096
0.00604215358233605
-0.000346499820084751
0.00143513026483518
0.00241798863337941
0.00240589460327828
-0.00123525525559434
-9.23005531454405e-05
0.00707868511258768
0.00152007786002621
-0.00187467767815033
-0.00124951450762816
0.00170948392315065
-0.00371731500089392
0.00339060882990468
-0.00224457288991747
-0.001876334945733
0.00103172630907895
0.00093628567939241
7.02612466799753e-06
0.00233905047317447
-0.000223058957748763
-0.000479138735154667
5.95591612971911e-05
0.000216416001038589
0.0109145574303436
-4.87538752802201e-05
0.0189974033492295
-0.00143633757072306
-0.00145027606990913
0.00518969839134534
0.0506423628439561
-0.00263448994607879
0.00471835104229058
0.00370788360086909
0.00045888302276128
0.00201817209450359
0.00334835814285858
5.14745806030144e-05
-0.000492555417330933
-0.00125503254663537
-0.000584899921537227
-0.00225171301085025
0.000889311478102316
0.000273080261903855
-0.00302249267258331
-0.000900147735499806
0.00317203250137106
-0.00209051362139022
-0.00012446580899675
-0.000306215561397302
-0.00723065419766826
0.00772172840161343
0.00164392019335473
0.000980700065308239
-0.000493581896622283
0.00205770807664906
0.000406088696189868
0.000932772139348647
0.00116849609165529
0.00425790510245437
-0.00164297775742436
0.000305700345179602
0.00267721190623098
-0.000582959450667543
-0.0004535745584013
-0.00133332292003302
0.000471332179725829
-0.000137376937781332
-0.00208819868880558
0.00134234115100246
7.38969653515161e-05
-0.00125560161139486
-0.000226131529710309
7.34354796863745e-05
-0.00093267006009261
-0.000248987386204788
-3.93656715170785e-05
0.000714214355467361
0.00213109646133625
1.66389600809899e-05
-0.00665680176664926
-2.4708346440904e-05
0.0011144039186831
0.000521855596926692
-0.00100325713825685
0.00246629016037924
-0.00275114601895505
-0.0010068018188435
0.0156452108822342
0.00182960515321875
0.0013002260454401
-2.57632390711692e-05
-0.00175378347750581
-0.00182304272006327
-0.00285757183781125
0.000290195727772401
-0.00037769719763977
0.000696048608054365
0.00105198983686785
0.00109980504486649
-0.00305724229628448
-0.00076295475913031
0.000200455372890668
0.000524226167811485
-0.000213834275119761
0.00063817729473318
-8.10483736595135e-05
-0.00125245643658493
-0.00217450253285008
0.000152189786447445
-0.00129061302730354
0.00220107818404215
8.5926314225368e-05
-0.000198287206633187
0.00134518274611765
0.000523971793617459
-0.00147241925689681
0.00103677313455447
0.00151434075632545
0.000497958606929587
-0.00105115589508858
-0.000274437208491958
-0.00157233136646261
-0.00126579557283065
-5.85189358720485e-08
2.41663650522054e-05
0.000718824239883211
0.000255102061426528
-0.000647315818150454
-0.000180795472971288
0.00289316903437811
-8.82097200988905e-05
0.00135761670327376
0.00142136789615423
-0.000404480887720948
0.000513517305500969
0.000597983834467525
-0.000575130903891565
-0.0010488273028399
-0.000422817978000932
-0.00331020716271563
-0.00615132925442895
-0.000423923945064248
0.00521860162377018
0.00367554535825422
-0.000535871602619102
1.77238903379364e-05
-0.000166915230009512
0.000395304427345906
-0.00123013610914767
-0.000152278418867372
-0.00165405553674986
0.00112609020591661
8.7250434087549e-05
8.58661684882781e-05
0.00214564102061614
0.000937708455520584
-0.00112296787978539
-4.77824614047849e-05
-0.00036290354098417
0.00197642756887348
5.88466773792307e-05
0.00148482716008552
-0.000542492275605762
-0.000979543094874329
8.06491797565685e-05
0.000582855371226279
0.00109192764159741
-0.000356414190211071
0.00129825285871581
-0.000546070795361148
-0.00241108947469079
-0.000139734769783601
-2.8511143595505e-05
-0.00114338307149116
-0.000455959726266433
0.000179711760921955
0.000631099385163107
0.002614823673873
-0.000624995314768144
-0.00129514480111252
-0.000923879107631217
0.00404479042232269
-0.000154889309396387
-0.00130750436346032
-0.00080205478705324
-0.000159333885613119
0.00108266057854861
-0.000542289166399292
0.000506835454645553
-0.000794419309699132
0.000492370813686369
-0.000495997608352149
0.000494544257520369
-0.0014696629426706
0.0013770721977564
0.00314302006334389
-0.000320505380073392
-5.30863884810578e-05
-0.00085524716091265
0.00147901826670027
0.0012561608977009
0.00262602269187381
0.000271456296890199
0.00293743929747946
0.000670949553700949
0.000656554877445643
-0.000969414183477022
8.25605759459374e-05
-0.000316347575787718
-0.000767040275510556
-0.000746123917528929
0.000116523455190206
0.000510420841812489
-0.00142464893822437
0.00117792223739656
-0.000760359132559228
-1.3115746450468e-05
-0.00111604540276578
-0.0001730727104401
5.258886144247e-05
0.000144387284537671
-0.00020851898435321
-7.73503187373859e-05
-6.3261979529559e-05
-0.000175483142120746
3.40445612752147e-05
0.00110762552782374
-8.72272343160937e-05
3.0467654157428e-05
0.000588369926788126
-0.000148775591336521
0.000231244130234101
0.000577876785995732
-5.49733649799513e-05
-0.00186922470128104
-0.000376846296822391
-0.00029010674420008
0.00111988099885402
-0.00125762762726284
-0.00157619402819658
0.000102971228095775
-0.00020762037244506
-0.00095500597855451
-0.000141754566093997
-0.000244290990293171
-0.00039578295152614
-0.000617240498023246
0.00119247511139961
0.000354620289757938
-0.000290324095771402
7.04690386389718e-05
0.000419777989372426
-0.000143987366732748
2.1341874500353e-06
0.00195375372577548
-0.000647881332630791
-0.000315398312274185
6.6227457797101e-05
-0.000607476614154036
0.000381214395533531
0.00010151980596582
-0.00028871439618149
0.00101208400503716
0.000194409589935732
-6.05944817684179e-05
0.00274670011628804
0.00134095716384819
-0.000523544738591357
-0.000256733183416785
0.00129956008563845
0.00299666905888346
0.000246644090720347
-0.000454795256703541
-0.000268554298884223
-0.000709511688309691
0.000247942648775045
0.000468351425630971
-0.000185107452872233
-0.000161324320120724
-0.000103910702913478
-0.000850349055807051
-0.000606175127344515
0.00337030015592231
0.000266237672614256
-1.55326676309647e-05
-0.000226219618349625
-0.000199895351331918
9.13912897776976e-05
-0.000231076669308796
-0.00142910064613699
9.68235037851421e-05
0.000520135695475453
-0.000240204713989449
-0.000247762908008531
0.000192443197285367
-4.36830214020125e-05
-0.000370137257962385
-0.000550482193965684
-0.000136422661427175
-0.000823706436819672
-0.000412993143761555
-7.6965803742321e-05
6.67564127637735e-05
0.000660732786356142
0.000102077264677893
-0.000685792629994253
-0.00133403787391337
-0.000483612469985028
9.79595324754249e-05
-0.000680340810398131
0.000691959926338794
-3.71924831485215e-05
-0.000851226770896986
-0.000197151040193195
0.00105453330063807
0.0003606504583259
-0.000176381123052129
0.000287451114712179
-0.000201349344741643
0.000287189508882599
-0.00107895549862847
-0.00178484390486799
-0.00016544610059968
0.000130409248381717
0.000580584026196306
-0.000255247406546696
-0.000197927230003639
-0.00017634630852391
0.000444979952426249
0.000268724241440726
-0.000737256328331401
0.000164296986749538
2.69664775769673e-05
0.000164511995407703
0.000133031895031856
-0.000413566795541121
1.39891685523301e-05
-0.000296843852814451
0.000413048180289787
0.00024182849192942
-0.00246819345893157
-0.000485856983312196
0.000174110602992604
1.4337563132436e-05
2.53660509613465e-05
0.000323047814560613
-0.000307373514794908
-0.000734974913701179
-0.000303672015318993
-0.00241283353083296
-0.000978563240758372
0.000694770661772752
0.00043762544090031
0.000722763957486852
0.000970239952506119
9.5057621431011e-06
-0.00109287509949176
0.000267549931159544
0.00052235050117352
-0.000998764453792878
-0.000652420697502758
-5.53824608409808e-05
4.25043566113551e-05
-9.0911136657582e-05
0.000712777642707034
-0.000131918855426097
-4.29917896518897e-05
-0.000445598551041127
5.74722460178421e-05
0.000275017912915475
0.000190741207674634
3.16822223728527e-05
-3.22393409454135e-05
-0.000219341669082056
0.000100680448015224
-0.000316658212839175
-0.000227672652761905
-3.95615517705499e-05
-0.000292655499148436
-0.000313707134447322
9.19270430133745e-05
-0.000133495254406433
-0.000199389579495989
-4.46457342266934e-05
-0.000341518508220005
-0.000274451983375052
-0.00012229309989928
-8.04014309858196e-05
-0.000106246214239348
3.32266083414066e-05
-2.65630507429377e-05
-0.00012370168713242
-0.000351241408044344
2.36754090556436e-05
-0.000144427710983344
-8.65551185203532e-05
-9.67796714020628e-05
-0.000444612214148389
-0.000376711162708623
-0.000144909475389088
0.000405301975909699
0.000390364474181768
7.85242624372368e-05
2.09712568653515e-05
-5.67227749279676e-05
5.59566320297321e-05
-1.01986370642118e-05
0.000240266311639832
1.15078474202666e-05
0.000175175264290632
4.28878589511228e-05
5.53010476399046e-06
-2.58629908379931e-05
-7.62266182786752e-05
-3.06507536091179e-05
-0.000175292797161455
-0.000184357501468604
-0.000113863552338295
