-0.867854773397759
-0.70935907207174
-0.419879800869817
-0.522155842347479
-0.31889700326842
-0.288467335081382
-0.130925799662318
-0.24541524764308
-0.0608136488928081
-0.222895258189756
-0.18449584251324
-0.192452399780631
-0.0982609585776747
-0.124297640163877
-0.0548944715626852
-0.0359838307857135
0.0116295746476717
-0.0342548755580053
0.014038267941363
-0.0141992409716384
-0.0274366858439148
-0.102147617245582
-0.0227384373561837
-0.0103140428670562
-0.0093153104482967
-0.0207846007564488
-0.105759207573333
-0.0395501781228719
-0.0881360228761049
0.0143355253196064
0.0169977005706818
-0.0269067010175785
-0.0180572061666916
-0.0171018050352267
0.0169115763757261
-0.0305803115105978
-0.0326760927778689
-0.0102482247638442
-0.00970431905244807
0.0232607976434018
-0.0320303527456335
-0.0679501394768263
-0.00141053864684188
-0.0488876449405741
-0.00292763614749738
-0.0142187923988443
0.0140280072828631
-0.0127925089233538
-0.00869010436551256
0.00359363582719578
-0.0475884317023053
-0.0209747237667311
0.0239321564658979
-0.0142222820232024
0.0099946675778172
0.000188110055666006
-0.00687887512903212
-0.000296439172942271
0.00467344531565396
0.00388705114240884
-0.00558026329388131
0.0193391179461387
-0.00217800021275668
-0.00524973524427162
0.0148507804770824
-0.0136908502609108
0.00060299185589336
-0.0053551667267105
0.000470981775471954
-0.0153105008700592
-0.0171840257496474
-0.0022810088152344
0.0135026125442553
0.0201297178024454
0.00661442475974813
-0.00591276763738595
0.0048425634191199
-0.00192372073478499
-0.00995223594587001
-0.0043737816037821
-0.00698578562918755
-0.0257730863963363
-0.00115638442587111
0.0023732200065388
0.00982761532305334
-0.0301023460665317
-0.00552273738556145
-0.000470838341604524
0.00227170233521593
-0.00553218723893994
-0.0110744546198304
0.00594618841610578
-0.00776393741890168
-0.0285341347045864
-0.00764030091291389
-0.0243979965816147
0.00118945919609956
0.0108378248521289
-0.00964999007076774
-0.00604520172638606
-0.00557740354705664
0.000300288309256054
0.00881422010326026
0.00356946360046668
-0.0138165738852855
0.00588767078999072
0.00314891842087886
-0.00537849594843633
0.00869372462880316
0.0102457385800341
-0.00389133508147961
-0.0221058134720028
-0.0155915081421575
-0.00378633628183706
-0.00410515706222834
0.00368010085532479
-0.000686101158317584
-0.0310490462448466
0.00983453966539253
-0.00621501601764494
0.0117526820879733
-0.00190030744002545
0.0019655718142981
0.00819497413309145
-0.00143471322727815
-0.0096708570674531
0.00561943467342835
-0.00020731899281462
-0.00183648394769779
-0.00299868550646159
0.00056311563903007
-0.000732775740763102
-0.00735893746201553
-0.00448529194795735
0.0105833347479271
-0.00321719367693421
-0.000707289052000998
0.000668069241613159
-0.00595716689543429
-0.00206894560731876
0.00161386129489687
-0.00540438099762861
0.00043798306823694
0.00130153033211162
0.00364790805833594
0.00101500494632094
0.00544350779760507
0.000863083190729409
0.00197961653103243
-0.00394340824632832
-0.010195339402396
-0.00749850625951412
-0.00995318179170939
-0.00225458889507213
-0.00376503552607693
0.000903541532169106
0.0023818591334683
-0.00215416162534824
-0.00490488906112617
0.00179101303235278
-0.0030518614137935
-0.00264003706045224
-0.00363858915919192
-0.00218080069548406
-0.00424098792433441
0.00165209114051105
0.00692884536499875
-0.00653046866719938
0.000271227105937064
-0.00350172166698573
-0.0127564972908398
-0.00155853468156037
-0.000181133308860363
-0.0028241931874112
-0.000284365885788399
0.00114068104133445
-0.00899626648773738
-0.00232988168006467
-0.00545165343030585
-0.00489777606341211
-0.00264815857815412
0.00102785949106343
0.00079589575468256
0.00241477441960894
-0.00121564382837786
0.00170602123304687
-0.0018720535293082
0.00057362285809591
-0.000757135252239624
0.000534287895590686
0.000977604155916872
-0.00174293760113183
-0.000946733562208521
-0.00258617528803006
5.20749351031477e-07
-0.00111729211266644
-0.00365134852752037
-0.000707002113525922
0.000452301295348845
-0.00135731143083439
-0.00141884055210583
-0.00496963332514489
-0.00291877491974994
-0.00325151885247037
-0.001542349560749
