-0.972858662888374
-0.923445169893638
-0.518616689690767
-0.394974643301765
-0.346540947002296
-0.181664994844887
-0.274415549476954
-0.165255160508395
-0.214611031999986
-0.138954829041182
-0.196591513493879
-0.11598575986942
-0.109241523072878
-0.041286129430825
-0.0552574495909674
-0.0366937481742931
-0.0772764041895353
-0.109467595810864
-0.0302252333768321
-0.0587931982343135
-0.0363375858011414
-0.0121155954305591
-0.0264155653902521
-0.0533199319321599
-0.00711043148424427
-0.00013701304181279
-0.0585573593269921
-0.00264638563619084
-0.0152487003622757
-0.0725984671269909
-0.0138596582051181
-0.0867968428042983
-0.00988671669641551
-0.0396666798309897
-0.00183922917075299
-0.00897723528964291
-0.0222837585575881
0.0161548220799433
-0.015362391297817
-0.0116178153260328
0.000946820517249387
0.00373926656262362
-0.00717912566170503
0.015443062804421
-0.00693148592196951
-0.000619459217603723
0.0235622002330643
-0.000899738789318107
0.0114353148943501
-0.000994684267972525
-0.000333522574217005
-0.0152145642146011
-0.00167638152017971
-0.00625232137875723
0.00899225664594416
0.00719743601628486
-0.021094232907992
-0.0109838481066496
0.00437324229766506
-0.000275200641977183
-0.0124294467458645
0.000708052929068263
-0.000142909012572639
0.000607964802346141
-0.010136000180084
-0.0349552234534078
0.00387377341409468
-0.000524375423594453
-0.00253751325694388
-0.00195600286997843
0.00805547865066869
-0.000389289066116765
0.00790378917959389
0.00754213659310656
-0.00134033595335358
-0.00678970105496031
-0.015263620477928
0.013830293363308
0.00272708300858508
-0.00145456326187512
0.00387604502284076
0.0015502135493193
0.00518588873604071
-0.00851895094855004
0.00279916141176022
0.00963965749573473
-0.00419735680882445
-0.039799171992918
-0.00545076332511585
-0.00459920482362745
-0.00171681987973953
-0.0102036804104113
-0.0271896321182433
-0.0132274292306827
0.0102937645236373
0.00188711532922655
-0.00373066231736169
-0.00511751001249796
-0.00311565518564165
-1.35818658000429e-06
0.00156647169779615
0.00145157018858932
-0.00489671394525283
0.0166757532931687
-0.00742054772218014
-0.000282668915560937
0.00229572139924603
-0.00279638892952446
0.0111854280008053
-0.000175521082072295
0.00717496264598638
-0.0120709119403131
0.00179274120338666
-2.62802271861252e-05
-0.00671148575947904
-0.00359639439165772
0.0132879526470071
-0.00116906931038589
-0.000183033082002723
-0.0024270231165283
0.000356830834505187
-0.00732489124477376
0.00920615404264747
0.0055698644394868
-0.018957785413824
-0.00806642516326523
0.003349721510183
-0.0021850436236912
0.000453404032452461
0.00291246233180899
-0.0094302268367214
-0.00252873170555346
0.00175132297402701
-0.00298968323714569
0.000190346515673952
0.00136889121056059
-0.0130565024940268
0.00118107450612063
-0.0018410850819285
0.00368149545954421
-0.00159974119404363
0.000199235893940179
-0.00769054836255461
-0.00365840390691461
0.000249189496994288
-0.00310909442044199
0.0023218906538837
6.21642461211146e-05
-0.00150466173290787
-0.0122855088918965
0.00236570858321179
-0.00378217601175812
-0.00321730880166082
0.00392274952776403
0.000115842619517321
-0.0048151648662137
0.0058520952328763
-0.00437013462424752
0.00295879913726537
0.00130755300022339
0.000563754775632588
-9.08949545133103e-05
-0.000208655082906639
-0.00164426910327898
-0.00087747735534329
-0.00248641169270503
-0.00252826791030003
-0.00722121040112524
-0.00611930173231235
-0.00338539558389507
-0.00121471457075616
-0.00388690559447423
0.000509738964754287
0.000798155742557898
-0.003152354009386
-0.000345156825987186
-0.000435104509973616
-0.00252575903930647
0.000220344925242544
-0.000462126066962067
-0.0042781609095939
-6.74334600276461e-05
-0.000324534589148782
0.000459783367344953
0.00164193629281584
-0.00490760592683146
-0.00107519460313334
0.00047068739103837
-0.00120752754996161
0.000818051647173194
-0.00200030288206811
-0.001420901016467
0.000107238839832901
0.000576071613239826
0.000124835410245701
0.00086174167612824
0.00113480954003668
-0.00119720134879189
-0.00214964442580243
-0.0022735358781626
-0.00119093944307076
-0.0014354798737519
-0.000757376190185582
-0.000612209427050601
-0.000623882721651352
