-0.93372418108153
-0.827171033270876
-0.550077383736066
-0.43202600514049
-0.383760699287125
-0.244500157374672
-0.178915413060528
-0.193339082978829
-0.0994965209839442
-0.21118004583003
-0.13927979398406
-0.08061371989196
-0.0656830645472678
-0.0524150589296926
-0.00636090164592727
-0.0973713960617521
-0.186585163715866
-0.106336497609641
-0.202715473696967
-0.0290913742815657
0.0640461048798965
-0.0713604628908789
-0.0521953015474051
-0.0231103199354756
-0.0698423000840023
-0.0445551929174632
6.39049075608911e-05
-0.00852640059774694
-0.0183711367031996
-0.0410248497759534
0.00435118960949001
-0.00257024490574397
0.0196723245418066
-0.0137512622818695
0.0246235883153147
0.00144732316441533
-0.0052920731411856
0.000222376325916821
0.00134719791034225
0.00966796180042751
0.00382873620775366
0.00104108911696015
-0.0185389450570201
-0.00271393804056602
0.00746352376176312
0.00769429567447375
0.00529552768727807
-0.00512633062249837
-0.00459979871014846
0.00857014154730131
-0.0112222243760547
0.00504893481901888
0.00292775749562582
0.00577795277333361
0.00332115788492022
-0.000164602561287334
-0.00930795834805013
-0.00765623446691293
-0.0205288392771545
0.0068771587450639
-0.0054801272391526
0.000536139670525398
0.00429620977946744
-0.00976303506142946
-0.00521094924267124
0.0287398375211246
-0.0104250134818846
-0.00592145264158582
-0.0315079669233067
-0.00730353129186899
-0.0130479086327115
0.00140229994771881
-0.011887151836731
-0.00241073217943194
-0.00988537907840832
-0.0027907222739713
0.00068072960969009
-0.0274236182011648
-0.0126864321235042
0.00651045445062876
0.00410885526857574
-0.0025800966189913
-0.0257043267035862
0.0143792394708746
-0.0199930961391671
-0.0349395926165654
0.00363487223933705
-0.0136042443753885
-0.0007239459882807
-0.00344775366268928
0.00310093199829854
-0.00205859008996536
-0.00747751869600065
0.00900923035589287
0.00286205371094116
-0.00568942967476537
-0.0010242565805824
-0.00154205342368914
0.00107720237408443
-0.00795433018052666
0.0122496852685347
0.00250472155084192
0.000396145920007866
0.00248133727323763
0.00705966238301409
0.0028408005247547
-0.00583086813573463
0.0225154858736591
-3.51282678096804e-05
0.00210426553870906
-0.00522505575075726
0.00872291712225932
0.00391225886806769
0.0118638722768339
0.00161037319875914
0.00361455706264084
-0.00446242469442661
-0.00265268244767301
0.00239250771809113
-0.00253041976583351
-0.00536772957056563
-0.0037700525009744
-0.00118875118867352
0.00337903242705769
0.00159814695279641
-0.034905507555953
-0.00422911932777922
6.5129381450234e-05
-0.0189955554205984
-0.00110954988241327
0.00409920362794864
0.0125224446576811
-0.00381916057728579
0.00874616943373536
0.00165114576391042
-0.00217625848979901
-0.00430151556734168
0.00109501701064275
-0.0073131210946401
-0.00162560117488089
-0.000119318688583
-0.00635233042177611
0.006455695838708
0.00419952982523575
-0.00487055075169886
-0.00371939516838215
0.00139977507425933
-0.00252925900557704
0.00491608168940569
-0.00670037905149285
-0.0112748656188314
0.00471558321703496
-0.000576654752282519
-0.0024598084593314
-0.000880990494004794
0.00356779324616437
0.00613883882229959
0.00403856343908845
-0.00719019072143095
0.00328490476604366
0.00381044320062347
-0.000287998587831458
-0.00175134997971504
-0.00682869894672562
-0.000276726000910534
-0.000633487650994157
0.000208079069037683
-0.00246939931185068
-0.00652633472926395
-0.0038960763338294
-0.00741134144900792
0.00160308687839817
0.00802674978881531
-0.00125249876435101
0.00734808215806463
-0.0112562223189242
-0.00418327450078474
-0.0117960599196092
-0.00202456382229885
0.000706957330568599
-0.00171252370725261
-0.00195273667353609
0.00071769709902193
-0.000288184902364645
-0.000270346923429349
-0.00153560416079171
-0.010632938473973
0.000474360368492247
-0.00160249192598401
-0.000612839807290344
0.000376000870610918
-0.00292625102014328
7.80842430485106e-05
-0.000119641827688271
-0.000924835483740304
-0.00111422426769817
-0.000139847592573848
0.000603522111738256
-0.00266696796571984
-0.0021636568842297
-0.000705718227786927
-0.00314226482133662
-2.54042689196129e-05
-0.000859490735428443
-0.000317140056023235
