-0.989661701025927
-0.998463277429933
-0.6010674940656
-0.329624135211598
-0.4207854850909
-0.0569018588001219
-0.219076473986723
-0.135693418218664
-0.108227942224005
-0.0357172967864687
-0.0337852943487439
-0.0619701726380684
-0.123295023668818
-0.155069213436625
0.0131224567459785
-0.062969057848538
-0.0624330287914189
-0.0372681755937862
-0.0401320552493326
-0.0210085592485073
-0.0779234618375044
0.0702255226942261
0.0285407590902564
0.0412159110714274
-0.0541981699035679
-0.0366000674548416
0.02281061683368
-0.00149302655265171
-0.0137585277453323
0.00959736290886914
0.00495198298681333
0.0336504410555127
0.000736883776315938
-0.0202311258809119
-0.0133337418173596
-0.0173318948570547
0.0317329503091159
0.0261841524039201
0.0206905738077102
0.0358227815481788
0.0115782325514076
0.0124148825012596
0.00418063210349167
-0.0237056071920157
-0.00227701148945614
0.00309784694687207
-0.00584649162199378
0.00410959811771267
0.0371924076422315
0.00775296459829749
-0.0103925201503596
-0.00308973924383183
0.00716960099524301
-0.0114600430245042
-0.00654012077756649
-0.00257403504635732
-0.00915804500823604
-0.000422432185732633
-0.0260354488706387
-0.00053490545547941
-0.0212615534873254
-0.0149493205655549
0.010268183781503
-0.0140806987386179
-0.0307411290532347
0.0122549885189247
0.00576491452582538
0.00822872360071533
-0.0144276760268065
-0.0745665677385513
0.00709942808467679
-0.0390207230992122
-0.0258117988646215
-0.00882912489002072
-0.0162475998174732
-0.00929840790863811
-0.0142368016474786
0.0036362632685216
0.0148083845490421
0.00932739988767187
0.00660566347286591
0.0275863204613005
-0.0111628627648718
0.00774864090483509
0.00472540817849838
-0.0061187214124497
0.0120450016743281
-0.00827654926754456
-0.00789011090083353
-0.0608274780003082
-0.0021238617188616
0.00342414397628843
0.0186819472038189
-0.0041902650938102
0.00278373515006476
-0.00476475575745844
-0.067805479895507
0.0139579757171145
-0.037050011230458
-0.00207587760533036
-0.00324084140519337
0.00445363418042546
0.00165502631056466
-0.0192036332922559
-0.00104592435209551
-0.00147031505184333
-0.0234960495603941
-0.0246697934957575
0.0207599438776972
0.0109005195288505
-0.00160141290473518
0.0102783502805563
0.00165310004505498
-0.0062635435144273
0.000877538580146823
-0.0191588444443679
-0.00273112665745454
-0.00696008231917691
0.003887456827501
0.00211891261508706
0.000582310154020026
0.00264661287017516
-0.0105885855623111
-0.0163162604215069
-0.00134065296032825
0.015851051118092
-0.0174802387173069
-0.00920949018499507
-0.00197228089566571
-0.00669753841031906
-0.0058849141855652
-0.00527748510185539
-0.0187338241597931
-0.000711869270039911
0.00366892878919599
0.000560200877583025
0.0138223785320282
-0.0387653231127178
0.00128769009662705
-0.00413223408963043
0.00357665199025648
-0.00422598642090348
-0.0144162044914469
-0.0184551327227817
-0.00378941614942848
0.00331310468317068
-0.00397822470450866
0.00514374083756313
-0.00545061138037064
0.000451312472932523
0.00394661289976352
0.00137153426136341
0.00356125182032601
-0.00599072878336905
-0.00515352244428889
0.00262571044187595
-0.00301148877766756
0.000935825001898009
-0.00760530884251101
0.00242066418433391
-0.00247441525104507
-0.00140944531646246
0.00950667575531345
1.11573941112796e-05
-0.00563569197900729
0.00620911906023415
-0.00858110274047839
0.000332499094247994
-0.000922052032267912
0.00982440588076535
-0.00322686403014977
-0.00153141698434663
0.000177386864646854
-0.00851328337940945
-0.00911239166308595
-0.000724660472058538
7.73166248914917e-05
-0.0203583562846613
0.0128390644678732
-0.0125745813238958
-0.000511351541267605
0.00108214003673474
-0.000200116296804588
-0.00166069995204636
-0.000640348886321281
0.00301921803371123
-0.00834898162254017
-0.00331976200170568
6.38018777756825e-05
-0.00406425341616023
-0.00129929343198618
-0.0117515171576961
-0.00242972788274217
-0.0146129414170598
-0.000210240088001264
-0.00107160097664576
-0.00127938949577023
-0.00158666106790792
1.04290014650981e-05
0.000244956404169479
-0.000940679019815412
-0.000961261529713535
1.63927062412615e-05
-0.000459691574838941
-6.20326827314239e-05
