-0.966520835011755
-0.59971937119711
-0.582044474417519
-0.162350132768029
-0.278378811260259
-0.254472025432858
-0.329990642449363
-0.435024732254957
-0.185411961674266
-0.343044413017346
-0.211619219984694
-0.167521525173528
-0.115441079965833
-0.0908084915154949
-0.181428027411929
-0.224130831571844
-0.0403916581484342
-0.164728169702888
-0.176370887094336
-0.0108797383725691
-0.0839911721171054
-0.00291470620228441
-0.0225570964345229
-0.0347267645771047
-0.0167214633778249
-0.0982491859334444
-0.0322934036291092
-0.0503933705568551
-0.0298218954319258
-0.0297188104064777
-0.0148551837934829
0.0155323527267776
-0.0794171560481873
-0.0517395208258252
-0.0738437701078039
-0.0136623622583136
-0.0203163937483832
-0.00822722133123393
-0.00330626895356619
-0.0205696030620596
0.0102528204427989
0.00193160363822885
0.0161452244551856
0.048001860588092
-0.0403105473595776
0.00123287092992374
-0.0265027803558741
0.00153343386893855
-0.00378823009217345
-0.0142810978845983
0.0242679047596569
0.0161905166545046
0.00270783766110319
-0.00121076082119606
-0.00499149969870523
0.00289763918706141
-0.0247871023650883
-0.0167087917210444
-0.000738284223884811
-0.00207378845527708
-0.00920182648987856
0.00605818125276614
0.0103859272402616
0.00320169505752693
-0.0101639870802724
-0.00484179539259015
-0.0242766005527281
0.00267089982358837
-0.0152587175386508
-0.00437230873117024
0.00212625769261645
0.00499757002290945
0.0180752829908501
-0.00233552306283692
0.00666079591881601
0.0094034130112709
-0.00495067152843462
-0.0168049463233568
0.0146131192447768
-0.00057266407550467
0.00569849042217825
0.00392026011837364
-0.0186285945576253
-0.00486183497911414
-0.0100726445192186
0.00536620132097118
0.0115922641718787
-0.00562325928994682
-0.0165614345182834
-0.00581749673881317
0.00235689970645277
0.00419013465132834
0.00304851460206382
-0.00258117880637561
-0.000394496462682559
-0.00593563659460119
-0.00296081015248091
-0.00457826047195012
0.000558990958190794
-0.00482925222168839
-0.0130500720161892
0.012083849583463
0.004854662560303
0.0072864581616916
-0.00210153811383428
0.00329895277313972
0.000905392872253756
-0.0109546837017731
-0.00872170415983262
-0.0128023495206391
0.035573761074871
-0.0174055038892266
-0.00533601415700227
0.00738405824428986
-0.0126396465861795
0.00284694945240089
0.00591543273025139
0.00107911508066091
0.00527642900233044
-0.0175264572793
-0.000957430203725105
0.002689416317836
-0.00569991145280522
-0.00557443094642343
-0.0121733973980933
-0.0250482042255903
0.0045066258337964
-0.00544979992173578
-0.0109944075738126
-0.0176456869537266
-0.000957462097214369
-0.000528270497819398
-0.00692174563167019
-0.00177782518294395
-0.00265261673249974
-0.0107513172432148
-0.000829834958969203
0.000885704484635306
-0.000436297605413893
0.00222944979892123
0.00713579345855116
0.00439369058854881
0.0167816107088283
-0.00232252765284791
0.00454154266561196
-0.00355047795742697
0.0003315509798756
-0.00386657634507962
5.89109184642143e-05
-0.00368973406538109
-0.0115903980553733
-0.00108748200975893
-0.000853224888422125
-0.00298342647385351
0.00628255608107391
-0.00388504155088957
0.00115081455999394
-0.00212995092836609
-0.00125979970890328
0.00263835358849424
0.00350006913251976
0.000676733896109959
0.00281743971271953
-0.000869016731507427
0.00272808521842408
-0.00134000567895997
0.00927454380221036
2.80537715758771e-05
0.00233748736424928
-0.000524881234528948
-0.000158661756361937
-0.00296272735447059
-0.00148213734189117
-0.00853730345661504
0.00777335141931675
0.00133032079567081
-0.00368561677460071
0.000757709826504744
-0.0037790818764805
0.00306311952167535
-0.0114739677256155
-0.000988091662441576
-0.000147082908356699
-0.00405011223050087
-0.000206315584469749
-0.00235231084585596
-0.00149339280474422
-0.00318247319229425
-0.00107774269623708
-0.00033259741964652
-0.00016212462685295
-0.00154283703274609
0.000324094375879602
-0.000693475455629132
0.000347906873835303
-0.00154118943774468
-0.0017910474737184
-0.000224254803441304
-0.00212698586933165
-0.00179241690346732
-0.00179883175373567
-0.000658442172043566
-0.00216309115345785
-0.00133696416688169
-0.00213373402783589
