-0.979361910530513
-0.979361910530513
-0.979361910530512
-0.980961263190016
-0.987532283565807
-0.991644188060979
-0.954516459193582
-0.974100973754195
-0.944029243976445
-0.911709365974772
-0.775466051507295
-0.768293731518325
-0.692029958245895
-0.63169971442191
-0.688397821002476
-0.641945495142937
-0.56582051788771
-0.435758024325028
-0.318054357345393
0.00524078671188363
0.0223321095570728
-0.14036943571128
-0.300573128652018
-0.35480307379431
-0.458388064307492
-0.448793538860643
-0.353168889055838
-0.182961973056061
-0.0764450044033351
-0.140413911638378
-0.127630224601444
-0.149702849767865
-0.144701037371984
-0.189512426615794
-0.187191518123531
-0.148330677814008
-0.244064909051967
-0.311330892089987
-0.356853796619781
-0.375933405683909
-0.369805257070798
-0.307821203849226
-0.260636107298236
-0.284128441339669
-0.317556217691552
-0.235756964307885
-0.120047444362566
-0.228289238727441
-0.19941944358393
-0.160176705256253
-0.104233948140804
-0.20373885344409
-0.240184991015337
-0.185749854562788
-0.159192130921242
-0.0930096902965673
-0.0962794876215493
-0.0628725105546022
-0.0385508951523362
-0.0562288106160302
-0.013794772866676
0.0672371107149202
0.0395018354478847
-0.0217674836827922
-0.00218820423867595
-0.0492803930519488
-0.0756466314045402
-0.0700017517110319
-0.0487174787483276
-0.0154817068969022
0.0340316888852498
0.0252882076822905
0.0594135237084373
0.0622605544655697
0.0168588443052733
-0.0518405521100256
-0.128378732193833
-0.138353443884975
-0.0968128962215939
-0.0304650196457685
-0.0892838427927904
-0.000769539160305893
0.0792285683568648
0.0815754652055215
-0.0556723056457242
-0.0418403711671246
0.00590417464344715
-0.00312051137960031
-0.0476210992154246
-0.0418319537423657
-0.0865316928944957
-0.0469915703414596
-0.0502957580465032
-0.0990418941070298
-0.161844692163615
-0.0872260291268761
-0.105684355386789
-0.0727716563014918
-0.00101331996101579
0.0256734743069153
-0.0506133406114307
-0.0719014562351408
-0.019690719723368
-0.0267207492832153
0.0105044312959898
0.0688973756007288
0.103650740998099
0.0307087407925808
0.0263598924593085
0.0302093460742152
-0.00112030582348652
0.035934920598854
-0.0273106902390255
-0.0485432140865988
-0.0296976597581127
0.0483944699456983
0.0219155709858565
0.00125012766927297
-0.0122650832922919
0.01127299781312
0.00456808824888968
-0.0125556604717416
-0.0295670774298568
0.0316853507599907
-0.0645105288481176
-0.0328149276206683
-0.00842421836612625
0.0432630438766203
-0.00807644006756015
-0.0395741308846951
0.00238598371857767
0.0337024320649819
-0.00526297266609374
0.0101046416681221
-0.000959100832560016
-0.019229043307725
-0.031878048513575
0.00687944474711477
-0.0157187940405714
0.00642003453274822
0.00258719386726858
-0.0275332774271914
-0.0140510497643146
-0.00040022907145529
-0.0313228012126045
0.00628345193558736
0.0334811755204576
0.0176774150432226
-0.00127412790766303
0.00732679149493852
-0.0305602921027315
-0.0427698905410729
0.00913845583531832
0.00885335211607767
0.0233518369177356
0.0855889754350265
0.133015864222396
0.0633145997796526
0.00491603194638567
-0.00301071855382999
-0.0410566574843924
0.0567101864306022
0.0465854711153355
0.0573535070864993
0.0819104023176341
0.126561470733814
-0.00403376266456917
0.00410014772050187
0.00412736326201277
0.0901929099658335
0.0428274686768228
0.000796723398775301
-0.00541538501430797
-0.010924091835045
-6.53837667422864e-05
-0.00236698262145481
0.00338350353418212
0.0413401441967794
0.0284504427903946
0.012677842590182
-0.00188344401555636
0.0117101500255912
0.00227383373205284
0.0498480100591927
0.0667027486855048
0.0105037471621452
-0.0100409766059188
-0.0433394709740371
-0.0395153348969345
-0.00476070714525263
-0.00787328373096337
-0.00970225152362185
0.0126251143689288
0.0254505359460026
0.0257904512287678
-0.00609508066850392
-0.0614629640573671
-0.0337787601475194
-0.0301297637051888
0.0218197836108676
0.0127680721169596
0.0119403947259375
-0.0168470465552273
0.00527823288064047
0.0104973368180676
0.0255520962669028
0.0133797972935214
0.0328553133445646
0.0495382896124284
0.00090713667957969
-0.00462628346276766
0.00210608586858527
-0.00131257947881761
0.00294575783301547
-0.0153940785095194
0.0050447250083764
-0.0103768335137984
-0.0370639240144047
-0.0253391295696932
-0.00625000659813037
-0.020327418324274
0.00848148529815868
0.00470600805968858
-0.0367827259970969
-0.00520520238559038
-0.00521158842769507
0.00233630907679929
0.00938141788727816
0.0191295650003811
0.0125298568077297
-0.00250923081795618
0.0132071417120718
0.00467739388237619
0.00838868332094933
-0.00248912514280959
-0.00604119852573027
0.00994804058760378
0.00265393039312119
0.0089503065170175
0.00798814694352822
0.00876399450311032
0.000233719344780302
-0.00370934870738822
0.00735323104128563
-0.0085341858325143
0.00126943580204889
0.00389532228418029
-0.00239260630203865
0.008834671889067
0.0032817815797071
0.000672518310474297
0.00168175925812681
0.00146043330152657
0.0016566582427406
0.00570097291000451
0.00843217654793963
0.0100979753089287
0.00649707434236692
0.00197174877281601
0.0403301114487028
0.0274472023037022
0.0190347499609167
0.0193071030272344
-0.00508741724414403
-0.0140843013025137
-0.0214960938930732
-0.0163246491283071
0.0017898283130133
0.00622162395591266
0.0165223640664608
-0.0225876084838375
-0.0133789374481708
0.00630383359779166
0.00969548066870721
0.0187324464848607
0.0210468529551854
-0.0118793772946935
0.00642711109245005
0.0304847413323677
-0.00853865807804421
-0.00395592651189582
-0.00561316595865029
-0.000561765902773014
0.000116844718603284
-0.00755119653998493
0.0676257228971448
0.0135477524844217
0.0438345678591038
0.0070750930486746
-0.00525457048977822
0.015368677941891
-0.00810702144046024
-0.0336854860529982
-0.0259265297882839
-0.014394482389449
-0.0036071512883279
-0.021395472660533
-0.0186158438234009
-0.0226867352911248
0.000366105431233558
0.0128014237388293
-0.00489734398932189
-0.00307022474317755
-0.00295916047179005
0.00556008495431707
0.00225114338227531
0.00019857993806921
-0.00636264055636874
-0.00256843299553347
0.00129435270466257
0.00541270046207632
0.0218547363149633
0.00179974252774458
0.0169337734215472
0.0224492995690087
0.00354991091543117
-0.00583724082793211
-0.00715768720684004
0.00201447781428703
-0.00675262638325129
0.00315299351400459
0.0545344597804757
0.0772483493430491
0.0462123645733202
0.03025079696156
0.023552683705021
0.00382767745422005
-0.00321448332500044
0.0146429290381216
-0.00232280505912248
0.00129375876930576
-0.0131286440200957
0.00219781795230195
0.0162147896840535
0.00371829957858543
-0.00832569444569142
-0.047074538701591
-0.0271250849334124
-0.0230480808435428
-0.000602646211832579
0.0020393779941308
0.0118188899518918
0.00975653209943708
0.00220211619483025
0.00485582366611075
-0.0037012118530057
0.00151952130094501
0.0106967856666903
-0.0260863164829974
-0.00670572641054543
-0.0227636870038168
-0.0116583691401156
0.0119445999735646
0.00292064999376917
0.0174298004651341
0.00689256333102205
-0.0394444841610419
-0.00258081840969926
-0.000975125528376756
-0.0114821028158187
0.014747693219362
-0.0403703507007893
0.0126579546237008
-0.04782805969863
-0.00118678551640404
0.00322942718420016
0.00940417304137176
0.00179525818665928
-0.00619841924462176
0.0245895161898804
0.024857939562461
-0.00159687946638298
0.000329611088578891
0.0258710062131255
-0.0108313987137841
-0.00622640769560037
0.0274403656969477
-0.000580059272143153
0.00183943037657751
-0.0612097817441724
-0.00819867237366244
2.30134764984511e-05
-0.00558373688531661
-0.00394512119960021
-0.0140150568363699
0.00793759966927407
0.00916030749766867
0.0266366128330701
0.00905549808122413
0.000219197813088027
-0.000874774342177431
0.00663067531982286
0.0222543318430602
0.0140440150158007
0.0126375412785126
0.0162510806451251
0.00218880804283977
-0.00918852113708676
0.0100458837743437
0.0156581631282149
0.0145151455051763
0.0141454680848803
0.00469684769580009
0.00585174386691887
-0.0126302808190306
-0.00932334116525458
-0.000324037274309241
0.00149322305067764
-0.00251073772304223
-0.00134656624393774
0.00239388560983326
-0.00159199524562125
0.00416514914687157
0.0127311204104664
0.0289235633406181
-0.0112828300031163
-0.00414257914233382
-0.0192242383638209
-0.0144530706153469
-0.006966573712092
-0.0264879768157626
-0.0267130696669581
-0.00573382847492652
-0.00294257187131792
-0.00508739477701708
-0.0191682149041678
-0.00289813682686586
-0.00205956990370916
-0.0159294130225847
-0.00589794485404009
0.0228334840140957
0.00574138214761483
0.00158594522812733
0.00725237066481484
-0.00403849799070226
-0.00320640737291289
0.0172386156871519
0.00602383510994093
0.00113783756195769
0.00056650718591334
0.00703652979227916
-0.0107920797398939
0.00188978774066304
-0.00292077636591162
-0.0122183776007855
-0.0388061405688981
-0.00417921964603281
-0.0211543304759476
0.00643940263463867
-0.0220141645557347
0.0181901339957939
0.0364514498870505
-0.0253928929464312
0.00179488942619756
-1.2087370224977e-05
0.0115242630576023
-0.0188843689148591
-0.00669234552270589
-0.00302064941907278
-0.00726206295705853
0.0229260070055726
0.00824704237792507
-0.00452019525903104
0.00491524183129109
0.00137801354736995
0.0486990527888633
0.0409473321370042
0.0451355600744728
0.0458331053549335
-0.01891429435314
-0.00153814929527113
0.00539811344786233
1.90715699779076e-05
-0.00620610800998632
-0.0159057407723004
-0.0269118851765308
-0.0113097371103247
-0.0205105569424393
-0.0165152824719021
0.00233096082294291
0.0140972060810811
0.0075766433615265
0.000934869350200348
0.00907520595702013
-0.00681086757862964
-0.0034974465716985
0.0120533046669325
0.0106944556487376
0.00464677367408418
0.00429684031578332
0.0191970073043196
0.0093869874083714
0.00565093035566414
0.00546170294272079
0.0118143717679078
0.0122455104222034
0.000625846487553186
0.00611382495003137
0.0335265944179165
0.0276223352488921
0.001540552481138
-0.0175302205799491
-0.00683587906620215
0.0157562684668021
0.00288235881650508
0.0173063195177116
0.0136183229832318
0.0228197546899304
0.00803502714853734
0.00603915813414887
-0.00191954430672308
-0.00193969146027512
-0.00115286870302676
0.00266773074199812
-0.00431459599187046
-0.0107756558461957
-0.011269608798669
0.0196180244472002
0.0332177788754012
0.0574755475315691
0.0241952232211541
-0.00231439559253393
-0.00087974806043804
0.00454469998589396
-0.00259178659162228
0.00788335448082679
0.00233043308024404
0.0015565550308567
-0.00330084847338604
-0.00786308937041071
-0.013726823441993
-0.0138629718077491
-0.0215923224492394
-0.0115020866244623
0.0252210640473025
0.0181659542309297
0.0102615207176214
0.00551253962310513
0.00160780596339457
-0.00633267290292534
-0.0127807285487005
-0.00463235418527722
-0.00711200966696721
-0.00919578646383298
-0.0127371407889149
-0.00232188357760869
0.00561930377769458
0.00937707797757164
-0.00111617288816952
-0.00406754480199741
0.00277246027760218
0.00320024921327174
-0.0105514328363398
-0.00939530539926568
-0.00338172013911769
-0.0170365870809547
-0.0103764834758765
-0.0125494351200464
-0.0114501913936129
-0.00458784910136418
0.0198188001157591
0.00897955355950553
-0.00474166719541222
0.0203531466504462
-0.0130799234319732
0.00502052020300417
-0.00143367182344891
0.00400358991582557
0.00136826945336134
0.0010420471542681
0.000114995039453697
0.00359704834574591
0.00376738916522998
0.00559737412315124
-0.00312010947543887
0.00371830939261093
0.00359515216792878
-0.00418726487047843
-0.0150966950533717
0.0036009977848363
0.00901548141523787
0.00844026429720768
0.0133298937014818
-0.000658882907957598
-0.000257732261124679
-0.0030040527563988
-0.00300277393982792
-0.000464201090634842
-0.00172256176382705
0.00431135193376606
0.00278655454461603
0.00205873524389037
0.0160175620483038
0.0210950064609969
0.00794475106336001
-0.0124368364516517
-0.00299836216787303
0.00380407607283043
0.00198821182749896
-0.0160387172812002
-0.0173019995658094
-0.0123600444569914
0.0140757592743069
0.0440167703231099
0.0376508922228019
0.0307734079043801
0.00119661583719813
-6.32091208724934e-05
0.00161917056137944
0.00378886637652973
-0.00269080003094515
0.0103818743683951
0.00102360254664653
-0.00305152934829825
-0.00351772682673346
0.0156140621824019
0.00503504422173685
-0.0117113234144738
-0.00614897374651854
0.00376153652953786
0.00623978927568636
-0.0190948344022616
-0.00466602858510808
-0.00166743049040666
-0.00415415558127149
-0.000713530800332208
-0.00637505613228622
-0.0211980520613963
-0.0119628289525824
-0.00334806650548624
-0.0108535279239685
-0.0107971884315348
-0.010367189976117
0.00199370820912885
-0.0113506944154138
-0.0266780766733814
-0.0278925526869936
-0.0233884126932333
-0.00794009162734318
-0.000586492495913365
-0.00677058897578298
-0.0067025918834601
-0.0157236430520131
-0.00147159329407658
-0.0115475546742444
-0.00847414243668417
-0.0182333399285714
-0.00844369135146602
0.000713408254457884
-0.00305820112937677
-0.00589666560266754
-0.00723298713677655
-0.0109187371287498
-0.00961338522223064
-0.00493637278310276
-0.00934783201141421
-0.0127252029016381
-0.00504045008940546
-0.00509465790936193
-0.00192007546257878
0.00136221166409563
-0.00449119368666059
-0.00243098542500843
-0.00640175804453167
-0.00728287765745036
-0.0137987608412191
0.00745158182114402
0.000174549150375174
-0.0230832274150076
0.000536668477480868
0.00998493834833978
0.0217781264087694
0.011466092399284
-0.00295094164947368
0.0036836914599247
0.00964652145945008
-0.0201710877009778
0.00106893219717647
-0.00188201512474207
-0.00978482663998752
-0.0642868111695086
-0.017052148596949
-0.0191442502674411
-0.0432550339348362
-0.032568009925897
-0.00588651644264591
-0.00946026141626558
-0.00369313941339832
0.0015790725192767
-0.00134626016603376
-0.00951622241779551
-0.0315414458738544
-0.0134279847905285
-0.0140438913238913
-0.0112556725333534
-0.0169996181724015
-0.0344650615581576
-0.0306159783489978
-0.0172768619813166
-0.0174538104133137
-0.0138314109617008
-0.0093699225892714
-0.00508525269197935
-0.00569089916031142
-0.00561668863452905
-0.00954040744658443
-0.0119741016590553
-0.0124145027242711
-0.0156082658428854
-0.0150133320244305
-0.00502810039231641
0.000516211019814837
0.0253182306631627
-0.00100282485409227
0.00905257836498581
-0.00398818908753848
-0.0036801263212605
-0.00487501448382006
-0.00401112553721898
-0.00429647948251714
-0.0142559441741803
-0.0148153017936177
0.0040632294680963
-0.00446261565327052
-0.00384808019961978
-0.00126571592847798
-0.00510450793453724
0.000222581149909489
-0.00641780898167383
-0.00477076005143058
-0.0167385295593141
-0.00730671527124843
-0.00265947471073698
-0.00307767955858302
-0.00194806121057142
-0.000145349531288151
0.00236597877775108
0.00571637810537523
-0.00270636266100413
-0.0143226270361902
-0.00331001893436658
-0.00380970253409032
-0.00168932449085303
0.0104624958139167
0.0273539994143527
-0.00143199293958601
-0.000217424533255548
-0.00219940620777316
-0.00180392690995807
0.00349303298284602
-0.00371312319805561
-0.0047007899972943
-0.00280434929434601
-0.00167496834135861
-0.00214590505249426
-0.00231627119674693
0.00316846501392053
0.0030248845697669
0.00117728070818333
-0.00220148285127302
0.00335631087471302
0.00152883777221807
-0.00130867734789548
0.000378111283116093
0.00417515093085532
0.00147549526570084
-0.000453493862124703
0.000803698287585401
0.000463234843774492
-0.00250424272820383
0.00289416526562
0.00165672910489581
-0.000936535459904179
0.00179609757758735
0.000963966426165935
0.00219072779016057
0.00119522552632671
0.00218338408915215
0.0026298631333051
0.00290363653823639
0.000551754556735495
-0.000197275678883563
0.00752181440941143
0.00564217468511769
0.00140273852353179
-0.00204321735917157
-0.00357217990741093
-0.00678484790490516
-0.00620759036203679
-0.00281072432023578
0.00210690761997846
0.00441842107654037
0.00126729126302276
0.00337938244850163
0.00547728311340899
0.00939692982927765
0.00838491167658399
0.0104932163198748
0.000279732353964921
-0.00218989006004184
0.00404530825611846
0.00502355849061821
-0.00887479613971447
-0.00149875816118508
-0.000369536428463033
0.00871929736580704
0.00924384985946046
0.00844315157609146
-0.00391860619329929
0.000421622669827554
-0.00228811377974425
3.16437031352077e-05
-0.000350918792955391
-0.00244331988485901
-0.000612304365116065
0.00260010910252805
0.00049008102649701
-0.0103052980831818
-0.00482962545884324
-0.000951933505902597
0.00127463107345855
-0.000232889664394547
0.000808440588986184
-0.00488382539206187
-0.00891405764314013
-0.00868827135761289
-0.00431914654506022
-0.00638779175986964
-0.00337007868312383
-0.00119025914787329
-0.00168565281480292
-0.00338485193024126
-0.00307990047660668
0.00159627945861407
0.00329669155415223
0.00189354275261118
-0.00428059521546193
0.0012290134461637
0.000922218704796046
-2.39521539453591e-05
-0.00113752426315504
-0.00435524782030992
-0.00503396503982643
-0.00410548374377892
-0.00220852170812496
-0.000643339030033768
0.0043734493975137
0.00219382332476311
0.0007696159620242
-0.000755824951047372
0.000245148289217904
-0.000726188830948737
-0.000450666089821811
0.00122270738851142
0.00134281446677387
0.00179891297924294
-0.000709568753926562
0.00253187505815872
0.0065222331383788
0.00435753411881436
0.00319126895032621
-0.0050616184049332
-0.00382095671444234
-0.00119155902258779
-0.00051988156410405
0.00170786835164316
-0.00140721756682186
-0.00140353008135716
-0.000260552141256871
0.0014063929585527
0.00160814383927157
0.000228914720219118
-0.000419305622910321
0.00358044806688656
0.00122444444990447
0.00329246696771712
-0.000146830710196998
0.0026434050774346
0.00277538943748358
0.00765405977249934
-0.000651494285463225
-0.00520997043118766
-0.00779531327642047
-0.000896350203198021
0.000698068712940607
-0.00075208584766061
-0.00195837755234455
-0.00121153768038797
0.000630878384734529
0.00301002904171732
-0.00181181141063617
-0.00147099820852784
2.08491552778939e-05
-0.00402756103578491
-0.00327246383129761
0.00115553324524134
0.00021684207905219
0.000275722064972911
-0.00203549898681788
4.40213895176187e-05
-0.000764487254033048
-9.08785988908323e-05
-0.00247102543898817
-0.00666059266416191
-0.0111634146223761
0.00364967731382449
0.00107148858502877
0.000390026374214297
0.00196757033738083
-0.00533528494035075
-0.00285356226351697
0.000666824680887152
0.00169230235121185
0.000102560091468836
0.000916822983092625
-0.00440196439505733
-0.0105774160052198
-0.0127021715748964
-0.00790472317178409
-0.00490100723036505
-0.000714359429991904
-0.00709378610241649
-0.0086172176968033
-0.000771203128873813
0.00314241052027201
0.00837361739133029
0.00597305459991229
0.00246451851360942
0.00603043134962784
0.00200852581566707
-0.00175637190944163
-0.00390955514739739
-0.00346708629771602
-0.00217619239616777
0.00307570965135516
0.00575413818494906
0.00158009263179474
-0.000750321507398783
-0.00140270841499856
-0.00182657512949027
-0.00192300841354952
-0.00132781129497573
-0.00115429133328014
0.00243178780361598
0.00573689535235446
0.00315480595087669
0.000968388993642403
-0.000307524690828913
-0.000564512748686238
-5.51127151245165e-05
7.71446923983794e-05
-0.000735044149640288
-0.00306899400665164
-0.00257181159926105
0.000631318109171055
0.00115590997520789
0.00163380667580766
-0.000232555231137739
-0.000183510028227401
-0.000566299260551463
-0.000170847546101546
0.00011208285116141
-3.45731167707257e-05
0.0018547114976179
2.02079283395655e-05
-0.00109106423900595
-0.00216408180112717
-0.000909302096031704
0.000282760378842866
6.13843392680901e-05
-0.000483230709903693
-0.00181137459225713
0.00167829246381591
0.000500744532653248
0.000185606812956078
-0.000448159602518755
-0.00138947134038319
-0.000629505634305141
-0.000252530045096999
-5.6217839610456e-05
0.00028764921669713
0.00065834614894966
0.00140619420351054
0.00114028968723758
-0.000292577248701496
-0.00490814350204787
-0.00113389933420103
0.000906704402673153
0.00018863595008472
-0.000260325500387616
-0.000912533722704299
-0.00126908042591194
-0.00159294255749018
-0.0017436828685707
-0.00185607336009775
-0.00175148011293224
-0.00115920015922193
-0.000410526951076395
-0.000973530087480838
-0.00180375553108588
-0.0021223686568451
-0.00321411360021736
-0.00281620710102774
-0.00452158372601188
-0.00328534477070215
-0.00242464107286265
-0.00181949452371765
-0.00168219487732826
-0.00233332820192256
-0.00197040570773721
-0.00275557104623187
-0.00319963374598503
-0.00473704247360903
-0.00338310934229938
-0.00203315901482258
-0.0011567249823741
-0.00186718913601918
-0.00426850459024205
-0.0034398451999563
-0.00299330867693326
-0.00319677491247393
-0.00318863225826799
-0.00306363975601773
-0.00279158133197155
-0.0027691027011347
