-0.989029271498162
-0.983262426296603
-1.00281963873982
-1.01175250807055
-0.935076727444306
-0.915774002084825
-0.800766633597258
-0.738369740083339
-0.670618923595331
-0.701629925114386
-0.776096236257699
-0.733799124201254
-0.765200227671203
-0.746932038283409
-0.538196252456983
-0.396314328541503
-0.262626073428041
-0.254290785430642
-0.211284576936001
-0.282100824702647
-0.424764750578319
-0.345810413169116
-0.198325387070429
-0.189034958687589
-0.0457049421689704
-0.0481227787978113
-0.0350290167687624
-0.0986093050341476
-0.190006225879996
-0.212495539783746
-0.201531363945259
-0.14948402205733
-0.075895252516824
-0.0044881835466723
-0.0827081275553382
-0.160688040878083
-0.130981592480522
-0.15673280461719
-0.28265112042632
-0.232026833871177
-0.118166867092524
-0.201744117204995
-0.213644646883155
-0.15998457947562
-0.165841285432667
-0.106674383436815
-0.0232266156512995
-0.107808737657818
-0.112273608142027
-0.0482682217511207
-0.0898269402231945
-0.109504472632665
-0.165261305951993
-0.143491123768463
-0.15817142612091
-0.13300589348251
-0.113041000917843
-0.0608652329068468
-0.0792155468622821
-0.106657891801
-0.164523967702845
-0.220327855698742
-0.194062533728958
-0.179534040002691
-0.203666352257136
-0.15334625315907
-0.13279051939729
-0.10720909253242
-0.188584005744179
-0.150628659626046
-0.14219418018396
-0.207858722481248
-0.263222571610879
-0.157759674519876
-0.174034377887911
-0.0801724507178809
-0.0622437698798626
-0.0491205543260073
-0.0606473443217066
-0.0846499610957286
-0.148808852474526
-0.167519335526027
-0.242003533595174
-0.135914864085924
-0.113438779113006
-0.0806762379908594
-0.0468275882482354
-0.0486478430947793
-0.0510962297122583
0.00119150486720299
-0.0677869738072167
-0.030269749056714
-0.00663332426589849
-0.00191684188125386
0.0336154272053699
-0.0130206587620209
0.000405949201834651
0.00164578734817084
-0.0279940168978405
-0.0665904306777321
-0.0261840342128193
-0.036218506523105
-0.0863027841783164
-0.0676004289071488
-0.0471610079789638
-0.0629240427394167
-0.01781792655704
0.00456441124792312
0.00627763157894672
-0.0258536072792287
-0.0219332160197261
-0.0347493751112796
-0.021322782697991
-0.0136429484360849
-0.00449382044049926
0.000189215991867723
-0.0449227559583241
-0.0275941288025716
0.00806657837267429
0.0196306680318242
0.00669313109382795
0.019870224427396
0.0168140777995071
0.0114204993438065
-0.0478483112557155
-0.0453314199434033
-0.0396714000498256
-0.0236342741941143
-0.0102518131945335
-0.00672498316342295
0.00346561073273601
-0.000527080288730678
-0.000598740271266161
-0.00182722795306106
-0.0225839465940018
-0.0159081793040019
-0.0365404509925418
-0.0494605026407873
-0.038973062064762
-0.0157101012471408
-0.0512545378730106
-0.0207099734516512
-0.00287724926736047
0.023921175619738
0.0124428214745313
-0.0162423674953329
-0.0210422218623648
0.00492778792010198
-0.0115662333842431
-0.00690223256806376
0.00981448412793431
0.0218868422701542
0.00446219977498639
0.0100349503012685
0.00285144834055224
-0.0312641285398038
-0.0144893214860506
-0.0358383293171643
-0.00962970071703936
0.00600818390963731
0.0274910381449062
0.0156038822682008
-0.00669736211499435
0.0215691767205036
-0.0133182703950136
0.0285553545735024
0.00472867973069145
0.000308560275157813
-0.00646527790765938
-0.0396531060589551
-0.0337880888161021
0.00304894568560152
-0.0033756693873631
0.0179301847168526
-0.00186417398265287
0.048163663585454
0.0334076537775103
0.0358355649142161
0.0281167972776931
-0.0163388686465599
-0.0124363726552258
-0.00389665382648155
0.0288061773011284
0.0219905362057676
0.0787975367041294
0.0209570038856859
0.0395690667374575
0.0159994630711378
-0.0111956071118881
-0.00964434793783565
0.000975788188221088
0.00473950719191346
-0.00361750779335332
-0.00196557639526634
0.000945095534895007
-0.00822388624889455
-0.0232419352439118
-0.012455609788359
0.00986266278922193
-0.00148023997334427
0.00454299879547064
0.0038124608436343
0.00450903402184114
0.00188861928148919
-0.00680962227315093
-0.00379384962321473
-0.046692480328902
-0.0396555479153047
-0.0297128765498171
-0.0113380496793303
-0.0068157031920803
-0.0281392673310305
-0.058921996664865
-0.0437301842608748
-0.0391790285769998
-0.0409595608089229
-0.0210708221031626
-0.0105983426767327
0.0190257931371567
0.0342350150577573
0.0446159509202757
0.00154980700978143
0.00562880037102651
-0.00238768111820369
-0.0015168069958654
0.00295485535185976
0.0184426408267245
0.0151698154135608
0.0185931415813044
0.0141609322483013
-0.00103786343192235
-0.00553223647966812
-0.0272898355063318
0.015686562101312
0.0485724277665969
0.0412925170720013
0.0291793782820363
0.028635403844627
0.0282974200551458
0.0190217361753586
-0.0031549596003171
0.0291413890072734
0.00733905813124497
-0.00041760667095567
-0.00231287512848583
-0.00450947845372215
-0.00152890918573541
0.0180219797387776
0.0127664542954237
-0.0221060749215927
-0.00722666805850347
0.0370896586412178
0.00833115391216387
0.00147892705960509
0.00336347115988118
-0.00029641886100277
-0.0105029866017507
-0.00507852716468407
0.0033932588976285
0.0424361445942158
0.0339330007283701
0.00778699573002236
-0.00441018679752046
-0.00400739748497398
-0.00539566264921576
0.0055367939299557
-0.000773276860560531
-0.0150142191593079
-0.0208147459369252
0.00617780317354476
-0.00635280821422478
-0.0107562311803458
-0.0107420902618108
-0.0434331737061047
-0.0153095063196238
-0.0154123832818208
-0.019985832088819
0.00212619837973858
0.00346867053043182
0.00501366019094277
-0.00672149799976551
0.00182268036419822
-0.0035378421668682
-0.0108932003438544
-0.00101642224693329
0.00101367001472551
-0.000338486222107136
0.0121609676297262
-0.00779646940272562
-0.00857555974515682
0.000932811530533326
0.00177504268049023
0.00198636001325868
0.040620980597681
0.0019798410525078
-0.00983023947714894
0.00568649525627125
-0.0144535354182117
-0.000728163302711246
-0.00036019120806153
0.00202450686824896
0.0187523764142225
0.0134894111386257
0.0208769927535095
-0.0241392375240233
-0.00587680825150187
-0.0017133192286706
0.0131450822783519
-0.00402690928335487
-0.00498725778142586
0.0149737454746566
-0.0252430107804984
0.0120682618396281
0.0112927171136542
-0.0036323539145694
-0.02446378468014
-0.00929084424277724
-0.000413882161901089
0.000904184618724459
0.0239294863278555
-0.00883307024545256
-0.00974284793800939
-0.00315880681856764
0.00817047949515261
-0.00768794136903973
-0.00265502110435097
-0.00626823216658799
-0.00943969049331897
0.00232346245324902
0.010853196876488
0.0153674532408382
0.0033777925181281
0.00644034451466578
-0.00211100748270772
0.0268579576999928
0.0662729007529377
0.0288463337245479
-0.00965018825268668
-0.00838694385132181
-0.00976718330488128
-0.00708789305719532
-0.0083494695454613
-0.00650083845494757
-0.00682561580509238
-0.000243094054573026
-0.0015305275288992
-0.013016645076236
-0.0259409628694828
-0.012618993418731
-0.0306335854789363
-0.0222920169871751
0.00158646302336564
0.00927474177278378
0.0122303427688028
0.0104878023442786
-0.0109640380740239
0.00369954382816014
-0.00989120641997033
-0.0132170517482212
-0.00160226977501917
-0.0218598034172065
-0.0164683956865724
-0.0172759476336978
-0.0335413300771389
-0.0101374090730364
0.00187515676786322
0.0167551001244574
0.0232607019912277
0.0320997296472856
0.0159336052385942
0.00944607871373572
-0.00405003343404707
-0.0104517165216915
-0.00581379207858904
0.0213466933347413
-0.0213661801913111
-0.00566231162352294
-0.00824624473820613
-0.00221067639486703
0.00321609313365342
0.00652186855345581
0.0103748780858526
0.000834884307901544
-0.00472528982180418
-0.000372382900385024
0.00616429549401051
0.000622196864629198
0.00411426330767568
-0.0045686638613745
0.00153170651653226
-0.00806079137642282
0.0081542043795931
0.0542459923611286
-0.0117965273532166
0.0175035862313924
0.013259778576122
-0.0101546074428235
-0.0127245033343756
0.0110579449177181
-0.0372076693305389
-0.0167544538011725
0.0190981619082903
0.03739041090306
0.0243676488401476
0.00278792542389729
-0.0106768238836059
-0.00256589863109301
0.0018662293395669
-0.00197581075939037
-0.000884010580331048
0.00034914713420248
-0.00755660798234886
0.000192842080059347
0.00481691491261521
0.00335270019439553
0.00563350341797446
0.00618068280924844
0.0308819073239507
0.00915892391589772
-0.00810488912622163
0.0017471867357333
0.00983224071134065
-0.0126434649926038
0.00134227230378943
-0.00067747545162617
-0.000728706179495548
0.0133114638817969
0.0374453267079771
0.0319297792184366
0.0226792202242348
0.0186905243393696
0.0415054776884733
-0.0601243309556799
0.00110574178137781
0.033649702013012
0.00268114647115936
0.00834146125572644
0.0114746376712099
0.00582541122295911
0.0250908706881766
0.0274464580159381
0.00337884477822045
0.00840664875096095
0.00260576425654838
0.00277288221711484
0.000589563769638116
0.00833629249926256
0.00277572882265283
-0.00353005585287656
0.00127586874290488
0.0148914393176421
0.00531861446133178
0.0467423058803031
-0.00840963157515774
-0.0428029617942233
-0.0301864143006222
-0.026795558926324
0.0049978381891025
0.011933825617771
0.0432514303766341
-0.0053399500180335
-0.0105177887541962
-0.0109881315747575
-0.0155739541137647
-0.0105035618087321
-0.00718197203049532
-0.000743688979343002
0.00109048326649596
0.0109696469619226
0.0196098120071901
0.00211356116642502
0.0545229686157508
0.0299448541534363
0.0222119788472656
0.0301292190081915
0.0293480534946101
0.0394199950352138
0.0277914308736565
0.015589545930181
0.0123548100605167
0.00657989985828061
0.000527451610614028
0.00728966254088879
0.00591553329834328
-0.009573733644555
-0.00516924665558579
0.00110506717524495
0.00968902529098708
0.00377282310248336
0.00349738601451932
0.00352395058689509
-0.00536206139920202
-0.00300800727324829
-0.00320230524064063
-0.000429693181850366
-0.0311574856298475
-0.0296013381403557
-0.0461843627800268
-0.0216456490656536
-0.0111695591082333
0.0211890385199211
-0.00599159257319691
0.016149480400333
0.00164220336133323
0.0040886363419167
-0.00664112508862452
0.00085602786900546
-0.00787587674582708
-0.00846550479294437
0.00129463415229168
-0.000443931570046829
-0.00259817048593696
0.058791584434352
0.00945813031713109
0.00452582744869588
0.00119141307660171
0.0337352426767101
-0.00699520555724784
0.0451531788562649
0.0147600653460914
-0.00232986171579589
-0.00623301383346816
0.0064784765801066
-0.00845561009960242
-0.0117128278605918
0.00187114774416476
-0.00456016468123784
0.0039837547407013
-0.0138444658329568
0.0119608568670488
-0.00815735061718915
0.00740220821494393
0.0124183383460368
0.0126590448776872
-0.0013093746131725
0.00306033125759812
0.00779297868021851
0.026835342092462
0.00451907194578697
-0.0183950418869678
0.00554261317623362
-0.0203932055817436
0.0265093498612109
-0.00797801234718647
-0.0198074173832668
0.00980604540084928
-0.00847851470339163
-0.0498207944258801
-0.0676522788168414
-0.0415000066989592
-0.00819022022735819
-8.79453493751983e-05
-0.00334316954400973
-0.0123680248146913
-0.00726554173149771
-0.00210949468688338
0.0054556325579859
0.0195143673956878
0.0263496085212622
0.0185407122910958
0.0024553775047308
0.0143570775659934
0.00543179789469941
0.0119912623994103
0.00649523453432114
-0.00103031755295443
0.000457452101182898
0.000364294911439989
-0.000149244073304131
-0.000985142998323923
0.0019930032448576
0.00251453570631589
0.00407261836300136
0.00944889383427895
0.00361896702717102
0.00427661968671789
0.00372145035341803
0.0100608167226255
0.00702095694749424
-0.00225192278522666
-0.0224357971507528
0.00912059684072332
-0.00161069799617433
0.0025852706330539
0.0040895437503349
0.0116156680189586
0.0248853402698962
0.00392733378321386
0.0167651553005513
0.0121537139576239
0.0056121367424138
-0.0419866402586458
-0.0263049505725876
-0.0144343317351044
-0.00359274151846546
-0.00200674878870183
-0.0278468000692961
-0.0246915038895688
-0.00915389285623965
0.000912667617106004
-0.00946979399543466
-0.00797079848741062
-0.00977404983240385
-0.0242932867551476
0.0015783925523329
0.00331668404247378
-0.00326939868779772
-0.00914139557396411
-0.00991281289572883
0.00729140111294647
0.0123284399318237
-0.011192920144654
0.00250425586929679
-0.00624064123600433
-0.00924194117669706
-0.0262166724543141
-0.0259607419630063
-0.0227061960768641
-0.015581964958059
0.0196123904534645
0.0243979572722115
0.0340012433431511
0.0444691900715098
0.00656590662756064
0.0150945201340626
0.0152851464367399
0.00929210850528359
-0.0198411932134116
0.00949838167571821
-0.00606453323351151
-0.0186483880141838
0.014443128329289
0.0108899520017578
0.000802306428065957
-7.51502205767391e-05
0.00738877645077629
0.00118092181925584
0.00146037574448529
-0.00254165768065358
0.000708340271104318
0.0135367715423367
-0.0136214187392041
-0.00794087141400191
-0.00376269079898698
-0.00294389974586076
-0.00460735113497082
0.00513440853008799
0.00390302594452558
0.00283855174644146
0.0013013506982927
0.00082623129422877
-5.56253915383956e-05
-0.00108956105643028
0.00280318195795933
-3.25238669022956e-06
-0.00135584358337763
0.00103411134265649
0.00245693621100606
0.00860354779434875
0.00552252241649569
0.00455961576716107
-0.00571412237403732
-0.00139098114554039
-0.0094701227564565
-0.00552303102677764
-0.00938275738305825
-0.000136487643732392
0.0116746671322778
0.0134053927725243
-0.00122951597457926
0.00237991939920212
0.00325155332920992
0.00342534161213752
0.00872703964147718
0.000632342693208839
0.000100331871473901
-0.00137468865341153
0.00143045225062566
0.00298864711198022
0.0111297345867639
0.0011061063818927
0.00020585734776957
-0.00269739054425836
-0.00040014197207155
-0.00379845220165446
-0.000211392906978982
-0.00372751750536745
-0.000818347975581192
-7.5411386887686e-05
-0.00264906527862975
-0.0152076096231673
-0.000383622938628314
-0.00215500482730891
0.00713117490140845
0.00625803396050739
-0.011186927361388
-0.0082710065716604
0.00777518451440962
0.00750933107567253
0.011793255490138
0.0042556101564439
-0.0125938510130991
-0.000625235776142634
0.00549832736047102
-0.00643036001515303
-0.00135348383480733
-0.000261244305231631
-0.00182834946534868
0.00491437308147467
0.00170231283139273
0.000767829477598775
0.0058402452485372
-0.00126223005217071
-0.00306841384702487
0.000759991351132799
0.00271971748556946
-0.0146530714136109
-0.0130170768132812
-0.00622152162616777
-0.02413197515695
-0.0138242163273366
0.0012379790708716
-0.0031969715321019
-0.000648115194308351
0.00035973914927781
0.00207607688015367
0.00450175941617603
0.00769489195607136
0.0035544361104182
0.00608358191971298
0.0102311018472746
-0.000685823483881537
0.00257596984159804
0.0036496501901447
0.000142150843956673
-0.00639442233726327
-0.00757126643418887
-0.0080573269146947
-0.0111409084696103
0.00136441777668125
-0.0355342745685412
-0.0143225382835883
-0.0144957237535423
-0.00532521344380455
0.00116131480692336
-0.037980819424339
-0.0146880878739895
-0.00273442875902105
-0.00290218581710871
-0.000124545437625499
0.00067878700677736
-0.000560635541362751
-0.0017252325377313
0.00202076687358912
0.000633989822626084
-0.00216572751069662
0.000506661024525404
-0.00300194739442735
0.000918390031011867
0.0040078099506836
-0.00215609969521855
-0.00151700152444342
0.000590517597820703
0.000578690390189959
-0.00232670696130424
-0.00678351409688712
-0.00225321896192095
-1.21577101115022e-05
-0.00437569192290106
-0.00357292392815718
-0.00787265733717537
-0.0105890061683586
-0.0179560472802265
-0.0214275235282726
-0.00622004451070459
-0.00292300555688614
0.000741053415837846
-0.000310197436645598
-0.00135305006773989
-0.00128277700554385
0.000731252151579373
0.00294607766739612
-0.00105889026622459
-0.00435221418878891
0.0098828667723523
0.0114517739977433
0.023305276913711
-0.000416737005741621
-0.000930785886545701
0.00118603575183888
-0.0281857673473266
-0.0232012492218346
-0.0134070127539594
-0.00502127470347965
-0.00679900399137808
0.000111243321575898
-0.00336368497955172
0.0076747292410855
0.00721201138554447
-0.00715490575995256
-0.0111132749871422
-0.0136964866038594
-0.0143336189047553
-0.00387379114231022
-0.000999781607146925
-0.00214384505144744
0.00847774559064934
0.00119974819375203
8.80381860788467e-05
-0.00194250702928316
-0.00798301743922396
0.00114834315016203
0.00782025095082004
0.00045338064564979
-0.0108608002152047
0.00411890424607841
-0.000128446894108756
0.00143309090501473
-0.000311572225205231
-0.0139927029516747
-0.0149900128448912
-0.0229641493041835
-0.00151919270955467
-0.00327323499580028
-0.0046013119977034
0.000774532252086708
0.00217407798865115
-0.00651069827847438
-0.0383794488283308
-0.0210754831707267
-0.00741247844198146
-0.0109878449629382
-0.0131436788354903
-0.0163443578590893
0.00508162919089111
0.00265238382954949
0.000180002803933818
-0.000300770108489859
-0.00865852230676428
-0.0218079232312511
-0.0399116555680557
-0.0570048764929599
-0.0194430959153376
-0.0175050453301925
-0.000786008075116099
-0.00199298130531083
-0.00556117332832447
-0.00501272928201429
-0.00133364510531718
-0.00248388796584548
-0.00612750271363499
-0.00227117782783629
-0.00720991424421146
-0.00116040249837612
-0.0069755745800243
-0.0067474495717503
-0.000602933263039144
-0.00165909584558644
-0.000304245953885462
0.000233816064270429
-0.00330029622374318
-0.00207072180608838
-0.00549842795561808
-0.00249789657468708
-0.00090188615847912
-0.0012925607172506
-0.00394386184304706
-0.00133250061192125
0.000392953628907913
0.00604366459841975
0.00315541463427872
0.0049582786752846
0.00956792148194725
0.0169688408352634
-0.003867470436024
-0.00422245878944151
-0.00151334606471866
-0.00428366912699792
-0.00328840023371444
0.00268799108847432
0.00200846604546388
0.00101209038955629
-0.0040044813831608
-0.000977359093188025
-0.00013816679801968
0.000329172526516828
0.000807702354086048
-0.00201928267237836
-0.00877336911092376
-0.0150648818055677
-0.0174499769934049
-0.0128140873890856
-0.00415784301173432
0.00200298648051853
-0.000805645630539352
0.00434779492998255
0.00402397385181946
0.0095197637136138
-0.00188885511566485
9.72791394127343e-05
-0.00309204323244527
-0.00283027390340891
-0.0128356408044448
-0.00618749011266076
0.0074658411659855
0.00172169379001178
0.00636356383893616
-0.000277857394921382
-0.00117862884801109
-0.00189400862126571
-0.00404896982982654
-0.00795011727579669
-0.00842050516492135
-0.00746251742042094
-0.00891402212655738
-0.00381662850733201
0.0062271640637639
0.00716135173950539
-0.00852849890034368
-0.0263524947669222
-0.0078220907395076
-0.00314160533288043
-0.00524573006599728
-0.00130560937705258
-0.00095273311902499
0.000718691939160675
0.00136835368062774
-0.00323256205953799
-0.0045130865509431
-0.00331237177214508
-0.00491369174489763
-0.00362106128160386
-0.00539781082893745
-0.0104118154967629
-0.00737926672242924
-0.00520607712765679
-0.00302357089511611
-0.000159568694244664
-4.81351855248927e-05
0.000431853144296973
0.000845022734578606
3.61439521701962e-05
-0.000960571107212561
-0.00122404906928257
-0.00173035482072542
0.000308899904434499
0.00103261725092914
-0.00263023873545082
-0.0013396343791907
-0.00672176697639528
-0.00619258083708555
-0.00242344546945569
-0.000743714898517678
-0.001145611197283
0.00151411786724737
-0.00186102159675953
-0.0019132096750132
0.00208117285913111
-0.00194953371508998
0.00177261690440232
0.00138646761023236
0.00213654600918081
0.00142391947242197
0.000608099788811725
0.000407620130142514
7.0059931707362e-05
-0.00028590629939551
-0.00198505220657652
-0.00368993374363442
-0.00453450006852999
-0.00252272898202613
-0.00269249733882058
-0.00233917911566417
-0.00164584524183932
-0.00125005830433326
-0.00136937996300996
0.000210721837791766
0.000478994552608177
0.000448471562921666
0.00150999943781644
0.000149063332434734
-0.000625616839980993
-0.00236432958887621
-0.00148547645861618
-0.00346239984545699
-0.00279929045619464
0.00200258262784623
0.00192470749610119
-0.00226899343875391
-0.00754263602557783
-0.00765497825227594
-0.0102152993029941
-0.00366138891400883
-0.00187566487345919
-0.00150970493715128
-0.000889082147768833
-0.000117233696748017
-3.4706553009706e-05
0.000223812299200142
0.00204746978717171
0.00223793207216761
0.00132390294089068
0.000587291739040762
0.000221918234981837
-0.00103961120609034
-0.00325481054058246
-0.0038640834616261
-0.00192670419101379
-0.00570948744719943
-0.00649340731071478
-0.00712434606626379
-0.00779184129217636
-0.00266783413005575
-3.74048596446655e-05
0.000288818571773513
-7.68524120454936e-05
-0.00105763613529424
-0.00181099770118785
-0.00243569013866109
-0.0032956080190154
-0.00372256571951407
-0.00346794603919647
-0.00361435533731359
-0.00361435533731359
-0.00361435533731359
