-0.980701284784094
-0.980701284784094
-0.980701284784093
-0.980701284784092
-0.980701284784092
-0.97661905111026
-0.969843087368387
-0.994923570625271
-1.026436171159
-0.976900003719876
-0.948488030420258
-0.890209220999283
-0.879476076012604
-0.740708870784946
-0.619174903118355
-0.599332438281397
-0.486435351691694
-0.398384136651507
-0.365771982147813
-0.393687329636728
-0.329167018069529
-0.210727046240967
-0.197101288277258
-0.31648866728345
-0.347332555422282
-0.269947793342298
-0.15235188336314
-0.173422390046511
-0.161091352855618
-0.130020869888723
-0.0481674351941556
-0.0794415212630875
-0.133923795262255
-0.15749367578618
-0.160546660093109
-0.0988568332141885
-0.222118962991221
-0.202550533051924
-0.222466591310707
-0.221582877885458
-0.232021846948511
-0.179827984638156
-0.10914915780917
-0.077757557169089
-0.0336711461199144
-0.054797177542101
-0.0732833400833316
-0.120603090536664
-0.183288175280539
-0.102447405596277
-0.147892398842238
-0.159776497643799
-0.110021012176522
-0.0555552430531853
-0.0181678536890702
0.00710732129563282
-0.0654778788933553
-0.121637894221931
-0.123154956380892
-0.0883306094676677
-0.0770215110466389
-0.0883296395919984
-0.0999154368494101
-0.0664162017946252
-0.0158477996034892
0.0198989020204969
-0.0621107381597587
-0.122784833354316
-0.117590536893206
-0.112993110904655
-0.0932292586617284
-0.096838494235357
-0.0259088537729756
-0.0240175581308295
-0.0339091887542174
-0.0472647045502197
-0.0482439555767243
-0.115133479805747
-0.1808195427634
-0.0575076042682882
-0.0440920366721653
-0.0552816472073512
-0.0424635952645564
-0.00558415741314123
-0.0058098860805105
-0.0015484177030107
-0.00330963410837209
0.00417306041985995
-0.0101308434375812
-0.0212202932021776
-0.0563628899327081
-0.109390879935505
-0.0850886076779491
0.00466994866452386
0.00478332474482276
-0.00326605228965526
-0.0057680569964701
0.0115540481901473
0.0118156112051267
0.00369962684703181
0.0229741842539769
-0.021362616063731
0.00889432291148058
-0.0162513693350689
-0.0120506260178385
0.0141765500818972
0.010917833972233
0.0094937290927516
0.0245262142419972
0.0200536351901592
0.0491102920699852
0.0290269717051876
0.0129614528768054
-0.00740829439568569
0.000610106669693216
0.0764702775831964
0.045344262194417
1.51427010247826e-05
0.0185727201284159
-0.00276949290876817
0.0273946713135152
0.0167200291642118
-0.0165282829786532
-0.00560898055802175
-0.00917880374525762
-0.0569947976220557
-0.051390416075227
-8.65371889767329e-05
0.00282652355756146
0.00870264964206078
-0.000113400059319733
-0.0122647325108045
-0.0361750405531166
-0.0735552032021724
-0.0238338745264647
-0.0172135182655176
-0.0277652391270205
-0.0251973906325422
0.00718902831991534
0.00445622368708757
-0.00163092378829256
0.0116023745170981
-0.0385961575085534
-0.00245134612440712
-0.00781377870026895
-0.011112756889791
-0.00782525435578534
-0.0178292800888017
-0.00975511324837335
0.0156395873584398
0.00281256150108408
-0.0192794370719039
-0.0283523396480548
-0.0525262158249194
-0.0140670566202299
0.0245630697108391
0.0220955059144528
0.0073718065883681
-0.0300353878351832
-0.0508481797887843
-0.00354549072118553
-0.0149926066983931
-0.00896939859561017
-0.0037669651349797
-0.012903670491581
0.00122949695233543
-0.0260900002393563
0.0253949554234734
-0.0207633015282876
0.0116115610347727
0.010779812120622
0.0059593509040073
-0.057949822402035
-0.0705824735807738
-0.0944556293099421
-0.0400154027960294
-0.051323708451122
-0.0464654965314344
-0.0347189108632038
-0.0306237683599741
-0.00430691675529687
-0.0271306807621115
-0.00739890513705363
-3.25744322323025e-06
-0.0687481546093894
-0.0489296159689616
-0.0233718434550676
0.00821719740922536
-0.0042228085579791
-0.00636303925738628
-0.0503217013589694
0.0019092886897966
-0.0195877516830468
-0.0300147284614698
-0.0203082840634982
-0.0603558739607218
-0.0362350705292385
-0.0128903776098479
0.0125285690729499
0.00681937878398356
0.000486283740356593
0.00122262393442214
0.00559245658702366
-0.000424285575531768
-0.00918874989971305
-0.00830223124728899
0.00102165900414119
0.0198072116649525
0.00827652666161779
0.0101517294662588
0.0058116843260799
-0.00474684584561198
0.00986655488581828
0.0293804040006905
0.0114917843522849
0.0232855539855317
0.036711740065812
0.00843416168595837
-0.00045010436027711
-0.00901677050847482
0.00387617691994135
0.0112875077776154
0.0075623610266053
0.041458669085295
-0.00886008166303287
-0.0118049239266747
-0.0122172629156897
-0.0359030945628036
-0.0465852046054274
-0.0372900261585691
-0.050366140730412
0.00214680171847795
0.0440682740862694
0.0242165175439151
-0.0082066034689314
-0.0190901604661742
-0.00461457042717078
0.00115744155200458
-0.00266331580845467
-0.00448841784639199
0.00714363393376094
0.00629754407466614
0.0880284936696253
0.0120402997921528
0.00392662255635989
-0.0118435385599042
-0.0031991402431409
-0.00952858481055691
0.000636224951046607
0.00376576381833095
-0.0143132509847048
0.0197738098707981
-0.00185139925583239
-0.00433834677828425
0.00398432684557624
-0.00812462751835777
0.0178252927087308
0.0252658023852103
0.00238093540917576
0.00213156494635403
0.013590689359952
0.0270683010569047
0.0059247968043986
0.00254526359162234
0.00882492448567018
-0.000165859844308711
0.0150597275415696
0.0200638506594341
0.0255940305818574
0.0181200695172709
0.00604374150860231
-0.00543315127996312
-0.00228699539809314
-0.0309997306409324
-0.0344285967927348
-0.0521333467992022
-0.0514757321548462
-0.0224923675985062
-0.0168876058196989
0.00642640015883938
0.0417146991396908
0.0040815785753023
0.0301436863717281
0.0209430829087231
0.0217614223308526
0.0357568382629364
0.0595835739130271
0.0702757463658051
0.0507814521387984
0.0117347179205834
0.0191024418650012
-0.0041625633565051
-0.0300008229322706
0.0773770949336559
0.0560359056953068
-0.0241642656728588
0.00778138276332924
-0.00741247563276413
0.00559741414550971
6.9173174978919e-05
0.0116567201852448
-0.0373150178975438
-0.0224808995473718
-0.0144824706593145
-0.0155752645498225
-0.0019111497639173
-0.00163969493341754
0.00608968122589637
0.0507332239044091
-0.00081988912598125
0.0260703391290093
0.034104836576806
-0.0681721215753358
-0.0387427908137108
-0.000396090088218809
-0.0104278072857443
-0.00521083338270311
-0.0109616983045186
-0.00243667201900112
0.0107044834632194
-0.0008211769100032
-0.0104070451192193
-0.00633258959864566
-0.0319016778584196
-0.0151673264724857
0.00614823274451613
-0.0110104984864401
-0.000251582074905032
-0.00953069026191611
-0.0110384527029763
-0.0102585413298166
-0.0206140497801041
-0.000956659996707094
-0.00372291499423133
-0.0158017768172112
-0.0143498338284138
-0.0163807899324171
-0.00668747517416458
-0.0210275560413332
-0.0337133549278393
-0.0278776458294885
-0.0449991691429922
-0.0193570352238257
0.00677323936775907
0.0352055152210097
-0.0289055172919673
0.0474158402547779
0.0369854213373012
0.0126188740614365
0.0153005172207294
-0.00126285109426321
-0.0029464920978089
0.00789498141847649
0.0173968862592177
-0.00850126795985372
-0.00513244536763452
0.0203779263051525
0.00651063110466822
-0.0192055917953204
-0.00157513097836668
-0.000179069302880151
-0.0258079465304756
0.0073425021860146
0.0909235796352468
0.00696458858296345
-0.00829440832669535
-0.06036001289805
-0.0221333178607803
0.0230072379826782
0.0626356097477926
-0.0178846956152351
-0.0788862977661908
0.0478030354392683
0.0147384151247076
0.0280674367272539
0.00913442250509178
-0.00263018453644587
0.00326931623412104
-0.00465466271116174
0.00121761693718035
-0.0355652913807033
-0.0132499809022057
-0.0116172682530267
-0.0162167111382602
0.0304268786627764
0.00439965861373499
0.00190379687285788
0.000376075334839501
0.00909309376717317
0.00196304872434247
0.0251174445473481
0.0180943883251289
-0.00348974262529035
0.025168814594079
0.0630918106138094
0.0140892210849071
0.015674947048849
0.028193022043482
-0.0283461293474426
0.037042490485578
0.0116223086467335
0.0118763185156868
0.00784852094701803
0.025996292472749
0.0398636210927962
-0.0301447432722607
-0.00204224052594554
0.00894394544360774
0.00756156486224432
0.0169744098381813
-0.00414926788783347
0.00828442740744539
0.0633589854216866
0.040914843381206
0.0187262123386956
-0.00114279592221948
-0.00566251024858289
-0.00523163205852172
-0.0506965798683538
-0.00561620143680014
-0.0284058333306545
-0.0163744775595492
-0.0373512121449353
-0.00268762654937479
-0.00762506781183274
0.0034403819197377
0.0420416665451985
-0.00157305056504982
-0.00589164005255462
-0.00592321597884692
0.00192252620045747
0.00458892323058591
-0.00617416870428534
-0.0485027722472667
0.00132751635424856
0.0060603320191935
0.00412352761185808
0.00956629590942973
0.0112445832938869
-0.00142244285266775
-0.0171371745122277
-0.0186379731761985
-0.000123835445737779
0.0100649732024066
0.00514515799908701
0.00234259006416813
0.00448716971897996
-0.00038817070568601
-0.0383329563330398
-0.0331889343507016
-0.00197796680333332
-0.0184806040842036
0.0221966241331345
0.0596923570141166
-0.0414737182842166
-0.00641128879284823
0.00425173365528933
0.00712248855504998
0.0187397848211705
-0.00713466742033522
-0.00781280776103103
0.00700888537723492
0.00699009004825541
-0.0078575551775974
0.00172229043926318
-0.00269131736622273
-0.00285936803907922
0.0319166489511339
0.0193874198719908
0.00652334696949474
0.00912964410344585
-0.0170025931348864
-0.0263009094006285
-0.000948603980566834
-0.0254122543682688
-0.0239840442401669
-0.0583438398058088
-0.0244392654506717
-0.010840177336176
-0.00296652933875859
-0.00339803012668297
-0.00938821943733378
-0.0227156439339084
-0.0134458333424047
0.00355375643412076
0.0036634647621714
-0.0014977933002581
-0.00383792952466305
-0.0109491800630066
-0.000773188041933258
-0.00156741486321464
-0.00390056261542786
0.00367554599923992
0.00997790331877509
0.00355038944443066
-0.00273744268864051
-0.00522303280859114
0.000602785674511213
-0.00325199692477522
-0.0119483251823295
-0.021097265062779
-0.0106035140743413
0.00464406406937039
-0.000426361885341341
0.00377644805380522
-0.000866493498996822
-0.00206281544349636
0.000552750883051904
-0.0072217637562531
-0.000828135244270906
0.00425088471454297
0.00744148015971703
0.0107815545158627
0.0247598256401392
0.00676842060554566
-0.00526447945177168
-0.00560510912129041
-0.000695171915861408
0.0205859834943904
-0.0161350595966007
-0.000548330523311736
-0.0064451395249381
0.0142009102323634
0.0035460889748384
0.0223591648825903
0.000578080676508291
0.00808253572306062
-0.00444723044068186
-0.0100705923046799
-0.00677505420215732
0.0350673260542875
0.0116975377187561
-0.0295610147018838
-0.0145510488957339
-0.014818571467965
-0.0234538565112624
-0.00843019869256254
-0.00268624303405499
0.00461393882871251
0.000399701302440738
-0.0013382329811141
0.00444627420064506
0.00622803536631264
-0.00100313679567825
-0.00493199465535049
-0.00302689188428452
-0.0116588533504485
-0.00909336073447453
-0.00482114654757153
-0.0146410074942954
-0.0197600961863311
-0.0272179243905642
-0.0319015379302478
-0.0169997667241385
0.0147706967049813
0.00165228462344989
0.00388236067505377
0.00711043708988016
-0.00101793432218537
0.00124744728372169
-0.0100822584044857
-0.00983858634602323
-0.0360594400120756
-0.0172814543298189
-0.024933527831884
-0.0323163424529657
-0.0115261736869078
0.00279645630588243
-0.0118837545129737
-0.00815598731631886
-0.000205262591120324
-0.000570061013961016
0.00795017572325397
0.00448435738186776
0.00924184624723062
0.00361606614296406
-0.000249702456093443
-0.00196255777805314
0.000745763023483648
-0.000568622993708471
0.00281210235643936
-0.00199589273702083
0.00504394915408308
-0.00334882473767211
-0.0185356090065173
-0.00971649710590562
-0.00419829679825436
-0.00583271904076302
0.00625425991670542
0.00646625843091871
-0.00645412265909479
-0.0233238210793955
-0.030502884364701
0.00269228427287808
0.0128651813974415
-0.00206920453932112
0.00980288683710243
0.00370060742539001
-0.00262140999309336
0.000145240447279728
0.0030930646411056
0.000418875977495108
0.000673267012586855
0.00418539383944223
-0.0111516010723141
-0.0136084862483073
0.00217287957552622
-0.00249857334701007
-0.00854843688804845
0.00463705138036251
-0.00256772769073074
0.00811007341594831
-0.00813298636825652
0.00168311216834324
0.00294748955807099
-0.00390221867870919
-0.0036264846259894
0.00249188174347868
0.000133107615420249
-0.00684658518518833
-0.00389068814878404
0.00133624711834741
0.000811527809098852
0.00159953022013695
-0.0129309765626974
-0.00802837636707125
-0.00258251932371264
0.00271320116047232
0.00674326167778253
0.00623728273191463
0.00784169786232942
0.000850211987190476
0.00121702269843335
0.000463738073285494
-0.00258481799264906
0.00346724629045455
-0.00279333433946084
-0.0133748721965873
0.00285889420889444
0.000462413685451114
0.0307255635709651
0.0189432745736729
-0.00623328392123016
-0.00750400094983474
-0.00222385592628179
-0.00585681424037561
-0.00925098950038417
0.000110143926706693
-0.00849572317488291
0.0079178600613944
-0.00103267673430365
-0.0080663101733736
-0.00989796533399723
0.00224527335398658
0.00877674734436152
0.00636751231123058
-0.00212467958753272
-0.00147014645303799
-0.00366394693311229
-0.00271400756262533
0.00497506266617102
0.00100311641106513
-0.00230578462582724
0.00712603500312389
0.00373709521002646
-0.00246312977702061
-0.00615300559367991
-0.00446385768737698
-0.00467694487509289
-0.000672463182611345
-0.000157610781815567
-0.00333274565499984
-0.0108137084887225
-0.00801921617952381
0.0173807822220152
0.0157893163531271
0.00128225647765465
0.00469309651736307
-0.00232819947101662
0.0312548430458573
0.0197386752045789
0.0233712351832453
0.00470769962088582
-0.00843654896066054
0.00650621465077102
-0.0059718803803778
-0.00458820835356983
0.00622258566536842
0.00232048663737169
-0.00730964839663833
0.00151472467799472
0.00103948229479653
0.00781114348172157
-0.00451118089419065
-0.0104560020153023
-0.000923754718936013
0.00579318774987505
0.0110200598749643
0.00853356598462197
0.0103479793460293
0.016323126880273
0.00365092440688396
0.0593937437749185
0.0311262888569508
-0.0134881818034823
0.0123812823412523
-0.0102611806964197
0.011674133534067
0.00191429412830064
-0.00322850528594589
0.000518082132384412
0.00152032303301849
0.0148226948773468
-0.000899097126131524
-0.00323918645982827
0.00470815132398401
0.000704048117559923
-0.0124631985527169
-0.00201192221927914
-0.0103230165572693
-0.00301240023140514
-0.0148468277313351
0.000150491408829622
0.000316571819572959
0.0010174141788407
-0.00676620521065334
-0.00974122142321937
-0.00249846863386228
-0.00966529563566464
-0.00422426915927607
-0.00083886383699753
-0.00368071250655704
-0.00199230410267756
-0.0111595591250692
0.00776669188212925
-0.00355513586699303
-0.00566160579175527
-0.00286071221660273
-0.00866239843070774
-0.0120813552117054
0.00395382312223255
0.0109602670808713
0.00170979622969377
-0.018772518289342
0.0183626160277201
0.00733808779729594
-0.00568624010012695
-0.00279110681399889
-0.0043315114622844
-0.00159340364608017
-0.00276257192645318
0.00190508578977366
-0.00886615120347395
-0.0080981268778875
-0.00142775927939806
0.00643950209277162
-0.000457644660423084
0.00926388951626786
0.000910756365114903
-0.00160873881308279
-0.00229984206978838
0.00217980738123646
-0.00415302970916288
0.00584784154903772
-0.00837141508680415
0.00458356205820791
0.00612611076123473
-0.00612086940873006
-0.0097473771363048
0.00190601815118746
-0.00138158634700999
-0.00367187452332267
-0.00898508642667438
-0.00162719985173692
-0.0192844592359311
-0.00849998572131549
-0.0146508446264219
-0.00188198607588091
-0.00437614834935658
-0.00567000281098068
-0.0111154790350531
-0.00724816875500005
0.00134184420279219
0.00390047867166075
0.00183632691026841
-0.014525513738966
-0.00803712522823625
-0.00730484379869462
0.000170409598596254
-0.00221812415956696
-0.00183051900762924
0.00360184878867619
0.00467318499140791
-0.00176983964083977
-0.00817012136100363
-0.00394652982543916
-0.00840861400016149
-0.00366242307282096
0.00200477050313284
0.00453929870270243
-0.00350647101895015
-0.0140089312729755
-0.0118736519413819
-0.00444003681114995
-0.000854763849388381
-0.000272513003026588
-0.00838825243337506
0.00258725141026672
0.000752178019665195
-0.0043918689820129
-0.0161601316652275
-0.00133333947687246
0.000166861437074584
9.64540377045446e-05
-5.79157878742953e-05
-0.00546213509734143
-0.00285536143839729
0.000324207755368492
-0.00272843897773433
-0.0021971718470264
0.000630075976619005
-0.00232740772102932
0.00420980357390664
0.00247149690394531
0.00100296614697378
0.000538436046036997
0.00192828669146094
0.00251694422946415
0.00197127638570796
0.00827942915541939
0.00777132876039463
0.00512963272501104
0.00637650082584567
0.00747764774837226
0.00653151091765928
-0.000854933527724143
-0.000355387656716077
-0.000183631110766006
-0.00247205610324757
0.000934490609287316
0.00494087007587581
0.00394708074394277
0.000866315371380972
-0.00106293591182843
-0.00348752865697678
-0.00681846448064433
-0.00777382217250798
0.000957246909270542
0.00152508556965356
0.000710273873686683
0.00114232088418421
-0.00102567585586394
-0.00142803253378187
-0.00316996232786745
-0.00919412425155975
-0.00775412166538906
-0.000674707569687735
0.00048642094730751
-0.000799264748094358
0.000978424496535282
0.00153699245164354
-0.00314629466798763
0.00267944091296095
-0.000909094252147554
-0.00284234341633669
-0.00212085636707552
-0.00444205914568669
-0.00245516502591724
0.00367267153426688
0.00174312386664746
-0.0002203809690719
-0.00187858852023319
0.00125020629066672
0.00136539945256004
-0.00934961766959734
-0.0120027194993665
-0.000130735224682053
-0.00113063292812313
-0.000325045958104884
0.000501600545167906
0.000181161537390497
-0.000191940531306863
0.00216736941486076
-0.00152652598087722
-0.00259989924209284
-0.00312894782443426
-0.00447566353417675
0.00299837783081031
-0.0026035349265732
-0.00381919392590669
-0.00690970287258059
-0.00390580269138893
0.00383949398899335
-0.0012063892166621
-0.00453934160462537
-0.00906479058101928
0.00257158705299948
0.000284861890185016
0.00219836758801612
0.00115014436716514
0.00411123496083629
-0.00197841923492603
-0.00119608274154972
-0.000101364307964538
-0.00098307607502111
-0.00482783692282674
0.000889975696865693
-0.00242030330425125
-0.000513941595674503
-0.00116499047975663
-0.000539332711614489
1.99347816933651e-05
8.05342536350093e-06
0.00134483661856965
0.00043239048907965
0.00163006245388224
0.00311085037570262
0.00136235555056754
0.00100377489916902
0.000417147740442574
0.000209798005535796
0.00140773808729353
0.00124427440398414
0.00223191198449212
-0.000773626907211485
-0.000782455097656356
-0.000150783529927221
-0.000655347566420409
0.000931334537212007
0.00366889179558196
0.000600087195709997
-0.0024665858682203
-0.007831337127439
-0.00725268514348708
0.00244611744061712
0.00197823791224288
0.00140915324359193
0.00114189460942411
-0.00164046515044208
-0.00084344791482262
-0.00109814002351884
-0.00890974438443513
-0.0161453544832407
-0.00819342039263479
-0.00613133430301056
-0.00764764042394792
-0.00380131065110886
-0.00139920439015925
0.000511781336548929
-0.000352762794523279
-0.00425765692167316
-0.00754108288855001
-0.00715903099851343
-0.0105988641724188
-0.0100801185829771
-0.0100559197512289
-0.004910009213261
-0.00230501879936737
-0.00612631416292493
-0.00064058286630959
5.5237073853387e-05
-0.00196076531794761
-0.00313134614786983
-0.00269456625032186
-0.00216232969953835
-0.000757581203484925
-0.000735422595244601
-0.000665116050047789
-0.000442523432998978
0.000947642955575654
6.08446671619907e-05
-0.00143889307358064
-0.00065459526470439
4.82038456865654e-05
-0.000652362871243436
-0.000269107906478412
-0.000165978087980878
9.23911173397692e-05
-5.14658620318609e-05
-0.00104827438989595
0.000916249203525077
-0.00130498146815679
0.000136658159228081
-0.000886053289406147
-0.000424755699547314
6.02208465123105e-05
0.000117954341902985
0.000546749115545339
-0.00107621665667724
-0.00252770999842175
-0.00458719676525092
-0.00148343850559262
-0.00185434885707595
-0.00108108663345011
-0.000642101365302337
-0.000656402610335981
0.000722547960912481
0.00026590270016358
0.000192091463671244
0.000391112268422027
-0.00124178618459996
-0.0015593793841282
-0.000863661159924435
-0.000607097749321547
-0.00224861922055138
-0.00240647692428065
-0.00182949929987123
-0.000652637602720724
-0.000374526784701274
-0.000379451367228864
9.97955968778091e-05
-0.000705530593945647
-0.000327819169124062
-0.000688177311035555
-0.000620402461241767
-0.000279184592767838
0.000270707307844945
0.000179663409474663
-0.0019222633100252
-0.000689120879983396
-0.000157304838697038
-0.00023742803754637
-0.000314575344767566
-0.000436309116794279
-0.0006277425474111
