-0.990685633177207
-0.985387313087493
-0.9514439351583
-0.87019599032422
-0.775620949808564
-0.700172164465481
-0.65514157241999
-0.515411708922675
-0.42610761191181
-0.525737764035622
-0.534781891086985
-0.529252780286891
-0.433392313849546
-0.364460426776146
-0.191989601547935
-0.202091119185327
-0.197311534003505
-0.306944079388265
-0.211668497782627
-0.160826202816351
-0.179987476571449
-0.15111824225102
-0.126158670118279
-0.143279239782881
-0.231897216749026
-0.254497591090257
-0.19888418108274
-0.122247022701204
-0.12275314202038
-0.116688271402029
-0.122774836856415
-0.103772017897859
-0.107556676922212
-0.150958141166006
-0.191238312529162
-0.214277405766373
-0.225697241890543
-0.0899766678442298
-0.100356851102945
-0.0973271194826493
-0.0757145395228125
-0.057294581511743
-0.0845072400937586
-0.12103848285829
-0.161476929526197
-0.207476064698255
-0.194632644162533
-0.0466176291560325
0.0201777842583448
-0.0225926606444563
-0.0702291427832075
-0.109123131781792
-0.144705028706005
-0.14859768788351
-0.113936670719993
-0.0376359385022426
-0.0313098995725093
-0.0276127960258723
0.00545586272804626
-0.00230665124874522
-0.0684092071020487
-0.138996890696209
-0.170173535615675
-0.186999152595589
-0.184327743128393
-0.14704025936459
-0.0981154663044657
-0.100660402504185
-0.0146875120071764
-0.0710230321437442
-0.112657699346842
-0.0870174299946733
-0.153483906576689
-0.247526765673696
-0.252386344268223
-0.239005137424183
-0.290761337118152
-0.177914441385539
-0.00884361163544947
-0.049808771170377
-0.0991624446656943
-0.0655737849276118
-0.0534662673261791
-0.0464044692574162
0.0021933816146251
0.0265837169858907
0.00276687198602418
-0.0214012269648162
-0.0237240735528171
-0.042372090794026
-0.0039967008497683
-0.00758996478035062
-0.0358897254543764
0.00445575516138542
-0.00465710694897622
-0.0225761848273501
-0.00876029434504474
-0.0135805080300796
-0.0295787028038396
-0.0478190380540157
0.00415807422270262
0.00347688258714223
-0.000303685685329638
-0.0122580359371079
-0.0220032545792439
0.0203181127047328
-0.0228213548770514
-0.0169597850108764
0.000917006468797832
0.00244886838236455
-0.00453055466021646
-0.000474445422899381
-0.0147337319097515
-0.0360666283013492
-0.0449628554262664
-0.0459494930243427
-0.0496280542574349
0.00856000334475674
0.129480002985184
0.0950794641663447
0.0452913569943997
-0.0174770618596217
0.0292671697313006
0.00318529364743292
0.0244138065987276
0.0307674769139501
0.049057922752271
0.0817090470615452
0.0609597747334134
0.0255390424465498
0.0263789943882338
-0.0254016773095255
-0.032803396019683
-0.0380196774804461
-0.0385144429375088
-0.0235724334236947
-0.0275581475096101
-0.00871911752790225
-0.0466513859734635
-0.00626765324072734
0.0154321132909012
0.0373565463095351
0.0279744948125432
-0.00585060528498372
-0.0209875822864682
-0.00523786473877298
-0.0295304309251006
-0.0430833011982943
-0.0151953569605219
0.0314336045944785
-0.0182072998568683
-0.00751570469177819
-0.0306361889342543
0.0153966470327825
0.0406401054029562
0.0209128799745036
0.00980381319024914
-0.0117470312232686
0.00856995270540428
0.00536423069831724
0.0102398286305679
-0.00913045572609948
0.0182362536239226
0.0155881943128797
0.012433547745359
0.00586713530741212
-0.0482694257026983
-0.00965672100288512
0.00152076162383032
-0.00462974767374488
0.0373023023193815
0.0181273328242899
-0.00331678489941131
0.00812932647294919
-0.010304600423906
-0.0272851898798568
-0.0110635260144889
-0.0142994184396405
0.0212175985076052
0.0432857399638514
0.00505715461973681
0.0310125741300467
0.0069093388191839
-0.0137261641031981
-0.0246265574235236
0.000354205673088743
-0.0167593308364047
0.00741875026429671
0.001368872394633
0.00270950398885468
-0.0326516840390071
0.0252074816533783
0.162977268432437
0.0586112101692344
-0.00873556165759883
0.078073751904686
0.0399537635085429
0.0160040923631776
-0.00772313833173661
-0.00341698471254506
0.0379302743261512
0.0227170461935052
-0.000596174741411713
0.0177228995447981
-0.0539414171666971
0.00704063036027638
0.0389770792173202
0.016843811757215
0.0247642637331891
0.00810928449128193
-0.0216311637967037
-0.0170418927423756
-0.00778276427492137
-0.0425853015468848
-0.0354450253523586
0.00575436209652015
-0.00226827806597588
0.00387334198541669
0.00589853552119745
0.00340713205154185
0.00154898575951305
-0.000320950088031597
0.0286640050276061
0.0549564534923422
0.0404430294897006
0.0255033056121198
0.0278936212952712
0.012984619808429
0.00682889242096086
-0.018262001948651
-0.0342442465732108
-0.0427721455308594
0.00277562703525983
-0.0231799267021333
-0.0170851503104457
-0.0161128798547293
0.00292953685898452
-0.00274957059279773
-0.0261489929152498
-0.0225626836320397
0.00782032818124142
0.0479620316915521
0.00921664733474434
0.00574037737995445
-0.0013467747730372
-0.013376051043396
-0.0125064647552401
-0.0216522534215462
0.0287662422426835
0.0624354625479343
0.0434741796936359
0.0523352274266319
-0.00459859631343003
-0.0496384200201464
0.0334216714383685
0.00662876862853319
0.000219853286084297
0.0029518864276823
0.0268407594349495
-0.00527004565979646
-0.00407198169021596
0.0142368901228385
0.0100745301019383
0.0101130440002573
-0.0202444071023196
-0.000529279962486251
0.000697107936796134
-0.0300894797233037
-0.0186285155473761
-0.0160772405254067
-0.0263097498581143
-0.00450391595710456
0.00738236638201669
0.0018044394103599
0.00279104759287861
-0.0172271079483033
-0.0400004467171589
-0.0646457399703437
-0.0447144333990248
-0.034331710450518
-0.00820495663428381
-0.0050984823547686
0.0429594952595965
0.00400575337311385
-0.0132483456242618
0.0097243922330043
0.00880960223629844
-0.0117461145017542
0.0190842748928483
-0.0227542817884073
-0.0277290214807951
0.0205682956748312
-0.00163826114814922
-0.00579274731290673
0.00300149945854807
0.0015155429607972
-0.000744180070719682
0.0128795525566167
0.035060866308167
0.0117674474009854
0.0236203213121898
0.00547610604744499
0.0515949464345973
0.00984678027148734
0.000116893659735714
0.0346451530064991
0.0253844287302683
0.0219679140383425
0.0473948644650548
0.0410703117338961
0.000852290176932918
0.00294380834538864
-0.00482091778353227
0.00352063973655032
0.00357265189740803
0.00630665392464649
0.0191842095884975
0.0174839888425375
0.000469253436831313
0.0113042100105834
0.00142022433529981
-0.00581348546646457
-0.0028994908854528
0.00145635847175926
0.00489248559728337
-0.00750936816739546
-0.0141388921569514
0.0139855567330809
0.0115957414919282
0.014183367753048
-0.00759837203500058
0.0276769159673273
-0.000806934803980138
0.0486356176257233
0.00903540803853729
-0.0142693288279474
0.00276262827320359
-0.00921807323833921
-0.0136421977679119
0.00812698081350531
-0.0172808185575433
-0.021727904228337
-0.020187108901001
-0.0117913778341098
-0.00786365070394284
-0.00134476315352253
-0.00281057332309035
0.00812610028735491
-0.0200944886300801
0.0249920358846712
0.00704958389400165
0.00133801962399575
0.0023403546876621
-0.00533463705551609
0.00731069405683067
0.00442141684052603
0.01915200961431
-0.0028168916847615
0.0153822524973445
0.00984538301971566
-0.00538961050269509
-0.0203182390315799
0.000305863851673912
-0.0197625759830222
-0.0225677582826092
-0.00585368996119499
0.0486198167208552
0.0108738357355331
0.00153094532081481
0.000491804465332885
-0.0179990978957355
0.000104827983254067
-0.00709085112617602
0.00628230222325888
0.00824957233564443
0.009554322688968
-0.00608315058681596
-0.000497535645470971
-0.00225254038457807
-1.701896501699e-05
0.000501662514519091
0.0106948605040842
-0.00553606167379502
-0.00365512198985607
0.00243476215575227
0.00142300883622632
0.00314927866932625
-0.000657224401607627
0.00483105267198374
0.0166067085772608
0.00237577671320151
-0.0016815602154197
0.00702725319654464
0.00792305525526293
-0.0056163625234972
0.00609990617062507
0.00512036069797034
0.0171887553288072
0.0175572102433318
0.00134517600388942
-0.00433693509434857
0.00958265179492951
-0.00576170912294331
-0.0254383072674266
-0.0040055298096026
0.00301605740226671
-0.00752723540589744
0.00989762106737817
0.0326182864255481
0.0223952204622768
-0.012893925113359
0.00209803213275773
0.017313828303597
-0.0437761478927225
-0.0210275910893501
-0.0259078121406911
-0.0110063107496023
-0.00666703961393534
0.0159189901595401
0.000386109754881297
0.0429143573722513
0.00833372884331498
-0.000626260568130835
-0.00707496388326784
0.0102423572715406
0.0462842315292229
0.0221108880094981
0.0342519967411899
0.040692707640544
0.000868585239856156
-0.0173442564511152
-0.0214888393586897
0.00834663206190756
0.00780910319364769
-0.00032075639766098
-0.0022097481224227
0.00197833802388235
-0.00243956649403754
-0.00603908222320127
0.00775291625671815
-0.00019635491670713
-0.00979316018899964
-0.0129852277076194
0.00835132470582808
0.0445091315707334
0.00408058741117653
0.0137018202596004
-0.00884850732248781
-0.00172222648966822
-0.0155714505014964
-0.0146757150096846
0.00708889196021429
-0.00138443432705405
-0.00993574924524214
0.00973715249143667
-0.0106000221826698
-0.0307043965766192
-0.0199251008091893
-0.0114277498101415
-0.00990093530395912
0.00891064689925657
0.0112109407185423
0.0206272916275524
-0.0134608284685
0.0134099367867065
-0.000691438607436091
0.0142160401571223
0.0322010294968279
-0.00826905888146417
0.014504009367405
-0.00138117210418533
-0.00556763683089672
0.00690315813006704
0.0164522359628967
0.0241684089014845
0.0137075187705899
0.00226981996599027
0.00529545652925241
0.00829428302067029
-0.00234992297554657
0.00266973367377119
-0.0296664415569537
-0.051683870935649
-0.00934777033222273
-0.031199854454735
-0.0450150829249929
-0.0212034522108522
0.000281181270220358
-0.0072378459357744
0.0202733927368215
0.0471328989891474
0.0517206762219563
0.00558844981325194
0.0379398933594362
0.0165705444589691
-0.027407843835471
-0.00470421168058982
0.0042426264179878
0.00141124325447915
-0.014534290319161
-0.0125388322820894
-0.0142672455170366
-0.027417816605126
-0.0265605039445192
-0.0433997576862356
-0.0327937629827649
-0.0156175373065715
0.00157685010350075
-0.0026692013222771
-0.000181034326170705
0.0041680810359288
0.00428304444718973
-0.00305636811366631
-0.00787737707244412
-0.00445811112423951
-0.00278033440427768
0.0323126666315376
-0.0035998564860373
0.00457820545023423
-0.00331275649710873
0.0225553098165346
0.0167194587857425
0.020295867698773
0.0103070456781481
0.00344338951103933
0.00624997355887086
0.00729015616585538
0.000764163085710762
0.0077472625080295
-0.0116589578831595
-0.00776328302437069
-0.00205213425656927
0.0197191899336025
0.00122450532524434
0.00460580771394352
-0.003571180612288
-0.00648622225572616
0.0154711166546229
0.0281925109799203
0.0491078898968493
0.0127605981720045
0.000307691080188184
-0.00523440084744849
-0.00274524486051164
0.0140038867590377
-0.0154602755778111
0.0122369320994049
-0.0119211543943431
-0.0444965308460622
-0.0265885254175962
-0.0239018698002085
0.0306281687130545
-0.00705507681255889
0.0163730714494713
0.00130382154748001
0.00953445431017325
0.00676455230712026
-0.0038544231268202
-0.00565605681825423
-0.0140298041845598
0.00683548779290117
0.00644586472375257
0.0183086827434178
0.00714066109101141
-0.0174925658230543
-0.0130195280531934
0.000937438818862736
-0.00015032846803417
0.025071015252913
0.031453969755737
0.0146440356869041
0.0013405929406435
0.00239437393975573
-0.00143527608201245
0.0033808133965536
0.00338035968437935
-0.0228714898159974
-0.0227517623241937
0.0134279957539216
0.00357798752464922
0.000673335696401233
-0.0127654393296821
-0.00293836511346491
-0.000536554111112492
0.000184108872830433
-0.00511362187837366
-0.0357826446230926
0.0133162644760589
-0.0171910472830566
0.00150466309335724
0.00280355189496857
0.00171393065354507
0.00158511766768068
-0.0115930733432561
-0.0176274949544445
-0.0116693346372502
-0.0175548375702339
0.00828907575944782
-0.0281868398247052
-0.00649299946302495
-0.029072449658149
-0.0175430701599443
-0.019886204655405
0.000211679025566285
0.00851367851723912
0.00581061670102302
-0.00162504710437849
-0.0235174830858074
-0.00513472274556824
-1.60015966122473e-05
0.0111104990901195
-0.0104829732062673
-0.00896295491390562
0.00934122286820318
0.0127735808363252
0.00795391396400088
-0.0100120266272563
-0.000958494377196726
-0.018824908678193
-0.032595406189783
-0.0169090209117683
0.000788727112350785
-0.0158056041126276
-0.0082847606352803
-0.0255446516267728
-0.0249608827121467
-0.0123828078170006
0.024053541018778
-0.00496628065023069
0.00217682687741186
-0.000438204183729919
0.000997415651065233
-0.00137686977059509
-0.00912736106873541
0.00442513897010042
-0.00259138965894053
-0.00443964685997256
-0.0154113388951819
0.0028675761136379
0.0148689083872707
0.0178069442694757
-0.00510835787125043
-0.0106139545066687
-0.00937030168831085
-0.0160641375113277
-0.0119183780096991
-0.0174049678323913
-0.00470240623694963
0.00161195999363444
0.00236272417255106
0.00668784441978875
0.000668374964063484
0.0148468446152795
0.0163063510149491
-0.00396896864273898
-0.00174638805179838
0.00279848505347145
0.00401969210632938
-0.0117547311140024
-0.00269750776653806
-0.0100763916332356
-0.00125659990044091
0.00404825846960384
-0.00333918793531657
-0.00599329884509419
-0.0076733090340896
0.0114783128477211
0.00226021647521916
-0.000376064436558237
0.00314212809988825
-0.0076262491960557
0.00500294471236332
0.00405713541916092
0.0047773730288053
0.00925243393047781
0.012884364410265
0.0177294358542997
0.0188286734483081
0.00905468248480674
-0.0116525253952358
-0.00419056813336125
-0.00251540415911791
-0.00686785363871656
-0.00392012878933226
0.00896311080896147
0.016191158812668
0.0166869081676367
0.0211801765680064
0.00211686569325864
-0.00151099435472101
0.000955003952921169
0.00318423501494976
0.0172229383240841
0.000644802654519569
-0.000239817294556462
-0.00432990250835178
0.0059607162129149
0.00162458071387462
-0.00111248264386011
-0.00367027630577877
-0.0143891546603633
-0.0117518097970819
-0.0216682265798226
-0.00449037408454723
-0.0102109041187396
0.00838182877250208
0.0217471735683728
0.0120881991020949
0.00112145964084919
-0.00104671095167183
0.00642870320917477
0.00457296439170361
-0.00133139460272405
0.00106235546566343
-0.000259763109621283
-0.000892034214211257
-0.00852143860112979
-0.00143495121346486
-0.00550911850010914
-0.00180025481548836
-0.00279122262002376
0.00592507918362252
0.00056748248369719
0.00480167958417687
0.00234602456627678
-0.000876725817170981
-0.00298405671703941
0.00121330277786788
-0.0067507673184465
-0.0034662641332703
-0.000781004972277263
-0.00642561721965513
-0.00569447240730145
-0.00164037466885167
0.00228933090697869
-0.00520214620785578
-0.00385595038393732
0.00174216734816034
0.00677055066270327
0.00586027469039504
-0.00039202612096927
0.00598964386570762
0.00470774108313237
0.00250829963350101
0.00144123006839518
0.000897807872571706
0.00254847372108081
0.000778338852084606
-0.00120801927106698
0.0014634417470469
0.00909151330561436
0.000240779005499448
0.00890242680386494
0.0128784925298594
-0.0053026598576422
-0.00876893667375108
-0.00958850441147548
-0.0160580928304782
-0.00235168736461821
0.00381763290713427
-0.036040749152939
-0.00814080064177586
-0.00169527768483931
0.000395006862290904
-0.00770351593753179
-0.0108842252727935
-0.0200489179606221
-0.0223339973344306
-0.0432165068142304
-0.0191098112478225
-0.00638211974588144
0.00775956888058395
-0.00606887750321974
0.00247970973112996
0.00187898062019113
-0.00302556796690902
-0.00869709784542427
0.00680761202403475
-0.000807915208126505
0.00303399315948556
0.00246474949177
-0.0111664499428107
5.88018686430549e-06
0.010579689877599
0.00792080204981807
0.00343035644612178
0.014069739845821
0.0171982338026593
-0.00403181579635592
-0.0200919523935668
-0.016798654047169
-0.00105552798084924
-0.00369832578958919
-0.0187466304407704
-0.0352900809711622
-0.0406843397876395
-0.0263124389401856
-0.0215165368965165
-0.0143022996285748
-0.0050972898715059
-0.00832808870459034
-0.00448536413098218
-0.00578085484335247
0.0157789380122681
-0.00391426584039122
-0.0110979185104149
-0.00790657011372603
-0.0183976583274865
-0.00601866702302435
-0.00746679048573454
-0.00311992027948685
-0.00878710523670852
-0.00448469184682936
-0.0074769653117837
-0.00447324935913299
-0.00646423172951459
-0.00228930295502346
0.00165324263195586
0.0044127523330874
0.000123059013465577
-0.00287782612100294
-0.00535981093708255
-0.00237319162600388
-0.000924882227934024
-0.00169986632960929
-0.00400297753343791
0.00844029595669966
0.00355465981432063
0.00368242666686389
0.000667768350121317
0.000540880350087392
-0.00169406871005447
-0.000946437967818922
0.000859633340171296
-0.00643073034406467
-0.000237552111913005
-5.67811948724729e-05
-0.00605111830088622
-0.00949962548591477
0.000633525949042109
-0.00276506012403645
0.00819008579943865
0.0115605554542829
0.000438162688210188
-0.000305086632155585
0.00132080262760898
-0.0120980207664591
-0.0158468046910775
-0.00276692814132951
-0.000395208587726922
0.0014595074725342
0.000641070046485091
-0.00809970934642576
0.00316458475666899
0.00452310041805909
-0.00280335522965522
-0.0096743255897927
-0.005214628634022
-0.000703545742841109
-0.00130691547945806
-0.00126907693623911
-0.00106536510120237
-0.000808348382127489
0.00113764227662221
0.00169312977993539
0.000419361020073364
0.00288232788944848
-0.00751755623330063
-0.0102316355302532
-0.00768428886410938
-0.00278833189423216
0.00509444873746832
-0.00441037381641417
-0.000343554374446147
0.00282135225193791
-0.00894644158129876
-0.00108801279344188
-0.00188765353309781
-0.00265516981292496
-0.00394338169931178
-0.00489546369686981
-0.00556312993072293
-0.00216360103921075
0.00177314127723684
0.00206612401780165
-0.00259084031514245
-0.000235540481247777
-0.00136826222723273
-0.00388504550006091
-0.00787177506161989
-0.00395741917273811
0.00239273856134267
-0.00264698514102483
0.000177722796162326
0.000626891861633104
0.00149294887948068
-0.00189126266561285
-0.0175896116710976
-0.0101135012358496
0.000699734331909388
-0.000716321812917696
0.000494560372241485
-0.00540778246026075
-0.0139016627724757
-0.0198621066892133
-0.0174496065314744
-0.0171682399681491
-0.00966368339988465
-0.00539889988604269
-0.00186585365407151
0.000541046775732531
-0.00077330919710369
-0.000449851978525605
0.000175083225387284
0.000985618572178421
-2.25567193569497e-05
8.08281348033599e-05
-0.000131490427782217
-0.00109999153966504
-0.000757447773479499
6.55768943535594e-06
0.000797496492594372
0.0008041788775214
-0.00156384881676894
0.000543549848976805
0.000962835551300348
0.000201345307200733
0.000108528693077157
0.000610014501663822
0.00173189362438339
-0.000951855815912885
-0.00480285566366454
-0.000581214512122987
-0.00386616730224091
0.00064274901199934
3.15508287110603e-05
-0.00102527917299675
-0.00133524995228948
0.000816212127383791
0.00133390653033327
0.00236141602959192
0.000981587636100637
0.00176232293264721
-0.00282931175393832
-0.00426619895405519
-0.00349078235984605
-0.000337306021363753
-0.00971801163894223
-0.00160015560852382
-0.00311709186595281
-0.00486539132220177
-0.00516095390115343
-0.00498615787396904
0.00026570080724832
0.000153979285547851
-6.85665587550211e-05
0.00135852696979981
0.000485291808253024
0.00202632594558698
-0.000224869224442675
-0.00700639030861192
-0.00529292785922247
-0.00386103371600344
-0.00370953705756564
-0.00418829581197945
-0.00620480194163629
-0.00724230106776646
-0.00544470547279847
-0.00254885976984594
-0.000995712117059631
-0.000253025026829512
-0.00097416209694893
-0.000820667558455571
-0.00356794650620328
-0.000953164363892744
-0.000298013235867806
-0.000247492830516017
-0.000256779619934763
0.000179802396256277
-0.000366476101261106
-0.000406365078417196
-0.000741287696377279
-0.00162657174292316
-0.000406645070428775
-0.000374414007722678
4.3643551869536e-05
0.000881197891203886
0.000156118157976215
-0.00145983319473611
-0.00217216246197707
-0.00154245041951948
-0.00128498128334876
-0.00276989933737426
-0.00100410100274145
-0.00081894025911241
-0.0015558351415419
0.00172161203819811
0.00230917790565561
0.000469645641341105
4.59559319476833e-05
0.00184884417412293
0.000493524643589507
0.00017816022380708
0.000345046629301262
-1.35376285323315e-05
4.37751053830826e-06
-0.00181324308140295
-0.000705833767249996
-0.000516855159271394
-0.000259959888208485
-5.71571469403038e-05
-0.000185550676143407
-0.00040832956879165
-0.00045480596806992
-0.000357573340530509
-0.000871119672505973
-0.000299206632838863
1.65140295368047e-05
-2.77087629505351e-05
-7.71401311145049e-05
-4.71670272029977e-05
-5.39563450746437e-05
-5.39563450746438e-05
-5.3956345074644e-05
-5.39563450746438e-05
