-0.847665541177568
-0.835466184198741
-0.813889194733853
-0.825827656554603
-0.813361938198166
-0.906068140216388
-0.7490185920601
-0.682015846524977
-0.6858602871194
-0.664107807521557
-0.592380577065081
-0.485427542145423
-0.550542126470918
-0.56927135160607
-0.574894024403888
-0.295152521586979
-0.283263504657862
-0.386399153408761
-0.423789442357007
-0.421464641723864
-0.47168232379399
-0.349824041676401
-0.174716880867925
-0.105039420560758
-0.187478401315823
-0.231269201280372
-0.189154437588845
-0.244473526996942
-0.382444849076861
-0.356604128880785
-0.322150513171943
-0.28842089306141
-0.184131276243986
-0.276101021492396
-0.30611417452335
-0.319481517209304
-0.292223709182519
-0.230433852220331
-0.292886582060823
-0.34262069348374
-0.252809894653101
-0.226477339382819
-0.244423865110802
-0.193774756773766
-0.152507064556734
-0.168500997090023
-0.132308948384266
-0.205374932960255
-0.173820075171291
-0.13703883204488
-0.186748466100121
-0.157831021355708
-0.17618868657209
-0.170807846718738
-0.185020100969318
-0.100654250847639
-0.175535559214251
-0.154777247998699
-0.118100202127543
-0.152198905902355
-0.212780001558206
-0.197915943658373
-0.171787414973205
-0.145345091164288
-0.215980376625447
-0.0795757758037325
0.0427529294338162
0.0300741126079135
-0.0530199603865382
-0.132734306213022
-0.175284755780551
-0.14415069781121
-0.208461429364431
-0.102551844328917
-0.0766206186416918
-0.059966143091632
-0.019194008638748
-0.114223816567444
-0.074312259849075
-0.0235662343126211
-0.0220507118437417
0.00364208456183043
-0.0249080709065215
0.0353627282843106
-0.0505099607792367
-0.0357263655336522
-0.0478475966376775
-0.0453882485606839
-0.0487452147792432
-0.0745379153651839
-0.0591027423160082
-0.110451335316654
0.0145827810725159
0.00828119599415665
0.0578560993279123
0.0692780149388042
0.00132187264674374
-0.00885360352549396
-0.0512582658185364
-0.0535969910127957
-0.0473480172027743
-0.0177677173193308
-0.083449045579182
-0.0407403312454384
0.0192625722946148
0.0611560672943061
0.00706004679709621
-0.0125975461597124
-0.0209754358525575
-0.0216198595407214
-0.105010907779115
-0.056057309717233
-0.0146819736964692
0.0492350833869152
0.0426141336496139
-0.0210927064458064
0.00942193513473526
0.00181191774354945
-0.0363474342596179
-0.0464730041793725
-0.0943177915112905
-0.0939332652745485
-0.0935340506736392
-0.0904841037143626
-0.0179212910212312
0.0220631383507249
-0.0242213045248146
0.0135074174395386
-0.00597321320237691
-0.0116218727721201
0.0969324829790774
-0.0169957080463655
-0.0796268829402113
0.0206210720618737
0.00012129748576032
-0.0989651388812802
-0.140644489916002
-0.0083859540427161
0.0268466274774243
0.0809449346404263
0.0299108506835164
0.0307925199623522
0.0150853392152192
0.04264366974124
-0.00755482909553253
0.0328362117369174
0.00569611562226526
-0.0375224972210352
0.0048965363475677
-0.00111327861475727
-0.0134355800874212
0.00287745710017161
-0.00823943888771228
0.0102570085657178
0.0272791085142795
0.0385482861309123
0.0146558038229471
0.00245379587613175
0.0511383162309106
0.000223163771928875
-0.0533458494997524
-0.0125348254118745
-0.0200629949706071
-0.0111666699795586
0.0118662113666484
0.0111751347935346
-0.0133850261865265
-0.00395915512838096
-0.0503319504834477
-0.0588250783327643
-0.0669895809961843
-0.0570675696528202
0.00346560673248035
0.00372242587836565
-0.0169206744355506
-0.0187162258454285
-0.0418830967910814
0.00550962552242913
0.00679935418757035
0.0101500105621657
0.00291907952078145
0.00297711739205573
0.0210563797782019
0.0217330409900845
0.00834200221731539
0.0542726054003259
0.00399337685874213
0.0191550352098294
0.0484938840341405
-0.0065457258005702
-0.00478719711396534
0.015695307732578
-0.00930827799582047
0.0173331652941802
0.065519926280806
0.0457714956626733
-2.05054987716946e-05
-0.0117225395172937
0.00572120748740364
-0.00527762097005771
-0.0289845238104668
-0.0980791372088216
-0.0316923290868845
0.00934456501282822
0.00715012385589975
0.00947983915642815
0.0234637301046428
-0.00696942876413743
-0.0105629558873681
-0.0142953319609428
-0.0152273134902711
0.016215110170022
0.0266053104247339
0.0248140073033058
0.140168830379861
0.0872883393641059
-0.00383791972415074
0.00160508851867341
0.00202808414545654
-0.00273243435821591
-0.00285441454965893
-0.0266618431956713
0.028279773884682
0.00280562475735533
-0.0134147221101655
-0.0463767559259973
-0.0456027856600201
-0.00155822372700779
0.0378894147157755
0.0309637919518069
-0.0282391093986329
-0.0196351071907392
0.0331496969521036
0.00692486391951348
0.0018809896512296
0.000823474439294065
-0.0328219203646
-0.0339102035115542
-0.0419303413609999
0.0659275730501343
0.0195736026089053
-0.0139964584127043
0.0120909992988242
0.0743719299976456
0.000517060074426715
-0.0105159907605826
0.0182241357522373
0.0215792388843244
0.00218948258325322
-0.0316989854286203
-0.0197377778694251
-0.046489111718658
-0.0350543705023889
0.0134743704072196
0.0268608615301432
-0.0112916263243219
-0.0118551533549418
0.018512487531287
0.027312373858839
0.00825371828409202
0.00861963362216617
0.0188025420972209
-0.0121135812051313
-0.0559149187456085
-0.0252645826196254
-0.0331937799349638
-0.0678156434839092
-0.0467755273406192
-0.0087803183422305
0.00282226448009502
0.00011665367998101
-0.00326003725816928
0.0202487318368539
-0.0127872532355501
-0.0579285380323539
-0.0484097672741146
-0.0534523334460046
-0.027178256385695
0.00576469038426342
-0.0321049833675767
-0.0711757948759445
-0.0181482499679463
0.0245738400725848
0.0223070768724696
0.0175723853892428
-0.0115204312155141
-0.0582085676021706
-0.0324372774050511
0.00284626721226653
-0.0488218703682692
0.0117839986733897
0.0150506987090266
-0.0371633939461744
-0.0593655999110381
0.00678506130617395
0.0211437236757193
0.0160638565148787
0.0631030603398172
0.00289184912583291
0.0257838659718415
0.0195152177960452
-0.00836552712828436
-0.0142240319250437
-0.0186641926541419
-0.000354155304073768
-0.00718404714380784
0.0193218931429437
-0.0638675795899261
-0.0162159351043068
-0.0255083611714067
0.0245060428355071
-0.1153447266012
-0.0555134377689939
0.00387849680890131
-0.0114638905014784
0.0130552362412812
0.0137229476868117
0.0437079550537159
0.047476765873859
-0.0471581193488899
-0.0718364598960736
-0.10910765689453
-0.0522158952542079
0.0403708813495179
-0.0071319537373983
0.0210618764153757
0.0240716689807078
0.00817954956642289
-0.0380893109966208
-0.00393690602882905
-0.000361439973086193
0.0133545960126134
0.0294759635123186
0.0100814558775978
0.000787405217184269
0.00470635660058974
0.0217270965540393
0.00963454885618296
0.0273626930845419
0.0409532557763787
0.032277711796647
-0.0240250361852409
-0.0154731270166298
0.000839748999227083
0.0292188858464132
0.0510979226169882
0.066251687524783
0.0294540836422088
0.0752772095669602
0.0497669277408864
0.00830125270195185
0.0523896689155965
0.0449092114026048
0.0183718319115142
0.019607032394123
0.0701778483951495
-0.00765097527822335
0.00469116932141845
0.00416638611296745
-0.0126410445888204
-0.0185602845064391
-0.0135956588332661
0.00515216557111744
0.010738021786469
0.00386433425785923
0.0050959925432986
0.0122325221524324
0.0379227953995354
-0.00470700022666692
-0.0221505032947942
0.015319424655056
-0.00376411137588567
-0.0168832548785553
-0.0274049034394522
0.0302942681702828
-0.0134511209179613
-0.0555113479335237
-0.0389511588249713
-0.0312395578663188
-0.0151702747463484
-0.0054412428060785
-0.00804318686370588
-0.00826285171986884
0.000429724771005339
-0.030764349579518
-0.0128067481887419
-0.0316795490331632
0.00129512701763525
-0.0125196199063118
0.0115369684384834
0.0155387154597859
0.00263099966359617
0.0255274983978902
-0.02892726608442
-0.0182757303797101
-0.00427070882503178
0.0245159565830593
-0.00127675749935147
-0.00475025073845626
0.0148839336295261
0.00742513340042897
0.00999531819092833
-0.0124860879492628
0.00120344617214395
-0.00442373543276245
-0.034660020045056
-0.00599504438158761
0.00233223923459401
-0.000497447876746246
0.0105506561711303
0.00286968978715576
-0.00297852586383521
-0.00638921460758131
0.00278184011300913
-0.00836528206129897
-0.0173368346187014
-0.00931192016521618
0.0394849858486842
-0.00149896377883833
0.0143414067929598
0.0484609625292171
0.0513048953269368
0.035589243798685
0.00348880538011809
0.0120851796656396
-0.002494672111962
0.0102860965562276
0.0217032340774492
-0.00322175313911791
0.0211340221954981
0.0105518245095969
0.0219029901750944
0.0167645656045212
-0.000655178111910402
-0.00736837311652581
-0.0117900848139881
-0.00323313132188156
-0.0147449090307925
-0.00699008811742504
-0.00494362120444142
-0.0016856469151982
0.0100382898360346
-0.00217741118506198
-0.0120056144458825
-0.026773153493425
0.00256340808536528
-0.00699616218113346
0.0011148715892855
0.021592805594631
0.0875152272888765
0.0374256827038657
0.0150046985326784
0.0201147721569026
0.045870414059138
0.0214454125696005
-0.0100343577391655
0.00972435369535526
0.0352254703729572
0.0261302579133605
0.0132779743698802
-0.00438261340993895
-0.00597929267265006
0.00195070700255975
0.00690647080940342
0.0073828944089829
-0.000192715055705162
0.00469027364058723
0.00329077067825236
-0.00444024706777827
0.00159612415438261
-0.00304008243039739
0.00929458806690451
0.0198473452973825
0.0193176382952595
0.00174828899934569
0.00907113970828887
0.0097102640522962
0.0104420963781144
-0.00611755322884851
0.00422524581528188
0.00517261287786946
-0.000636900218782175
0.0049757613871875
0.0126766038842622
0.00132667065252739
0.00290540026574095
0.0029204215782635
0.00605556630283743
0.00714249466510356
-0.0270981557549416
-0.0166212515466183
-0.00698298464596369
4.35218255305326e-05
0.00984888985352755
0.00470989895877047
0.00130317672788292
0.00115179054128228
-0.000833796992682259
-0.00391095319294035
-0.000780876737555567
0.00897418345856445
0.0174893491140353
0.00707221941948076
-0.00960965636647306
-0.00284706608217279
-0.00938114045900856
-0.00408523295092073
-0.000336919595003456
0.0183786740046126
0.00905840814049222
-0.0101614107159464
-0.010054207348811
0.00282510000853811
0.00172171727237966
-0.0041847567141908
0.00164713625893522
0.012156272216197
-0.00275804431290668
0.00821798104631055
0.00726827390530525
-0.0276365704130837
-0.0276325492653774
-0.00874819424131008
-0.00781348637016738
-0.00456776795090799
-0.00317852264232266
0.00237689088697795
-0.00552870099346889
-0.00773929417250125
0.00131674210784071
-0.00441446903855123
0.00196251876676598
-0.00810152349941853
0.00384910966862332
-0.0101683539777127
-0.0264289166450044
0.0134872814779655
0.00194105412140226
-0.00364115115097728
0.00247660569325911
-0.000517878344084667
-0.00382619484284342
-0.00985015505202861
-0.000401260692699142
-0.00262834124568522
-0.000462288717734461
-0.011739890114518
-0.0193999329657396
-0.0101822862553169
-0.0217825325622929
-0.0119089809170015
-0.00617516010801081
-0.00721283140629596
-7.90825824251223e-05
-0.00453301700706198
0.00787922689545563
0.00487217459426628
0.000551477577131998
0.00056980766861807
0.000796554305619085
0.00676452220329212
0.0043253532904526
0.0144063210053218
0.000555656534668008
-0.0054603177032412
-0.00489678376377709
0.00200474497674253
-0.00193818575159023
-0.000407749867127565
0.00910629602252748
0.00916693145260877
-0.0127216998153343
-0.0339955827550103
-0.0343594715309435
-0.00720625693611665
0.00361456305455342
-0.00708411784955505
-0.0123082467866819
-0.0149742932906064
-0.0329883594872864
-0.0196469372443691
0.0031199026271309
0.00139426507240367
-0.0167848700178831
-0.0512187677393043
-0.0232012890509848
-0.0320538383483005
-0.000998212890905912
0.00440441342535014
0.00423719841272005
-0.00211381661249079
0.0012369882267212
0.0165173093224307
0.00238694870268399
-0.00253412476419816
-0.0146348939955705
-0.0277293426989335
-0.00396399987167143
0.000290804704333156
-0.00177948805796152
0.0137711607707004
-0.0211801017387975
-0.0211971302055207
-0.00316475693628457
-0.00249703527158479
0.00817529750050013
0.0102488162970704
-0.00624468912645433
-0.0135698614993052
0.00821281092818471
-0.0089233510396531
-0.00861269122267744
-0.0106624645043246
-0.00603353706728585
-0.0031347313613882
-0.0131618243988426
-0.00714291023932267
0.00160344454101563
-0.022727996181013
0.00937927231620119
-0.00791724601560676
-0.0209356607214282
-0.0180695019945786
-0.0049805014122296
-0.0101734079548253
-0.000219751036096337
0.00144893511429169
0.00618017479728492
-0.0153973545306988
-0.00935240680846074
-0.0028683899103248
0.00192366012706678
-0.0025186876846559
5.16312894058265e-05
0.00327549791410292
0.000652206937266243
0.0144030726961335
0.0171407016280568
0.00172956767264362
0.00332617774691279
0.00842005941106627
-0.00255838916225743
-0.00437220744896702
0.000116441398741124
-0.00122847271434605
-0.00168084857008458
-0.00739657013940995
-0.0181635604569317
-0.0119480493215441
0.00623198455207538
0.0018772451966326
-0.00796969518636282
0.00541846332988947
-0.00496184649270585
-0.00918138094300504
0.000605236326873303
5.82301748924246e-05
0.000981199163730787
-0.0052697218759475
-7.6779240363051e-05
-0.0102203383701692
-0.00434002220047744
-0.00391425283180091
-0.00608834593728943
-0.00243800546878791
0.00301206578386136
-0.00953084193014115
-0.0264062587695209
-0.0144703697901881
-0.00914099594528559
-0.00056056677335364
0.00310452712682306
0.00761061284319771
0.00493406965344122
0.00451433065882433
0.00127444950079899
-0.00142224273708762
-0.00104055340877433
-0.00208450559500464
0.0040592171311432
0.00458940171297555
-0.000801646508026505
0.00183041551909543
-0.0131250487511487
-0.00475261100356571
-0.00871186357765966
-0.00367493157969687
-0.0118041412394305
-0.0214613931005281
-0.0012268392677038
-0.000410374297303006
-0.000456865514330393
-0.000191168952890681
-0.0131136146748625
-0.020355684107554
-0.0134234225490363
-0.00135556822764579
-0.00196505664789629
-0.00576973972964242
-0.0118948247344498
0.000810414864801001
-0.00658526350577322
-0.00403263750788415
0.0033238962312056
-0.00325066718716111
0.0120661801793654
0.000225340298621796
-0.00677430614310362
-0.000280350859651716
-3.26072368598196e-06
-0.00235032634488989
-0.00200934550137971
-0.00468657045201005
0.0046061388596156
0.0121306393500859
-0.00253119350587477
-0.00435434882715228
-0.0122342236251924
-0.0069246780472713
-0.00196555794733815
0.000561120604585621
0.00201706233589242
-0.00735670623314725
-0.00868143556087666
-0.0105429179423693
-0.00478431204226804
0.00199403748233288
0.000712780062935901
-0.0290505695830531
-0.0305035549354451
0.0168524127345288
0.0075998935966117
0.014787974641796
0.00285528695346235
0.00311740041322363
-0.00423399543464714
0.00229245594620114
0.000114245773632607
-0.00698897753724626
-0.0205764834870951
-0.00620752378227569
-0.00827597923947978
-0.00248651944491227
-0.00590603703220646
-0.00317703761294955
-0.0165332458937293
0.00126863703663818
0.00164940527202067
0.0152039635715137
-0.00189943857419072
-0.00587969768875499
-0.0135363126519044
0.000113162004792312
0.0119284866444368
-0.00315795378996238
-0.0190717702190082
-0.0077526336929399
0.00164622324197663
0.000409789177887363
-0.00333530382057724
0.000395789530131126
-0.00244147804581765
0.00534890126557687
-0.00156559419504054
-0.0187130560486691
0.00155831913725902
0.0100146321530693
-0.0179282920154266
-0.012344458063617
0.000254717422292911
-0.0145502439417387
0.00284505475542198
-0.0202793508991905
0.00943725639625933
0.00518220058488228
-0.00117359030665431
-0.00882612979748459
-0.00616907468335317
0.00235937640766881
-0.0118588161996305
-0.00309862861662091
0.00033678182911367
-0.00525163778781042
-0.00339139483938728
-0.0069845005995466
0.00306631354983005
-0.0097950916026313
-0.00824221308403524
-0.0156219977752489
-0.00748150903426964
-0.00631569578427492
-0.00680799949042694
-0.00111446423631769
-0.00278137414503892
0.00404988009885924
0.0165050288797675
-7.88277189316829e-05
0.00367187239989861
-3.15799927997849e-05
0.00850650852702076
0.00374482648423912
0.00124493952309439
-0.00258002983406977
-0.00432064632649428
-0.00573401055886073
0.00139867793118688
-0.017176133931886
-0.00764966075454655
0.000755535812509443
-0.00123381497521536
0.000530924355223817
-0.0147030277008131
0.000704444534218381
-0.0108173422440232
-0.00333358806659851
0.000101000887454113
0.000965391095786074
-0.0223584314507638
-0.0097925303463839
-0.0209184719891776
-0.00966791601403061
-0.0169121734335469
-0.00526202984942829
-0.00692269696586121
0.00217640237425591
0.00542254585483321
-0.00562629754048192
-0.0159535239782851
-0.0173429225026019
-0.0185191434676703
-0.0135581694221753
-0.0157752345544399
-0.00705915206005276
0.00204033961433121
-0.00433464566652338
-0.00157780591553633
-0.00116608785203741
-0.00280765813362042
-0.0158737512921651
-0.0173154166682107
-0.016104171283431
-0.0121287726137829
0.000855918062107669
-0.000416482397708037
-0.00267575630486791
-0.00146443715600902
-0.00205685798065009
-0.0201474049634136
-0.00918562006647131
-0.019246859176638
-0.0203330513727462
-0.0194036939589646
-0.000425277576177283
-0.00447509417043647
0.000427183235895546
-0.00337314117985473
-0.00416362811405897
-0.0032545245595733
-0.00755881618069108
-0.011327654260599
-0.0101228828836067
-0.00261998695178954
-0.00786847785307739
0.00462338304752535
0.0105314928157697
0.00481533007664895
-0.00102427030258465
-0.00735335065191765
-0.00911613002061892
-0.00876530433259991
-0.00308885847145993
0.00107377588129716
-0.00305098973536771
-0.00588681621497589
-0.0102636463817851
-0.00658702987555075
-0.00364987879377212
-0.00832219821142433
-0.00429381520206886
-0.00554353514611433
-0.00469780144181119
-0.00533625581689008
-0.00558818064364331
-0.00827818462422127
-0.00793335175223455
-0.00637671298772045
-0.00275719588272578
-0.00197342079550828
0.000466131405914767
0.00251381730675103
0.00010333295093969
-0.000367376634969717
0.000401156129314799
-0.000238268747085138
-0.00240555351316655
-0.00261715357261137
-0.00505020121956546
-0.00367565405047019
-0.00875128255556693
-0.00885227369186404
-0.00533562351821893
-0.00225364912262
-0.00203034845926872
0.0094408655703388
0.0023767137098593
-0.00420091862132373
-0.00210757389278253
-0.00283779012724801
-0.000914111786054809
0.000228273904414751
-7.64695516798123e-05
-0.00151331019260371
-0.000300814685915156
0.00802146015329708
0.0017822672238373
0.000946472503305225
0.00262572524117575
0.00203422780951824
-0.00700145868117064
-0.00844005934695245
-0.00663558208802139
-0.00222171622862414
-0.00153187313458223
-0.00232428718423463
-0.00278664786761297
-0.00047521325468299
-0.000209882593134814
0.000660256419317847
-0.00352065585211021
-0.00593534596041416
-0.00622063229205965
-0.00754222018679302
-0.00338309204613803
-0.00481810563635217
-0.00685547914867197
-0.00993311807691245
-0.00981032022013354
-0.00299191419407657
0.0015274168219995
-0.00181262731296379
-0.00557941045450698
-0.00307375164248692
-0.00556334212369705
-0.00320337481910104
-0.00263986643230872
-0.00185940886504931
-0.0015746719802286
-0.00148167879520694
-0.00896725602120825
-0.00961239288687393
-0.00266158859441576
-0.00303444173553213
0.00203037530560802
0.00457515900216594
-0.00106169877628858
-0.000811710394369709
-0.00632066123688265
-0.00535640131270003
-0.00655610766814996
-0.00208328487371976
-0.00377792595531387
-0.00622054649795195
0.0017144410492855
0.0017248983475522
0.00144453633106614
0.000593049809352381
-0.000903655116716203
0.000718442832820178
0.000573131427322634
-0.000304443522018238
-0.000401254380517841
-0.00036920962586055
-0.00108972507851912
-0.0021584265765646
-0.00121053088067546
-0.00129127810944173
-0.0015533838498221
-0.00181619830003146
-0.000764944445221578
0.000149318574327858
-0.000622230768393867
-0.00403762835799175
-0.00320368112545488
1.80025570547461e-05
-0.000135065873839747
-0.000642102597654265
-0.00133450595151329
0.00109836472271449
0.00242812372983822
0.00103902841919811
0.00236794331746542
-0.000213766846178284
0.000996233439666576
0.000132370381424318
-0.000315639024317663
0.000383591237712366
0.000111011675485735
-0.00012895986332736
-7.85176532289249e-05
-3.61065678856004e-05
-0.000228724081267959
-0.0013743398210796
-0.00149899830474076
-0.0019331951591733
0.00063475386350818
0.000258723965830661
-0.00108661561316329
-0.000995454501452037
-0.000398942698026472
-0.00041767384474241
-0.00117183971404554
-0.00106860286057248
-0.000786695559737971
-0.00125916873033184
-0.00153666080048042
-0.000553649547804224
-0.000272669863005083
-0.00010315035402593
-0.000318467858585065
-0.00019669999829216
-0.000647184176609879
-0.000659772279768305
-0.000659772279768306
-0.000659772279768306
-0.000659772279768306
