-0.99157538277416
-0.991575382774159
-0.992087533272141
-0.997638685519734
-0.995275957454563
-1.01588927347953
-0.935102539797339
-0.782029292531581
-0.621300803866929
-0.582040891361976
-0.55855171190329
-0.471772813554147
-0.581224384906511
-0.53128454796159
-0.524088562044314
-0.427548796206855
-0.359457998008655
-0.114524327731864
-0.0298255060169321
-0.142974108890404
-0.224438034822041
-0.249603396242702
-0.254508688268245
-0.240793981717245
-0.11207510690873
-0.0993820507584134
-0.0341841793365675
-0.00266872459516257
-0.0153980154463593
-0.0357084636747286
-0.0754561549870721
-0.233227546238066
-0.268145028338547
-0.160987893434859
-0.1056105909601
-0.089541750542983
-0.130881628157894
-0.128131184191628
0.0117550338951941
0.0208007657294094
-0.0751422408610361
-0.138432892099073
-0.189886673183538
-0.142004240350012
-0.111503716308952
-0.174842129367508
-0.219694101984181
-0.139145335495426
-0.226819266589385
-0.226891829977437
-0.114933507187844
-0.0672194624982745
-0.0673777796633667
-0.0654875831722973
-0.0818424288473111
-0.123204421306148
-0.0638135465462324
-0.0734385881361936
-0.108858953990643
-0.125084349249365
-0.114658960309426
-0.0857141546375606
-0.0550687584688678
-0.041029563280235
-0.0710189253295783
-0.0382538408910604
-0.0280696992383192
-0.0113676415756545
-0.0193422193391454
-0.0685584515330273
0.0144725162721692
0.00386857345555948
0.00499074317963105
-0.0158521971814868
-0.00299518157358886
-0.0263926663642761
-0.0341460308460561
-0.0095345355672834
-0.0363983611527866
0.015770689166284
0.00630273836412728
-0.0257612371074342
-0.0388613553952662
0.00743070501147945
0.019846328880544
0.00864628329935813
-0.00611361331512905
-0.0137683228442543
-0.0178429127471424
-0.0403277561398955
-0.0342943341943016
-0.0333672849081665
-0.0528222737311408
-0.0430391701811079
-0.0464635359514981
-0.00632576728278088
0.0680379606332847
0.00892673811286883
-0.0035774722177101
-0.0112332807414282
-0.0166337161200233
-0.020855228975559
-0.0242291697341117
-0.031972105185593
-0.0525283335847936
-0.0114461954282186
0.0345122404802224
0.0147767842374008
-0.00354859158004035
0.00802094806438269
0.00367311530372766
0.0118714154854835
-0.00766684161687853
-0.0156427320110204
-0.0201485886119742
-0.0437509471754787
-0.0539586676440428
-0.0695841890479997
-0.0385510982943499
-0.0310347414334493
-0.0470568962250247
-0.0696020746196498
-0.0470744184627475
-0.0691257089771643
-0.0775777846064527
0.016021067752401
0.0542580293312415
-0.0176289850380669
-0.0445695031873416
-0.0285724214376211
-0.0754290612753348
-0.0925366623147332
-0.123921223437252
-0.098227753063929
0.00377568886563186
-2.28189232459285e-05
0.00840487199863159
0.00815779085359712
-0.011509753962197
-0.00218688222884574
-0.000349781829833258
0.00215157113897046
-0.0378933655710686
0.0106120590295162
-0.000754085277328748
-0.00194977198437307
0.00258746436291305
0.00691991265671192
0.00174728455224493
-0.00266891639519465
-0.0160589752236803
-0.0158514909584894
-0.0111850110823119
-0.0116597896438142
-0.0122115370771318
-0.0366584788642017
-0.0142423271778643
-0.0064640102913219
0.00377296877466821
-0.0197085519795531
-0.00501795248981447
-0.0418524711481231
0.0386899091185311
0.000337204796373839
0.00491877334951171
-0.0153431552694176
0.00116338951761799
-0.00982263101775367
-0.00549211500973415
0.0016695567575366
-0.0171607596123621
0.0313364989969342
0.0536801371320422
0.0621082330196724
0.0224666391501572
0.0315555078605735
-0.000673014619867667
0.0114108392584989
0.0135156578297469
0.00142709470205542
-0.0476674367077046
-0.0708250275526816
-0.0288368818814775
-0.0143015192202259
-0.00365087720130674
-0.00372057286592928
-0.000204446990309031
-0.0135180079101106
-0.0239845952854704
0.0303789569602124
0.0284202659313294
0.0610913473841578
0.0780845977310717
0.0268384469460473
0.0246372687871801
-0.00167044296897832
-0.0177721838216086
-0.0152785022090718
-0.00137665161749478
-0.00101570315394806
0.000503181529457192
0.0254747156413693
0.0402330753583436
-0.0747322951830537
-0.114532703697638
-0.0987157652303446
-0.0572508709504198
-0.0241583117341967
-0.0440768588354892
-0.0148085405304821
0.0154761424540923
-0.00894795164956187
-0.0622054345731713
0.00932357265497723
0.000939712422646087
-0.0590908873009544
0.0190076562828009
0.0112905273527028
0.00550175690576339
0.00613727380144571
0.00561275845246492
-0.00649642187785608
0.0381069679905312
0.00697475849820641
-0.0168148588845567
-0.0178392980614421
-0.0315525568692066
0.017681434830833
0.00768941233017433
0.0274255705721656
0.00225026717765505
-0.0161967351908874
-0.00330160920344485
0.0152318834789241
0.0209209916446317
-0.0181932358472754
0.0125994685865526
-0.00176670013673342
-0.0110143163690094
-0.0102265788271362
0.00964130290276342
0.00543085575528239
-0.000470496303706599
0.00283762762757569
-0.00917099409591321
0.0023826757591054
0.00459053947553644
-0.00039399406760432
-0.00567926646569513
-0.00436185405536196
-0.00550953919549854
-0.0167040882628089
-0.0484717295067674
0.00848083727334894
0.00956692116114057
0.0239596205530532
0.0315164189631287
0.0144485637777351
0.00899186331650745
-0.00329016168643189
-0.0586502316145343
-0.0349906343443034
-0.0231889390565329
-0.0499195556328407
0.00571075437915817
0.00877669313774875
0.000443016395878329
-0.0679184079974124
-0.00034049841709493
0.0336487309597303
0.0477326188079246
0.0218789308310511
0.016380846464835
0.0106778844049312
0.0268332327915183
0.0264787345834345
0.00857958508245346
-0.0124841480489645
0.00123822667479666
-0.0354270073972282
-0.0211649371397763
-0.0099314835465376
0.00801794846956112
-0.000868206651742209
0.00217435598759929
0.019664449680815
0.0213722400555395
-0.0654609124882127
-0.0338291934639791
-0.0136208245739467
-0.0299212508502853
0.00342208649094318
0.0201184140499414
0.0328565924744232
0.00559651867519223
0.00398521751328
-0.0236849353079636
0.0167763766857533
0.0116994743305407
-0.00876911493520643
-0.0121685008601853
-0.00508595530328267
0.00208583294981624
-0.00899609369703991
-0.00213373357388461
0.00384262550106078
0.00670729454519155
0.0105043559732292
-0.000488975548003827
-0.00957259239354951
0.00587654969355383
0.0033140633928706
-0.0137389854076351
-0.00565470373837636
0.0103115965507517
0.00964581613858253
0.00271067995701509
0.0015551722282519
-0.0108251833577332
-0.000830668175928407
0.0220880911964943
0.0105857816562064
0.00403723218337173
0.00155566973512422
0.00130932413813335
0.00091649226874734
0.000394363265075184
0.00138428148776337
0.00115806523749116
0.00170782940990896
0.00563650455513445
-0.0176060303006927
-0.0207986045569143
-0.016547911297282
0.00477488137847555
-0.00415540351294345
-0.0191408658522743
-0.00741029408171143
-0.009482861815813
-0.0128347576877915
-0.0125828819199284
-0.00996697081413787
-0.0044874057219371
0.00226938362729927
-0.00153590320571179
-0.0277796393237306
-0.02001912437268
-0.0112985665426615
-0.029723398240011
-0.010554006447816
-0.0013116451385808
0.0228485361848226
0.0446320687607598
0.00523740107643548
0.0111383271994017
0.00314256673095538
0.0012577239060762
-0.00257187373186139
-0.0114514324756923
-0.0454513431210942
-0.042458819635475
-0.0706022188876613
-0.0341376066992666
0.00294006394970693
-0.00105351455157055
-0.000914327227919911
0.00985352318231631
0.00333836608702325
-0.0265161639601346
-0.015092030203892
-0.0437270213787411
-0.00977790335262627
-0.00171090536415862
0.0238560587692617
-0.0201819153419362
0.00554899646755721
-0.00612450274850864
0.00647848189857135
-0.00754667531694555
-0.0267443296261309
-0.00869431284778934
-0.00851076797298663
-0.00964547673001592
-0.00378091367568964
0.00720475219837852
0.00313690912892287
-0.00415938942902255
0.00452463476033943
-0.000814548069429954
-0.00527601313463318
-0.00597764284957717
0.0128219736659547
-0.0147757846651975
0.0090668547049722
0.00922433933328075
-0.000636861767205443
-0.00428288355302962
-0.00531559926273386
-0.0082397814291537
-0.0132259590158064
0.0112380536859944
-0.00392587551030963
-0.00639715729645038
-0.0258187428609703
-0.0218909484648492
-0.00631152857267403
0.00288548763626038
0.00795285032981452
0.0109786441487126
0.0293733285446055
0.0169906736019429
0.016398332462279
0.0163236496481537
0.00448121868474722
-0.00181793889245621
0.00448082248445791
0.00406559601737968
-0.0231767405460498
-0.00131748226809693
0.0103128630256842
0.0148109035496801
0.0804404842149953
0.0428175062442435
0.0284624890967704
0.0286595071812624
0.000799193711016728
-0.0526769519244361
0.000413587542040024
-0.0127038233647158
-0.00673939744105355
1.77118294057855e-05
0.0169505650863944
-0.00192375841606043
-0.0194387787131984
0.0227282423709791
0.00084796597745674
-0.00813913702866296
-0.0138596635340299
0.00484352903149717
0.00140088593471229
-0.010830801641148
0.00441827410861105
-0.00668279282315735
0.00598292421323549
0.0130744784958763
0.00433107392530935
-0.0266136204503362
0.0174220777149292
-0.0143532462241235
-0.00756182833674578
-0.000587236881733073
0.00765966351375301
-0.00676433576166664
0.00372416960626793
-0.00134661848979719
-0.00468893036017341
-0.00573429672058264
0.00119105428942215
-0.00603215458792067
0.00277204397488509
0.0191718977679259
0.0151959140204088
0.0370234245456109
0.0274466260473206
0.00982344327431325
0.00325143012651424
-0.00116737557440886
0.00160002259906213
0.00833792331191884
-0.0212771627883593
-0.0137980323834989
0.0015433763991389
0.00082375198500901
-0.00776175812725508
-0.0157438714017657
0.00922608467760892
-0.00324126268832118
0.049210770249246
-0.00985350770767703
0.00865956568123718
0.00771554541509664
-0.00202327674704892
-0.0338560178132882
-0.0260712184877204
-0.0136860153052678
-0.0126284477082624
-0.0363517618856697
-0.0170634590287695
-0.0180993823014824
0.0147489569149656
0.00466947229898801
0.00110515063086966
-0.00943184750050528
0.00703325106263272
-0.0170424163409025
-0.0218400391504078
-0.00638758974411087
-0.00260378894831033
-0.00384542567450054
-0.00172758862120764
-0.000322922538648117
-0.0126873252932527
0.00703194141925502
-0.0145018992652511
-0.0225489346628772
-0.0617798328082942
0.0213741188013873
0.0250562212912651
0.0164646511226346
0.00951222678745418
-0.00351266156843324
0.0237352075161754
0.0198552901935508
0.00388633938395836
0.00804693320993448
0.00120608598543504
-0.00374013804409393
0.00300968640550098
0.00422439092950153
0.00360230199604754
-0.000295849042351373
-0.00923484612098681
0.00195367364843418
-0.00776569573007858
0.0161659342303688
0.0214019035977916
-0.00304993541075353
-0.00242161538530321
-0.00245750411360413
0.00478983950230568
0.00355670454503052
0.00183163170757807
-0.0187205176018403
-0.00203381376622052
-0.00211106209102048
-0.00496696272827105
-0.0244356797761463
-0.0278469916873518
-0.0259058573467553
-0.00631717724674493
0.00979033929721564
0.00405292077425866
0.00118681380588003
0.00871632596311185
-0.00405254796802907
0.0154178025952645
0.0230461548801275
0.0143095623607953
-0.0133370173496129
0.0111367674697516
0.0257566578789684
0.00911731895314085
0.000376772234610023
0.00231229904007216
-0.0101029509517786
-0.00505587273181901
-0.00160579294134279
0.00396407455915348
-0.0282183242541606
0.00824463312011431
-0.0123102561368483
0.0101215889487062
0.012055944142086
0.00764656642364408
-0.00129761989003184
-0.0121286819872358
0.00362278581010786
0.000727987718095281
-0.00175803004116529
0.00637664737910245
-0.017664220484218
-0.0292789862597908
-0.00270514971193994
-0.013010138842729
0.00331498765980656
-0.03409905306991
-0.0159842924844812
-0.0034557199988786
-0.00430860095113777
0.000338169956049567
0.00414600934084949
-0.00198170580123516
-0.011218378416587
-0.00124064016728639
-0.0100651584481522
-0.0404845439986669
-0.0124740057198907
0.00781613363870044
0.000709115739925397
0.0033011021408216
-0.00134442486524325
0.00720576428595688
6.07071073890457e-05
-0.00532643663063906
0.00129510431574971
0.0124252306676839
0.00949048282871876
0.00981998665959977
0.00720970976563847
0.0051195932839375
0.0210415806924011
-0.00553271582159253
-0.00576008588680679
-0.00297425977456427
0.00789718824645745
-0.0298660670351064
0.00297520856507907
0.0115808489713944
0.0105979173815541
-0.00661564125798754
-0.00245273672311887
-0.011139137181909
-0.0104485786386427
0.00247678964827017
0.0109022841716627
0.00559378601130169
-0.00113672520950357
0.0333756638617071
-0.0250998954476422
-0.00670422376941682
0.00211759216367885
0.0024594003536591
-0.0134346428949665
0.00560560338753129
-0.012602641905875
-0.0176241689504068
-0.023034157177739
-0.0153340255323884
-0.00672661086756334
-0.0018927359178467
0.000549171717602458
-0.00702375091342092
-0.0082061126457746
-0.00677407058690749
-0.00319730594890864
0.0250217208035629
0.0192145626375077
0.0312598513787301
0.0136331028494209
0.0134988479623315
-0.00263485042323464
-0.0666880419664485
-0.0180388871918234
0.0159319146363805
-0.000599503377811138
0.00601314300425569
-0.0702085414500487
-0.0693206085675554
-0.0137606162888113
0.00434068363425521
0.0151372229164423
0.0434713532007972
-0.00657030350382605
0.00623208692586149
-0.0188323291952412
-0.00468737899865087
-0.00936125137957117
0.00994110705358134
-0.0281912655104802
0.0113966460191075
0.0194761981291472
0.0226521234990642
-0.00291481539332383
0.00332298933721555
0.0123051679635111
-0.0174772209559247
-0.0171535968371432
-0.00908289353875679
0.00183563568101623
0.00828714874455398
0.0318996124968288
0.0603856703999367
0.0481133006101937
-0.00102163809001267
-0.0223998496240625
-0.0173507468941997
-0.00858009128010464
0.000329924217056824
-0.0327366621697196
-0.066995089745158
-0.0619671808761372
0.000761141705410329
-0.00816771746837724
-0.0350233887421478
-0.00579650542567858
-0.00486664445089076
-0.0194108480992517
-0.0118097347539898
0.0131913333282335
0.00645389369721692
-0.0401304202102565
-0.0260165655021689
0.0371964088801736
-0.00752337982713839
-0.00409123036354044
0.00439310900969149
-0.0215891751308974
-0.0258310221807812
-0.0168356140567572
-0.0141314750283911
-0.00954004350141055
-0.0111415822066973
-0.00175919924611671
-0.0141161121972592
0.0115191933098116
-0.0447451354768961
0.00214606696696456
0.00691710863081475
0.0151651098194453
0.00701517795449141
-0.0117704016665524
-0.0155392812267583
0.00175642832244099
0.00109679873191474
0.000240077658494069
-0.0117445901557629
-0.00744288742364072
0.000936984054074871
0.00999282524082441
0.0110992081416443
0.00926748131575894
0.000741646981890404
-0.00686872522842707
0.00184948033420058
-0.00117642843432762
-0.00332540973474085
-0.000867986199483134
-0.00699933451332229
-0.00255637759543586
-0.00344003834447815
0.000754743767467706
0.00349472185283786
-0.000130249422125799
-0.0218571104942272
-0.0156082795852902
-0.00220939190177528
-0.000959903378441531
0.00953038604633236
0.0131773918667188
0.00470072009845566
0.00740444696162111
-0.00695071434623843
-0.0144792341123703
0.0034930587323041
-0.0140412885991103
-0.00208413740432282
0.00832192270380498
0.00778277184287221
-0.0030462127776663
-0.0468865029100812
-0.0579302803165629
-0.0150977393142639
-0.00958135365929483
-0.00975026507761426
0.000865712612208043
0.00359860325370021
-0.00849448265638241
-0.00358569336017864
0.000327866972761987
0.00788302901870089
-0.00904960413903211
-0.00206923994358328
0.00709993653490523
0.0223737126040459
-0.00396212092620867
-0.00111413008706379
-0.00445755606063218
-0.00242017104675736
-0.000744244239226219
0.0010583068037726
-0.000907552065571209
0.00638153233680792
0.00878464972731138
0.0170305827760711
-0.001105778563872
0.00293290310005519
-0.00246522174608075
0.013003181201995
0.00830762930044282
-0.000964853673166144
-0.00203586488764731
-0.0061341098225043
-0.0133963509105914
-0.0183818320323409
-0.0134770726486147
0.000953886279715935
0.000562867299302249
-0.000675933905328653
-0.007038492901534
-0.0104568954402739
5.99623132305277e-05
0.00169986535680996
0.00123512572554436
-0.00206388079037478
-0.000475789596510179
-0.000559788582581845
-0.000549363166207452
0.000329792871203464
-0.000115583901159939
-0.00974357050590939
-0.00931004327632298
-0.00932171463716269
-0.00882409117200872
-0.00429740450877235
0.00150479435063162
-0.0015649968479153
-0.000201703205202256
-0.00630131577485462
-0.00391616681673867
-0.00408609736031347
0.000114862033734777
-0.00365863996999292
-0.00208157995154915
-0.00192834275913306
-0.00236889494889966
-0.00454537004621736
-0.00990487876286252
-0.00960645835791743
-0.0118876746400859
-0.010024586707544
-0.000731732048310017
-0.00138452087910005
8.79609835444132e-05
-0.000585939468108697
-0.00234089616280584
-0.000587130786576138
0.00206346946537788
0.00745650135778884
0.0107081744938434
0.00160317652782
0.00160289222695137
0.00283154514679986
-0.00185134137193368
-0.00266054731427923
-0.00288817677869571
-0.00321308841113163
0.00305470309320336
0.00293416127526004
-0.00148652482868439
-0.000853745550707329
-0.00278623248572216
-0.00636060305602321
-0.00330068375215175
-0.00683878857095653
0.00262274117570286
0.00275007304111628
-0.00267201595418592
-0.0058822473369471
-0.00219552316217182
-0.00221537172737936
-0.00177601950309858
0.00116663159552847
-0.00917738845500029
-0.00109012250410475
0.00250487446257699
-0.00353957991546855
-0.00251630113953659
-0.00610502684390685
0.000458289053375001
0.000834166424241937
-0.0009156051585935
-0.000687786729850983
0.000623775160374964
-0.000349953313384682
-0.00186997060729825
-0.000680274323476375
0.000845706629212142
0.00313354976322238
0.00316780576368089
0.0039449310164285
0.00484660981681922
0.00652627897980489
0.00465731458623667
0.00821035016111962
0.0243642418425897
-0.00492468405619081
0.0101967898125197
0.00732085958567757
1.29068572735551e-05
-0.00605877531982732
-0.0184837003542591
-0.0213408569458288
-0.0123250949020984
-0.00947548331096213
0.0024153615554174
0.000838826149820721
-0.000688911259692852
-0.00159675960395948
0.00111268817504576
0.00118830639743481
-0.00583542874438939
-0.00981789598544113
-0.0118589784691999
-0.00886162889188687
-0.018723150675293
0.000185778646677531
-0.00241906129615359
-0.00043642862365119
0.0032786060363003
0.000216531926093682
-0.0076808629401262
-0.00761093651258041
-0.00651329795764392
-0.0143303291450166
-0.0165131236496022
-0.0208125982868688
-0.015628934218385
-0.0163536275137849
-0.00359054237161944
-0.00476120526076075
0.00367888855846876
0.00714405830052892
0.00700271798772516
0.0043217746193404
-0.0138479214046439
-0.0099519691268004
-0.010549383292683
-0.00769543187207992
-0.0155783853083143
-0.00942874882160986
-0.00211888761685688
-0.00693121709291487
0.00342284156285773
-0.000298703999028814
0.000930416176274388
0.000160905055359352
-0.00384018453718323
-0.00330097885543186
-0.00267643722897284
0.00201788570653419
0.00246917313162657
0.00271432064039064
0.00176716061078037
0.00625119475297869
0.000354886218731603
-0.00213397009942429
3.83777217481635e-05
-0.000692549677559078
-0.000248128430845149
0.000974818556450045
-0.000265304755654549
0.00047447289690359
-0.00114868839499675
0.00303015582471968
-0.00453588376705471
-0.00172526716711502
0.00170234655754788
0.000102959396560703
0.000505923568183318
-0.000679850132244585
-0.00209345905441812
-0.00105767035615688
0.000979459723780604
-0.000875972503376942
0.00141705854705314
9.3054346577725e-05
-0.00456888001548538
-0.00355472422549033
-0.00674892876488326
-0.0032826808079329
-0.00321677492974555
-0.00208634308663192
-0.000426892220890389
-4.07058027602927e-05
5.30756527321919e-05
0.000674821769072501
0.00281518380768462
0.000731401182328708
0.000440183588300037
0.00186866841019993
-1.47815090303211e-05
-0.00101080872254807
0.000565991046089381
0.000279484532095523
-0.000193045029207666
-0.000846725756218532
0.000174967647596222
0.00108536862581144
0.0024717142235295
0.00291151421281153
0.000203856697604794
7.90905699734988e-07
-0.00115299855011053
-0.00115616176271183
0.000254547493545149
0.00124526148920066
0.000662715371229937
0.000282764923668634
-0.000875997088146513
0.000340622798364296
-0.00024422768291354
0.00165625260878214
0.00251374768253906
0.000901556789919484
-0.000746930703260415
-0.000373452232616568
3.45527320634236e-05
-0.000575825735885087
-0.00160075947956832
-0.00223000297975422
0.000252189388122385
-0.00175848770757358
-0.00408312270342006
-0.00178141361972348
-0.00487153025663561
7.04362130077847e-05
0.0017176275866655
0.000325867890863328
-0.00106500780757924
-0.00115483940277259
-0.00241243826064836
-0.00357043494645619
-0.000899956742008665
-0.00261068125528671
-0.00231065073102755
-0.00198276449860988
-0.00455864543503019
-0.00265151658352827
-0.000799300274736588
-0.000307296965638313
-0.000564506766771255
-0.00192164524408685
-0.00301427411721957
-0.00326419384335361
-0.00330242382978326
