-0.983329068854808
-0.98368103788701
-0.986576872466776
-0.993132312884439
-0.967952807847928
-0.989866579277653
-0.931839796592322
-0.750623858110362
-0.621679095456709
-0.603720548032581
-0.431033989328994
-0.453716804692995
-0.637716114148366
-0.697000159811947
-0.718708860744287
-0.775046961629203
-0.81653523525915
-0.696368383090831
-0.474908446371982
-0.446712186162395
-0.427129788370162
-0.464521033336007
-0.43718002245411
-0.371849625393956
-0.270310023718776
-0.159489019654404
-0.233822113413169
-0.239986654402395
-0.23966171670638
-0.336403680801317
-0.486493964000149
-0.346605559158015
-0.285064254568956
-0.218308162571348
-0.106804856984641
0.0340901959218022
-0.0736131123936244
-0.185722259065084
-0.0734832242489242
-0.113184389401001
-0.207468946287863
-0.179794399059959
-0.0959731197922257
-0.00220625606979494
-0.00295559859350608
-0.124046342788472
-0.134508837575981
-0.298669857507211
-0.424997277434809
-0.356655220005582
-0.342769713680297
-0.260895468944366
-0.17101186440114
-0.185021666895758
-0.00371333796235124
0.0402241892993036
-0.0820470593916229
-0.115290665369899
-0.186643528082587
-0.179832459037278
-0.155123078218569
-0.0329425958953425
0.00326205503670054
-0.0260952611878192
-0.0872179235642203
-0.121404259189307
-0.120550767465464
-0.219727617574608
-0.214988841732503
-0.211144060547278
-0.126990472546789
-0.144333054844593
-0.0768136846172361
-0.0496288017598757
-0.0819682275978634
-0.067129102148146
-0.0449484854187444
-0.0559580154227519
0.0225027214494846
-0.00622801480013538
-0.034112292523071
-0.0751238501296288
-0.0708273541747852
-0.0926709579210552
-0.0493992402164735
-0.0341827322693772
-0.0295882400583186
-0.0356109656344026
-0.0173496222272934
-0.067472584241164
-0.064420655458695
-0.133916135916792
-0.149038690401042
-0.151336480885564
-0.140360488907042
-0.189602174881659
-0.161979764634832
-0.127576107206541
-0.0891046990832073
-0.0667937455312521
-0.177214104650217
-0.229235815182766
-0.243102235503151
-0.109648977801983
-0.0946326926172278
-0.0999175222879638
-0.0810687224033752
-0.0301308492486981
-0.00957950329909642
-0.0741484574054988
-0.11508456909248
-0.139060600517821
-0.0845367423143849
0.0116665811681658
0.00238469698058364
-0.00939083427408494
0.012284663443223
-0.0136507034694263
-0.0168214309690078
-0.0031260277548174
0.00308683936769665
-0.0149221019806272
0.0353917515576024
0.0488871606754399
0.0263889691385902
-0.0267476386917751
0.0299020266508701
0.0795902679288881
-0.0104534763412765
-0.00992888174631666
0.000395516484470775
-0.0113672121507155
-0.0209138817572194
-0.0192998343449701
-0.0158466100510268
-0.0244582815951996
-0.0627096854691044
-0.0828845022454318
-0.0413142764996962
-0.0233343679076901
-0.0307740824538544
-0.0517218118006655
-0.00619950202985612
0.0194603203815167
0.0543217834622974
0.0284690243457293
0.0213877175395699
0.0194817141100421
0.00820791897231506
-0.000374662750813378
0.00756837793802072
-0.0105429726579356
0.00341856577042254
-0.00410706571618568
-0.0382760565108825
-0.0704069557593443
-0.0285172413334401
-0.0473490775288191
-0.0449335861685582
-0.0881043890696961
-0.0103372717795423
0.0109792407132714
-0.0188543505345768
-0.0312251462260573
-0.00448123131637304
-0.0113999335099741
-0.0346154163439959
-0.041294621177451
-0.0231762088764995
-0.0429671058535089
-0.0420154205169527
-0.0883885935553966
-0.109684673889307
-0.155680691243859
-0.115592577433551
-0.0654492432990192
-0.0611034466239632
-0.0327323327998863
-0.0252438994607347
0.00619772137068004
-0.0128169409465334
-0.036882878680475
-0.026131047477252
-0.026555130402032
-0.0287168159726989
0.00794232736229992
0.0264794199212793
0.0119390865197457
0.00898864462643896
0.0474598504113849
0.0114191012514577
-0.0157949738536741
-0.0384575749515737
0.00074330865875118
0.0321982590738826
0.0190391948497655
0.00395516324657753
-0.00175952891098518
0.00527449476563243
-0.0501079091779637
-0.0379412407223532
0.0207745471111568
0.0217788629609731
0.0049772040611234
-0.017318750514551
-0.0135027420954955
-0.0194865081599784
-0.0168323667945479
-0.00152145907437864
0.00319915870094413
-0.00156727307490102
-0.00599172800828088
-0.00803521784203277
0.00184050513129364
0.0294066431324408
0.040999690029395
-0.0432701852200337
-0.106808791495887
-0.0694909290114079
-0.0303353178478201
-0.013602624343802
-0.000172138515786267
0.0359537349211233
-0.0264607552382388
0.00127588952072288
-0.0406862966160007
-0.0597233211960515
-0.0232685092560415
-0.018496079794695
-0.0113555010772237
0.00627011629967227
0.0354212108364494
0.0146971972718702
0.00147739224000699
-0.00578590715025255
-0.00583368161244494
-0.013110645288022
0.000175509279910693
0.00325383269837046
0.0107110104096801
-0.00959379158978315
-0.00781346749040666
-0.0344683441705746
-0.0298140290040437
-0.0220810828419888
-0.0406976835220557
0.00467867684983514
-0.00809109759660458
-0.00702363226438171
0.0054343264231337
0.032496445274677
0.0136388742918659
0.0163290009394121
0.0293519553436903
0.0152005128140595
0.0273777737230592
0.00229064190139696
0.00763411807092503
0.00576392422785297
0.00217098978847765
-0.00982453865400472
-0.0214730607091119
-0.00778960857907489
-0.0187906989977154
-0.0438213524073265
-0.00762756140114671
0.000750160370821544
0.00169372472561386
-0.0324725628334068
-0.0210833646713652
-0.000439039695435003
0.00303895591900164
0.00303118267737678
0.0118720980102855
-0.004947204666694
0.011206881248395
0.00366968994320248
0.00350550289698465
0.00143898674893924
-0.000500853176029108
0.00736897291964102
0.00395344553568217
-0.00964207445293504
-0.0162713013447071
0.00847661598804416
0.0435464366600147
0.034946456764818
0.0951452958923123
0.0267886996662453
0.0100921062219503
0.00840649274042805
-0.00794092869485384
0.00423312198972576
0.000271787733077768
-0.0117853238981035
-0.00688691095963501
0.0121926038904585
0.0160320243483836
0.0226590800465751
0.0365158122054134
-0.000506448054240617
0.00669364403470815
0.011012492146648
-0.0144253531711909
0.0058774575410287
0.00883956583311062
-0.00270091809404099
0.00283519105404429
0.00843050637271492
-0.00464435247816248
-0.0353030754304152
0.00846610819271408
0.00785686319512224
-0.00540732136731851
-0.00270184372505588
0.0264066499977712
0.00712056397173606
0.0141843463314094
-0.0262273262013345
0.0193030101038066
-0.0277640689570336
-0.0505787049106308
-0.00718593452532966
0.00381379138707102
-0.00100460663469381
0.011948733788228
0.0181745220476628
-0.00161333925037058
-0.015737416450477
-0.0132028479878282
0.00239790632585083
-0.00409494385211103
0.0253728480509748
0.0200621797268708
0.00973540824132504
0.0123827905181119
-0.0163812966550481
0.0174755570696153
0.0121389721115358
0.0202358499083442
0.0254771579155635
-0.00403245108992795
-0.00141674624213429
-0.00481460539632424
-0.00384860095635452
0.00502777363148559
0.013167323115
0.0014929955524429
0.00873137089677038
0.00291086612475747
-0.00235024986079573
-0.00848787214623013
-0.0260081373194563
-0.034931841173742
-0.0131533595966753
0.00416671380969196
-0.0103232683674679
-0.0096627331426142
-0.0201098785515655
-0.0108925199271908
0.0361471287233842
0.0538338883328382
0.00907483654270918
0.0137213399441526
-0.00496128857042724
0.0135951134775837
0.00232912666556817
0.0312991308339023
0.00832669579009441
-0.00988395212718334
-0.00482252062278
0.00358397214968872
-0.000894178179741141
0.0199649324842946
-0.00748104984124028
0.00577437703091488
-0.0132606700190086
-0.0119833379707801
-0.0120257591393337
-0.00733330579075858
-0.014125838042163
-0.00447898164988554
-0.0134370820326416
-0.00557833362326695
0.001972271853059
-0.00225022842083163
-0.0146207360870503
-0.00940737922476903
-0.0083111636723611
-0.0153316235834178
-0.0363225325371084
0.0165439426062445
0.0486528558850745
0.021422532195862
-0.00138598961154999
0.00430212189950284
0.00699060867095901
0.0248575826344394
-0.00959268190261693
-0.00431277099011625
-0.0106014161288829
-0.0115846391879548
-0.0222164750576576
0.00304421245127013
-0.00310815416518583
-0.0109069132852999
0.00247764744025703
-0.01492030463434
-0.0138794054790295
-0.00481906173676293
0.00100863608601965
0.0136745147138898
0.0267838079697363
0.0255171193152723
0.0196870925660635
-0.013602872750465
-0.0248138333294288
-0.0186203238144882
0.0306892601634829
0.0079902819453594
-0.0105263649761821
-0.00786532469121754
0.011466701514626
-0.011370969946243
-0.000520981811579363
0.0063549973292013
-0.0107287786312468
0.00207145700780007
0.00583085863306589
-0.000898559222760346
-5.14385989667459e-05
0.0197532964436566
-0.00586079109824133
-0.00210603335744514
-0.00992479961361719
-0.0064889907577047
-0.00778598198383022
-0.0448227805803819
-0.0125596151445731
-0.00707750231195351
0.0206294522872267
-0.00945900324312384
-0.00591206234202578
0.00648759715693106
0.0189528056286587
0.00781633627066312
0.00549217822109924
-0.00415971775239964
0.0273474838196792
-0.00153130610715759
0.00901078000552412
-0.00189701163507889
-0.00138891744847521
0.00101922990124407
0.00231411237876763
-0.00039500193898502
-0.00825226044772481
0.00294378706073163
0.0221253712208492
-0.000162117253075673
0.000685743365642697
0.0129448061757864
0.00410528863039852
0.00224814283060134
0.00582949001597674
-0.0159375977017173
-0.00844677414429073
-0.00334120637440952
-0.00451057005754418
-0.00482862692535017
0.00727043460820853
-0.0025856143441388
-0.0125382897952568
-0.0103230119411197
-0.0349591680909376
-0.0566587775887558
-0.0610610505589562
-0.0481614760457172
-0.0184994921340084
-0.0048032584572437
-0.00563000962111197
-0.00777499555048861
-0.0121778388399001
-0.0116989163009795
-0.0337557186435587
-0.00779924584536251
-0.00861056756218636
-0.00479618836298114
-0.00355304598830032
0.00678718711021851
0.0458975557845818
-0.00195048379133412
-0.00483097134243933
0.000464491814699443
0.00720975838905738
-0.00247738422052374
-0.0132486524824294
-0.00905060379654294
-0.00470873989824764
0.00387863564809928
0.0177765090388061
0.0112147532291193
-0.00454880422766814
0.00816305528740936
0.00644387889960636
-0.000305557051863577
-0.000266607764354267
-0.00202541178399724
-6.72494066889214e-05
0.0030732816088251
-0.00378681843891264
-0.00625471566316191
0.00262818075464266
-0.00949294323491741
-0.0188225894725786
-0.0125737688049989
-0.0189038804453825
-0.00410000841913209
0.00427232048178589
0.0163698703372584
0.0220819832673234
0.00835881170309996
0.00353797285023735
-0.00680284169512996
-0.0178391495807797
-0.00674538548946686
-0.00494663797744356
-0.00275464586611513
-0.00327901721933069
-0.00123229663231678
0.00353718430543612
-0.000324006657636617
-0.00179136070738143
0.00180659490484056
0.0044472882890584
0.00552717319579786
0.00373013637471631
0.00219701512513234
0.00695618618155248
0.0187768422637314
0.0272653067666435
0.00315352974547497
-9.741478504311e-05
-0.00375695598684464
0.000313402846619082
-0.00266776385002038
0.000342113596259678
0.00297012932984842
-0.010571916354701
-0.000724140845175639
-0.00698194306436577
0.00190495695568539
0.00257253543218607
0.000242752753390378
0.000599088217828668
0.000416108350103415
-0.00588699407035967
0.00318685143269321
-0.00524025862661254
0.0033852459122321
0.00740982905761631
-0.0088875394667239
-0.00298633872501987
0.00367381853555607
-0.00760142973795914
-0.00814851404870773
-0.00321774983912853
0.00647658830624105
-0.00550787051933147
-0.00535865427678395
-0.00113218700432228
0.000352330999846251
0.00235297768499735
0.00903281704053999
0.000688816356570271
0.00557712828315353
-0.00263220789973753
-0.0242267337099557
-0.0125932862403773
-0.0012349447221529
-0.000135000821049383
-0.00153514578462404
0.00042938355193375
0.000925475022613934
-0.00265254177491411
-0.00121321604141852
-0.00120958122145431
-0.000478651052139404
-0.0021596493390093
0.00254468676985862
0.00200427670593271
0.00269409305981694
0.00347803996139335
0.00771017804859404
0.00115438078788364
0.000263482291078475
-0.0011829968184776
-0.00208928909059797
0.00257562519742112
-0.00815972917732412
-0.00809613720954558
-0.00403040763148985
-0.00360822759583984
-0.0025675455448599
-0.00395557603970928
-0.00479911981428399
0.00146938822542754
0.00261552513277137
0.0069291969253262
0.00610411659365792
0.00357657694254412
-0.00403733155915716
-0.00197725987051876
-0.0044195697329294
-0.00319439449394947
0.00145644608262739
-0.00371654751288213
0.000708236279068009
-0.0026092244917766
-0.00406973533685059
-0.00595423227777725
-0.00627257449478228
-0.00925514970272471
-0.0145899173020139
-0.0066402579389472
-0.000125728371658927
-0.000317117072903348
-0.00596451592516039
0.00368424855885544
0.00590210956812244
-0.00152215442693806
-0.00187842465678516
-0.00616718192234059
-0.00133266758898967
-0.014956333278762
-0.00666768073076674
1.30325274785288e-05
-0.0113641420077613
-0.00149299287714884
-0.00202338642976376
-0.00664727904229387
-0.00479784207339091
0.00592485562599596
0.000997424679911254
-0.00150757792183037
-0.00123481313789367
-0.00158929881083349
-0.00488452262994799
-0.0035514256725266
-0.00174899064064394
-0.00587682190995507
-0.0095135321795168
0.00150574926511889
0.0104306479306099
0.00313877771501465
-0.0030075754325428
-0.00367298773649106
-0.000951849294353336
-0.000902646149598293
-0.00222479429031343
-0.00158992963616494
0.000275426118042176
2.29943353563274e-05
0.000144382721393348
0.00039473156744492
-0.000261315846391137
-0.00324109354007161
-0.00040364838727225
0.00158932887399413
0.000303725118151207
-0.00301525746939821
3.72188087246643e-05
-0.00465389290496009
-0.00386022171738038
-0.00407937057658442
-0.00514825539937075
-0.00448710760433441
-0.0021322741204736
-0.00634357742273424
0.00460631375604674
-0.00733702360702852
-0.00221456081771323
0.00128272577517711
-0.000463250026720669
-0.00169316338025183
-0.00144461405146924
-0.000590853979038006
-0.00803805583134543
0.00760273464527873
0.00645112398393519
-0.0113659577756897
-0.00637184243820083
-0.00402808893073869
-0.00108733159383975
-0.00521721552497267
-0.00480825664246622
-0.00448254555750838
-0.00444728856925843
-0.00108023754105439
0.00103800475985696
-8.31817182433934e-05
-0.0038493111620089
-0.00319544856200138
-0.000194624887686877
0.000135826620594876
0.00183496729378747
0.00196726674058189
0.00125108219614699
-0.00457637324894393
0.00457220011976102
0.0015183487638589
0.00240211741377361
0.00428378181090757
0.00463076508837704
0.00323423138616705
0.00365585913516179
-0.00528368102140547
0.00117033547095518
0.000609821554249953
-0.00248011522246079
-0.00215116350581205
-0.00470586125174574
-0.00260799921468054
0.00331473262136576
-0.000328079026400037
-0.000318832260117304
-0.000229524458434626
-0.00302358033934063
-0.000812497773454235
-0.00391160860591506
-0.0100186295271052
-0.00907533938786798
-0.00604464547714227
-0.0017178450878464
1.45518150148566e-05
-0.0077622869246607
0.00480912825802807
0.00116714809145525
-0.0017207909270838
-0.0107753406429967
-0.00915836917706287
-0.00961681684933533
-0.00262108210233964
-0.00271808819264149
-0.00307583272572628
-0.00331865195706953
-0.00420202185291371
-0.00246173175897785
-0.00175162914031674
0.000959981345469854
-0.00160622506880541
-0.000818086716196442
0.000329474302615873
1.17467105649992e-05
0.00763494845746714
0.00306175306532134
-0.00346655032704599
0.000686009356228688
-0.00401404043169343
-0.00730664489683355
0.000303720611086346
0.000254220025294682
0.00412077216335032
-0.00248943642421472
-0.00487798704514633
-0.00766754724408771
0.00163364817105391
-0.000519138273204397
-0.0090639300217909
-0.00111823136583721
0.00376461299036076
0.00255444881981155
-3.44109709651821e-05
0.000415675261576965
0.0010851049111576
-0.00155313811504247
0.000114281063756994
-0.00121116331809717
-0.00158291650368196
-0.0018810114132932
-0.000524161608718451
0.00166440452393214
0.000676686056981434
-0.000439352620409554
-0.00485321848789181
-0.00147363983037639
-0.0021463473866965
-0.00126063529896394
-0.00330027857315494
-0.00405658422431999
-0.00262178361980915
-0.00100393134721728
0.000756436040828695
0.0024805335505024
-0.000914639022204741
-0.00307074381317399
-0.000841755308861487
-0.00243336282624842
-0.00474636596351772
-0.00807543662728328
-0.00179628446712355
-0.000936894725861355
-0.00444541543414474
-0.0108267421740705
-0.00100065777756895
0.00121069613913721
0.00124456652666276
-0.000579185161565698
-0.0011183684208763
6.79145328110755e-06
0.0034731957140083
2.2818326828719e-06
-0.00134587851293848
-0.00211163018670516
-0.00323571667339569
-0.00252135030345809
0.0048530649027427
0.00019579985091389
0.00064885522403877
0.00227228483701428
-8.67007443119222e-05
0.000857558708818048
0.00243803913601218
0.00277353972211821
0.00201009803051559
0.00137173045302919
-0.000194945654367835
0.000222695531399444
0.00248796721548881
0.000107655858612384
0.00137889221363307
-0.000760559562104281
-0.00315814753108429
-0.00186165069326715
-0.000138033139358481
-0.00122540950858627
0.000181819843409775
0.000549975834423537
0.000845024800045266
0.000636925815628531
0.00152755248864748
0.00241899338361574
-4.69893820081398e-05
-0.00164603011703768
-0.00120948451330446
-0.000163294499817721
-0.000385032817301584
-0.000473574716795291
-0.000554410206558935
-0.000965595007803698
-0.00111508970885364
-0.000657968842162199
-0.00032892426147991
-0.00137272004758232
-0.00067147511504899
0.000638768569515665
0.000566928614555539
-6.8048550347783e-05
-2.5334638156452e-05
0.000632491507095235
0.000269020863904549
-0.000316153265747903
0.0012227406518651
-0.00096354465513025
-0.00375190041819801
-0.00351613043638508
-0.00100524819057841
-0.000248811544091274
-0.000281437733070022
6.95200106593728e-05
0.00132120839304977
-0.000624427941596349
-0.00204899145159075
-0.00565020172650362
-0.00408291817077435
8.64602973534571e-05
-6.05754241162141e-05
-0.000615578592366526
-0.00140155620109563
-0.000786327604518112
-0.0017286498716005
0.00065546378562606
-0.00224213292266694
-0.00141071099197245
-0.000762863896215517
0.00148561150706224
-0.000109390593880846
-0.0030283497953104
-0.00084220475494723
-0.000393963172775905
-0.00147331984343081
-0.00160294535784064
-0.00165372789366883
-0.00175421850883066
-0.000897309575357496
-0.000459410626335109
-0.000385993678944171
-0.00196751645324093
-0.000655634615812474
0.000547490833915649
3.42095759472626e-05
-0.000149926618266846
-0.000943856315625988
-0.000897235493370261
-0.000454017044158359
-0.000230764743607572
-0.00128627126562575
-0.000730669847976461
-3.07317256854645e-05
-0.00232566553823011
-0.00286453693470299
-0.00228397937539522
-0.00187643711892514
-0.00124926316181526
0.000104035212761619
8.69057237547034e-05
0.000120761079788662
0.00018417745848636
-0.00237737920786197
-0.00101018257071442
-0.00153503902984126
-0.00121070985880916
-0.00273063066355167
-0.00138611247317395
-0.000179273015411252
-0.000423489689468211
-0.00184806138479098
0.000536720466152061
-0.000932161282212037
-0.0012017133590582
-0.000550888717931828
0.00020411244388951
0.000674377638903218
-0.000724708885670029
-0.000651453137431614
-7.2151874755388e-05
-0.000148314259236921
-0.000476414889213245
-0.000616906633454655
0.000130053678230777
-0.000174313380244109
-0.00115921449703154
-0.000443900605573846
-0.000999252101486796
-4.28183913622831e-05
0.000130790279766718
-0.000233000335939109
-0.000109197463217615
-0.000644755804778825
-0.000582860617633634
-0.00141850638932425
-0.000385978647668829
0.00111967414109494
0.000393089574819708
4.10432547643465e-05
-0.000859433833476198
-0.000553369533211562
-0.000200550411485758
0.000231839133829074
-7.61812267013891e-05
4.66005573910421e-05
0.000396766116476033
0.000188890355253196
-5.42467769876153e-05
-9.36208975169946e-05
-2.18254665844153e-05
0.00104104052952569
0.000138565912385671
0.000691473738299732
-0.000420253873255856
-0.000423041637012367
-0.000711000613626849
-0.000309030219893181
-0.000522183904856042
-0.000309654884524737
-6.57877908601262e-05
-0.00135315360019782
-0.00119567281876093
-0.000897753248221271
-0.00263151130371398
-0.00463202173010076
-0.00446370616502185
-0.00424280936107637
-0.00371854816730168
-0.00298213969834386
-0.00102586073077163
-0.000649233436524752
-0.00025084372916123
-0.000702803584915254
-0.000468459161679307
8.16583898887197e-05
-5.63870425823645e-06
0.000153709307790708
-0.000551138269424343
-0.000914616973131549
-0.000675798759156846
-0.00041187907584588
-0.000516426982146893
-0.000323285297744289
-3.21832177013688e-05
6.38244359309121e-05
-0.000199851037223234
-0.000315257082293018
-1.06854925022474e-05
8.12008413239538e-05
-1.21808490070599e-05
-0.00150900381600802
-0.00262027852521859
-0.00304314258736215
-0.000761031010350521
-0.000760534628300253
-0.000398143791391831
-0.00020160256706438
-0.000494988216406039
-0.000293793530302461
4.52080712954801e-05
-0.00107572954649551
-0.00298787464104131
-0.00132537290704777
-0.00172205571013141
-0.00111638555889109
-0.000349757047987395
-0.000159238906989396
-0.000250599401753044
-0.000234607058594521
