-0.971127981133312
-0.818469383553268
-0.592717972995801
-0.342029569981184
-0.0764577030614621
-0.116309031074475
-0.00525706455437624
-0.0414952112490295
-0.001886289790326
-0.0424629652595684
0.00615588349103542
-0.00308962901900395
-0.00574904440965816
-0.113578823731363
0.00564998317568909
-0.123528497087535
-0.0108838608075586
0.0194215321716891
-0.042538817353486
-0.0126249932706458
-0.023268240454876
0.0063183588558696
-0.00460432540434383
-0.00841723920072
0.0128284586298207
0.0313861805136683
-0.0020115132369556
-0.0090135028240559
-0.00140250112882355
-0.0190246181157727
-0.0624971254719596
0.000726584535611923
-0.0219898903737275
-0.104167723898794
-0.0778915633065857
0.00279514867924406
-0.0622906103372824
-0.00955692173671052
-0.0396270642357326
-0.0123412963140786
-0.00391530359052725
-0.0429815973543061
-0.083338546781644
0.00355811488469914
0.000541041927849083
-0.0224278732883379
0.00987119610638929
-3.03497702076405e-05
0.00403788547994096
0.0100186971216395
0.0138728741761624
-0.0142507490032082
-0.0293705227758874
0.0021364501786756
0.0171107824485507
-0.00771490490415044
0.0163589503515216
0.0297872554410273
-0.0111568812749974
0.0046836285391877
0.0163467767569577
0.0077980199085436
-0.00149103521340993
-0.00910572711295915
-0.0218881577350437
0.000749598975135872
-0.0233264133007576
0.0155716959719905
-0.0190720807060049
-0.0151957677153632
-0.00876147621866508
0.0246493075270336
0.00202797767055796
0.0026177052093666
0.00439736733290774
0.038768483269206
-0.00242792084629167
-0.00753211739834503
-0.0289602281370891
0.0146930804059262
-0.0202012602641986
-0.0691831626425656
0.0080755881801816
-0.021531849330809
-0.0140001441838594
-0.00772770253338803
0.00767831743757263
-0.0155852885528395
0.00652433910510194
-0.0334442831098332
0.00629871710397947
0.00669041250077447
-0.000731368326060642
-0.000576187603433789
0.0100852803362629
0.000217074218833733
0.00638361749881607
0.00376158531307511
-0.0193861398457013
-0.0195539406759655
0.0108947910352856
-0.013109434554525
-0.000237255030541401
-0.0159205185910189
-0.0158703659642566
0.00511497723590488
-0.00863406338869838
-0.0101792548402274
0.0175787696941054
0.00103241257624769
-0.00933413686051396
-0.0100135683697225
-0.0146779311998846
0.00853419883654234
0.0131887232549801
-0.00267090676249075
0.0144958292831711
-0.00625795526461022
-0.00313337205206879
-0.000117351426060937
-0.0248063946670673
0.0237534502903051
0.0024086082486908
-0.00305448128569474
-0.0102836863757463
-0.00586063479478287
0.00104733192329431
-0.000511268146516161
-0.00294049562857388
-0.00367724217233178
-0.0277064221052634
0.0237288090950659
0.000849894011006821
-0.00306006955171671
-0.00740891958633887
0.000562574833898432
0.00022730148450447
0.00296140482151277
0.00149467187258888
-0.00634880284478898
-0.0148241111914979
-0.0036859170815605
-0.00554810816288068
0.00906666865968727
-0.00546924927052829
-0.0045007708035519
-0.0116819245685226
-0.00819530153952296
0.00125075991196096
0.00120289963078329
0.00241381196322381
-0.00714678360946036
-0.0304708935617222
0.0147291231380153
-0.000494872361706862
0.0283076276395401
-0.00288042527695808
0.00505225928916049
-0.00455104698119056
0.0263897034581698
0.00260580605084332
-0.0064083242918238
-0.000313450509773149
0.00195043892389981
-0.00621359368902413
0.0106970518784212
-0.00334461872617467
0.00421775098564159
0.0041670918551778
-0.00657705160936768
0.0330726768051142
0.0103156074962506
-0.00258721133898158
-0.00632053292109522
0.000421856346727274
-0.00380656661173888
0.00438033153543251
-0.00092331737828493
-0.0122056705605465
-0.00241732142680013
-0.00399022015130112
-0.0027882163397432
-0.0177931495425405
-0.0119806680069128
0.00458221891953764
0.00881100386296301
-0.00976418483289603
0.0160538160855518
-0.00865164479699867
-0.0257366008611883
0.00154977884515397
-0.000726891715331334
-0.0271655882082675
-0.0062890047415953
2.8702176826836e-06
0.000614324477874207
0.00180208464939221
-0.00963312420427098
4.29085538530541e-05
0.00187322712461207
-0.000359100309150986
0.0013198108869236
0.00909846106149221
0.022522291926201
0.00244164632785233
-0.0136751779334158
-0.00608570055192019
-0.00293782331582463
0.00356553972931592
0.00299293143681776
-0.000654690086312387
0.00474548304058716
0.0114805020011878
-0.00218524430593009
-0.00148725362196576
-0.0102430858360288
-0.00104332954373452
-0.00335441905030982
-0.00744599215568995
-0.00921375673946489
-0.00671976796142501
-0.00397886274760251
-0.00024275284781228
-0.00389124245193065
-0.00606218250051324
-0.000717281013236522
-0.0061017228145829
-0.00692467432334066
0.000114307710179491
-0.0041014066985961
-0.0061497947609508
-0.00972026954472461
-0.00124158782974561
0.000663250680063561
0.00568314596557958
-0.00133810990370568
0.003292973120736
-0.00067028421796606
-0.00330299152998787
-0.00394604202860277
-4.93452449710026e-05
-0.000700276773583103
0.00166047881068569
0.00325616202320099
-0.000459919955158933
-0.00306148335016296
-0.000349348283854944
-0.000398223994516433
-0.00193949059409444
-0.00299600257779368
-0.000691149413840949
-0.000658598028434402
-0.000386226336791898
0.000869043777580988
-0.00518841831598598
-0.00353902689468225
-0.000277316316858414
-0.00378250938693235
-0.00246436035918239
