-0.991341527113429
-0.683960689645332
-0.255083851975149
-0.278731695626887
-0.192422694806312
0.0158968785106625
-0.023809224873719
-0.00544942558006671
0.0151966946391477
0.00175876074063216
-0.00480842788817666
-0.023549326603199
-0.0384558147270712
0.00254404353356819
0.0197214223532628
0.0135570341919724
0.0452652920923598
-0.0398136258020997
-0.0201393531037838
0.0102628932602654
0.00377144115127109
0.0272523034418729
0.0203673635131729
-0.00594606699184195
0.00279740281078634
-0.0301457841706682
-0.0164455188290831
0.0139622345123655
0.0100421633867769
-0.0236358433700472
0.0170974875126891
-0.0271808215678188
0.0402743177887231
0.0159092490667078
-0.00162802778690105
0.000854689691417838
0.0158656542310395
0.0117007078337981
0.00295290246497149
0.000412271095321335
-0.0443858855376959
-0.00173271674557042
-0.0086026339363334
0.0189815459106113
0.0113468759768992
0.0302436911784385
0.0268918310044461
0.0189467070013967
0.00681598837708034
-0.0167605445905348
0.00586053155112819
-0.00699328390823827
0.0187168130409904
0.00444862980866936
-0.0292705702482951
-0.0423015507242136
-0.0189458788348057
0.0356926082965819
-0.012446874064166
0.00284588706137496
-0.0721022281130504
0.00459152094460509
-0.0184238414931002
-0.0612733370612205
-0.00611622052390638
0.0224232149732443
-0.000118875475192576
-0.00420720261131685
0.00701592742670944
-0.072986835154522
-0.00307996707280711
0.012766619588118
-0.0221159292580118
0.0034281558671189
-0.0023284508191501
-0.00399965672953322
0.00146799217308682
0.0295623940743965
0.000624769497208629
-0.00456131434263262
0.00423550467039265
0.00631446197917536
0.00775227027450195
-0.00632227427133221
-0.00194151306219253
-0.00975364138361795
0.00833393918566026
-0.00783670083483986
-0.0622700878463334
-0.0342938020488104
-0.00877965997064776
-0.0165725950762105
-0.00680229223065438
0.0127423478181886
0.00643461021088653
-0.00373772342632443
0.00349161737153308
-0.000866612198642722
-0.000494948785142724
0.0253151583324111
0.0298770662587976
-0.015657255305835
-0.00570885900876279
0.0132033292484206
0.0220103443420591
-0.0236686056825948
-0.0092469636339536
-0.0280586739119696
0.00675215389959843
-0.0150186653474126
-0.0011810835690223
0.0125182268610902
0.00950933278065154
0.0172644796267563
0.00267790636468878
0.013417014628867
-0.00355991128740952
-0.0411118646036753
-0.00188286939405724
-0.0215598628159966
0.00218045465073267
0.00230003008416434
0.00304050709584641
-0.00148366660615092
-0.00650181004472358
0.00151005993339714
0.00511487764095554
0.00316668004473811
-0.0105256659830401
-0.00639052032557428
-0.00513332376015887
-6.34888438573998e-06
0.022446263147433
0.00295547749833899
-0.0150943857324837
-0.00213550289206817
-0.0154448135849068
-0.00363022737022486
0.00192145484660909
0.00223070620602236
-0.0196068236206345
0.000727432694372046
-0.00241662267839477
0.00447040319194202
-0.0286885039164278
-0.00303455327358257
-0.00626374338110887
0.0236147184719728
0.00942419594621274
0.00138298860338447
-0.029799002296466
-0.00452579669253352
-0.00740740496702885
-0.00572713625719556
0.022132606908973
-0.00619550247137257
0.00580214263667042
0.000974366850653344
0.00954316954119707
-0.000790860439836363
-0.00464447443949492
-0.00729697788947636
-0.000214847220007786
-0.00452399922115424
-0.0225419932011859
0.0070801972417538
0.00509239966684854
-0.00360716103101845
0.00125081088568397
0.00826594803607491
0.0128893054667523
-0.0104705375267074
-0.00167864550437487
0.00159756052259835
0.000412471010298385
0.000243829074192886
0.00898964789079759
0.000614587309953729
0.00738347323847776
-0.00358916656149859
-0.0080390743477656
-0.0123667095044526
-0.000313711552136022
0.00839738328539198
-0.0105617717956937
-0.000100528389550895
-0.00631635482979654
-0.00525985770183427
-0.00333516860810873
0.00018176675950907
-0.0145221130181782
-0.00160272912706998
-0.00100802373769603
-0.00237649940791168
-0.000147690402361565
-0.00362849438218632
-0.000724891843807485
-0.00118321212680896
-0.030028914745843
0.00515880966797265
0.00307476906634062
0.00466586325235864
-0.00380277586757406
-0.00272449045364163
-0.000922374840527826
0.00389762218472146
0.000951254564519844
-0.00320487895617495
-0.00261447734070247
-0.00212696275053083
0.0035309278264459
-0.00415313194305638
-0.00835429426438193
-0.00557360910922864
-0.000657334624608577
-8.73191077649038e-05
0.00819748826690611
0.000937245780089674
-0.00111463922825173
-0.00367825791269711
-0.00900727920350945
0.00306852159144359
-0.0201923883039558
-0.00396865921408718
-0.00114963292487684
-0.0114765791154902
-0.00499800639664566
0.00107587271204679
-0.000203851003066906
-0.00808104194726777
-0.0158172112707062
0.00380736638589184
0.00311327035210762
0.00182124848687252
-0.0060724397783718
-0.000949246738110587
-0.00885657247564484
0.000105422859786573
-0.00323934762416477
-0.0032310460695949
-0.0046618224684895
-0.00261494425093687
0.000176020336411786
-0.00127237574214751
-0.00125767193169775
-0.00165284637630574
-0.000106112372902954
0.000155525722401879
-1.68992822129321e-05
-0.00056386494323987
-0.000834776077043661
-0.00299878108377195
0.000103103138650054
-3.85400034306842e-05
-0.000363712074160387
-5.88480247548197e-05
-0.00107713929657594
-0.000486449888912889
-0.000113833072655858
