-0.98104502866032
-0.889548279366596
-0.398295076672609
-0.220160102581875
-0.399707846725514
-0.223065864010646
-0.189208183595451
-0.249234995702826
-0.189436555668936
-0.131452000207981
-0.168244152295656
-0.0371225101727424
-0.0219398763424249
-0.0299094125095852
-0.0553060498240192
-0.0662064569730651
-0.0354078762306355
-0.0632900824822828
-0.00633608438847144
-0.0198161684928125
-0.0192961236451204
-0.035523876274304
-0.0439362034818965
-0.0058615703920267
-0.00632743078021574
-0.0350820364007319
-0.0670425110669539
-0.0620410985570594
-0.00482956094845193
-0.016648243935406
-0.00687669361224125
0.00328717621499903
0.0390192469458656
0.0224160165517214
0.00441425199526092
0.0282683817143484
0.0016807543670813
0.00777482498289387
0.0106604273258055
-0.0127939370266215
-0.000327157415679037
0.0184222090118033
-0.0093618287829839
0.0150120484373105
0.0332834961467681
0.00588587224067615
-0.0118781698711778
0.00813515343243871
0.0184026999981466
0.0016931766060949
-0.0171675506183438
-0.0277065778456937
0.00824117610848037
0.00971571118135673
-0.0239795270141891
-3.82252269774067e-05
-0.00699954534813552
0.018033331098809
0.0214999497757147
-0.00348818701607876
-0.000204406764962582
-0.00596232646757497
0.0134112544872962
0.00691962659497678
0.00169427886598508
0.0226649293137201
-0.00244963051460761
-0.00603583330448727
-0.00202724483321663
0.00942327224847302
-0.0116913818341433
-0.0174489923847268
-0.000712517945756728
-0.0435477711182833
0.00405827220610244
0.000633639621285486
-0.0151458611156513
-0.00136014104717536
0.0190702581344835
-0.0234607946326661
-0.013548224670611
0.00011077636179407
-0.0184194495063987
0.00174391602795384
0.00210611382864469
0.00397195337426846
-0.00662283708861319
0.00583975643191015
0.0365962632553521
0.00458792826345876
0.00710679938999216
-0.00444404376738095
-0.0102979921984127
-0.00156746005341114
0.0104416414133902
-0.00876515450772322
0.0215523414454796
0.0117391070064552
-0.0219274574872146
-0.00802294997638823
-0.00651786305193573
-0.0226563701354954
0.00959576344472906
-0.0136482666309403
0.00592366365737904
-0.0180659216390926
0.00835425782433127
0.00293693085291619
-0.0069124780008691
0.00091013258967408
-0.0327028281714658
-0.0124312916024893
-0.0365695836224631
0.102038593811242
0.0177483692733679
-0.0207921156961596
-0.0381181410681583
-0.00367786111969615
0.0101308341788988
-0.00834491650459388
0.0117054122677979
0.000538732301444628
-0.00432219060662357
0.00879154956392289
0.0258059329322174
-0.0487110038939958
-0.00126856530178788
-0.0787794976822225
0.00358328939917732
-0.00281891557268497
-0.0189584144390163
0.000161641475219533
-0.00574581882849602
0.00114435429359963
0.000932269137377898
0.00212167593791098
0.00157539605952927
-0.00594708737895603
0.0125594889091808
0.00087555981760681
-0.00680340990085083
0.00180229299218106
0.0120081071857759
0.00794575289174126
0.00146561902820823
-0.00296295522213927
-0.000742452904165451
0.0279100896186194
0.00738498912110148
0.00757080487284917
-0.00122906456909125
-0.00467804705600428
-0.00974127027424429
0.00746539062734907
-0.00897157246754726
-0.00101644061473259
-0.0172205834325098
0.00546472503892308
-0.00105219927318467
-0.0231443660286597
-0.024597166304297
0.0140731575920901
-0.00248620080240339
-0.000747670806016523
0.0245519965477039
-0.0232296755640311
0.00279433087198964
0.00119697488257309
-0.00254528027345874
-0.0154980482960856
-0.00263206451735358
0.000961159080704043
0.0238998462300044
-0.000469945388455136
-0.0681732215029949
-0.0128454729236339
0.00600505566427344
-0.0016274607593771
0.000213606610273602
-0.00161202962268787
-0.001921126025917
0.00295045770755285
-0.000251304046068185
-0.0260218599191323
0.00214560320812448
0.0103315291386361
-0.00774339676807057
0.00173913201859793
0.00913522699526977
0.00242018906958889
0.00611703783658293
0.0160469355217242
0.000586742249562589
9.94349748531013e-05
-0.00589054449869872
0.00647315250463872
0.0105974753903857
-0.00968200383518102
-0.0154130898091803
-0.00278885741566626
-0.00122534681879799
-0.0242253069977317
-0.0107718661908481
-0.00271909078117531
-0.00436690725336449
-0.00519192954512737
-0.000342504218371622
-0.00143442106530425
-0.00276367591864319
0.00937378792256028
-0.00191564661306129
-0.00642068585334551
0.0176683110803468
0.00438021571575916
-0.000233013177833944
-0.00221722154851559
0.00603807150727467
0.00849618264782414
0.00747345989184612
-0.00286220147236609
0.00359652191144223
-0.00114266390290746
0.00205768253764396
-0.0119058939176546
-0.00772249646742186
0.00369771019555028
-0.00223158523339403
5.72201852429457e-05
-0.00597686064784787
0.0037622162629855
5.96373468982534e-05
-0.00138444590602041
-0.00491463898450292
-0.00841034325069476
6.09440443826587e-05
-0.00434365946690976
-0.00697551764097845
0.00395289402054292
-0.00575798871010524
-0.000708016964892238
-0.00209239485754128
-0.011184366866421
0.000585810535534324
0.00523641695954128
-0.00599679277406084
0.0138498623187811
0.00977683709666665
0.0048847714316695
0.00466530842400995
-0.011240790526668
0.00490319316683367
0.00451346280026487
0.00734867666735708
-0.00241929122204808
-0.00227242847301795
0.00309335193790527
0.000948777349172354
-0.00214354930557403
0.00214147532645579
-0.00273879611819579
-0.00662399758032228
0.000106987148797006
-0.00678695502764748
0.0047483592557341
-0.002052172234771
-0.00323292821268842
-0.00113106958556196
-0.00240210853327436
-0.000489913161087377
0.000359786995373628
0.00396995985577867
-0.00301534314426774
-0.000571824683335361
-0.00123089778673857
-5.38984474496809e-05
0.00187660958519317
-0.00384035238336288
0.00214027792307472
-0.00250676729649511
-0.00103802640525054
-0.00112552084529593
0.000265104566208952
-0.00528227993448868
-0.000474026731788289
-0.00271071024676653
0.00622507252772472
-0.00145075242814473
-0.00137582371804507
0.000864115983537789
0.00383314606443008
0.00693771230083064
-0.000197962272264493
-0.000394037770652902
-2.27984442352827e-05
0.00144788843675201
0.000747260637281361
-0.000276971648707844
-0.000450916960611946
0.0018443397454409
-0.001789357537975
0.00718465261537844
-9.99900945229792e-05
-0.00208602138543685
-4.70038597202923e-05
-0.00205555746200863
1.61322990246678e-05
-0.00177096224803404
-0.000708708357919609
-0.00548826838490134
0.000965356358394133
-0.000589838330653069
0.00575769547980036
0.00220995753755886
0.000271431952178843
7.93691665058151e-05
-0.000241093818214767
0.00201597325858342
-0.00241378448664644
0.00117023346711831
-0.000483308048229545
-7.43044403143046e-05
0.000533579534555209
0.00219821329815586
0.00101310476152887
-0.000195242007756093
0.000853464205968292
0.000244392720243395
-0.0007409790100124
0.00104070601045074
0.000795449160476946
-0.000707654527192206
0.000253248192609612
-0.000436775933454532
-0.00130537515269565
-0.00106240444767398
4.01235993169358e-05
-0.00264898752470022
-0.00226121913876588
-0.00293483845197316
-0.00303309307528917
0.000124238952724519
-0.00197062493114289
-0.00133856280519108
-0.00269866598927383
-0.0020837478529484
