-0.986811606615597
-0.987558203556992
-0.630512562371847
-0.18300845899684
-0.235022807966386
-0.12536522969563
-0.10990436957745
-0.141982496414985
-0.113384487863045
-0.0771358303214013
-0.0195639089612402
0.00931935474800181
-0.0157512548506294
-0.061797920638936
0.0109980994245007
0.0525252603185183
-0.00160397389628368
-0.0157879133186079
-0.00045696654276892
0.00984774216814935
-0.0432355774322406
-0.00458008302269399
-0.0015176185616578
0.0700439578054393
-0.0445782813977947
-0.0555915646991262
-0.0295096903796044
-0.00137052839743222
-0.00422592167211608
-0.0444871840362928
-0.0180888941160414
-0.00248128244466055
0.0144462881516081
0.00668185927819576
-0.0115715116334864
-0.00990160889341264
0.0141816136483899
0.0210152975045636
0.011550636731669
0.00560907874792258
0.0031832416896238
0.027765041942615
-0.00088186769618298
-0.0486373695632849
-0.00730906191944952
-0.00637109607941814
-0.00134378301550281
0.0130795806264676
-0.0565528485360586
0.0343944963642221
0.0178202919224322
-0.000638615307169344
-0.0160140511528661
0.0702495646361631
0.0199289556981428
0.0333592710968479
0.000547815781132176
0.0012459447363012
-0.0320277613892618
0.0275911611637782
0.0190748623756876
-0.00169584353580604
0.00382054016632788
-0.014696098942678
3.90928789044541e-05
-0.00799451914910695
0.00563833685267986
-0.00292656162256093
0.017281431956814
-0.0180081782556545
0.0190078274877695
0.00163391345200529
0.00775302431942087
0.0207673984597965
0.000610144823906416
0.0055947090887431
0.00981481143847839
-0.00888144652493935
0.00610558214696
0.0104257804232227
-0.0519972345089822
-0.0208332085177059
0.00114477497923984
0.0868748213310115
0.00630343049235577
-0.0188573706902534
0.00102889401146982
0.0154678782416521
0.0125273706454969
-0.0330240226327816
-0.0325613824050077
-0.000224701743213005
-0.0289569061370815
-0.00279745379939562
0.00196402035490131
-0.00292000971456409
0.00153981299500289
0.00135603514610556
-0.0293026906349449
0.00600243702702328
-0.0200778140164146
0.00955601561840338
0.00816830450955793
-0.0393366012306851
0.0117424536588789
0.0268741677460674
-0.00151134923512186
0.00472259180400536
-0.000631028975849865
-0.00614190833765411
0.00253455557389694
-0.0133561769677648
-0.0711322267175456
-0.0591816146955093
0.00597838682945221
-0.00692942561612372
0.00532099297055903
0.0063010820319851
-0.00630456459285132
0.00507371947572976
-0.00270766733752476
0.0153411034882256
-0.0106811833815136
0.00561164146489025
-0.00118484328835217
0.0275336912312037
0.00649015521502595
-0.00516417022789804
-0.00688984279226421
-0.0020097399649054
-0.00256383343733626
0.0091661471084171
0.00372412478266721
-0.0116445981978539
0.0147661292696559
0.00761068256651396
-0.0101061719162699
-0.0344527235470537
0.00392907012158018
0.0298713322187899
-0.00735908158101705
-0.00526945044151259
0.00820331413905272
0.00918773317054924
0.000853358918205282
0.000565080794590027
-0.0189003819890834
0.0231529414749731
-0.00911324900962452
-0.00869046903877007
-0.00143505512388348
-0.00753175770986659
-0.0194774517938331
0.00112784008848099
-0.0222820580540824
0.010376390272992
-0.000668479538192092
0.0176975300433471
-0.0201896385749875
0.00334377472270838
0.0120408404123784
-0.00655118987810866
0.000918282783595634
-4.92840346139937e-05
-0.00151370608242633
0.00218037650051089
0.00312527492922643
0.00192193121492782
-0.00244968472822731
0.000875381150386928
0.00830881204413141
-0.00121139480032297
-0.00297018401022687
0.00438373503205278
0.00982426250643863
0.0100993804700484
0.0052697102858092
-0.00158110325904496
0.00180162867803066
0.00747092092937137
0.00251086286446
-0.00092393123130644
0.00109947140986559
0.00770562072535218
-0.00199224614829624
-0.0100352735355009
0.0227649796258214
-0.00536913170285585
-0.0189887811496815
0.00270336493442254
0.00224410007382711
-0.00365042506333307
-0.00545752574956453
-0.003234940191787
-0.00623510648388306
-0.0087703579309605
-0.00479967284766794
-0.0148574308697252
-0.0230037397226208
0.00017940882280206
0.00339844626002923
0.0051805303830863
0.000724455887867695
0.00582092005869813
0.00568425998832894
0.010323987634998
-0.00920396230329243
0.00319863169852552
0.00124681574682634
-0.00554501795710751
-0.016233722394764
0.00416061999895709
-0.00508796749244541
-0.0105415335993634
-0.000426467965489973
0.0118871160933006
-0.00237667353508922
-0.00244200852662665
-0.000580892363708047
-0.0025745469625352
-0.0037563453328429
-0.00303069822045343
0.0147179981884026
0.0140061623729557
0.00570541978886928
-0.000215503367625248
0.00869578226006847
0.00223557928133768
0.000286307154872906
0.000806794087328735
-0.000377276336191871
-0.00272854732511363
-0.0162019366483455
-0.000287603074358715
-0.00305963115955251
0.00157284377649902
0.00473810718755331
-0.00345006003893403
0.000664778558737426
0.0165878030525954
0.00351702806627092
0.018873118368872
-0.00222461982261665
-0.00425671933795848
0.00351261011218979
-0.00252441372752955
-0.00212431890512757
-0.0027927898761343
-0.000492205552332572
-0.00391943109942667
-0.000421198128141063
0.0050460257588895
0.00909091038668324
-0.00194345232123868
-0.00438182641689682
-0.00143557770866956
-0.017925971788455
-0.00733653826075383
0.00542438519585665
-0.00474351372232994
0.00389870301743289
0.00500813926534513
0.00223862651707521
0.00283415588578578
0.0035109282049077
-0.000125876643920485
0.00110802326131981
-0.00981165726197031
0.00677832115926785
-0.00474358092303053
-0.00677841754532671
-0.0023706387372286
0.00229598523444323
-0.00224492292232675
-0.000620802175020351
-0.00443919253266498
-0.00131060834270294
-0.00121073270036623
-0.0158749687705888
-0.00259656159816553
-0.000669378524264482
-0.000360693104337409
-0.000238795854916061
-0.001480307892417
0.000207012448539891
0.00269564739490538
-0.000401616359892744
2.87773055559354e-05
0.00848735340677754
-0.00050563659083558
0.00110840588900038
-0.00390543762745934
3.03389228573846e-05
0.00134285355546761
0.000506936982020216
-0.000538044213020465
-0.000554375047443169
-0.0069878167190088
0.000161597665274257
0.00033654764160931
-0.00184262135252447
-0.000282932569422403
-0.000922424202574696
-0.00715035424718419
-0.00331175811561616
0.0033414456040605
0.000988907779498674
0.00417058534083846
0.000678609061620887
0.00279092689837974
-0.00239692289290606
0.00115198780078756
-0.00146138349195791
-0.000163255466609822
-0.00263518840170132
-0.000489717861241347
-0.00147074699234843
-0.00214067683663573
-0.000437060520389068
-0.000878500337349893
0.000339543132268711
-0.00236348196826376
-0.000982735253982867
0.000783047542836175
-0.000506941188241764
-0.000249507970394437
0.000580154985128749
-2.45741852363899e-05
0.000459687339261662
-0.000368097156434414
-6.07141734540779e-05
-0.000475165395253519
-0.000147287654993265
-1.22759295300004e-05
-0.000265400214818779
-0.00173355264473067
-0.000410575572798321
-0.000548775093550505
-0.00218860214646711
-0.00116958131388641
0.000284642633328833
6.17818216291674e-05
-0.000143004707532696
-3.35158464865902e-05
-7.73482573271209e-06
