-0.955091554750869
-0.932101953547067
-0.766423778634631
-0.550470966640932
-0.476126873043398
-0.326788696597552
-0.19152539242775
-0.242145749435432
-0.0909116006490268
-0.212408954039126
-0.164254500677385
-0.134956546722202
-0.111550933403016
-0.020686509291244
0.037496988284414
-0.0372263600143197
-0.0271526840031654
-0.101659501939512
-0.0909928413755532
-0.0529351469226761
0.000878110704285631
-0.00563117879029318
-0.0456935211832125
0.0147366638387512
0.0469540295940611
-0.0145539212505919
-0.00283213682362066
-0.00457031568865885
-0.00161314111112016
-0.0138568393996276
-0.00321301654281325
-0.0492027224134285
-0.00174218904993207
-0.013058231410399
0.0414692110837345
0.000650697264956742
-0.00130379581919216
-0.0315949837096992
0.0218516677177885
-0.000501737433881925
0.0263649174036669
0.00388667024833859
-0.0625286560440512
-0.0192542007398935
0.0110174892268252
-0.00158119708479298
0.0485158863229732
-0.0200354153459006
-0.00909198554918252
-0.0306838850833644
0.0271672346299055
0.0626016230680942
-0.00522357966463541
0.00527236132618308
0.0136802562995944
0.0144797898782525
-0.00401677924672206
-0.0161364415758387
-0.00314892056975767
0.0354593279023833
-0.0335734924042938
-0.0033506773867707
-0.0121871886178525
-0.0204484749277907
0.0132278564844295
0.00270160271980857
0.00856301400591472
0.00581877772249978
-0.0235068616837296
0.0166411417986067
-0.0370432580673762
-0.0652353173905967
0.013730508029175
0.0154932781077165
-0.013363019966797
0.0187739303804077
-0.0030221736019462
-0.0305643660894517
0.0169044089948965
7.675450828536e-05
0.0359809349802591
-0.00602520661680884
-0.0118080889954516
0.00174652447153797
-0.0116083025296464
0.00016667691573258
0.0168767345632539
-0.0318379224042526
0.0369273698168263
0.00706042339932694
-0.045448202100798
-0.00844991951970853
-0.00665524485392107
0.0118195724387764
-0.000203470875644651
-0.00785881377946264
-0.00513086052290999
0.0121768804657647
-0.00260120910185655
-0.00206018911860054
-0.000514296443830708
-0.0175899624858978
-0.00826037830567366
0.00158929531601918
0.00243095058413826
0.00163134019351332
0.00424126039694707
-0.0133885208850504
0.00545447663720986
0.00418591552607263
-0.00859947532973238
-0.0151200839471253
-0.01196572075626
0.018949698497253
9.24051840622518e-05
-0.051204846652198
-0.0219576556698867
0.00330685272035917
0.00601575783166345
-0.000191646290507999
-0.012989109412364
0.00835626621544006
0.00165173591622222
0.00955793319674972
-0.00138693579129466
-0.00795436480063564
-0.015313153706303
-0.0171177095212742
-0.0199075172469153
0.000738963497608281
-0.00196378111373853
0.00819815749239875
-0.0222916124431308
0.00168805343099132
-0.00147465017748426
-0.00211642728311771
0.000894162564341397
0.000510569162741303
0.00253895422868964
-0.00236955387239035
0.00811989192449223
-0.00294224355640003
-0.0139732364368923
0.00789446717639111
0.00124056582253457
0.0242308249734688
-0.00178123825532479
0.0625764668215747
0.00416203486646798
-0.0122219272162744
-0.00530611499616621
-0.0325643602085488
-0.000323594320347197
0.0040788467320948
0.00168737022774027
-0.00537746477240265
-0.0122752974442465
-0.0226916119387579
-0.00218589391110303
-0.0195403290213863
-0.00810608308636469
0.00937845350938447
0.00263713024975673
-0.00405612812516707
-0.00636408207696264
0.00416617218713415
0.00225416063563831
0.00188524938860373
-0.00559663254300215
0.000784875869537467
-0.00779536760519649
-0.00460384396525873
-0.00549922124716294
0.00859675411329667
-0.00900294522635283
0.000539218049384742
0.00334397613097198
0.0194024041060518
-0.00200336310908343
-0.0161418440263813
-0.00717858082662181
-0.0025106414769513
-0.00383009616423387
-0.0102951170088318
0.000651180273426068
0.0171352847970674
0.00774646352439229
0.00601743725831428
-0.00441595586932765
-0.00395698443200033
-0.00562694857770882
-0.00269810185909139
-0.00337844954901999
-0.00639978491258583
0.00870921628747194
-0.00953556798401797
-0.00990072377796015
0.0113768487511801
0.00214528085251771
-0.000755628021401738
0.0124321452720174
-0.00796736664540851
0.00112564331088903
0.00166420259678772
-0.0163984057549725
0.0126721409101698
-0.00918654828193606
0.0091572733482631
-0.00821221881064916
-0.00407707199295122
-0.000606312631479995
0.00141721941024362
0.0117059789602166
-0.00337910766920009
0.00116812353936764
0.0010488357115763
-0.00470174768382648
-0.0293891894178288
-0.0014407788142874
-0.00185868524954416
0.0302242389410902
0.00532113734637148
0.00745509484037125
-0.00110854270265974
-0.00326249758072939
-0.00759534747784469
0.00451078515585409
-0.000747666694214845
-0.00260605038127778
0.0275008034306106
0.000158330782245766
-0.00218165711288388
-0.00344866752897119
0.00285563472677971
0.00476930839817823
0.00101116967775065
0.00786595818686473
0.00167108240805103
-0.000815771156122014
0.00164343584280965
-0.00162188331193839
0.00413918990246855
0.00227322817304121
-0.00145117619452881
0.00872219026379113
-0.00345246834009774
0.0101112313996113
-8.90236243035296e-06
0.0139040469222425
-0.00673007679205768
0.00794103340765276
-0.00354770004457249
0.011244262671225
-0.00267393555658627
0.00673273349559583
0.0179876538547809
-7.46561318535571e-05
0.000373071264959197
0.000461954822510251
-0.0031263462543365
-0.00145561469348183
-2.03939700039151e-05
0.00059891965497268
-0.00468432221686735
-0.00101631266594957
-0.000344602910002528
0.00102672123564703
-0.00617660799091103
-0.00181873984785422
-0.0011714788302338
-0.0124971796661908
-0.00632289681460478
0.00284034707259541
-0.000513143509456768
0.00571172387466573
0.000238333121728744
0.00449262998931388
-0.00168789296916309
-0.00641449806804433
-0.0029212131383773
-0.00368247563394065
-0.000131840498853877
0.00191806321026646
-0.00108771275511712
-0.00405906864617192
-0.00169567031183593
0.00500486856284398
0.00205201431370585
-0.00265708906800822
-0.000682529662922707
-0.00043333598493831
-0.00785001492852317
-0.000736329875228598
-0.00151712759279653
-0.000412748680444269
-0.00056846088893022
0.00612970552442431
0.00227419941154799
-0.000807348065923196
-0.000996372747362077
3.42896157848717e-06
-0.00131065926157754
0.000568520356791536
-0.000130967928854849
-0.00229469329872094
0.00275409475319072
0.00067451115599659
-3.48290395635483e-06
0.000739713250501669
0.00424490196138124
9.24069642287638e-05
-0.00110328354188182
-0.000774361969834629
0.00106988490071084
-0.00276142366051741
-0.00439257429232197
-0.00208482721268806
-0.00203669021394518
-0.00121256533146863
-0.00282426154158673
0.00208329255597094
0.00050048777343092
-0.00297424495757993
-0.00145295472479462
-0.00112152345583963
0.00468965020322657
-0.00081632253607856
0.000102967135886247
-0.00153280558589565
0.000209322749618718
-0.000973045766452236
-0.0016343241233884
-3.95925414104313e-05
0.000106668927184697
0.00056978980494326
-0.000579840000213176
-0.00061451012016901
-0.000793978391124288
-4.2206984893023e-05
-0.00131641259339409
-0.000281040538647593
-0.000230352843433394
-0.00161111461646034
-0.000401750912385183
-0.000238860613871409
