-0.993113713690868
-0.981545241149217
-0.870719585910206
-0.793612326409914
-0.604966230657149
-0.32827314519838
-0.285430251134431
-0.250917225248121
-0.132485057973563
-0.0643789179720153
-0.0850201178422211
-0.127879466218535
-0.106073514762329
-0.189212558730528
-0.169952856051265
-0.206276647936756
-0.206276666736527
-0.188954671834924
-0.150715951790603
-0.0482462836635584
0.00328856352931858
-0.012243982603899
-0.0125680609570631
-0.0181239985494949
-0.0304521503104705
-0.0655163762038571
-0.0366146093365664
-0.0297114184758216
-0.025901028945301
0.0093335606603414
0.0184221562005537
0.00166254181965024
-0.0191343923467768
-0.0188867710006193
-0.0430735025080991
-0.0218565971312114
-0.0215471613402002
-0.0202381942367614
0.0116807361862447
0.0486182318425424
0.0120568371597402
0.00274978653739398
-0.0146110302241153
-0.00139464151381739
0.00170628766681887
-0.00329079518957056
0.0444468174715671
-0.0280061347917079
-0.0116430019228859
0.0119526158207753
0.0109939291663928
-0.00382808626598924
0.0126065986574175
0.0102224185261716
-0.00268553490648468
-0.00295928693848275
-0.00204035685018153
-0.00609541870016743
-0.0148778354992444
-0.0173236884650735
-0.011433702331407
-0.033292967610546
-0.0163752330818947
0.0137461471124012
0.0647456370073913
0.00100463692309246
0.0160201663179268
-0.0112643269426104
-0.00818595362177828
0.00773026134751907
0.00484391695501675
-0.0143554746398068
-0.00919866010108606
-0.0135073853809631
-0.0104269496008381
-0.00579074338748159
-0.00245978815286898
-0.00677936622052008
0.011470769232884
0.00386856177147771
0.0274856792985465
0.0111405001381292
0.00593776342291296
-0.00486837983386961
0.0174578333972589
0.013024442856866
-0.00119904802723395
-0.0312463620720655
-0.0276109337239517
-0.00737671161595944
0.0216675084740899
0.00478316239370889
0.0345181542018714
0.0512997917662226
0.0167106400728304
-0.0101672729517264
0.00734443333894495
-0.00350738961095253
-0.00539233686032617
0.000413497852062141
0.00656084500938011
0.007593712898494
-0.0079149949632109
-0.0118463762274942
-0.0186322958321647
-0.0288189193673423
0.038556895856723
0.0407392221111748
0.0144200783042798
0.00470885046350775
-0.00476907841905275
0.0153527665871564
0.0236444259472033
0.000208525619265856
0.00035547779587617
0.0117807737815708
0.00594393482426231
-0.00662951757653347
0.00173527606268572
-0.0115007690758646
-0.0119248637962745
-0.0095019386337752
-0.0026122059270534
-0.00436657983568629
0.0221139689278594
-0.0128691141228453
-0.0136777146771071
-0.00654974584800781
-0.0116289673877431
-0.00272902845612104
0.00984705274370338
0.016678019917688
0.137451825962111
0.030021595731691
0.00853064679847174
0.0207171766399785
0.0204486990034736
0.00237877342242275
0.00836475634461974
-0.0296821225798075
-0.04735721742387
-0.0335759425179112
0.00191056211439478
-0.00616026083347471
0.0576223691413329
0.0258221451126796
0.00978692018580133
0.0619325076933417
0.0295832404073253
0.0179833392196163
0.00679458670558327
0.0453958984188072
0.0176503553318277
-0.0045231480895656
-0.0521867006274117
-0.00504253146836204
0.0391733513995372
-0.00271139344624388
-0.00684402293392859
-0.0153298343193769
0.000418644339934936
-0.00771267685894613
-0.0270216135122458
-0.0101546531754995
-0.0057926366613008
0.022156787733209
0.0464383564981867
-0.00759396253233112
0.000808825313156996
0.00430511099100987
0.0121027388056592
0.0137683067763818
-0.00896050942066376
0.0207222100360859
-0.0507204168854846
-0.0214262941578478
-0.000472451115502717
-0.0307809939570219
0.0603598232145875
-0.0114718663689001
-0.00180047930177362
-0.00728875275370899
-0.00120358356939725
0.00227702939078831
0.012250239751775
-0.0101233001468471
0.0128817786464065
-0.0077127035640586
0.0692063329596102
0.00147908767663404
0.0301983838550104
0.0181527024720069
0.00455174201380286
-0.00220086034514994
-0.0471983488098482
-0.0128490052216626
-0.00130447111489849
0.03622056135418
0.0129358199648315
-0.00154724928113025
0.00553724222194174
0.000174743650334534
0.0176036177208013
0.0139718275713974
-0.00370933623185289
-0.00905253156468166
-0.00111318697404638
0.00326108817718682
-0.00914670462332542
0.00214869573114839
-0.00418564706464071
-0.0130520600710736
-0.00857263574515429
-0.0277773590451284
-0.00412514328870434
0.00176687441345879
0.0185796763842863
-0.0198010698910209
0.00223784273427025
0.0864341185970576
-0.0281811709250146
-0.0246600615509611
-0.0560826267701421
-0.00217249730708998
-0.00389918057295286
-0.00609336603881278
-0.00219983415621544
0.0096250304001914
0.00245704180354608
0.00531329511808553
-0.0043788921793333
0.0071450035220159
-0.00645911751148251
0.000651830172012397
0.0111778369656004
0.00477339888188546
0.00781825873967303
-0.0279019336484212
-0.0261240235396915
-0.00599157335371907
-0.00220037897856152
0.00334762599879208
0.00137888546026147
-0.000716306671149274
0.00989084478359455
0.0133250020893616
-0.00216703281176859
-0.0086661585373778
0.00366611086388438
-0.00409052030739845
-0.00898031312354041
0.0148496514980188
-0.0270772620791562
0.000128484354355787
-0.00554607037623961
0.0177345596681976
-0.00273410189735628
0.0104662561215139
0.00841686865930156
0.0051269489150007
-0.00328576081743631
-0.045276176257611
-0.00424611350491873
-0.00983589825005863
-0.00397056069575027
-0.00120892479379121
-0.0027255419157538
0.013359159491947
-0.000173701891832569
-0.000498230730690957
0.00041955742336025
-0.00222076283487703
-0.00896931534762161
0.0230085218189829
0.0332917158427199
0.0415950746028497
0.0023005976645815
-4.20172605806787e-05
0.0070652165367456
-0.0090311479876894
-0.0141534951925918
-0.0172683951620667
0.00416923428051803
0.0158591755125853
-0.0253044607282173
-0.0108969160400957
-0.0162551235379514
-0.000662689392746145
0.00319246959939776
0.0056465333139863
0.000640766859110971
0.0116512955361606
0.00966548173109008
-0.0149016273008851
0.00143018254722871
-0.00146576482956542
-0.000964299623549415
-0.000461073032538704
-0.0145750536300329
0.00156801227909382
-0.00240683201475698
-0.00308298719658598
-0.0139771275819744
-0.00938786272710888
-0.0120824443817291
-0.00532420014209356
0.000255443289595573
-0.00598367821284005
-0.00471493558741126
-0.00312683384906245
0.0114117022654536
-0.00529915860955416
-0.0510434172889352
-0.0262646989954079
0.005017103239699
0.0226941288349821
-0.0101430802934539
-0.00125014709119228
0.0148279439668515
-0.00426769318099251
0.00322087718920443
-0.00184909189188317
-0.00473333387065579
0.000337510043912351
-0.0131745271561401
-0.0195657576927208
-0.0256734716924611
-0.0244736041592765
-0.0249326318227518
-0.00906730241425476
0.00742217118281668
-0.000244889585794817
0.00933034408156743
0.003287541474054
-0.00728401786373355
-0.00693299446971131
-0.154774096845496
-0.0112123286318876
0.00411511825476084
-0.0121940034391456
-0.0217353182592745
-0.00120250737604113
0.0044414322698756
-0.0015874008196592
0.0124496707442121
-0.00505814919623685
-0.00194080641183325
-0.00142873350343536
0.0015084983761159
-0.00858353498857845
0.000648214858314402
-0.00324733264426058
0.0261701752237742
0.0105760662612357
-0.00075973363884564
-0.00376209766114298
0.00314844589187827
-0.0112038022784295
-0.0508500600664604
0.00118387073778447
-0.00527172970094693
0.0265977727969573
-0.000748555764202618
0.00406073098320475
-0.0162973759231772
-0.0135436984515535
0.00423052785198255
0.0276141833441142
0.00660284780733273
-0.0145090709909218
0.0269226437483803
-0.00981689753771462
9.8689654594922e-05
-0.00245514973369969
-0.0254857160373646
-0.00614202621729168
-0.00670453416745471
0.0041859462658916
-0.00407990075037677
-0.00922549453786446
0.000200165522452056
-0.000777579895759247
-0.00124461282539829
0.00108531682865268
0.000350547126694752
0.0143115010172022
-0.00407337843538516
0.0222140986761717
0.00115334265397672
-0.0110299042630527
-0.00381045995430592
0.00445945465955128
0.00764437044102006
0.00957622782368885
0.00688798241078165
-0.00891760147932624
0.00861458574667876
0.0200783751932926
-4.12539048067146e-05
0.0163017006960767
0.0099016535108034
-0.00130367178157476
-0.000281746450027776
0.000999190337726968
0.000371101198572145
0.00398207918464494
-0.0144354733979649
0.0163500994930673
-0.00588829792211188
-0.0254291664081022
-0.00478030534244612
-0.00323567483556761
0.0138653730342425
0.0158328629058192
-0.0232839437322977
-0.0104355773339538
0.00600498835195576
0.000717237357254515
-0.0168746663642788
-0.0283930403149167
-0.0111623531002011
-0.00755403730025322
-0.00184274330165748
0.0100981170732234
-0.00877634807824125
-0.024262140760629
-0.0111063272787107
0.00329999953333311
0.00821353349955398
-0.009813781198687
0.0017250094171168
0.00140004161269872
-0.00330300213135359
-0.00015806790497944
-0.0141011898036494
0.000260278137576821
0.0101647667372458
0.00127776064323843
-0.00383226263437212
0.000120138393063761
-0.00233254305025182
0.0136866768759829
-0.00402445555012674
0.00962586140471947
-0.00467723313717136
0.00161455302246445
-0.00523830906978701
-0.00342651346349694
-0.00250442500391411
-0.0112280178460847
0.00191970776370418
0.0108008198929819
0.0143854858742141
0.0117317143340498
0.00151056530680275
-0.00291685365788084
0.0140130242484976
0.00136683502396054
-0.00188546803149498
-0.00089802786774758
-0.000627979479144208
-0.01165753252588
0.0390871388733694
-0.0052101704895942
-0.00234025669271163
-0.00440791316697526
0.00731057210955142
-0.00519018463437362
-0.00478967684391003
-0.00212756723007082
-0.00728867598935801
-0.0245815651355382
0.00501072665735415
-0.0272152692615093
0.0354028671257301
0.00877738240165777
0.00434162243423801
-0.00239028916917562
0.00618733273382524
0.00294601874149518
0.0128498392893038
0.00106074148360023
-0.0115352956681872
-0.0117451014538092
0.0602349508032699
-0.0060743907067302
0.0304872795420389
-0.000314350936787618
0.00774922767583515
-0.0153325860087582
-0.0154563222564161
-0.00845292272305491
-0.0200962612087473
-0.00482293217861326
-0.0323132683823678
-0.00844240045823176
0.000767618758167763
0.00424783977874972
0.000795069801476984
0.00203646630990343
0.0016682737206982
0.0141548354228464
0.00274242622515352
-0.00764993737825003
-0.0167968293924703
-0.0183444531343087
0.00518410327949514
-0.00385324845452165
0.0144400181345492
0.0513191522312676
0.0495947677211225
-0.0192371885088102
-0.0158939031129898
-0.0346435102556056
-0.00164809158003771
0.000351263023752005
0.00569080931843938
0.00986970935201242
-0.00164145382835555
-0.0060300739606398
-0.0302750084512237
-0.00732441522753484
-0.00107294245901997
0.00547811879875974
-0.0074313155371436
-0.00766993232420503
-0.0183192293711864
0.00943362696533654
0.0159229094469402
0.00145354907733671
-0.0240830713908821
0.00111938577028128
0.00597527093711233
0.00170194151855728
-0.0037646019969039
-0.00432766428098348
-0.00197634863408921
0.000812956836139436
-0.00171950174436973
-0.0285585349789234
-0.00247453161025319
-0.0169534993914885
0.00858242591160244
0.00146266049557448
-0.00854508002709949
0.0123285483616154
-0.00993118975297512
-0.0032614593638987
-0.0218884732912627
-0.00685921072168338
-0.00955119560297145
-0.0175624326646362
0.00479948705112319
0.0145223993131729
0.0554306778269489
0.00436546602988038
0.00681179062518492
0.00304676601346562
-0.00341335398789181
-0.00360382971775151
-0.00174633259073811
0.00257755348243727
-0.0245438262590974
-0.00239059968570369
0.00167828150128191
0.0266203922306305
-0.000732793704492588
0.000452491382865697
-0.00737237990754319
0.0102762419525186
0.0259940729192907
0.00724455543833831
0.0171917986875053
-0.00258639502317048
-0.00781864095127823
-0.000985226163093423
0.0117663958522884
0.00959273334718372
-0.00179690756101817
-0.013048278167894
-0.00530049987128149
0.00289874981112612
0.012474716455561
0.0137716839715287
0.00490248749128002
-0.00813577663278045
0.00381317511855041
0.00562358053228385
0.00762860355576211
-0.00171659937263822
0.0286639700079922
0.0271461591697718
-0.00125710422251927
0.00355733861979572
-0.001374866607451
-0.0300429468599919
0.00938701468826621
0.0064610958594173
-0.00197254373644387
-0.00710630301426214
0.00466183642191974
0.00364142604008356
-0.000924495484178226
0.0102691620315518
-0.0334252231105301
-0.0310981077512198
-0.014258071030545
-0.00537225822314638
0.00392562162644229
-0.0181427933127087
-0.0137369966438768
-0.0158366710580541
-0.00307654291437393
-0.000335805001980749
-0.0149676296494984
0.0176967502790478
-0.0109402242881779
0.00510896806186595
0.00269023701615931
-0.0049171447050633
-0.00493479513677169
0.00044810536749069
0.00626941334660872
-0.0232840382105791
0.00287458565523312
-0.0222163423607853
-0.0103276559141561
0.00679810514101131
-0.00399871683618172
0.00253353001968511
-0.00150716511048285
0.00452124744271301
0.0181092287955073
0.0104202415882
0.00407275567350191
0.0212443072248786
-0.000855783158985909
-0.00687172129864223
-0.00923290433532232
-0.0424705856184158
0.00737160421612074
-0.0112558287883517
-0.00883177089793979
-0.00731608015573915
-0.0104381041859375
0.00242373326903539
-0.0231017604342053
-0.0223047910724037
0.0136084585054909
-0.000531565026286553
0.00566512448947558
-0.00167683667494227
0.0070895681935719
-0.00572793074991855
-0.0016442896658445
-0.0067314344138379
0.000935333454131408
0.00120964128623574
-0.00664766175325927
-0.0037403224064442
0.00897726188940345
-0.0310211198979931
0.00701636602674916
-0.00232384943409825
0.00146306843489031
-0.0075628167924907
-0.00286360502396296
-0.0127270510972292
0.00650641692096737
-0.00104196600706691
0.0182608614832229
0.00497661523101003
0.0127914742815067
0.0165941854150061
0.00138456406827915
0.00152983537387709
0.0126063359196981
-0.00381174933410731
0.000523972580612292
-0.000154380846098472
0.00501284595995798
-0.00589744112713239
0.0144010095603087
0.00104347421395791
0.0386386810425436
0.00762087608070275
-0.0529348625624078
-0.0132647281789613
0.00317201555038375
-0.015727825084802
-0.0128034114374232
-0.00683003126111769
0.0157495100083797
0.00744778021421654
-0.0217461876220664
-0.0177891991302622
-0.0100560291889682
-0.00948251598069336
0.00753361473863286
0.00309449566482475
-0.00678556781269483
-0.0040371067595462
0.000604712046084652
0.00387543268992597
-0.0268359760677732
-0.0453347539784174
-0.0322407997215753
-0.0227869954245901
-0.0382734354735043
-0.00141919050182923
0.022319386939938
-0.0020816128195422
-0.0121944133969919
-0.00476854757361513
0.007970701569437
-0.0125812542824905
-0.0240635214498456
0.00503707723759586
0.00138941583308419
-0.00600266443665155
-0.00187633903445789
0.00670154460547409
0.00979470513432293
0.023399527777238
-0.00866021562409475
0.00581082934815484
0.000465689006466873
-0.0011946657880264
-0.000790129559704156
-0.00419065923633047
-0.00237771223612983
2.27864468193076e-05
0.000150826016373087
0.0144798947711373
0.0263027423889779
0.0127326433695756
0.0303078198868339
0.0161797289884592
0.0170353770820783
0.00312306946309377
0.00763288357378791
-0.00677209225480213
0.0258631314090087
0.014990602195198
-0.0402699411545887
-0.0104544399504856
-0.0156161268284562
0.0067630246500883
0.0224885394741026
0.00300740776892062
-0.0154923507366128
-0.0154082433462727
0.00552963429093635
0.000832506013994027
0.0045469499664178
-0.00817968977618941
-0.0128267785833635
-0.0170189678925986
0.000696177053932632
-0.00530901898031468
-0.0168859682911845
-0.00107206643838272
0.00182813215867301
-0.00982293028836658
-0.00163640492327671
-0.000642224023687021
0.002776463754282
0.0125534296750141
-0.0019978450201058
-0.00190447655973614
0.00217810162350736
-0.00891886982230531
-0.00127567790422722
-0.00264933978416934
0.00034135979308144
0.0141564544054301
-0.000574190280589505
-9.00134185830514e-05
0.00230339400668536
-0.00169371331424915
0.0105912288266025
0.00272557133914738
-0.00801063537044161
-0.0197308643294411
-0.00452019652235655
-0.0120715412379392
0.0108492271481445
-0.000710681136087358
-0.00184115036295056
0.00268764350892049
0.0137512048078872
-0.00135397405997939
0.00108632678092915
0.0267730711494216
0.011296165782731
-0.00286976047445371
-0.00145390366307951
0.0052593501334609
0.00227467922558437
0.00571971390329604
-0.0142246317179295
-0.0017370817188035
0.000990801872776068
-0.000270829605639257
-0.00229530088397329
-0.0102686028665499
-0.0124046164172172
0.0103785185823658
-0.00335907737749731
-0.00159699872207305
-0.00818139430821497
0.0180595331153574
0.00449287347442499
0.00445857247263722
-0.00379560928468905
-0.0181701445632331
-0.00815041975755834
-0.00192501828421256
0.00422889421546849
-0.00728311789168381
0.000182315303197242
-0.00069401402695251
-0.00482167621540474
0.0175012863811437
0.000131065080620109
-0.00878531837819734
0.00145921076450027
-0.00163402986841382
0.0140067173441559
-0.00483073157514239
0.00478485648224609
-8.21187566897837e-05
-0.00434389558023117
0.00397813446249317
-0.00252094813370897
-0.00447300548276238
0.00220914860702277
0.00221190279806581
0.000548845664945263
0.00386459858910143
0.00174842184631584
-0.00836560996636751
-0.00754194885714615
0.00423784953029668
-0.000665353098265456
0.000487993591641307
-0.00139842613701701
-0.00701114727971664
-0.00412811373176901
-0.00701680239952666
-0.00175810204423724
-0.0020470778855
0.00200454503143776
0.0180851934372296
0.00034801320838821
-0.00104982016960371
-0.00220020415158677
-0.00376971038953427
0.00702284495718943
-0.000392963625628408
-0.00626768745614341
0.017946006838656
0.00109283094811323
-0.000252880620363762
0.00159441298746708
-0.00617489301723885
-0.0182279535091608
-0.0040867081653593
-8.68639511964879e-05
-0.00420627581028737
-0.00588942807043748
0.00127484229295032
0.00458368662570363
0.000234177266071293
-0.012237925226154
-0.00193018674802672
-0.00485996868339201
0.00367150946632649
-0.000189559968665781
-0.00533050208529694
-0.0122017219175915
-0.0126265033339503
-0.00563349534575041
-0.00347454773042194
-0.00530521546503601
-0.0100816178452617
-0.00166429098419123
0.000224748317224274
-0.000103265888590228
0.00615940602842147
-0.0161040812703901
-0.00423119670685336
-0.0141002077680117
-0.00748287920286964
-0.000262965696332731
0.000723984764614534
-0.00463896498379957
-0.00110398195079476
0.000957870683148113
-0.00131908556058924
-0.00384180798151655
-0.00243422199774619
-0.00230105426075718
-0.00106589702179698
-0.00130969334521272
0.00016670223154301
0.000155185958809036
0.000780434731455282
0.00010300131797575
0.00381078188262211
0.001069759540396
6.38415558334769e-05
-0.00276104475154402
-0.00320589735782683
0.0008018844348173
-0.000752154199309004
-0.0019554787379028
8.89855281738959e-05
0.00496446580745932
0.00430358420024558
0.00167462300378407
0.000530040876559762
-0.00446448959022607
-0.000339766600054259
0.00413097641798877
0.00324953234556601
0.00452056841271866
0.0016203416222351
0.00115442388052589
-0.000749675031362837
0.00280497658326204
-0.00065517718406117
-0.0110444031503424
-0.00304715397739196
-0.000752899376061064
-0.00079773421375667
-0.000574101321999317
0.00145068770335697
-2.61146058753173e-05
0.00666836161663937
0.00488301385310037
0.00436650298095025
0.00212438893251015
0.000939502963373887
-0.000777127164373723
-0.00155603450262636
0.000110832651741799
0.0013728554102587
-9.44173944874139e-05
0.000953570502000468
-0.00107269207370475
-0.000960306783392698
-0.000130937664735456
3.17986910643522e-05
-0.000118159888639679
-0.000493593587736074
0.000139727988522201
-0.000573820385259242
-0.00121790080484777
-6.37529294307678e-06
-0.00157231557459378
0.000358881167691446
-0.000383830547565802
-0.00227777996252986
-0.00165352747198891
0.000219131962564566
-0.00262991663487875
-0.00283707875914227
0.000415814275416506
-2.11617756419795e-05
-0.000297423859943477
-0.00135174129253121
-0.000713450261029023
0.000833838885403911
0.00182327641738275
0.000450415877439217
0.000564461627682828
0.000288528399220916
-0.00242789777744156
-0.00229094836684611
-4.58445956535107e-05
-0.000209491842095005
-0.000418377648884987
-0.00104540396853468
0.00037821107986828
0.000724557641923668
-0.000169832421240756
-0.000237963940133867
7.55087229587822e-05
0.000192671618204882
-0.000477398834649787
0.000174456778023523
-0.00257609392806621
0.000283307092298869
0.000166337542043669
-0.000587494486784216
-0.00341583265302297
-0.00285531676941524
-0.00173874728233309
-0.00223703973647415
-0.00126062690633802
0.000106609030539551
3.02588741061352e-05
0.00027627819279265
0.000245307968170473
0.000859455885295757
-0.000319891637257188
-0.000202989988858676
-0.00102881029149104
-0.000509320756649586
-0.000265019032616254
-0.000515530652820424
-0.000418496414664538
-0.000634178647810264
-0.000472504948511192
-0.000294077455878908
-0.000274352653053183
-0.000281304965628715
-0.000138255300974505
-0.00101720136168012
-0.000658452780200915
-0.000645872184430309
-0.000915105827547659
-0.000522770639644406
-0.000450552292896112
