-0.947749077647899
-0.947278869063399
-0.882732188548591
-0.832507562959327
-0.662665939944454
-0.525161442459265
-0.347805192038681
-0.183822153325275
-0.0822646406273891
-0.0463924646746915
-0.028581776202899
-0.0404169804125336
-0.068608713246075
-0.0468022925123176
-0.0544034433760337
-0.0216723988175624
-0.018108609465443
-0.0756392599542437
-0.12226407332013
-0.0765120553983449
-0.0601277105078069
-0.0783621885815699
-0.0791690041310092
-0.108426859889
-0.0191770880007443
-0.00194870492397678
-0.00688863994559684
-0.0665724123388956
-0.0798832525212994
-0.0657361157331413
-0.0827422451590927
-0.0779547582595178
-0.021079364548219
-0.0203563392585041
-0.0226828881597582
-0.0215551444009789
0.00110245186326613
-0.00180175659501116
-0.0189373051471426
-0.0295539837301143
-0.0193111870570568
-0.0581409484345877
-0.0124982723627161
-0.0248508389736206
0.00026291279143443
-0.00799587911287343
-0.00784195092105235
0.00393642638899144
0.00342067689830376
0.0251277020736204
0.0109445123735607
-0.00824039631245203
-0.0107176505602189
-0.00774899178742103
0.00227865501215219
-0.0202025857830583
0.00950227597370422
0.0105497201884264
0.0142337659959985
8.41617038613435e-05
0.0444493153341434
0.0420761954269736
0.00508285447104485
0.0413638628167344
-0.00954959935784084
0.00576515142831768
-0.0182848681323101
-0.0129782210944202
0.00604785213072559
0.000240305144269635
0.0466237911113137
-0.0158586155591794
0.0181775137735246
-0.0522146952378331
-0.0426711050310203
-0.0288610516044545
-0.0154416424132411
-0.0337231252274742
-0.0516867816496196
0.0102773021477097
0.0413241409395959
0.012089536212253
-0.0160954607054958
-0.0326187605090867
-0.0260107399909436
-0.026209284355576
0.000691398456827858
0.0193675482994272
0.0233637382345201
0.0174746691320777
0.00816818835833526
-0.00682896933357037
0.019115585007108
-0.0113420702017067
0.000326566312102311
0.000728620945376172
-0.0161192280809832
0.00327472714628195
0.0176350909461624
0.00139950488992987
-0.00287152278902966
0.00905094421028266
0.010425244271387
-0.0371401706143225
-0.0155129106745655
0.000879328757502059
0.00333003647722821
-0.0147417713079774
-0.000225919675832562
0.000158531293621436
-0.00104268887274286
-0.00504626907750164
0.0149988783224693
0.0248343227206625
-0.0312452997446048
-0.0583221215514417
-0.00675296870420425
-0.00378753296560663
0.0015362905822833
0.0353812185228161
-0.00746521199498847
0.0269289933519685
0.00649340756261886
-0.00918852653918113
0.0141774898536692
-0.0030502883046331
0.00828432286125826
0.000796033647974124
0.00516414226551089
-0.00252904807146609
0.0104652279721014
0.0108272924809707
-0.00856392136962261
0.0312411483743479
0.0268210265970745
0.0216704900975372
0.0126003017455737
0.0234691691830633
-0.00602646037525802
-0.00785017157392525
0.00526449196264258
0.0227124988854827
-0.0321151224202759
0.0147861988221615
-0.00122934800946401
-0.00239097460143824
-0.00897737986657098
0.00240491088039063
0.0248885084817847
0.00727219806294799
0.00646527176156453
-0.0139468337163987
0.000295913216189573
-0.00681389092363925
0.00362889930871193
0.0102931913215334
0.00098868893176272
-0.00209698713285248
-0.0252896110377165
-0.00191921051134891
-0.00274940840112505
0.00244396313708262
0.00273968162686626
0.000964389520647604
-0.00253045717526797
0.00663807914392525
0.0353734988182072
0.0148279296779776
-0.00589293073381194
0.00881642686319562
-0.00225060797815695
0.00194133498975165
-0.00321520809410625
0.0234338498079619
-0.00478125952011728
0.00787519661892324
-0.00332219323170674
0.0309961284140241
0.00284144261188586
-0.00722078151629305
0.00599587545065194
-2.13854072480838e-05
-0.000730577297499611
0.00389233021584827
0.0190679883285423
0.0427824991877246
-0.00326377220039466
-0.00722357714330049
-0.025198388624425
-0.0278485574514381
-0.0375094130068259
-0.00924241487661487
-0.00585481720731253
0.0259790889813847
-0.0042987199174884
0.0008561350662322
0.00315507369164145
-0.0171357824368185
0.0120277465541298
0.0162175897999134
0.00891518027076142
0.0088872494360347
0.018579550847327
0.103017827010604
-0.0077091206306683
0.0138976531316595
0.00136517750855531
-0.00232561248402695
0.0158152450649919
0.0165237172589223
0.0169155198523889
-0.00350987116557086
0.0183867024339939
0.0259018584069442
0.0254903434695918
-0.0124911993930581
0.00456095445707076
0.0222518148552081
0.0112920380943331
-0.00491195057994248
0.0189228638823701
-0.0119646295921014
0.00216601928328832
0.00263180654634004
0.000599400928976565
0.00679430816698189
0.00317911838648755
-0.00634313503733594
0.00146776662000088
-0.00196605459774542
0.00106412830735138
0.00719139271451937
-0.000760461814118494
-0.00177740201255191
0.0203779880972139
0.015256039653662
-0.00484906062725004
-0.00685683781902795
0.00138642204592815
0.00668536735718128
0.0177990633316515
-0.00552288709114025
0.0126154719513953
-0.000525605191104018
0.00489281186396126
0.0179926432801345
-0.00424626121142306
0.0500068116671355
-0.00698414668277349
-0.0121133586614237
0.0063233883255691
0.00495683084153357
-0.00485045240278717
0.0067325356764437
-0.0395859402078522
0.00464419117663627
0.0193032318721622
0.0163269122959498
0.00704524061595779
-0.00298391612678156
-0.0312446776183469
-0.0174572061810674
-0.00833330283195273
0.00337478363767117
-0.00712113229830379
-0.00952287802929285
0.0135376440433177
0.0302743934529999
-0.0177406776006832
-0.00104926932087135
-0.0211101958129437
-0.000256684326194861
0.00555757323789015
-0.0106204941753409
0.0685165276572265
8.18866364542259e-06
-0.00281990063144591
0.000741206370474455
0.00928320660629809
-0.0130380076126249
0.0208699564806578
-0.0135635034717929
-0.00180427534788856
0.00925540807968692
-0.0189800914187508
0.00108716947613965
0.00637242869233969
0.0113958642876042
-0.00211046309702638
0.00195797361044664
0.00984921796549126
0.00305167244276863
-0.00234309532624379
0.00551439083626304
-0.0100475083815163
0.000394141510066273
-0.00272334409276851
-0.0338401152833297
-0.0179491416232537
-0.0268566076764483
-0.0161166730270802
-0.00783786367577962
-0.00784835459227228
-0.0163023698525076
0.00366847194946883
-0.019775708660343
-0.0443832161933016
0.00103860512055436
0.00120801167190025
-0.0348388853846675
-0.105158487776611
-0.03119009599343
-0.0562173125999886
-0.0500928624462049
0.0130812518695536
-0.0662960359668593
0.0308675242085124
-0.0159740787867442
-0.00616976691417363
-0.038170416294573
0.00122591815262644
0.00399056486724324
-0.00144231249322768
-0.00659243353606814
-0.0025598413182609
-0.0243498219390766
0.00858322398538889
-0.0912280188602687
0.00122753448753018
0.0299333376134705
-0.0221852327138585
-0.0107325908949875
0.0159106447094285
0.0113158567874694
-0.00990458347163966
-0.00174977108729192
-0.0281332168923083
0.00944923264420917
0.016563798265528
0.00936863346559355
-0.0227818219918003
0.00374630442677047
0.0378535841000776
-0.00267124793412031
-0.0015790445270934
-0.00262402228854024
-0.018549390014788
-0.00567459714022189
0.0136170329700376
-0.000555335680287963
0.00305987746090615
0.00741321379162736
-0.0271428119029291
-0.00345409910156551
-0.00904213056959749
0.0113888802316488
0.00038980841843816
0.00426503142777731
-0.00848714106250659
0.00147265903358181
0.00451748533753188
0.0265456059200697
0.00434004716482795
0.00798291557622344
-0.00179584692758044
-0.00481952460127849
-0.00206240009270631
0.022186960399227
0.0043132271668967
0.00370553786064415
0.00212811533494661
0.00747023930826112
0.0186335130768881
0.00617852063598521
-0.00227385485508525
0.00891593074150918
-0.00171930303618438
-0.00128756781824533
-0.00508582266858325
-0.00973208695335046
-0.00646333790166537
-0.0100346036923825
-0.000981886330634022
-0.0080993088358457
-0.0040128220615465
-0.00424836044150163
-0.0025698031080321
0.00337273067756118
0.0743417458601994
0.00295412460941668
0.0258199536482393
0.0143074598170696
-0.00683130746112302
-0.010736312025591
-0.0172156670989659
0.0049107294794344
0.00531638246910892
-0.00610873913498705
-0.011889097046692
0.000833229947086606
-0.000624848928735148
0.0075937504956449
-0.00303244601373175
0.000102961364700158
0.00275056104389248
0.00104494693548918
0.00117173800553964
0.000339283208443504
-0.000492202389706879
-0.00689461216139604
-0.00247152414629745
0.0115069670282138
-0.000625307369071607
0.0153061896977999
0.0118478749775518
0.00319670298513949
-0.00243712537973234
-0.0021247635472679
5.03087191751801e-05
0.002424590096901
-0.00452956787202652
0.00137879054576977
0.00210192926339827
-0.00287315009121189
-3.14709216098755e-05
-0.00524790646962182
-0.0146379935830048
-0.0161193599415377
-0.00790431267929714
-0.00955666298672992
-0.00218717034225915
-0.000499801735953881
2.14276939516315e-06
0.00136611299637088
-0.0151579762429676
-0.0228403274673065
-0.0126679782654407
-0.000614402242578435
-0.00227371857387941
-0.0154642472617117
-0.0107248850528316
0.00668741274108096
0.00415858988545377
0.00549286765243128
0.00655468031132639
-0.0116570318491474
-0.000597093396512745
-0.00117130357480235
0.00054407160487413
-0.000441286032398
-0.00586535967626811
0.00992942088027732
0.00690280313346218
-0.005708408590138
-0.054989131027553
-0.0209176178482343
-0.0382362083331345
0.0061555229355983
0.00671727932072058
0.00199410124126086
0.00473018718856138
0.00157417692130381
0.00573576025533344
0.00497073578979349
-0.00885856297904372
0.012656536919439
-0.00958917575545998
-0.000832636726448821
-0.0161176232015573
-0.00828066573634609
0.000370034414552772
0.00360246406196647
-0.000481554254776527
0.00079979241953619
-0.000374754307257781
-0.00789739720097243
-0.0114909079234289
-0.00288760158174537
-0.0358466193900682
0.00141563694660837
0.0157319427626772
-0.0012108013215928
-0.00914161951641702
-0.0131846112011841
-0.000820052117909356
-0.00408988818555241
-0.000355426936276195
0.0132371135994521
0.0157668357071342
0.0413519259797401
-0.0062689493543789
-0.0115272418495988
-0.00487319088611793
0.0161429332013513
-0.0156264518989889
0.000415093657351824
-0.00634495505233054
-0.0139989472646805
-0.0173357532717681
0.000497469412626345
-0.00257355977028264
0.0187295200951523
-0.00838176058246691
0.00601002934706249
0.0044396816239187
-0.0172528409858985
-0.00453445765628835
0.000795352857072226
0.00790044420713817
0.00471794630482502
-0.0272217701743325
0.0143117313696293
0.00455460523061085
0.0139953010867948
0.004326223306516
-0.00233272191711503
0.00146367116373599
-0.000151426245084222
-0.00979389099736487
0.0049065646298694
-0.0107535567607372
-0.0126457677746816
-0.0251021095341302
0.00361505096892848
0.00173044131830468
-0.000662594228177262
-0.00756559641305894
-0.0213179317721622
0.000126730607461755
0.00964263807783106
-0.00324341873743181
-0.00744335719274505
-0.00715856809032566
0.000659338501385157
-0.00448354864483113
-0.0116827772557577
0.0107433645335696
-0.000874810324063727
0.00190142468208073
0.00534937201559384
-0.00563365443588402
-0.0206117015601185
0.000478462416583219
-0.000567011171930833
0.000474039700774535
-0.00480517361753907
0.00564284785020102
-0.000909438654755054
-0.0021435079169191
0.00558339829463148
0.00257447191353944
0.00112568039891402
-0.000376181957677113
-0.00211839329656902
0.0017031272766395
0.00496613791768929
0.00295030560806121
-0.0010096634437395
-0.000946069503595618
-0.00512336959874279
-0.00355884662726068
0.00139639134229525
-0.00164317025032921
-0.00587303708435908
-0.0134458518559853
-0.00179640687061866
-0.00469098400854987
-0.00733987901792948
-0.00452088637690849
0.00163742042059921
-0.00853530220343082
-0.00110048694202926
0.000423502154873828
-0.0215887703707806
0.00185028895812153
-0.00541656002808121
-0.00548993697012424
-0.00394754594499072
0.000718692206824311
-0.00048703046896791
0.000662977930724158
0.00307704389598831
-0.00508181152406304
0.00327735052789439
0.00115756512623304
0.00120465169297559
-0.00197561095391652
-0.00321757393800725
-0.00348759964244746
-0.000806359036753029
-0.00197605817511668
-0.00694766649565646
-0.011922983922642
-0.00115756482403268
-0.00418848132779224
-0.000202423634056841
0.0121824138375182
-0.00893033807693896
-0.00400313006565665
0.00513782352657567
0.00567743440906877
0.00278194496548284
0.00105592734533596
0.00614626535511412
-0.0139930807846213
0.000599027291248192
-0.00636169291676691
-0.000234198838659792
-0.00069556841887658
0.00544931378363833
0.0028113839579462
-0.0048533666830573
-0.000277282025202635
-0.000814855207916276
0.000961435277845864
0.00266644604618239
0.0149420021675669
-0.00724866308487986
0.0115179613201808
-0.0119933216176984
-0.0123583542490797
0.000291001426795424
-0.00473678888271871
-0.00225221353466496
0.000107279284156899
0.00130435906841706
-0.000911334550383153
-0.00603779527682501
-0.00303656540821389
-0.000666075818581458
-0.00197138223886458
0.0043573008741229
0.00243135810767184
-0.00482375511959524
-0.00944545450596282
0.00549179114433042
-0.000556644423386782
0.00163830387584366
-0.00253860695636405
0.0119469617559109
0.0101567342550582
0.00706596819143352
-0.00978386087375185
0.00592957545988603
0.00231983663384787
0.0013539590441542
-0.00462978409532458
-0.000226312725349107
0.00445713758561372
0.00397991871337926
0.0237910478189373
0.00402993136436168
0.00515233460569377
0.00100166348436647
-0.0124056753763476
-0.000604230217446242
-0.00396708620252363
0.00200524450799602
-0.00701511206116144
0.000303701121984192
0.00930059865536174
-0.0126351750032342
-0.00942959857517274
-0.00246621596268605
-0.00852466577026529
0.00801674401676003
0.00313949222623043
0.00460177991638235
-0.00159700230374056
-0.00649249876196902
0.00210735539044107
-0.000436071929378454
-0.00786754081639985
0.000437259257321963
0.00690841653188108
-0.00054585558374019
-0.00217738372073635
-0.0040216212367369
-0.00271945245791501
-0.000553161266452254
0.00193823927962469
-0.00253878607478911
-0.00143891481668623
0.00516220762686326
0.0046887505570383
0.00733351606281109
0.00118075833596926
-0.0203818276761502
-0.0105200394136439
-0.00581433154356668
-0.00424129555104608
-0.0276710993087502
0.0104266597203536
-0.00612755912615916
-0.00839497919482838
-0.013024661201517
0.00581894643234536
-0.00491936994925083
-0.00603864875306501
-0.00668255335784398
-0.0177876593498378
0.0331048415236069
0.00159682662564082
0.00689666584413564
-0.00946947505123686
-0.00581668815296622
-0.00788096790617622
-0.00466740768820307
0.00306407333693447
9.50420911222016e-05
-0.00467349036120329
-0.00722337097395248
0.0219147925254667
-0.00435530629238722
-0.00825495881686153
0.00544908147147881
0.00183894808164674
0.00736055721563202
0.000202984459826693
0.00442635892616545
-6.11535465325132e-06
0.0181029782812196
-0.0166402932627689
0.00322257121394125
0.00244491510044903
0.000641836774101515
-0.00126152081546235
-0.00990827520190755
-0.00650850756483862
-0.00295793788776326
0.00213868342640937
0.00452320248747341
-0.00986886879906774
-0.00195213846195668
-0.001229703650303
-0.00538278643555098
0.00946594585843879
-0.00149041208857991
-0.000615487653375157
0.000792409270908916
0.00566097419668238
-0.0011724889129085
-0.0023246252658158
0.000922122845935918
0.00234325323231895
-0.000649309237481775
-0.00966897882354055
-0.00228347954940577
-0.00398132998933108
0.00130805396251487
-0.00286651250563502
-0.00176054898073114
-0.00876651249036554
-0.00289649405786762
0.0033690841949892
0.00023175467914591
-0.00748370438033436
-0.00462465143411893
-0.000323272084876215
-0.00407465151195579
0.00632000079896602
-0.00859317805577792
-0.00258923359471787
0.0145035685660415
-0.00119137541195793
0.000738984056052095
0.000565847785474526
-0.00252643615339826
-0.00213656707461976
0.00105588016555378
-0.000202614616625229
0.00606490123077879
-0.00355979190083
0.000880418498138931
-0.0072069425972945
-0.00208713792338645
-0.00132623140106009
-0.00156151314784924
0.00288974246244046
-0.000573840382269511
0.0031470827491463
0.000234418790373973
0.00328343571353468
0.00185599086244068
0.00341425447691536
-0.0036299758931065
-0.00137135113754541
-0.00190204633420942
-0.00658107009690142
-4.27290897741296e-05
-0.00212522341329312
-0.00594101474173079
0.0021271140279772
0.00274347189874687
0.00166403750585834
-0.00331402652543784
-0.00301350957837401
0.00440433166241276
0.00105140945527226
-0.00133415405500419
0.00115180865503133
-0.000232389685563089
0.00196734307903486
0.000307229542878675
0.000163492485819261
-0.00395535054929818
-0.00547728104026281
0.000720393924344968
-4.91870938047496e-05
0.000523453072155219
-0.0034398143690237
-0.00173258606594737
-0.00440719969942516
-0.00157283807781251
0.0055811190708392
-0.00168903717118248
-0.00842707753718898
-0.00434007386876831
0.000737139972881628
0.00382520469418577
-0.00394560813888114
0.00106582680584069
-0.000241048556496848
0.000199795555004593
0.000990761099428444
-0.00132770918406259
-0.00095201339855819
-0.00100089559049889
-0.00127831429283666
0.0017656406618126
-0.0353478686318272
-0.00826200528241439
0.00073766256680998
-0.00177999727806122
-0.000989036117566544
-0.00166932332029421
-0.00432626766744023
-0.00155063987481145
0.000155688736799869
0.000143300771296239
-0.00168138322980742
-4.89918719634238e-05
-0.00318729914344071
0.0034004781375137
-0.000435406597873655
0.000712169345161971
-0.000319610475180151
0.0031356729198524
0.000570901277083115
-0.000585057159202916
0.000183485747244844
-0.000437317715307582
-0.00023347459053955
0.00114807047708915
-0.000256677123821286
-0.00227701982923067
0.00108341686629213
0.000744429990292455
-0.000229833462766727
-0.00731928002765317
-0.00796969156156868
-0.000120695305800331
0.00501711365613975
0.000175928808501992
-0.000927286994436513
-0.000163394929931193
-0.002204737537276
-0.000495207292015527
-0.000673851704975036
0.000974133526583159
0.011834781884419
0.00708525545200419
0.000869375791337624
0.00172673477451176
0.000322080132272928
0.00108911394224311
-0.000324440258068764
-0.000261700379797577
-0.0002735708261579
0.00337922134238986
-0.00468657177384653
-0.00301510255278748
-0.00153750724470138
-0.00476188318004406
0.0021909189491033
-0.00314781646127725
-0.000237111297118486
-0.00149657677102249
0.00282314869947674
0.00221790332076079
0.00131978926529137
0.00142952383125229
-0.000224911314264506
0.00201200257977701
-0.001101997522288
-0.00347915417216394
-0.00587734940470694
-0.00304041062390835
3.65942447480998e-05
-0.00374438612711984
0.000173915965382616
0.00236736882260316
0.00057312102901259
0.000720463167049127
0.000717994653499362
1.1888281699918e-05
-0.000787912416181753
5.66137857668311e-05
0.000451050851382878
-0.00084152690483993
-0.00286522387919299
-0.00568894477770087
0.00228190152386753
-0.00704243605707115
-0.0046997442788765
-0.00260355594564924
-0.00148795065524667
-0.00128312179940787
0.000915017593711783
-0.000828455675352539
-0.00109920672609655
-0.00496590808646363
0.00199280326598014
0.000959200291512828
-0.00108186509670913
0.00373428342138075
-0.000757040624427679
-0.000466235393749037
-0.00283488860046973
-0.00369291077473985
-0.000284779421791995
8.98073136751574e-05
-0.000373149689762027
-1.51499667296005e-05
0.00233762790807911
0.000400865093458612
0.00427465474892875
-0.000108461617881823
-0.00441174028050456
-0.00542198795551438
-0.00340563436543507
-0.00172502778410723
-0.00208352667543164
-0.00553516350258132
-0.00147172947094598
-0.00198995735486647
-0.00153118554241803
-0.00182824101017785
-0.000524667640548905
0.0019661431494235
0.000855543338086411
-0.000135146697326556
0.000659191456775795
-0.000736645456201327
-0.00147583761953174
-0.00232471103203859
-0.00260563608784365
0.00185278425873261
0.00121979192361341
0.00616355828959905
0.00401889397086791
0.00454781682070058
-0.00069690069106357
-0.00178201982759514
-0.00185531136672311
8.25744016429664e-05
0.000473247213864813
0.0011499978513928
0.00094711618891157
-0.000428663969340734
-0.00202786327240744
0.000161188936187461
-0.000237856346657011
0.00276228564376159
-0.000536860187242782
2.6712408977067e-05
0.000852965640119364
-0.00530872402975731
-0.00327786687260592
-0.00487387577029699
-0.0036881735841465
-0.000172080154101944
-0.000915603662074728
-0.00216791242596181
-0.00221589945501528
-0.00156026471522524
-0.00405975443363351
-0.00513713821091057
-0.0023868022543743
-0.00295297342980852
-0.00340078802240378
-0.00129666813217645
-0.000222528048623469
-0.00114122161303085
-0.000177010942664494
0.000107346805777477
-0.000115574479059223
-0.00050230193337934
0.000694143796586131
0.00107893821514063
2.79171063016134e-05
-0.000100944714902333
-0.000737852892249466
-0.000921688566429412
-0.00186642783047338
0.000319675422233046
-0.000236833936425159
0.000349386135450483
-6.4336521804194e-05
-0.000277432252392223
0.000308456412969492
0.000848304298397807
0.000410610430458468
0.000643731860296132
0.000399368350666389
-0.000319842647436948
-0.000385157354680209
-0.000349828658413305
-0.00110435368926118
-0.000497293874069404
-0.000134072031679893
-0.000250064707509984
-0.000183676966004403
-0.000235051888314966
-0.00020290015978398
