-0.981974537357804
-0.973144170477936
-0.937685360152909
-0.888906446912935
-0.860178379191581
-0.688736982558282
-0.576729089085956
-0.435782638215322
-0.311632284594294
-0.180902788148546
-0.0660409770578127
-0.010888563241673
-0.0325726305616969
-0.058275594192316
-0.111124739973554
-0.179284872459908
-0.150332894113521
-0.100679792863945
-0.0562107038921631
-0.162999063961281
-0.0767553755405644
-0.00796298864418801
0.00959907686863005
0.0164613122841784
-0.0168922047084573
-0.0667898176666987
-0.0771010785034776
-0.0189022342115459
-0.0544920636251727
-0.0211738077555233
-0.0317659713066309
-0.0105320665752207
0.00949494927262945
-0.00607369235527011
-0.0102630708399858
-0.0290273823786995
-0.062264893847593
-0.0560776454963196
-0.0189314249118793
-0.0337895839355873
-0.0215959688789959
0.0333206980003465
0.0338430876227213
-0.0032063771895858
0.00136958726877435
0.0716907979760553
0.0477294642892496
0.0085842929511636
-0.0112264279526647
-0.00783922416341405
-0.00641429520472861
-0.00832338968579491
-0.0135375970417646
-0.018416374356502
-0.0747821662605801
-0.0974938868882848
-0.00177213499511167
0.013189704434793
0.0142045258760363
0.0260887662010709
0.019530681940711
-0.0314809914986853
-0.0276904218013221
-0.0241255947284596
-0.00970436487243202
-0.0156960384692433
-0.00511616499441636
-0.00934704012433351
-0.00081793742434166
-0.0147886576909071
-0.0733877891799077
-0.0203549314303696
-0.00897810708451486
-0.00343149668187637
-0.0042477961465888
-0.0160624666600401
-0.00623045537746812
-0.00692932483899997
-0.0264502858303399
-0.00469250138864025
0.00284447800538611
0.00669391285244985
-0.000514053425365934
-0.00535203032620726
0.00712726992759063
-0.00374372085338426
0.00125536314063716
0.0267125685373512
0.0169091770580491
0.00413037737577426
-0.0142593492291269
-0.00414678482380171
-0.0121746870720934
0.00237517870203906
7.25786353294078e-05
0.0250200628536229
0.00525648872931292
-0.00420573917494678
-0.0066579719795169
-0.0100728439841393
-0.0383657721822627
-0.0675640546090043
0.00866461980868464
-0.0194007926915312
0.00621657927588557
0.000994241404576664
0.0170691001128677
0.00631564630411646
0.0151542643980564
-0.00895526926130396
-0.0282780700920688
-0.0131877312421416
-0.0113845563912975
-0.0050526618969172
0.0128209879685238
-0.0143142760093428
0.00386491045639306
0.0409165754939854
0.00743352277586301
-0.0105733361826946
0.0236533785495642
-0.00437242027941338
0.019459038542014
0.00900324411110047
0.027118761742573
0.0160894058106428
-0.00241917354163338
-0.00656125744141946
-0.014083103395895
-0.0218347203951998
-0.00531874345797958
-0.00207373824656213
0.0216609292422899
0.00134700028912807
-0.00784257154213692
0.00114570880320368
-0.00573297671321372
-0.00203580984688491
0.010544893628729
0.0117092670505614
-0.00353594845328556
-0.00428512787346714
-0.0111317312605456
-0.00109087104638452
0.0037352414789052
-0.00338666788576176
-0.00577291399781338
0.010915062619529
0.00557472100687257
0.00696276318823413
-0.000398713314054264
0.0134421153595796
-0.00139022729137024
-0.000369812653067945
0.00276152774625047
-0.0102157578565471
-0.00685373161214973
-0.00457832015663038
0.000717202580049751
-0.00760137459448237
-0.010669730280211
0.00455396646703949
0.00284739399570201
-0.000164492343264344
-0.000865592736242075
-0.0193618655574413
-0.0245872700832996
0.0100896991057697
0.00554712647659654
0.0123515626997256
-0.00852064587489559
-0.00128897141404427
-0.0129561150948445
-0.0122829756774129
-0.01338774210094
0.0119701613763959
0.00181608189349541
0.000463474787709986
-0.0114162255047158
-0.0144979870367227
-0.0203030839167679
-0.0137231670553652
-0.0110214209767086
0.00266962134126677
0.0140959227751199
-0.000777106981282931
0.00770119121490524
-0.0117591227426107
-0.00617263742615158
-0.00326824360337888
-0.00180254978677314
-0.000734789550078081
-0.00778903877838827
0.000754134693646104
0.00366535761247933
0.00714345483194061
-0.0267977468666338
0.00209884552910179
0.00434184710979205
0.0206210219801444
-0.00558227128032004
-0.00453634988672119
-0.00778741077678926
-0.011173060426389
0.0112165993958815
0.0080258200028553
-0.00153362139076421
0.00495123396504102
0.0288621269932639
-0.00870955316446696
-0.00883586275662788
-0.0149014552276456
-0.0204764731732781
-0.00563273110514693
-0.00285537911021114
-0.00436921234658484
-0.00411240915004401
-0.00663120864009713
-0.0198378356268053
-0.00623526707527915
0.00905283465342501
-0.000421856816148639
0.005779110228937
-0.00575070135928088
-0.00670534481217779
-0.00781815723455066
0.000195214942372995
0.0059054438001725
-0.00680236261254882
-0.0131820860897948
0.0501964635968856
0.0103529209349325
-0.00267205650005613
0.00156398908353968
0.0259879369313526
-0.00393827535078191
0.0253362676950189
-0.033859342877819
-0.0521249024503832
-0.00362377940717
-0.0101864939258319
0.0013413910978905
-0.000980349001205431
0.0091419788245819
0.00538890300591181
0.00433231550057901
0.00375275051865456
-0.0119415906574977
-0.00644434219813878
0.0147138782911599
0.0301501717702279
0.0046963368526993
-0.00184682774175252
0.00366494603325451
0.000293991861145391
0.000516205329646592
0.000428243900874595
0.00391345491655041
0.00303093441000045
-0.0036558454562933
0.00800101621700313
0.00715251630980833
0.00567965724541154
-0.00365109561007598
-0.00162533180454461
0.00488345102659582
-0.00690227969321203
0.00585941437907503
-0.000376811475801248
-0.000512059197931917
-0.00189456376136023
0.0125526379693086
0.00452423461812317
-0.000587631029633665
0.00644840640195306
0.0110222859684252
0.00457175018893733
0.0031516021437629
-0.00125887579509237
0.00229532326566838
-0.0106443910264414
-0.0069521355269703
0.0018498196872131
-0.000362363733909955
0.000781932385168104
-0.000541047088691601
0.00241594418275596
-0.00515041806177807
-0.00161086786728026
-0.000890639350162495
0.00175558598445058
-0.00229624653411093
-0.0126099632938498
-0.00633123286628063
-0.00361002937993588
0.00550510021515543
-2.51929602620693e-05
-0.00524289369811272
0.000960683168961389
-0.00807438475264889
-0.0442054607037918
0.00130685246439138
-0.00791823686982872
-0.000972635913477305
0.000246661913216804
0.00133122961007284
0.00242478471064742
-0.00446278579320985
0.00379168744990926
0.0023201815861857
-0.00452543266615202
0.00172136495011093
-0.0049222871472301
0.00190762338269981
-0.0121613475823017
0.000165786868283293
0.00035416018202883
0.00156220093204028
-0.00307489167037384
-6.39842051810263e-05
-0.0101958437295327
-0.00146320331482264
0.00127417091297493
0.00114626482317682
0.0156188582981996
0.00330988073956998
-0.00962164460663809
-0.00309131948633784
-0.0078331759726876
0.00165126820235482
-0.000374460380964801
0.00902835714942964
8.45100024745697e-05
-0.0121406150414447
0.00529884422967107
0.00170387793435168
0.00474094210953336
-0.00243078228663724
-0.00954652614363389
-0.00146200633539813
-0.00220584928722882
-0.0025903755625582
0.000112339302573862
0.00354873618466808
0.00858924207734497
0.000233589112271569
-0.00407586201249236
0.00610577100073597
0.00207116761769355
-0.00664981702440731
-0.0067309191261925
-0.0032793212781295
-0.000508144918796383
0.0029843577948921
-0.000276899460014901
4.67381093242907e-05
-0.00159878397402347
-0.000446677857232743
0.0247043373315437
0.00316690973629484
-0.00760915257642973
-0.00337194771970791
0.000554618950221627
0.00570683343734114
-0.00136111093838715
-0.00303528564591754
-0.00321293418926862
-0.00818578243320773
0.0022086617994111
0.0183371795422637
0.0140382995498391
0.00688465392282569
0.0102405574049668
-0.00824027772623303
0.0163689854728539
-0.0047702278687482
-0.000377004533475388
0.00869866069437201
0.00110018789343696
0.00213478868560794
-0.0110668282250081
-0.0034336361117978
0.000334142539194412
0.00479476094491821
-0.000690523896590585
-0.00214682660374937
0.000460296283550683
0.000143420619216845
-0.00228046214225347
0.0012197711717376
-0.00377784035902449
0.00159007586717317
-0.00540801406016794
-0.0189853079520337
-0.0239533872549541
-0.00524005597437921
-0.00287906455378599
-0.000906399847952515
-0.00305763843619324
2.61039021542055e-06
-0.00226485199914966
0.000149457793512382
-0.00056075961598925
0.00273029370519847
0.00511899552458046
-0.00111359656663978
-0.0036307807201127
-0.00957857954303623
0.000229215961636416
0.00146470617009871
0.00717379251158273
-0.00360650082292181
-0.00580803367278976
0.0222993057692021
0.00684228433395337
-0.00129654269090939
0.0162093134983435
0.00807219113590877
0.0015320025359515
-0.00115127017725078
-0.00495758345513243
-0.000819919495486282
-0.00135851344378505
-0.000752255356728244
-0.00913771790142329
-0.00236195526918567
0.00100879098792046
3.39636933818395e-05
0.000102630126539294
-0.000817503859205433
-0.00365583832558936
0.00404828456018989
-0.00451098627864167
-6.08224277391737e-05
0.00300772775586284
0.00760920160774731
-0.00470918361587458
-0.0234450878519533
-0.00456061057121971
0.00167411357358226
0.00116968799004704
-0.000886536718739801
0.0031571683893421
0.00124635873052704
-0.000446232545617508
0.00064932232780245
-3.38610154555948e-05
-0.00352568091874215
0.00785940098046702
-0.000154184491777055
-0.0111719184516579
0.000800828711877052
-0.000717126539876584
-0.000741855825029026
-0.000639263669747133
1.41727247533158e-06
0.000565272639757173
-0.000522190120386166
0.00493893617979268
0.00390314755278887
0.00107145500711849
0.00548708370871278
0.0220833337619675
-0.00324669764149687
0.00672629000946195
0.00144859414309046
0.0105563995107868
-0.000293275726221166
0.0048719439484339
0.0063685505044958
0.016428872520125
-0.00114793472874574
-0.0011186049373293
0.00141271622026968
0.000980459368140544
0.00387248398205969
-0.000240740813443253
-0.000212144615804462
0.00121628988645137
-0.000807242768994051
0.0002373052233701
0.00136625965338795
0.000510501458259826
0.000182228842734511
0.0100533786274492
0.00284209468360708
0.0041439737678534
-0.00200759161914917
0.0151259003829425
0.000699527719014005
-0.00563938529150401
-0.00781593058701373
-0.00188159956319876
0.0131961721224294
-0.0200202168780332
-0.00814220382816685
-0.00352509469167285
-0.00762726243223977
-0.0065119490909969
-0.00153116838059405
-0.00575572861852505
-0.0096516705685453
-0.000716110657586473
-0.00127654705386472
0.00622311308237914
-0.00125532196998428
0.00752819721325381
-0.0037180269178625
-0.00197354119699732
-0.00697275785574964
0.00339571563888666
0.00325811545266935
-0.0147891884459374
0.00592009078295412
0.00379578738136341
-0.00320567925141368
0.00855512076824572
0.00516964107115452
0.00105346145632939
0.00412732975746613
-0.0320917660307408
0.000135210485049221
-0.00269295768349409
-0.000936894741142175
0.00221629420774043
0.000247995772846906
0.00115140105184915
-0.00632897994625406
-0.00215196392014439
0.00213830725519344
-0.00198863056155745
4.32433860429917e-05
-0.000488539947157417
-0.00181749378825159
-0.00110313638468943
-0.00307691267067336
0.00424360473098307
-0.011197299105873
0.00432730586523556
0.00470075204497062
-0.0067927266126079
-0.0046053082226955
0.00112898062522533
0.000576588193768512
-0.00018074116889676
0.00283518712597897
0.0133915860834058
0.0018029525645959
0.00053806968086432
0.00219503690210421
0.0062221755381466
-0.000154860139617666
0.000192878406223162
0.00121539323978829
0.00060121740801573
-0.00134801828253377
0.00285086824628569
0.00361973121433837
0.00371527675723865
0.000948379748346483
-0.00757883271146779
-0.0118292765358482
-0.00757257746357955
0.00646214662550659
0.00523218011433431
0.000487161749066455
-0.000274534316526408
0.000896270304017258
0.00631566058126584
0.00141916529345922
0.00554081118279912
-0.00209975472104383
-0.000473044121250622
0.00621155316063495
-0.000150791279965335
-0.00203013294236533
-0.00449324428512039
-0.00696917768814057
-0.00195980578271985
0.00297863275725758
-0.000731686159473682
0.000127060923739659
0.000492182554588165
0.000420881473596174
0.00192864872840971
-0.00219200899650166
-0.00172423788621754
-0.0080149699613822
-0.00423707094515358
0.00109911342822429
0.00394469590186725
0.00232748869831139
-0.00362955489416407
0.000665802924464485
0.0032444673273383
0.00591680598898088
-0.0293660119011384
-0.0012847612547378
-0.00248863485751984
0.00180307541898286
0.000388188761396334
0.000614394934820071
-3.69519970044782e-05
0.00319181437740153
0.00616430189531529
0.0117732316648334
0.00643112035833999
-0.00128007601995636
-0.00493696180237658
-0.00017609693766753
0.00146394510472232
-0.000962313960198153
-0.000648499247330108
-0.000306873440219055
0.00182741244564818
0.00308209530888997
-0.000928288362502752
-0.00371226624574518
-0.0190678477008741
0.00243375095155347
-0.00100355226190168
-0.00427361049063886
-0.000580961514428972
-0.00242996483754004
-0.000625018396219934
0.0012553986662874
0.00127412796356625
-0.00114950352343474
-0.000158418788995137
0.001110482098905
0.00600644179236111
-0.00702121700049387
-0.0064688346934558
0.00269896200365519
-0.000490257213796971
0.0165694792209184
0.00138091559814991
-0.00140505059591928
0.00218764708456782
-0.00103641631342393
-0.00327923807030136
-0.00586949520900046
-0.00149156777688888
-0.00268710939613906
0.00057592837355846
0.00410324887057067
0.000111201824509899
0.00284511184467875
0.0140521325065044
0.00160473174435568
0.00333248833512284
-0.00516538843644763
-0.000696551916536091
0.000742355344897749
0.000276375286948846
0.00174697046992457
0.00224459277548874
0.0123336164986553
0.00310239216720984
0.00437401428177262
-0.000435769407652035
-0.000302529420501284
0.00117565146656919
-0.00241115472400043
0.0014038245359306
-0.00222556648113541
-0.00351527378430468
0.000101209873500655
0.00418145043608635
0.00610266667536347
0.00105178153178908
-0.00147573771352269
0.0023204653412711
9.17892663329478e-05
0.000842349160205619
0.000311653081015913
-0.00391318415046174
0.000295819441974815
0.001533413041431
0.00346895813743979
-0.00124962749985853
-0.00678402443138964
-0.000979761835911266
-0.00384301394611494
-0.00178666974957634
0.000539499921006856
0.00824659302484741
-0.0103829940890012
-0.00726589456992852
0.00373991742058079
0.00457772825146582
-0.00912762630497732
-0.00886252237038824
0.0058531012049842
0.011247317211976
0.00933631676544623
-0.00285999967859772
-0.0013571497349864
-0.010080671757188
-0.00699207738449908
-0.0010228640617041
-0.000409603994090315
0.0018557210451945
0.000377477290696123
0.00607083185342592
0.0031479013347571
0.000229767973031798
-0.0040396278873208
-0.0031132548161749
-0.00074373598989225
0.00297252250219429
0.0076617767701733
0.00405780176610963
-4.61759003472593e-05
0.0148015440501291
0.00269882004184475
-0.0003356963371496
-0.00273864842302666
-0.00173906600700349
-0.00148738334925505
-0.00164822128497091
-0.00361213410788187
0.00140903771326894
0.000354470860431366
-0.00549442493339461
0.00860697578402066
-0.00352524739162761
0.000875404643230244
-0.000750283236611375
-0.00673326458917082
-0.00172136549349623
-0.00182539678758849
-0.000199351836209314
0.00182364615496875
0.00568759276609865
-0.00030763778164993
-0.000611930105180791
-0.000986644979951156
0.00161003916550747
-0.00176124333921041
0.0013327279887952
-0.00581624983561187
-0.00173870344756273
0.000998066752309544
-0.000200084950020416
-0.00093399665644373
-0.00074017813185539
-0.00115528259367151
-0.000129079713518122
-0.000447305950117796
0.00436706397359208
-0.0031451966578257
-0.000837085807396094
0.000644657893729742
0.00735645202497932
0.00108922433025596
-0.00102792034072899
0.00109659176429229
0.000596505718756893
-0.000358632399549328
-0.00277256161006414
-0.000855269670255441
-2.38522744862237e-06
-0.000233169912213713
-0.0103225089984529
-0.00098178516950574
-0.00194008149515206
-0.00261669671713418
-0.00558452500654989
0.000170311943014795
-0.00533470758745414
-0.00138964805177806
0.0117127285139927
0.00351514715746958
9.52628799732983e-05
0.000172650398554702
0.000217571734695623
-2.58547755251133e-05
0.0010728839415048
-0.00490608763226772
-0.000967065987490745
-0.00239562704340625
9.08350509423328e-05
0.000747664030625614
0.000166913661575597
0.0103356706245033
-0.00152538480680024
-0.000595418931114132
0.000925621966139998
0.00150513752953814
-0.00343297788352185
-0.00198624036724946
0.0014162459155845
0.00238321875453094
-0.000309791169576338
-0.0012540104441312
0.00169910176158837
-0.000335791032566233
0.00199841914864392
-0.00136911024067191
0.000575562581946207
0.0058994492403465
0.0020510633652489
-0.00186510150101574
-4.48672729912293e-05
-0.00288017951757025
0.00643801687105993
-0.00082626135432038
1.65233371472803e-05
-0.000414608926198596
0.000404428645151091
0.0006840177790704
0.00104815442141626
-0.000373477620915478
-0.00143892530431516
0.00098879703171703
0.000475475374380526
-0.000276714524015955
-0.000987698594179688
0.00076813013732234
-0.00256432189955097
0.000154992951224637
-0.00120225058063577
-0.00603764580543121
-0.00830577901026963
-0.00175450209081151
-0.00163281866182505
0.00108513005334231
0.000673585585486102
9.13600445627349e-06
-0.000459913961111789
-0.000957159908997438
0.000778653505780348
0.000658283693863087
0.00109440202472214
0.00112471667749095
0.00381270506128433
-0.00192533256649376
-0.00183501191808152
0.00133513011707321
0.000864496811976988
-0.000913587555531893
-0.00223767428139338
0.000614965147020205
-0.000120925769422473
-0.00133976982088672
-0.000444561288312703
-0.00169074042544313
0.00184245967863923
0.000558291968114294
-0.00114432276544563
-0.00138596880430005
9.32693234038001e-06
-0.000737774083578147
0.000258771114518592
-0.00032967043035653
-0.000444625685800321
-0.000551059197975897
0.00230468322983323
-0.000408724885336959
0.000200214333183192
0.000124188873276779
-0.00097525784959031
0.00117471818923401
-0.000560017741600907
-0.000930031944809995
-0.00060062431895779
0.000874517990286412
0.000542704630166339
-8.04923062218695e-05
-9.26555599171802e-05
-0.000243126615112775
-0.000653281208161163
0.00113854238986736
0.000942125888182626
0.000361079622624712
-0.00314655087329865
-0.000857371436802235
0.000485000542099773
-0.0010984127708534
-0.00154019739538491
-0.00113491055812954
0.000502586238701743
-0.000233970935582396
7.04857550175666e-06
-0.00124008783042837
0.00127749085490034
0.00187898860662423
-8.32919947086581e-05
-0.000283033793166537
0.000219770746389826
-0.00167381345686172
-0.00140685580327799
-0.00275890235344243
-0.00241287284734715
0.000124388325439464
0.000306075861520501
1.54002248298418e-05
0.000427032575956503
-0.000462786152709999
-0.00199802560599772
-0.000817473199385502
0.000129889911946512
0.000596533337489981
-0.00229669111091137
-0.000795538209825291
-0.000563367088319742
0.000110786606848636
-0.00156510139556483
-0.00225277010157494
-0.000274299427686251
-0.000491411541535625
-0.000104394986836451
3.81413522080434e-05
0.000192805112360811
0.00111477025111006
-0.000762252146480756
-0.000465005058357852
1.90385489403049e-05
-0.000660876477270321
0.000624294279982267
-0.00183890693262676
0.00010111676132208
-0.000610951746219111
-0.000506893201850245
-0.00168671422865237
-0.000181266105257407
0.000146869475945579
-9.95238183606239e-05
-0.000201276851422497
-0.00130133021121234
-0.00183065492634226
0.000298962427875299
-0.000232708815348449
-0.00135844504673892
-0.000326262829549524
-0.000181646040005894
-0.0010516961706232
-0.0019435487969865
-0.000925567994456757
-0.000188727955855901
-0.000190669420925421
-7.41000098305785e-05
0.000354215217588509
-5.45691990559422e-05
-0.000236373542043098
-0.00128830097299429
5.63423371205613e-05
0.00010422577637249
-0.000207563504897519
0.000579889362462676
0.000122227656301252
-0.000620450230553783
-0.000482786690191617
-0.000799839285462691
-0.000230132959622415
-0.000308214066818196
0.000246989092060135
-0.00109400305132718
-0.000696319104307192
-0.000622875646372924
-0.000545581959302257
1.68833809639421e-05
0.000141072165506766
-0.000114678240328893
0.000149795189849439
-0.000115928530924285
-9.75347664938647e-05
-1.11564791194164e-05
-0.000140589138193352
0.000270203127231298
0.00034633026132943
0.000197336185281227
7.85480822243883e-05
0.000113239649937503
0.000283192291414309
0.000184360542994911
-0.000170145285732275
6.42479110444503e-05
6.87356123152669e-05
7.46471652444368e-05
-6.86289160443711e-05
-0.000693692081272392
-0.000178066683593622
-8.61483056360882e-05
-0.000461638851078181
-0.000691224079091375
-0.000160105645382427
-0.000526002832784949
-0.000578427211269565
-5.51391977160059e-05
0.000142490768435563
0.000116214227274794
-0.000302342542764142
2.26886920730695e-05
-0.000512708396516663
-0.000344757630588131
0.00013339799172335
2.1310454253849e-05
0.000103035779535959
0.000182005495157121
0.000120217968644698
0.000162313738469457
0.000108772155700005
0.00018142554862717
0.000185104184311888
-5.14921658931741e-05
-5.17060398258569e-06
0.000113757277079925
7.45012858762745e-05
3.12663251648594e-05
-0.00012450972496583
-0.000401291659778865
-0.000391312109867097
-0.000408131741278393
-2.19464434798174e-05
-0.000189202754588143
-0.000592575240171799
-0.000216027931483438
-0.000192592430880051
-0.000300785559604592
-0.000312475053069944
-0.000438273235354658
-0.000521428406364722
-0.000342023426284179
