-0.999089541409313
-0.990158955434845
-0.493338497601576
-0.531756816259997
-0.661593498154062
-0.166161198586023
-0.0509431590828284
-0.0843640628850034
-0.0481916331862679
-0.0353439601284561
-0.0826157786665137
-0.000875450083298295
0.00551445670293903
-0.0154783695769483
-0.0976068596391362
-0.0813954960315797
0.00480022002660214
0.0210610577794041
-0.00119459099408452
-0.0142967703764908
-0.0118089325994654
-0.00712011308788056
0.00570955869411129
-0.00890313369329306
-0.0310419877787128
0.0186422446646883
-0.00618523813544225
-0.028902393476159
-0.0206743037097414
-0.00461445209341016
-0.000282091622411444
-0.0135575778980532
0.00277226515247019
-0.0113267557889505
-0.0214523257885474
-0.0124914986184993
-0.00781778191289926
-0.0175890187738645
-0.0293273997211649
-0.0324624063515843
-0.0153780230459797
-0.0268391177435911
-0.00370264649110125
0.0055767650055453
0.00283429428160023
-0.000704989930058166
-0.00320820310813454
-0.012783249705555
-0.0128765575178975
-0.0120440476833926
-0.00852532875866709
-0.00122905832263331
-0.00606508255960186
-0.00478398418271932
-0.0141832592950249
-0.0147441082117734
-0.0111032717172802
0.00196673707705695
0.0257937904891522
-0.00582352906298198
-0.00268449339311177
-0.00519853580383819
-0.00448842849641884
0.00253873155756072
-0.000808044499540719
-0.00384971282219902
-5.67250735653778e-05
0.00517409672099799
0.000515785063436545
-0.00600812680394873
-0.0123753198985124
-0.0197746316634831
0.00518507519176291
-0.00437344561073436
-0.00101291167767293
-0.026474052488381
0.00091906554422347
0.00841363933733079
0.00425595667237759
-0.0380462387558048
-0.0277371263377083
-0.0118202802967197
-0.0102086913343142
-0.0102511749970692
0.0016409851095067
-0.00462754070341007
-0.00179291679017056
-0.00714322737710031
-0.0154896046411487
-0.00225371740023063
-0.00067678535039626
-0.000406686994744654
0.000352400252269978
-0.000584722516863028
0.00629023006852433
0.001628431471686
0.000705743274462842
-0.00242755864336603
-0.00327651017268892
-0.00355471748627651
-0.000632789303562589
-0.00246016209457423
-0.000668989864805846
-0.00142288196769007
-0.00807520184666622
-0.00244971859785701
-0.00744058241504356
-0.00413120163937681
-0.000824662277473343
-0.0147445249051221
-0.00785770387594192
-0.00297748358669693
-0.00294406269552577
-0.00799648747638263
-0.00669965295841545
