-0.9947941811874
-0.963925156338782
-0.407676461205048
-0.129424843242961
-0.402974017173673
-0.206238555112222
-0.0525899259623374
-0.0268399410147626
-0.0616746644725771
-0.052480616844992
-0.0162011485364359
-0.0521950311167517
-0.0049731583062237
-0.0104855076616507
-0.00927919235826163
-0.0050992730098763
0.00413196255653946
0.0133840940056202
0.0103433237491584
0.0229771645104604
-0.0485525265672732
-0.0152772841283615
0.0385064482567015
-0.0425020064507502
-0.0389505664444816
-0.00829596952920948
-0.00325307437906217
-0.0375760054094379
-0.0468236020958622
-0.0416460667612777
-0.00645925333096376
-0.00586688832653977
-0.0255557805304067
-0.00774884061886904
-0.0202213555710293
-0.0314128551757802
-0.0333906147686335
-0.0449522440971749
-0.0262189399919187
-0.0167609007511811
-0.00620161934603278
-0.00759639005478095
0.00716561271452568
-0.00198800542707979
-0.0018949265844192
0.00568006559214597
-0.00241587267593412
-0.00528112923250026
0.00621788474207371
0.00564010242554138
0.0166399295568182
0.00226453886227673
0.0082245798927693
0.00977677188808192
-0.00445825289811054
-0.00265728730585722
-0.0303012326478856
0.00605303975067467
0.00795881036790031
-0.0116334210015634
-0.00123940394149915
-0.0124879912492092
0.00288646217572482
-0.00781858306153084
-0.0105173312392452
-0.0043847305522199
0.00641866693922027
-0.00483675203088648
-0.00592085045455652
-0.0032613988390997
-0.00132785848787286
-0.00110815906332113
-0.0100391198419454
-0.0126783087780717
-0.0159591409218729
-0.0055301623569085
-0.00734732837805877
-0.0134376416129134
-0.00565905039538707
-0.00216998718558152
-0.00285064678790872
0.00126243033172235
0.000207951078077817
-0.00469599111883572
-0.00241460385744991
-0.00860060932151982
-0.00707969000827659
0.00447196344969858
-0.00386867437771082
-0.00168013563493445
0.00084932573493847
-0.0163314131558804
-0.00815521470017014
-0.010912450966451
-0.027736606116952
-0.0118880657096206
0.00267629081793913
-0.00459810377863109
-0.00732494881122259
-0.00429080634627223
-0.0055848780509493
-0.00549781685356199
-0.00285791876222842
-0.00260617038229815
-0.0104926642515293
-0.00439985897974971
-0.00467593431941545
-0.00344132159011334
0.000731611301971498
-0.00140779219613699
-0.00532776806064676
-0.00846300612714173
-0.00328895286676288
-0.0106177403517724
-0.00389740820498375
