-0.992019619637476
-0.788404321878269
-0.56392578244881
-0.294299855847996
-0.290514226409032
-0.395584560011492
-0.202656185736406
-0.189251337918486
-0.0289177714612726
-0.0239816452531797
-0.0482451360171285
-0.0382093594017153
-0.000723911482623082
0.00418968714095873
-0.0219291013276942
-0.0370191068764065
0.0146825100919498
0.0258602212160067
0.0170087075136168
0.0288011507530432
0.00544389933619222
0.00639958333659284
0.0414709644726834
-0.000456380478154382
0.00211199187525251
0.00435777554177826
-0.0164902749287424
-0.0155251384977897
-0.00525378686876669
0.00888683212719887
0.00110247474488656
-0.0231972130308472
-0.0024022437887016
0.00343053503079059
-0.0135116598187795
0.0048659239216036
0.00447341361929713
-0.0052142858565264
0.000729601659931882
-0.0249232547647853
-0.00625970991383999
-0.00312798271628016
-0.00370687811119376
-0.0131170126868781
-0.00991342803973539
0.00392657830661009
0.00540012589647905
-0.00148796339970454
0.00241098629798639
0.0134565757307837
0.0107592507671788
-0.00334894862310406
0.00714819735037295
0.0196922902456962
-0.0296241144233301
-0.00692835141752841
-0.00805197221332999
-0.00914797701785424
0.00454296681566556
0.0061263053183703
-0.00404492731409392
-0.00891173206911963
0.000699081255003071
0.0116570897959843
-0.00339760620041341
-0.0292978144821204
-0.000184789443084155
0.0118301995112062
-0.0170963101204149
-0.00149894282462405
0.00218412357217675
0.00497857215259501
0.00180972454048029
0.0013884998528643
-0.00210734581813615
-0.00187413311642663
0.0035279071170705
-0.0307243979037674
-0.00566203182412362
0.00377420452478257
-0.00153600881505466
-0.00176102707624029
-0.000173385797988736
-0.00149006463936119
-0.000628762269364762
-0.00280189459271801
-0.0083729306178527
-0.00521614846391947
-0.00282888308627474
-0.000137112242670655
0.00123246408940197
-0.000289087218395385
0.000202804211608642
0.00199419090066046
-0.0019518150180027
-0.00403717444425654
-0.0104468854625499
-0.00187304203102762
-0.000533481432272816
-0.00163484215023515
-0.00422117635402836
-0.00335534199737237
-0.00307331604091344
-0.00235328594435636
-0.00654781084141517
-0.00313841101443839
-0.00759287873135919
-0.0053166419994046
-0.00235980998231501
-0.0098414669982748
-0.00738470905796447
-0.000405970170700348
1.84153913193449e-05
-0.00358486637067266
-0.00406496230949306
