-0.853553234014477
-0.98562367363719
-0.92045003941968
-0.305059530089545
-0.326055301588521
-0.536217708386203
-0.0911515435900165
-0.00983117732011266
-0.0876951287136531
-0.0510263708936708
-0.0186808172448592
0.00975432956057553
-0.0439544854776368
-0.010595745153798
0.0413534323645026
-0.0117740442959131
-0.000621964110851449
0.00393742517493759
0.00112920508523599
0.0267749182122521
-0.00329557692682545
-0.016406323560615
-0.0136871236068514
-0.0137557188841478
-0.0138524495509617
0.016747203541436
-0.00300947680734732
0.00155509941035092
-0.00534293780986446
-0.0160821333833025
0.000961947462543911
-0.00815753750718405
-0.0259448963703704
-0.0728786898760446
-0.00175605941023247
-0.00485827980949793
-0.00523796172298919
-0.0116439064509773
0.0107109465536174
-0.0111820705144456
0.00928012031623749
0.00418259067656169
-0.0282524168177409
-0.023932906584636
0.00126174716681783
-0.00602119454595381
-0.000444000191102404
-0.00240126246393888
0.00302902639610748
-0.00513876892893241
-0.00469141212260999
-0.0236624065848022
0.0045489467112135
-0.00609567934526055
-0.0197182561261151
-0.00474912978402885
-0.0154742971693011
-0.00652821560979008
0.00576266044005149
-0.0110517892574733
-0.0126589075227848
-0.0201243445364554
0.00504140616128577
-0.0110574242840504
-0.00445755602254649
-0.0407721467697048
-0.0177439358740291
-0.000535227899119749
0.00963113798859461
0.00215622939721004
0.00358077686687911
0.00873941579248908
0.00309864772441057
0.00423148972769014
-0.0102101897410794
-0.0117537360344146
-0.00241954011292164
-0.000302127619086362
-0.00156642023939081
-0.00297830787201778
-0.00020668684651912
-0.0103737077895043
0.000738143323280667
-0.00758042235646958
-0.0108025097908819
-0.0240613926033002
-0.0124591688421483
-0.00608157090308041
-0.0162304516522605
0.00113929470446879
0.00131433366866508
0.00159513661825073
-0.0109224474039333
-0.00737257962974754
-0.000186570821812832
-0.0106821420665005
-0.013779126598191
-0.00915619770930107
-0.0226548402685729
-0.020240962812277
-0.0124252758426744
-0.00415242065957111
-0.00156387238145989
-0.000754030159419597
-0.00496608137796791
-0.00883868208156245
-0.00517859315101418
-0.00796717138971914
-0.00843294226169151
-0.00774765730918467
-0.00877015363087317
-0.0172774658165944
-0.00320010602676239
-0.00611764703070152
-0.0130680656185462
