-0.969685735200027
-0.996041460708928
-0.720053691457871
-0.502342800429133
-0.526212578760726
-0.264537252859395
-0.0831970825238328
-0.182145396587047
-0.121300974247279
-0.0146372435513918
-0.0469048264206558
-0.019569783912786
-0.00347674947311809
-0.016462993482054
0.00936868897979092
-0.00869573672450774
0.00482218183994735
-0.0132314606982192
0.0154804453780979
-0.00860175857457015
0.00332552438563462
-0.0129056673163812
-0.00395933702203256
0.00833725367396977
-0.00266564258803698
-0.0108805209724771
0.00262828576897466
0.00935229166800579
-0.00690576218767427
0.00266592465872457
-0.018631553106077
-0.00107603056201549
0.00257037762401855
-0.0135005119632477
-0.00425559719216533
0.00257686086000719
-0.0141444009920845
0.008191868587091
-0.00221999005015548
-0.0136796444051569
-0.0384759331913034
-0.00714658403460755
-0.00907885665787734
-0.0266136131322772
-0.0149932165730513
0.0102032500273783
-0.00153149092695323
-0.0303153025262334
-0.0372223292275521
-0.00749559982504849
-0.0151383220633261
0.0141714084632917
-0.00752059767222996
0.00962621336274424
-0.00756455916279737
-0.00531657297743104
-0.00987130460456969
-0.0139299518833615
0.00168042033694058
2.72950471488017e-05
-0.00392379503791702
-0.00187548998436627
-0.00138174294365961
-0.000665038988862254
0.00684773672546041
0.00157592807465565
-0.000889335524344257
-0.000836542008466973
0.00904698860335705
-0.00593920949014544
-0.0101770924629821
0.00529266402261049
0.02166978670043
0.00700843520602638
0.00170205259859034
-0.00350939307250544
-0.00719466939171294
0.000438375099705249
-0.00281768293093185
-0.00112468402129398
-0.0124044401945026
0.0032407025375611
-0.0118349541374036
-0.00896294073997997
-0.0179791777170069
-0.00500117458940105
-0.00812633777891339
0.0023941830460595
-0.0109344739532215
0.00163062035499272
-0.0145045406445541
0.00640573936989116
-0.00197731200067134
-0.0157626356066432
0.00359450335391433
-0.00304693801214963
0.00108094268579766
-0.00432518448998746
-0.00480157405062951
-0.00026960559377845
-0.0077821256473394
-0.0214789407435848
-0.00532731245542843
-0.0192486318217747
-0.028631833303534
-0.00405082804200307
-0.00389565853487181
-0.0123495062566811
-0.00144598492059183
-0.0138992703588383
-0.0240278540208046
-0.00564522814468318
-0.00559831517503382
-0.0074032324405635
-0.00838073946274575
