-0.968286307179788
-0.969345801114134
-0.751930952769383
-0.380610365612376
-0.393366874304725
-0.0808754664107575
-0.0665612141641312
0.0175700918693687
-0.0705733671129382
-0.0287370457451373
0.00170607903276207
-0.0346165125287337
-0.0242244372383666
-0.0384373562567925
-0.0435587291059087
-0.046908635276108
-0.00979339483636734
-0.021914592983048
-0.0364886563129692
0.00330764184851561
-0.0103820619771581
-0.00937919255610917
0.00161152456655131
-0.0221452398356069
0.0103650006016562
-0.0209883427604622
-0.0465130318481133
0.00109856008117733
-0.00783031723059522
0.00713788033041591
0.00413518830871825
-0.0323833681443389
-0.0261780614081082
0.01713595267157
0.00144602281566599
0.00882052737503073
0.00139742820373206
-0.0128636099769941
-0.00260049300140146
-0.0191932855596468
-0.0530228002250227
-0.0040042551357438
-0.0134295821452207
0.00328760961193014
-0.0110572506371377
-0.0148003985296208
-0.0116454958690408
0.0012990363560002
-0.000507688932257819
0.0016574025461274
0.00926920256435728
-0.00100877150001709
-0.000448980562564899
-0.00922118316289599
-0.0277067218793919
-0.00704483534464352
-0.00351852850061532
-0.00116910013232479
0.00142837646036933
-0.000496834427349572
0.00380639799919647
-0.00173446158063478
-0.0145889592417882
-0.00218648053816128
-0.00370730435036742
-0.0216368417888542
0.0019440083597873
-0.00253770284447838
0.00396877735220886
-0.00287054106592177
-0.00397678771561829
-0.011279135448237
-0.0128475253967703
-0.0107079239282765
-0.00540045054132752
-0.00298001720742832
-0.0273724554144291
-0.0164084430705016
-0.00621690094114058
-0.0157817199597778
-0.0153645661717458
-0.00907473992513637
-0.00123320626346603
-0.0107889481037464
-0.000128298705835631
-0.00202230255027567
-0.00193864858412889
-0.00314222378658847
-0.0218720386162689
-0.00675618775288492
-0.00647149732705709
-0.0068548452648216
-0.00660030178778351
-0.010495925318699
-0.00564207826498771
-0.0148398671869496
-0.00611084695456454
-0.00484333330911824
-0.00408900214703215
-0.00809797553908953
-0.0100775045296111
-0.0107383720268032
-0.0169313835793358
-0.00307995478872706
-0.0171153915944723
-0.00200047729130952
-0.00385425596555275
-0.00469411510034614
-0.00217815387152525
-0.000974509168766328
0.000711565696882899
-0.00227395214064356
-0.0210814181397201
-0.00405487948228328
-0.00625623367805624
