-0.972573265322815
-0.981701407446852
-0.813583270803304
-0.616918277198379
-0.472741081621975
-0.130665876060413
-0.216753868823213
-0.0811415271980323
-0.0893004689997955
-0.0182238631732248
-0.0520014701379968
-0.0144948167374684
0.00801115350751349
0.00208877751753748
-0.0516950443632008
-0.0362575200435634
-0.00813134136112389
-0.00902685123433132
-0.0622945561312261
0.0173585370837537
-0.0135835556854153
0.00902624696604754
-0.0246108689197214
-0.0482727256189061
-0.0259029799213588
0.0108104128672144
0.00803946879399768
0.00437673476414453
-0.0129773403488288
-0.00703637972065466
-0.00166821458127919
-0.0122436399009869
-0.0118032323609614
-0.00109366099601981
-0.00809387766918892
0.006999251638647
-0.000423610509736543
0.00243133227228207
-0.000823407092357856
-0.0575703998812581
0.00970883956260843
0.00490447966144543
0.0106240205959646
-0.000244558595845307
-0.0175090119435234
-0.00667964332919815
0.00226453007203275
-0.0131700218602046
-0.00556332627776542
-0.024402258248866
-0.00583520474039982
-0.000326006800195511
0.00204014293362822
-0.00735347490796077
-0.0157336813151402
0.00207703722459654
-0.0314760217559996
-0.0461331170135246
-0.0135699458527419
0.0114651120323895
-0.00256745420902465
-0.00730174696147623
0.00334476651463376
-0.0116727780518927
-0.00818097068822485
-0.0543567431785456
-0.0204356894058342
-0.0193273447454303
-0.025233345502045
-0.0329431342704566
-0.0254578281445265
-0.0111158557013032
-0.0205360975038057
-0.00825665485295815
-0.0137370740208347
-0.0278889206715607
-0.0392851072340572
-0.061490672119747
-0.0122287016518736
-0.0276396647130476
-0.0337421121480146
-0.0130555436965539
-0.00366516172424033
0.00103433966594346
-0.010799795504844
-0.00168933078562769
-0.00852056555517751
-0.0124788322198847
-0.00392706012596645
0.0014771584906571
-0.0155294443644087
-0.00268658027929111
-0.0159969217573777
-0.0491612342703206
-0.0308657645165852
-0.0419175078945052
-0.0276550772120269
-0.0215612587487673
-0.0118833188169792
-0.00394483201747963
-0.00236374971345008
-0.00389156801485004
-0.00301272765096033
-0.00142948770439193
-0.00993191006757077
-0.00455270164752986
-0.00152104795638404
-0.00372459620343103
-0.00461449999034793
-0.00100379872646702
-0.00684713261103085
0.00123983765125959
-0.00276526739576018
-0.00661145540816691
-0.00132583927676798
