-0.989606375899331
-0.67107335433074
-0.319298391000006
-0.538127373997142
-0.0849336880542607
-0.222650393850898
-0.154698720310788
-0.0451923359818328
-0.0547435069293142
0.00331836384759864
-0.0712447542469734
-0.0113137658118711
0.00736715016575695
0.00010236370966709
0.00276624509370689
0.00442931219481621
0.00104667491838834
-0.000529992419479924
0.0221471832899641
-0.000622226507924119
-0.0151095690137811
-0.0111506641046146
-0.0176134041612267
0.00475055906969499
0.0019428603827859
0.000633059169381239
-0.0193039929103532
-0.00378562558406538
-0.0620208444172803
-0.0322199663751003
-0.00927248438616961
0.00100538545146404
-0.0374215408513528
-0.007319169226424
-0.0126088689886944
-0.0101002309260206
-0.00384269558397717
0.00469568288248295
-0.0145649096023352
-0.0208356617269347
-0.000343375618090633
-0.0122903848305379
-0.0279304853652094
-0.00385380319518528
-0.00184483640195945
-0.00953672620968512
-0.0107344784463941
0.00568238075975936
0.00176555134828874
0.00374480155005147
0.00230029279845465
-0.0103954889307936
-0.0168890189808509
-0.00493996356212227
-0.0622679069373874
-0.0123586542025312
-0.00260147204231552
-0.00284852109186682
0.00168551373672795
-0.00128310797095409
-0.000595455269381757
-0.00351066735879832
0.00386233398665782
-0.0338150671244946
0.0145310983194239
0.000476225564863076
-0.00980738309757768
-0.00300878156478391
-0.0192406077380927
0.007246016878533
-0.000985031612211949
-0.00783517092295473
-0.0128858406148168
-0.00611006541992286
0.000144844442483489
-0.0256347032124082
-0.0072938731109801
0.00596332740826737
-0.027561870415123
-0.0115598041501498
-0.0181366882752315
-0.00689645543280239
-0.00794061083019118
-0.00308405103196147
-0.0115758099905555
-0.0128293779698327
-0.014500509174691
-0.016797690811768
-0.0183192176437943
-0.0123943773934905
-0.0171773358264825
-0.00105252819932588
-0.00345653590151263
-0.0116944934097535
-0.00386324651588182
-0.00616114650798443
-0.00954369227013508
-0.00401519316145196
-0.00760708189399978
0.00218266693462219
-0.00688884138419827
0.00045659976658493
0.000114215751971556
-0.00292340975849474
0.000962250113036251
-0.00577201973307686
-0.0116061465346577
-0.00053316897387167
-0.00482520613093493
-0.0289113713904562
-0.00580215422156682
-0.000275904360181901
-0.00689026100308475
-0.00539159378703954
-0.00485261884008219
