-0.990726509197345
-0.972020708092556
-0.725659770482508
-0.497787137873209
-0.42021086511265
-0.239773865652683
-0.0186355023049649
0.00639025400036004
-0.0215143664345089
-0.0255164656205656
0.0432746008565604
0.0160463067366746
0.00745556068554704
0.0056983876612661
0.0540958602655207
0.0189578113804964
0.00727795470749629
-0.0327890847098594
-0.00656916365998261
-0.011586772994609
-0.00407481731914509
-0.0267116237260506
0.00305764619518019
0.00302136458214573
-0.0110666258604247
-0.0367553614409431
-0.0248331329483674
-0.00172895434992887
-0.00984515609363235
0.00666917408205467
-0.00254716702697279
-0.010192486853168
-0.00147948674813935
0.00041945274816607
0.000244755946612231
-0.00368744554174494
0.00633605439309167
-0.00434322658391581
-0.00212134451193017
-0.000227411418753203
0.00677633424023235
6.30861096492139e-05
0.00767728186068254
-0.00862980081154292
0.00131878014862524
0.00336140136507673
-0.0101273428307263
0.0133592057545984
-0.0116838544664575
0.0192280833728034
0.00716992801834732
0.00327078065440405
0.00105592227146211
0.00159512856472159
-0.0121997935485411
0.00926353037962454
0.00108726498843452
-0.00105390862361131
-0.0198703282430732
-0.0132119102985124
0.00785830450849955
-0.0151308981688513
-0.00409388833402516
-4.3408363346961e-05
0.00292439698388739
-0.00192899289520421
0.00432500731509352
-0.00549094108738089
-0.0154088340668606
0.00920143530700745
-0.0440604984108619
-0.00383407539314732
0.00551663804429027
-0.00595409092537492
0.0056067269081347
-0.00370515056058007
0.00472563854780536
-0.0132533968177873
0.00352705437965812
-0.00594670458561558
-0.0126540179415099
-0.00582205228143324
0.000591226431073266
0.000171250145042417
-0.00771750439004127
-0.0192147899314382
-0.000494642982175191
-0.00103673002969715
-0.00420276157869168
-0.000217380711365857
-0.000854243618106156
3.18666353865803e-05
0.00274093321189594
-0.0121874112670309
-0.0258376354458682
-0.0215507199157162
-0.00671716496910959
-0.000140186644453862
-0.0016806002030077
-0.00683964579369134
-0.00699876942614452
-0.0063769456386394
0.000849076943514475
-0.0160326817433862
-0.0106223438145702
-0.00321578323664329
0.000665053654228695
-0.0014494071386367
-0.0015621524775938
-0.0169623032303754
-0.0117886005462719
-0.000768881757467575
-0.00177252588673625
-0.000574266460845307
-0.00370785061840561
