-0.994728748675931
-0.960494189137672
-0.655668369727856
-0.330502680678832
-0.132858675798738
-0.0958806266354659
-0.153713840541603
-0.0876084908078619
-0.00125131339090711
0.0139004638736572
-0.0230897393501309
-0.0588480815149954
-0.0390109755701288
-0.0401252331602284
-0.00614721630025684
-0.0588558045327202
0.0109627011285502
-0.00152377371983896
0.0013275931271961
0.0095876333551017
0.000509534165914085
0.00266663086977773
0.00161302149627806
-0.00281755774332306
0.0175980529777296
-0.000260119215081244
0.0159040998983676
-0.00682860244921666
0.00467800187400448
0.0149033944554636
0.00105932135921412
-0.00217183994328437
-0.0240630146496565
-0.0276802908868152
0.0227939339756158
0.00611103009363958
0.00292288650033555
-0.0140537901991627
-0.00237815416599227
0.0013800231754445
0.00974504131288806
0.0189777082069637
-0.0416625113336286
-0.00958474261147781
-0.00616059289157805
-0.00185634890095436
-0.00328712284044367
-0.00838064204453516
-0.0186725114827409
-0.0143047784364201
-0.0179783661148292
-0.00211299276121287
-0.00440418477734363
-0.00187366694121022
-0.00597670767731567
0.00317103210692817
-0.0147011612879244
-0.0152197851917512
-0.00215055141962743
-0.0189585897575622
-0.0118929713866132
-0.00898001462768255
0.0105587442994599
-0.00112191476775695
-0.0106190754580356
0.000487972992351693
0.00599134189009654
-0.00489144783621509
-0.0168709445447186
-0.00422366564439059
0.0084844324005673
-0.0388713374113296
-0.00745635572068182
-0.0071055591390603
-0.0423162970579105
-0.00296468137080166
-0.00935201637927145
-0.0313957500356469
-0.0721142766753931
-0.0262322132618071
-0.0246485863391816
-0.0174767831641664
-0.0218764132378863
0.0042604553533829
-0.0136869219812305
-0.0104181401039192
-0.00142280090087348
-0.0112588867180019
-0.00375425075673939
-0.0108467156114786
-0.000943705777175057
-0.015552957880704
-0.0211740066967291
-0.0126820427528761
-0.0313852342510092
0.000896301567558408
-0.00805549637736156
-0.0219337485463111
0.0007672419650027
-0.0177562198710766
-0.0691530594322138
-0.0231956928962816
-0.0163704388738036
-0.0121753754822611
-0.0132948130154698
-0.0236065594585113
0.00170634285792828
-0.00410029295837481
-0.0015908383138234
-0.00667085507573996
-0.00691983745426116
-0.0156787662874393
-0.00290971765358445
-0.008887362236024
-0.00888736223602397
