-0.950753112348211
-0.952933895202934
-0.974393381094634
-0.81414501706448
-0.339937482496829
-0.385723734401304
-0.43247560832684
-0.130363001332112
-0.0208290968374587
-0.0252555854833024
-0.022725986630231
-0.0740316743951063
-0.0230691564336861
-0.0368750254008472
-0.0294293093960169
-0.0239152754436367
-0.0460999713588074
-0.066559221026832
-0.00451076354478129
-0.0629863791777776
-0.0305216859156441
0.00214556979723333
0.0239107348226982
0.0182921821210926
-0.0151911769529996
-0.00290487405002169
-0.00947263093431553
-0.0162663257689904
-0.00558927787439261
-0.00934899920855488
-0.00480453038469148
0.00225249886362441
0.0149856182916939
-0.021798328172565
-0.0172211587627805
0.010814733227331
0.0036817281526402
-0.0157172835436371
0.00335939231707255
0.00122632369983824
-0.0133238763096521
-0.0154003539220836
-0.0345397969504733
-0.0421426524994013
0.0194014555346116
-0.00648472662464515
0.00151937453273311
-0.0155360339370721
0.0184651074793214
-0.00797690239686606
-0.00600698562350233
-0.00541735035654548
-0.0306876624649702
-0.0174369345677835
0.000210588279726096
0.00218001390985021
-0.0090007810290291
0.000255588293447486
0.0108808036322337
0.00105044335494395
0.0276762816134819
-0.0148774650861574
-0.0159217183791909
0.00184231602636102
-0.00047403854109793
-0.000214623089762011
-0.0423465760571401
-0.010017243179202
0.0134643792624067
-0.00178978365360055
-0.0164579413901485
-0.00170828322436596
0.00348678517403292
-0.00366973753890947
-0.00378094336408431
0.00634447154233483
-0.00681175806528184
0.00125263979131318
0.000595041822029699
0.00302988599016053
-0.00804167634283507
-0.00314590536524486
-0.00104748263783255
0.000109820698528469
0.000122345314582275
0.00701794864723755
-0.019878200780469
-0.0206450316602394
-0.00375470979897599
-0.0357680555614515
-0.0323269008930946
-0.00361508961011348
-0.00761146445559029
-0.0204625962123493
-0.0196116046905541
-0.00286374246106498
-0.0245869884464908
-0.00612035117613378
-0.0039169880844182
-0.0100707469036084
-0.0248935089052006
-0.00156648374440821
-0.021332458986646
-0.0296652088460083
-0.00381310263966946
-0.0323324446873926
-0.0468101933370882
-0.0323569946231945
-0.0150449388765533
-0.0301330390123403
-0.03124548632794
-0.00397647458240671
-0.0172384765601341
-0.0141603079942738
-0.0120754289095286
