-0.936050037016985
-0.836103506111393
-0.510871022638277
-0.38726124834008
-0.262686920374381
-0.134624334654224
-0.0852158958266751
-0.133065513505884
0.0252183488303233
-0.0396323503745852
-0.0925873378358358
0.0289750930671033
-0.00875281644352312
-0.00096281799251402
-0.0732850780169982
-0.161244932105425
-0.0197767653353823
-0.0515720759863155
-0.0109036352310859
-0.00595730002052701
-0.0850762809917523
-0.0838598637956443
-0.0321927248130001
0.0112748452214784
-0.0272509610864666
-0.0113771691656927
0.00673965209820987
0.00485033192634994
-0.0378503424537605
0.00766120489309114
-0.0466076724635532
-0.0412361258703034
-0.0118150205134072
-0.0322597731312862
0.0198749065305025
-0.0063972979129915
0.0520957057352696
-0.0124908317205419
0.0421787844711121
0.000429074531136342
0.0684842687265667
-0.00299040306900224
0.0102045487896722
-0.00891437241838503
0.0323017347983272
0.00240198840256564
-0.00382364522794073
-0.00132139750009052
-0.00438133901834619
-0.00239662325045584
0.0345016993844444
0.0703852833318367
-0.00882669733853913
-0.0151075633048176
0.0154715164277259
0.0549459329832668
0.0471710811330214
0.00530178308000054
-0.00510333753387133
0.034382338371711
-0.00114482994010311
-0.0441425644576347
-0.010242599908487
-0.0335175947219649
-0.0070459371677371
0.0148628082114562
-0.0012606865972341
-0.0019471880698568
0.00523202465502011
-0.0112238653545367
-0.0189498904451118
-0.0220800004263274
0.0278008258647936
-0.0126726012978372
-0.00163198696750287
0.0104404075737585
-0.027896457756691
0.00504677647025756
0.0085402096121426
-0.000201115568963833
0.0184617833916154
0.000345427970660584
-0.000462419068635599
0.0111929325877087
-0.00856582367465268
0.0097057844857273
0.00811143538208929
0.0149254093377988
0.00529863380499265
0.0547617800458852
-0.0267421199526482
-0.00606832271992661
-0.00900841601863275
0.0196470143525322
-0.00598067703240203
-0.0201673912223475
0.000582119330135264
-0.00718733497578187
-0.00369351117687051
-0.0125941549496821
-0.0166158175346166
-0.00497839625234479
0.00556686350399838
0.00826217445900804
-0.0201465015134834
-0.015950788572089
-0.0456606742175727
-0.0284397243632662
0.00923697472981452
-0.00707962554110925
-0.00159162560704948
0.0188080074827081
0.0158203933641775
-0.0148730082249413
-0.00503715299724395
-0.00724888950319592
0.00671277862723218
0.00175244930215488
0.0589307766025271
0.00510090036103173
0.0163957191750525
0.0554806976038955
-0.0183565410262809
0.00261016656977819
0.00215362342740886
0.00725976723961986
-0.0061914102693994
0.000564941378712364
-0.0326486425500318
-0.0147434299527605
-0.0070845639984578
0.0314901195983347
0.0117287515579781
-0.0329966616424302
0.022427579002028
-0.0116577672680141
-0.0190659298556938
-0.0139399338400669
-0.0110123648029076
0.0195101893180262
-0.00309796473353779
0.0202095809488544
-0.00686094943358123
0.0426997344347948
-0.0156126952954654
0.0448746648229868
-0.0405685328032303
0.00746944296031856
0.0221945319933933
-0.0159667356040186
-0.00189869110860926
-0.0145396955364944
0.0159951322521578
-0.0245672522592697
0.00337356735895353
-0.0119706841915112
-0.0482770539838703
-0.0160073347318317
-0.00642946997424806
-0.0228474246663153
-0.0103569621621953
-0.00183988185983576
-0.0137832012908628
0.00054882797201283
0.0209912785761588
0.0205887099605545
0.00397630545766451
0.00224605392524391
0.00264399502481124
0.000502451268733224
-0.000975200576027958
-0.014763831020854
-0.0018448119223981
-0.00576889281764126
0.000850284778052124
0.00183553614145626
-0.00714727113098331
-0.00273182078781743
0.00209406808977194
-0.0023526303760739
-0.00840427862038979
-0.0311262552312449
-0.00616359367403503
0.0126434334773263
-0.010787736902637
-0.0104861893023141
-0.0298753306492908
0.0159404452903646
-0.000133108644040049
0.000406070294056052
0.00198168258044512
-0.015594617190554
0.00341420701361426
-0.0125509838703342
-0.0115945535398906
-0.0121992218967656
-0.00610722861380401
-0.00168796054796177
-0.00342486307745668
0.000227278240647315
-0.00290007014102482
-0.00651641994623083
0.0059805613936463
0.00250907367149216
0.0241766634945691
-0.0086479780251337
0.00335756328378193
0.0184921569713147
2.98894943080216e-05
-0.00858580986310883
0.0133960221235807
-0.000386835199244582
-0.00850638159367659
-0.0116195451226188
0.00592834505356506
-0.00149180407618477
0.0040107321543345
0.0105894256235051
-0.0257693158884103
0.0035708888127405
0.00606333946799289
-0.00564786502449172
-0.00297865497511909
-0.00415445697015973
0.00512178570973692
0.000384578243222867
-0.00210375447910948
-0.00509597412285714
0.0011095606509379
-0.00627164115083384
-0.00382317780214109
-0.00105641866868097
0.000869067857370776
3.08018340614174e-05
-5.69918147880905e-05
-0.00324360666478099
-0.00345485465153606
-0.0141965942493839
-0.00356108499133777
-0.0141602760662179
-0.00296108957924204
-0.00587286330756508
-0.00782312816336987
0.00357324501752398
-0.00666408357057632
0.00150642760446978
0.00428223218584066
-0.000150482094293922
-0.0138875667002084
0.0106037574122423
-0.00182453124536531
0.00157824846137945
0.00120251119500108
0.0013467675520546
0.00817436513174152
-0.00956118705507546
-0.00101450977975244
-0.00425168644220099
-0.00176568233739533
-0.00116590905700121
-0.00195875768019839
0.0252507292063948
0.00181799162548281
-0.000116146912666178
0.000607362995559278
-0.0034283916770992
0.00228924215965519
-0.00152087725613805
-0.00308945526188574
0.000301942805241834
-0.00161223092529318
0.000761609408292787
0.00193383843213563
-0.00127704808290996
-0.00657022429747761
0.00513014814900778
-0.000766313839206304
0.00166573354950614
0.000424303236482087
0.00142896949763297
-0.00306188680433894
-0.000299555954795695
-0.00324592471534369
0.00860829681238056
0.00274137875967154
-0.000608566133478192
-0.00318913133470227
-0.00280967430571333
-0.0043829295080227
-0.00275659286249723
-0.00211916009327823
0.000167914335215545
-0.00127134464619531
-0.00210950807391301
0.000451739056054469
-8.69093438398615e-05
-0.00109699944994389
0.000186431526479418
0.00230391054589266
0.000583147138819903
-0.000938613979942021
-0.00256199318468521
-0.00164881679400499
-0.000535884373180408
-0.00484417081095745
0.000607318453246526
0.000106279830564557
-0.000126830654756329
0.000361186664317086
0.00124268462578679
0.00149583569824355
0.000680479030591258
0.00108211250487421
-3.13909671592204e-05
-0.00190069280144772
-0.000219197430771505
-0.00439378484173542
0.000518788888471941
-0.00967337445570544
-0.00030224402617002
-0.00230519515292212
-8.24944923443281e-05
0.000141832561167785
-0.000475409941245426
0.00113926143252043
-4.18240474227111e-05
-0.000273741997903084
0.00117147634607122
-2.73267940187095e-05
-0.000123082401037499
0.000405956456028977
-5.66310397981344e-05
-0.000354783131922648
-0.000177553532222277
0.000304898065003871
-0.000132103734297553
-0.000159418024500638
7.53645600678763e-06
4.37793938015758e-05
-2.33444536728696e-06
-0.000123551676149054
-0.000325490372557993
-0.000836032087175372
-0.00127857442352358
-0.00113062004274677
