-0.987576397263093
-0.868850735602982
-0.275546402477931
-0.0948458928236747
-0.159795095355761
-0.247433098123073
-0.0628991385643973
-0.0372125777469447
-0.0954242804484334
-0.0722780650608843
-0.0826296473091265
-0.0415883315763125
-0.108643987127251
-0.0700916094331691
-0.0128457211269925
0.00619458565968125
-0.0442435942875766
-0.0391960306246925
0.0431324709123745
0.00585744708711409
-0.00269283141628657
0.00853432371911964
-0.0352250730655388
0.0202989277321955
-0.0114588959500025
-0.0145690031817048
-0.000503710622664039
-0.0238051622504661
-0.0351514759793432
-0.00428862342246171
0.0317330793322513
0.0381218712820865
-0.00966457067939078
-0.0136184412399596
-0.0227383019025455
0.0295034488310142
-0.0323091928612755
0.00342190294353709
-0.0250829056177413
-0.0140953839464342
-7.78163676344208e-05
0.0118428592816922
0.00660574333834303
0.0157351481053016
-0.00762411201967324
0.0213888770522281
-0.103316351042531
-0.0272095493680581
-0.0492904138598032
-0.0249657539915947
-0.0127517602776863
-0.0118086313326246
0.0011702563507455
0.133363620352986
0.0278176339958999
0.015296317505137
0.0179047586790223
-0.0634159080708177
0.0150087741804815
0.00502136193533899
-0.00462966817638946
0.0126532139598909
0.0569174152895138
0.0896900255890001
0.119204548280711
0.0260392992427456
-0.00261301625513531
0.00810603857434528
0.0460104374930814
-0.0633968259457392
-0.00411548750824974
0.0206527885914945
0.00571524090863663
0.0201029689015371
0.0159711346953462
0.000885120838040251
0.0386617556484165
0.00535306739103231
0.0150498370536424
0.116932884119506
-0.0297381753479436
0.00749617427704467
-0.0137043092344585
0.00626186134062683
0.00662665420378398
0.0961572613077376
0.00446884162976238
-0.00630174519413572
-0.00428679993996044
-0.00105416783512908
0.0200870545193996
-0.00229812453392207
0.00827396049551245
-0.0219201461332808
0.0187097073090683
-0.0179722828403121
0.0140413086270076
-0.0228258127788062
-0.00277756991023959
0.019959930925536
0.0352342523131954
0.0220058003931132
-0.00781696867529011
0.0114514734453191
0.0242649973423442
0.0325811451757656
-0.0275810838374698
-0.028257399215702
0.0323663020785303
0.0296970726371735
-0.0101970441987596
-0.00815279647595047
-0.015575059611977
0.0150204489029253
0.0131306330711741
0.00204174724071973
-0.00117318923648536
0.0130146820045203
0.0105937555031462
0.0276734863498611
-0.0218018572087934
0.0165149180365896
0.0289820817824385
-0.0468841372742358
-0.0101488269753036
0.0807583155793229
0.00628169523738159
-0.0186044462734562
0.00506370535844884
-0.00363066558848705
0.0188820732536977
-0.000728988517684145
-0.00618682262829169
0.000364115073053019
-0.0468418754239668
0.00666518283707914
0.00687921781317636
-0.0356499168308904
-0.00928619509327778
0.0086992515069977
-0.000714414488607882
-0.0487344999132273
0.00522355505115737
0.00664405332319855
-0.00840353030469097
0.000777701428529376
0.0088130386756073
0.00142993160706616
-0.0659062337138043
-0.000584940052834333
0.00106396202166165
-0.0172986907321776
0.000967852680110498
-0.002871765117753
0.0045925291970644
-0.00202918788443996
-0.00647393366869633
-0.0125419950819074
-0.0290250826916207
0.0180591001942142
0.0266442577067216
-0.020572110248266
0.00053257290457469
0.00389788446558479
-0.00762928417675813
0.0338635544815275
-0.0230804666667875
-0.0107147888583281
0.00208808730679259
-0.00165165775650251
0.0177437332020367
-0.0122023505137159
0.00657707273897195
0.00259176504507976
-0.0438538137208361
0.0118291158043473
-0.00720165174275081
0.00494375348085037
0.00198128435297344
0.0045093328822253
0.0157488595314809
0.00202390244084849
-0.0235434012147227
0.00527714200084327
-0.00220255831426442
-0.00327700812301398
0.0294822342918471
-0.000157111559599959
-0.00359730449320957
0.0172977037971373
-0.027290887475001
0.0120064307125107
0.00190813811518447
-0.00662706113660366
0.00210284009919081
-0.0541471802488925
-0.0130588653701915
0.0105303362685517
-0.00139419024519043
-0.00460080924381009
0.000346062496231065
-0.00186387238614851
0.00731581057280004
0.0128722193536664
0.00822015164133851
0.00147875446859216
-0.000190459465392026
0.00771350699525705
0.000263461648244655
-0.00492805683279311
0.00208748989176053
0.0105816373183139
-0.0136932348608874
0.016371213329081
0.00672224613765417
-0.00065349328623815
0.00622511919628822
-0.00660282304149891
0.0113720110740741
-0.0044541604894176
-0.000400698819004026
-0.0170106944048845
-0.00470303233178232
-0.0398686386358881
-0.00241320614172935
0.00448791151968961
0.011313739976542
-0.00953155858849386
-0.0156704895603157
-0.00410404923807889
-0.00269985790087902
-8.62024577433919e-05
-0.00461285877286958
0.0114262338843603
-0.00129896379223611
-0.00521461831533495
0.00194851356676028
-0.00269890131864605
-0.00447908312480961
-0.0059408996499479
0.00581019533585167
-0.00475956775804717
0.00551966540579277
-0.00219116680677901
-0.00175916423374697
-0.000546807747295508
-0.00416936430042424
-0.0060483479846903
0.00260587115752976
-0.00307972326207252
0.00703338001840987
0.00638440505417123
0.00913643680584504
0.0185473568621501
-0.000911884775536934
-0.00722684083772858
0.00291476710044491
-0.00625328507055378
-0.0325357685128514
-0.0071448069290958
0.0154285145064985
-0.0296134821126723
-0.00152281714772107
0.00627471029651213
-0.00549141399403587
0.00421611155797338
-0.00527883690884868
0.00474787343336876
-0.0172228077504286
-0.00103377202979109
-0.0021841949908277
-0.00204517094836085
-0.000448333646733843
-0.00598102828804133
0.00681019801245963
0.0113394188687518
-0.0132405109623364
-0.00150464285542704
-0.0232561985864651
-0.00199652052082643
0.00146234560775266
-0.00161692031162144
0.0278632978295432
-0.00010584202122966
0.00728398722868127
0.00791070117948886
-0.0021147180093837
-0.00133208640489478
0.00903700499032581
-0.00113445597288569
0.00040074285357524
4.33852584025077e-05
-0.000545923387960313
-0.00114352847909471
-0.000222885471691911
0.00591338927623524
4.06652786522634e-05
0.00260962433941904
-0.00534908793875885
-0.00535270296400594
-0.00079017609453309
-0.000210083635199743
-0.00611070664257566
-0.00186574267073252
0.00202670718608964
0.00372171647448769
0.00193653930958923
-0.00267679416605755
-0.00388951245881934
0.00900722120526296
-0.00525756994308628
-0.00719736728209152
-0.00202783910739645
0.000416240554385207
0.0084143039270155
-0.00129376741246394
-0.0076787661102923
-0.00284763269427421
0.000330047323157533
0.00293005056715237
-0.000138837346387025
-0.00308816343566686
-0.00125982430859651
-0.00794634080347991
-0.00669302143272765
-0.00277673150729802
-0.00379201685361737
-0.00190778395190331
-0.000114579371442766
0.00117469452523319
-0.00185793461126487
-0.000971405245092019
-0.000199724506631913
0.000146557117724428
-0.00199691046207478
-0.00207818397434412
-0.000250836937636207
0.000604460977057013
-0.00064050603196956
-9.97489787596989e-05
-0.0010654792848641
-0.00153324561585383
-0.00140087377448712
-0.00112155947639777
-0.000448957875232309
