-0.990354791840967
-0.912938552520931
-0.46350750277288
-0.190056484189023
-0.0883343282168977
-0.133098837717213
-0.192419700541913
-0.105081635163482
-0.0141816714280745
-0.104299092778415
-0.191015026534213
-0.0357122108304583
-0.0193065813409166
-0.0332539110047857
-0.0564229854473315
-0.00800042114376165
0.0253691553258089
0.0214551917310933
-0.031641442025358
-0.0453738600811097
-0.000168381275960198
-0.0468556493285621
-0.0040552987211348
-0.0240255331728163
-0.0663217383856757
-0.0068913521623
0.0244147119726336
0.133295348031953
-0.00522322492189227
0.050267723637273
-0.0113104466215744
0.00107720887634982
0.0297109264823969
-0.00789533517747265
0.0662963034303859
-0.0108042028230726
0.0011969863297969
0.000343795789533601
-0.020197430630201
0.0369667981123652
0.0173556537250825
0.00850896693334276
-0.00158838554267184
-0.0149435408091308
-0.0101204949258723
0.0012870213644201
0.000939247469722872
-0.0100188797770033
0.0120089855748608
0.00446702810582542
0.000659569314385795
0.0121633412683161
-0.00720707070461202
0.00764126065488972
-0.0162224364834218
-0.137784615305387
0.0261416753786101
-0.0452987373503843
0.000875039050501339
-0.00544003497903254
0.0398851082045304
0.00552957419206332
0.00395114870691225
0.0285657382735125
-0.0259590061216031
-0.00395050312808988
-0.0233247042610584
0.00257355370217938
-0.048745018918082
0.0444676268097713
0.0133549673539911
-0.00334787964898653
0.00280300745053177
0.0747239559658614
0.00800545955303027
-0.00800358149392128
0.0260328772111685
-0.0260377182126963
0.0269593595548281
-0.00179810919732478
-0.0279186599521704
-0.0007217337520789
0.00703186304871042
0.0347571301712993
0.0124252797227669
-0.000919227459335219
-0.0105155487880609
-0.00327867205098736
0.0216721071307815
0.00980090835703539
-0.00643938765762581
0.0276858011089338
0.0511349251244681
0.00317508865871505
0.00333250202454922
0.00778955713471016
-0.00492608465938138
0.0154066180494945
1.97647190385937e-05
-0.0839835688447996
-0.0513932345587371
-0.0835589294600293
-0.000938862412956598
-0.0288032024814466
-0.00345126504258536
0.00357085043215825
-0.00987531964477291
-0.067294475261697
-0.0155220218736519
0.000380696502472693
0.00592518468899276
-0.0113276385418795
0.0722123843817954
-0.0166886612492619
-0.0252373136365955
-0.00249321069860748
-0.00206601677655823
-0.00897636798758733
0.00956100954171687
0.00261356915446848
-0.0829570859419686
0.00194063505158152
-0.00907504431895747
-0.000271446037136764
0.0101682685685659
-0.0174904328597786
0.00405981844405285
-0.0518740194061304
0.0118614307993458
0.00822833228016581
-0.0204665786227786
0.0139525102227822
-0.0219420517851925
-0.00843580168791908
0.00438352638475228
-0.0175157803836693
0.00713995581166903
0.000306157976549237
-0.028626056075954
0.000556521847844299
-0.0042964674397969
-0.000709487937348754
0.0234502626826172
-0.0153366296848826
-9.61645919177329e-05
0.0111647118562375
-0.0147124280166125
0.00297331226745055
-0.0210926656869274
0.0069435965999614
-0.00414122308612764
-3.42488078343877e-05
7.067264270098e-05
0.00728064942501174
-0.00861212982949669
-0.0132176459283677
0.00902184131432213
1.09274048364387e-05
-0.0449629643322553
-0.042062822879014
-0.00150334791700707
0.0249367159826953
-0.00692008339750323
0.0111833449291794
0.0121073320259548
-0.0251915331509106
-0.00659838268263711
-0.0144957290958028
0.00197061051763576
-0.0179615449929093
-0.0171037783261826
-0.0112716616931677
0.00233144742194862
0.00461938665813611
0.00569927302067637
-0.0135046143433119
0.0461310071394716
0.0258363913718249
0.00937910398429715
-0.00225653003722289
0.0167217720561948
-0.0312684721826254
0.00751197013740399
-0.00973894824273211
-0.0323175848493007
-0.0633733475446106
0.011308622474999
0.00119192662044783
-0.000291058590600394
-0.00277564363602467
0.00883307107916392
-0.000289377740647418
-0.00361137668114455
-0.044022474290139
0.00409548244109415
-9.89187516331391e-05
-0.0296241437316396
0.0128868202607609
0.00395989599534425
0.00158220383606806
-0.00672071257969578
0.00359912214986973
-0.00088895354533958
0.00963161902875534
0.00424954750839435
0.00250093235169313
0.000772814986130312
-0.00255552629374829
-0.00397312535561185
0.0370100022100652
0.0121651283148783
0.00574557034605116
0.00777262235438213
0.00139763158154869
0.00342808235591982
0.002674495833827
-0.00637076732417294
-0.000507384047584773
0.000197624168642854
-0.00605897948038154
-0.00386163987504238
-0.000904167069377738
-0.000651932332306144
-0.0198826284439807
-0.00652260144086663
-0.00166238040585326
0.00674068251993971
-0.000577452877415893
-0.00420630189446908
0.000297276531505491
0.000206284291361068
0.014362489782771
-0.0192287638066298
-0.000352166281938054
-0.000497912813512597
0.00594109164886579
-0.000144535178505555
-0.00838313391968477
-3.90844313567622e-06
-0.00825476670865318
0.00578805279976152
0.00531481666444447
-0.00296681114190957
0.00388584633288768
0.00113736455075665
-0.0218639326185618
-0.00364044551672045
0.000776898008937935
-0.000737718545939165
0.00217266145674328
0.00119951584792407
0.000285368912173219
0.00329204295263698
0.00199903573278316
-0.00205953348901772
-0.00607982757402848
0.00222465651761829
0.000918463705960141
0.000760968457451824
-0.00517314450819983
-0.0014061300480679
0.0048253479620591
-0.0030643391304628
0.00537641620913973
0.0156755421411488
-0.0016081265985804
0.0064511744160924
0.00190431139950502
-0.00223494239604546
0.00725786940051124
0.00457260513029796
-0.00919636158975253
-0.00625776691150478
-0.0042041877362132
-0.00113898968436349
-0.000634178008620087
-0.0147002014483763
-2.57780679341684e-05
-0.00905593079932045
0.001505176986139
-0.000438453446560459
0.00181951099255321
-1.3679096595564e-06
-0.00308206753158689
0.000252355389396417
0.000966981570782845
-0.00194585784024906
0.00114885404412612
-0.00122893395871851
-0.0272172461762671
-0.000876421978209903
-0.00122061130230662
0.0011674506935454
0.00306075271278427
-0.0104238191884876
-5.67765633204395e-05
0.00017229844662721
0.000378891113495549
-0.00152665972646368
0.000860788389145788
-0.00597173711706204
-6.44140342843835e-05
-0.000756409757472623
-0.00191285534724526
-0.00337832548881742
-0.000219762091520876
0.000157596743354448
-0.000439042063261059
-0.00144448076109687
-0.00319442544970082
0.00193827296352748
-0.00333314391491475
-0.00537132816917049
-0.002283967079885
0.00356676172207115
-0.0110927643320482
0.0038828168835789
3.16535256727271e-05
0.00207144696993737
-0.000666385239424994
0.00128622465695817
8.07921845529338e-06
-0.00152300856102625
-0.00126193041636394
-0.00344906530263998
-0.00049225108979172
-0.00317835932456719
-0.00040378361028436
0.00113286898914168
-0.0021236229295929
-0.00270558468695164
-0.00102259471146027
-0.00139084446899407
-0.000536711755906367
-0.0036200383179562
-0.000449403630650935
0.000277979760432144
-0.000168980080545976
0.000149454592242851
-0.000105449869237172
-0.00172294217303619
-0.000226136679706662
-0.000189317016806952
-0.000255684728994394
-0.000367971997827077
