-0.964112006319393
-0.797933371349172
-0.463746924762688
-0.140002176195685
-0.286328152936984
-0.255239540096357
-0.203400571481226
-0.286396696065441
-0.10232966852259
-0.177062524269687
-0.0743783061555248
-0.172481373786051
-0.0440108101029953
0.0242891910155694
-0.0457458639726792
-0.0520377781767701
0.0086081565343426
-0.0438726165892486
-0.0739470163912733
-0.0552326095097611
0.00125472403157566
0.0495181944277849
-0.00160985906400319
-0.0090514818821633
-0.0235374741821956
-0.00714410680427289
0.0515048362065774
-0.0126908904177848
-0.0243074788751107
-0.0130203855364515
0.0297497405013473
-0.0340581750332151
0.0279259702800475
0.0227685548356943
-0.00119401501284706
0.000371212364503444
-0.026613743947013
0.0162789599585224
0.0212811759408219
-0.0309821524987733
0.0016193064759889
-0.0218053411992314
0.00326012898306075
0.00761789795279137
0.0217186349172593
0.00630721911285605
-0.0335287346409919
0.0345100502376404
-0.0691345415508482
0.00854422560365578
-0.00308952714919435
0.00461181038087943
0.00259682919338888
0.00610511127473018
-0.00594019061405912
0.0291370776868167
0.0227587192206907
0.00135625890582417
-0.0116537492732798
0.0246959896951832
0.000668863181104423
0.0200799573838671
-0.0212066011871608
0.00763068632059033
-0.000449250919835243
-0.00307395112067069
0.000615467798091998
-0.00900031335650146
0.0475757794060001
-0.0101637923932335
-0.00968088127877693
0.0140323910929607
-0.00183181289925203
-0.0338287501179648
0.00350859243796884
-0.00309986760120111
0.027876353438412
0.00844525696777572
0.0138097326638534
0.00279754129247526
0.000509550338204774
0.0296093167310868
-0.00234441758598992
0.00738889915328118
0.00949244993375894
0.00353443768561704
0.0511284785101983
0.00597714280603269
0.00617765556775652
0.0102311798578347
0.00787203317674641
0.0020600342538836
-0.00514642648016242
0.0361087315147297
0.0131903582537899
0.00246419801654381
0.0772780299695389
0.0128591031611792
0.000607606594285606
0.0382842166957491
-0.00992564748056431
-0.00166343671428783
-0.0218653330071318
0.00712115416412254
-0.0126975499705998
-0.0038700480767429
-0.00642728026545539
-0.00130921352300964
0.00622506004394789
-0.0294194169622847
0.000882307475809822
0.0145871287240554
-0.0109451370904846
0.0218768565229305
0.0323184828809314
0.0154891570079372
-0.0261669771400577
0.00094245417315777
0.0033473784092268
-0.0199980367547325
0.000869150293064691
-0.00760653669899675
0.0327244822241263
-0.0222524952750235
-0.00578801580093532
-0.0183784076557161
-0.00403322801638384
0.00774459558398604
-0.0523070654992219
0.0197528412794207
-0.000916794603111239
0.0289662470769826
0.0091453032436449
0.00782184684298101
-0.00373664036631166
0.0107100848457849
0.01480480029853
0.0043860751447988
0.0143044487097039
-0.000583197001663849
-0.00249504704134686
-0.00577618634568081
-0.015263377681969
0.055712293654944
0.0611384205226156
-0.00219040228460935
0.00402537243401956
0.0269045494452308
0.00771647946709831
0.00573535502156351
-0.00904598161375554
0.000468967649046181
0.0158954696990475
-0.00900019726452506
0.0220021119145996
0.00530747275140214
-0.0550526699915627
-0.0262453639478404
0.000889896793661905
-0.00245284838965234
0.0124345448101736
-0.00624193459635593
0.00523526976999391
-0.00632076350731276
0.000386711603107038
0.000219954577340843
-0.0238234412878775
-0.000108918026985054
0.000199989206577528
0.00709441328456879
-0.0140714687403148
0.0242573699205616
-0.00457947861615738
-0.00107238994397274
-0.0289126550703966
0.00509217191030873
0.00322139514801501
0.00486337382071722
0.00590856390331471
0.0133956808020078
-0.025349155724783
-0.000157775822015413
0.0083933832073277
0.00330422885984124
-0.0119615289474625
-0.00173735241623375
0.00400160410345497
-0.0061243226064801
0.00969795487006969
-0.0130788383949623
-0.0128666252032743
-0.015892922838346
-0.00178875517427216
0.00980396609653082
0.00270721538967753
0.0156053754444752
-0.00801632726552702
-0.00219063201593869
-0.0387908259232153
0.0193176879250713
-0.0194850894666209
-0.00191553123243122
-0.00198064119207184
-0.00886247043031565
-0.000653721196767546
0.00747005225981308
0.0257292305853237
0.000729077996518545
-0.00061870550658251
-0.0424039352768783
-0.000384466862793432
0.0182132159628372
-0.0050221346886364
-0.00891459242976681
0.00560842452905752
-0.0079034959778216
-0.00206601757593604
0.00818324562901762
-0.0038057259267936
-0.00346877066521346
-0.000497478503378953
0.00322149401887411
-0.0230151491392392
0.010489996624637
-0.00204676522610312
-0.00826819014196071
-0.0300893328436808
-0.0109366568779088
0.000559255626722931
-0.0102418683300509
0.00848904864473445
0.0119692942703254
0.00406007271173404
-0.00508179301963852
-0.00719264130199164
0.0161143236781218
0.0089638557971378
-0.000608700265447516
0.000617925739472855
0.00468977223576117
0.00253052449309616
-0.00320409911968694
0.00255130492817345
0.00751964339707397
0.00203382342866397
0.0226926312557349
-0.00619993521017055
0.00309491089130464
5.6784012102864e-05
-0.00284065214659361
-0.00101865598346427
0.00994820875948008
-0.00203862886011509
-0.000528884708892764
-0.00724688809886537
-0.0035466976338001
-0.00308813197148907
0.00256348101756654
-0.00337608658300623
0.00785873719131021
0.000786802803868645
-0.000967881594547662
-0.0120150131828541
0.00279410676087276
0.00296942039589903
-0.00649790140713484
-0.00377504218786699
0.00121449663785675
-0.00390689213952572
-0.00217312248543058
0.00175593858625555
0.000363380389135378
0.00244326174116828
-0.00603063705437256
0.00394246085846905
0.00135467778336477
0.00263429551808984
0.00337230389654809
0.00590504631442821
-0.00227372463082798
-0.000666907713700465
0.00663595862133191
0.00414543520159715
-0.00549534053619039
-0.000300949619614913
0.00945504443109262
0.00630060908687323
-0.0211049170239074
-0.00025492039135438
0.0133520749116752
-0.00757186494122739
0.00528666792308533
0.0243586532197513
-6.69841595338249e-06
0.00401217389444444
9.29279172193048e-05
-0.000635350110994802
-0.00405888105591698
0.00165618999305456
0.00222018220751078
0.000752405167521706
-0.00054223571988967
-0.00182110215341917
0.00652987570573523
-0.000264956360569155
-0.00404800793843278
0.00409718412677178
-0.00910402016310528
0.00146384867407265
-0.00096835912549202
-0.0114629621876458
-0.00258790367042505
-0.000554107188122742
0.00328167659906603
-0.000606870932885085
-0.00187443203785117
0.00388250643455888
-0.00144525051803179
-0.00307435718886381
0.000325657269115515
4.72734856235514e-05
-0.00435693786487354
-0.00200261222222695
0.00353149173841494
-0.00315186486645854
0.000182479351366867
-0.00342826378873439
0.000240699428288494
-0.0032330884642731
0.00103478367687253
5.73979307187091e-05
-0.00134532609535652
0.00114610345825198
0.000337716327731662
0.000392252332354807
-0.00237705448960953
-0.00394330057585786
-0.00257339499738353
-0.00109367970770859
3.17473064428021e-05
0.000156928101022401
0.000751256011378337
1.44634379092376e-05
-0.000151237280858477
-0.000270231676788858
