-0.961342999512436
-0.838519866677769
-0.570134561786917
-0.357298827975157
-0.320044326547338
-0.194072973532853
-0.189892921097976
-0.102991706119721
-0.0902658111245429
-0.099029703975856
-0.114600417913803
0.0535412184948192
0.000616498233427375
-0.023370212735215
-0.0336365627544537
0.0109712646830086
-0.0474106945245723
-0.0692234409075782
-0.0793850019575196
0.00542895191846248
-0.0116985881953027
-0.000863549935409881
-0.14062672689247
-0.0656993267184105
-0.0651018695109795
-0.00310463448786273
-0.0226635062943237
0.00374026198123941
-0.0832121665844168
-0.0137974698461729
0.022480752953292
-0.000641961204903667
-0.0211698243913619
-0.0221484626281846
-0.0390602207812419
-0.00341053579135727
-0.0367616046681307
0.000913047660924566
0.00288739690693235
-0.084145649109583
-0.0210420114790484
-0.0489345199950114
0.00146520000225737
0.0126480915714402
0.0111577446756436
0.00299852403563406
-0.0206019153856518
-0.0392913013411962
0.00428101451330259
0.00168022661685451
0.0184321655609699
0.011070744112855
-0.013884439130776
-0.0113875193353758
-0.0162690360407781
0.00102027165970428
0.00230807524918129
0.006002205235856
-0.0539484844404594
-0.0065870933720142
0.000352841959556267
0.0103232756864723
0.0145366701291285
0.0116944812304548
0.0232931838143326
-9.66976075037632e-05
0.0140929751690802
0.000102569778665482
-0.0005896210962429
-0.00250859816291912
-0.0335990956847548
0.00288889148155275
-0.00226884745964757
0.00513927915277589
0.0271537422841632
-0.00296182076531211
0.00649345368637527
0.00656424712326466
-0.0140924198790995
-0.00524586816244265
-0.0550876120246341
0.00306617898883117
-0.00843930195994376
0.00482640937899394
-0.00449049376341855
0.00144737800365949
0.00370649297401933
-0.033250088198871
-0.0022192436507014
-0.0113495214679104
0.00165867449153775
-0.00430610583522063
0.0111599968894504
-0.00940832368068651
0.00360738275066776
0.0211101115828475
-0.00194635305055379
-0.00282129033538004
0.00103236237675611
0.000365346422999454
0.0188200619312662
-0.0104345263675682
0.000216310468710901
0.0110604511762099
0.00638963284451941
-0.0306012676414245
0.00257815036999739
-0.00838317107057859
0.00823961081976352
0.00278855316816421
0.00229707751194322
-0.00732306833989263
-0.00402928478128389
0.00759802385958733
-0.00384470144085125
-0.00681919208058055
-0.0239896708669907
0.00571014118071016
0.0100689110437167
0.00496014588650852
-0.00819802291802117
-0.0464689774262556
0.00336595410100544
0.00722476218329183
0.00652287823729334
-0.00623447783303156
-0.0107080628328595
-0.00704219926451098
0.0156678368040966
0.00138854603283764
-0.00672113366907584
-0.0404741023595175
-0.0119779047110061
2.62126478151672e-05
0.00748472774023074
0.0023087513232879
-0.0120227912136467
0.0172973884920414
-0.00150093031850927
-0.0280493642498615
0.0171262725489638
0.00466737625685317
0.0113255918525104
0.017176870156538
0.0164192405337429
0.000164633177964908
-0.0147762110010956
0.0174152868074014
-0.00170772442804519
0.00795787521927301
0.00551463528437868
0.00152417067221419
-0.0070457116937655
0.00288933722744043
-0.00922119630864423
-0.0222124332231189
-0.00135193709226798
0.00284825602171825
0.00244938325702879
0.0075944266012369
0.00160754085763233
-0.00566271516196812
-0.00823294807602553
-0.00289854708106703
0.00254007339431309
-0.00461598458832601
0.000539661958207106
-0.00212656752301666
0.00310765816699362
0.0152409183487901
-0.00790268403543446
-0.00338817943744875
-0.00654277553048641
0.00839911136431873
0.0164568962262795
-0.00339417706697524
0.00433574910766129
0.000589266502430569
-0.00485150172742283
0.00104868912455092
0.00214559491474747
0.00701476870878303
-0.00341419163981414
-0.00155114807400671
-0.0133908324738971
0.016246747229176
0.000489885171271004
0.0425374313796954
0.057224359766552
-0.0235682768168063
0.00631695767366833
-0.00161478483001745
-0.0131403978197897
-0.00058845261289751
0.00489680093846598
-0.00420267032007201
0.00747013564687533
0.00822633813888802
-0.0045482036600082
-0.0056420327450387
0.0250943544067581
-0.000354343454008324
-0.000805446910516556
-0.000869730955583026
0.00363633970373146
-0.00241730905922074
-0.00556040113055324
-0.0136391352576559
0.00852590608552696
-0.00282953734400759
0.000213954953287662
-0.000726211360585486
-0.00134746503828911
0.000762979334501815
-0.00394861131295098
0.000776491765099876
4.49412920497019e-05
-0.0105883698531909
-0.00756193315551148
-0.00636043002964275
-0.00214911523302175
-0.00429437053346776
0.00269137994815131
-0.000233467634968531
-0.0156755455742596
0.00581260284646565
-0.00100338898106928
-0.00210606317920697
-0.00680977052883893
-0.000988790372149079
0.00597807855889779
0.0265429595158768
0.000937111970300618
0.00645249896648057
0.00228473821177677
-0.00256686783249776
0.005429389312776
0.00373561844592824
0.0122179914954512
-0.00596489561331253
-0.00221985989757643
0.0105165028398879
-0.0014566149744895
0.00256696462432171
-0.00385991734550226
-0.0067525422195563
-0.00131584631692465
0.00156952711018418
0.00391832991260298
0.000841663289499134
0.00554691501791757
-0.000523053094058945
0.00223211309608411
0.00223313337808489
-0.002291099562237
-0.00498894275678599
-0.00084223938753079
0.0071177698384588
-0.0254591427693797
0.00034250832720587
0.00211833266096959
-0.00121876967498102
-0.0149736488167762
-0.00338838311155669
0.00758684383890782
0.00154122854466776
-0.00142997112553019
0.00455492782325075
-0.0165264686749769
-0.00348746901867543
-0.00340613466602275
0.000942407756786297
-0.00358583698252982
-0.00574531836388825
-0.00230954348639269
-0.000911128071442695
0.00232303846501029
0.000847562922788236
-0.00587964076540744
0.00659615721454992
-0.000833702654885502
0.00402607857136083
-0.0023567827581511
0.0038456811259048
-0.00413807433270015
0.000366822279164231
-0.000259267550214332
-0.00633779774099079
-0.00399239458610552
-0.00377671592071011
-0.0128778554579374
0.000593418617568182
-0.0100230412461396
-0.00219875243766253
0.00958433843426408
-0.0143093012021165
0.00395861882746051
0.00809617778292204
-0.00265872041899157
0.00085536965577336
0.00388961112887237
-0.00455556478905372
0.00422814666311602
-0.00100952400182902
-0.00108636038568236
0.00303394280039733
-0.00453404756314211
-0.000957478126005381
0.000608295311284218
-0.00546768282444543
0.00213167829322167
-0.00457824881597379
-0.00377772148755499
0.00119196584028101
-0.0077413386000473
-0.00306759674511649
0.000462855041009346
-4.71939363588139e-05
-0.00337757285358937
-5.57333356356248e-05
0.00108670741170708
-0.003338138218556
-0.00240052736857773
-3.10320234830357e-05
-0.00593783321036341
-0.000330578261834122
-0.00445685740408578
-0.000129932600247034
0.000116728798573612
-0.00684286600174993
-0.00152371187540565
-9.8069153701588e-05
0.000103178077997835
-0.00042621838809076
1.45228868892902e-05
0.000389668986908079
-0.000283197436202284
4.30059361075609e-05
-0.0043571889957804
-0.000746750984346328
-0.00149947370348857
-0.00110566347854147
-0.00179366147604348
-0.000315690115277229
-0.00123076273062926
