-0.987487516792705
-0.881991274803991
-0.513596731890745
-0.16969072442624
-0.174824952158923
-0.199875550839318
-0.196074908579324
-0.173060860533102
-0.0759439292680389
-0.0539675251093672
-0.0339743747887068
-0.0629161478020088
-0.10453763548321
-0.0428343938644805
-0.082280112172733
-0.059089541111488
-0.0418900639171297
-0.0511856847212137
-0.0468367219820365
-0.142090018385731
-0.0201141416794108
-0.0125681929210892
0.0112472021990148
-0.00452210738487052
-0.0165728878376974
-0.0337913451961411
-0.00144969076190419
0.00153362016368873
0.00218730023413944
0.00382541975713986
0.0299562311539757
-0.0284942291660375
0.000380429203422219
0.00967268084502632
0.0110060283268544
0.0249392473664404
5.69213417303841e-06
0.00121178421629468
-0.0234493751060855
0.00428321052248573
0.00144601918113529
0.0255377183772137
0.00395948375809363
0.0178006980522357
-6.13236739521131e-05
0.0135715274713749
-0.00192868828834359
-0.00103783810795272
-0.00282854488719734
0.0305027757818489
-0.0208992392487341
-0.0187541412473261
0.05768234891672
0.000533252284000444
-0.00162224297589589
0.000935157007991147
-0.0243479500015927
-0.0187115046026398
-0.0125559879382327
-0.00848431460277459
0.00658583475531108
0.0493870283567857
0.000329080203501634
0.00163150281173769
-7.64177482412576e-05
0.00269920388652058
0.0287701659451194
-0.017084484236407
-0.00294028147352994
0.0127437458221856
0.00123758079130488
-0.0243579841129683
-0.0152009414755416
-0.00976817507284583
-0.00752755514472465
0.00785312436198163
-0.00196929306415334
-0.00267448887218314
0.00503919696246978
0.0122795042873095
0.00207104361515921
0.00569659954726138
-0.0251083366400952
0.000826885146905893
-0.0068611047215645
0.00646601150035608
0.00579632075505741
-0.0156666812977976
0.00403519013098166
-0.0372638180286011
0.0126326838619811
0.0016145015293395
0.029987818692203
0.0159449911730493
0.00467321086238481
0.0125876148582417
0.0248580772148675
-0.0203954404076612
-0.0102608669725391
-0.0370799093515751
-0.00396046005845658
0.00936936668691664
0.00294113272575738
-0.00290439821769706
0.00251443718533349
0.0118906226461702
0.00571299751395076
0.011323820008767
-0.00306784357402203
-0.0362191336587576
-0.00794507626399742
0.0197905979471636
-0.0198020081937475
-0.0141496781170063
0.00925625733477269
0.0158201190485914
-0.00265377788059319
-0.000231622651166771
-0.0113383812948285
-0.00984703193150004
0.00188126989426902
-0.00491167457006689
0.0106124594307433
0.0397864230275851
0.0151394007480657
-0.0229482148780139
0.016343527263494
-0.0159201892772969
-0.00102590482433515
-0.00344052967707912
0.0199526436217058
-0.00172099195624102
-0.000696617456628763
-0.0672240641382719
-0.00246731252034742
0.0291679541386596
-0.00611806256227731
0.00134848812164287
-0.00102506576684739
-0.00345326401410379
-0.000779582082005199
-0.0320145668034797
-0.000551744221737267
-0.00428331666104893
-0.0130460041002943
0.00903295451564731
0.00091902701299099
0.00641515639888068
-0.00646774074999974
0.0054993644059109
0.0174873960410917
-0.0836729616352907
-0.025046617888428
-0.0683216878233315
-0.00516697318797122
0.0765793567600986
-0.0137986306677699
-0.00233933283103454
0.029889949848379
8.26833281734295e-05
-0.00947307627509498
-0.00867611608625398
0.0100459519590972
0.0152761000968135
0.00422130921112206
-0.00627636695956014
-0.00409906468903791
0.028128447224597
-0.0291723920695778
0.00461331503460751
0.0113113029176287
-0.00407161840665213
-0.00608556726070017
-0.0115154455543662
0.015364333009854
0.00155936384625759
-0.000886802747918965
-0.0358378556344784
0.0251125254625433
0.00192495154172402
-0.0356238247298929
-0.00815547321630393
0.0413911204904076
0.0180441610263321
-0.0089061167224817
0.00321184069961883
-0.0348700562069152
0.0154688323279124
-0.0393616104948002
0.00533612580258511
0.0110841112542539
-0.0184246504026085
-0.00612077749017618
0.0149159861142727
0.000176359565735448
-0.00395074853199607
0.00165973751661854
-0.0175362407068748
-0.00400215829357856
-2.59048716781279e-07
-0.002835225204585
0.00209915356902344
-0.000799397162843501
-0.0126598271352604
-0.0117769432100873
0.00733070217904142
-0.000575368821522149
0.0106308937571089
0.0027300470715591
-0.0159240600262243
-0.000989348946750585
-0.000691807248560157
-0.000370007028156712
-0.00113035141343304
0.00491243588577402
0.014249796667167
-0.00145539057928505
0.0049591598280578
6.48030575305263e-05
-0.00173532661006459
-0.00482597426545887
0.00131789441394521
0.000891124212053247
-0.00873918301986373
0.0081716179023004
-0.00201035377631949
0.00419569006346369
0.00325891169935619
-0.00407351865964324
-0.00129960683034189
-0.00258991347873778
0.00118058270500948
-0.00224685579068587
0.0019400570266313
-0.0107658743699219
-0.00120080299437486
-0.00614095069348369
-0.00393343889126087
-0.00338927608031111
0.000267914295058061
0.00127068072389379
-0.00282773131374334
-0.00105974422140669
-0.0012876377006846
0.00429518679605934
0.00588443663226862
-0.00298654795572044
0.000895798211904782
0.00187950434197876
0.00111449783687707
-0.0040396271448406
-0.000166912525703452
-0.00163448162953635
0.00777040987204917
0.00259615641172203
-0.000565567077793682
-0.00923303125599909
-0.00308330618420186
0.00734444148008573
-0.012560629078578
0.000895187504253324
0.00460260968295282
0.00741790390443279
0.00131129491503316
0.00080912810850183
0.00562502787218196
-0.000619219797505991
-0.0100195543612907
-0.000855185053350382
0.00710102696680444
0.00186653229003159
-0.000328838207803503
-0.00270873375697537
-0.00366555826311403
-0.00619645062658351
0.00149356639964654
-0.00137703676909529
0.00493060939746922
0.00689914890708024
-0.000429386543326036
0.000325779194622899
0.000436072554404329
-0.000983894104225532
0.000721079569738392
-0.000720357507070201
0.00249469274433933
0.000733609685696377
-0.00288924176966086
-0.00185098204703284
-0.00830843419288838
-0.00441130191803863
-0.00333230896036932
-0.0048149499583603
-0.000442981652181745
-0.0083836274565405
-0.0126440308511838
-0.00205564814320208
0.00207194139191369
-0.0013498709391807
0.000912087345309568
-0.000840330551976259
-0.00724296202767142
-0.00887149223819399
-0.000559149262751666
-0.00100353275522033
0.000386334499030472
-0.000480157502914534
-0.00366070419349551
-0.00519757596885308
0.000316739701461804
-0.00452419966370037
-0.00619046544674761
0.00170034141989417
-0.00102172919558501
0.00302778539704256
-0.00134982936411117
0.000236666146414524
0.000187468323408673
4.9849273231707e-06
-0.000756743667186672
0.0002935951521428
-0.00195843333925251
-0.00393699120483735
-0.00157333365984527
-0.00236833859510602
-0.00280190106617376
-0.000123559866876994
-0.000503407470714246
9.06733794626177e-05
-0.00590194295123822
0.000211671410388651
0.000492168037025424
0.000129591087962589
-0.000390622264717109
-0.00100668722380355
0.000303518249091948
-0.000888568613544143
4.97240877391049e-05
-0.000225022970135723
-0.00147551960256508
-0.00105800043783301
-0.000342420112087431
-0.000376838738257811
-0.00111460109195528
-0.0013305234548067
