-0.950877776613327
-0.950202470627502
-0.919628730648142
-0.855674251261613
-0.820231538770646
-0.825577599801478
-0.774012627949649
-0.705617509149916
-0.642271287365725
-0.612340008687639
-0.582353461945448
-0.557983261051674
-0.561113896886438
-0.55295562555434
-0.531497332650851
-0.524665336851401
-0.518152203556637
-0.500058929597501
-0.511995560930241
-0.48295249365342
-0.447710490251612
-0.426778147720474
-0.417419649273403
-0.372561240002566
-0.374425137155968
-0.380046212871856
-0.395593249731381
-0.353701769920217
-0.296384395550752
-0.229513492225928
-0.202502763627318
-0.191121659796381
-0.190779922672496
-0.237056255795937
-0.232743326547894
-0.212891240458227
-0.198051461457042
-0.16324543020267
-0.147874217214503
-0.161196420153557
-0.167244906766713
-0.133805816823012
-0.129805317071876
-0.153416443074948
-0.161941261481799
-0.166407176934212
-0.162656786316578
-0.163105358391772
-0.158895372363361
-0.143618385956817
-0.0930337232497007
-0.0742731902611234
-0.0856553269719856
-0.0763078209381372
-0.0587450356792169
-0.0507261703525812
-0.0587926159976615
-0.0700310641869245
-0.0661234801027882
-0.0561175127045089
-0.0471712749309607
-0.0575481100412236
-0.0754984498149683
-0.0649754357733391
-0.06217615539753
-0.0660367955092624
-0.0709427449729438
-0.0671997664930151
-0.0825012941480434
-0.101157900709922
-0.0894409622293822
-0.102490313492719
-0.105403369327652
-0.0685672552782667
-0.0438888304526746
-0.0370906569806648
-0.0169070037973779
-0.00588163482076581
-0.00510998750606981
0.00166216729630789
-0.00228614745856112
0.00326270103055991
-0.00035659141776883
-0.00905892295035129
-0.0145560978345561
-0.0104149467057957
-0.0121007582707091
-0.00388704967361202
-0.00929684957611907
-0.0121992984726657
-0.00632108160876698
-0.00153851904180836
-2.15411123274042e-05
0.0121451975926925
0.0222061294631035
0.014096351906904
0.0185851902202217
0.0193361998177798
0.0213363946578576
0.0262799746550128
0.0158878328711311
0.0084922042767981
0.0300141155879346
0.016328858296685
-0.0131577016040924
-0.0225071790792836
-0.0129288624331792
-0.0451462147915574
-0.0511007021764346
-0.0498389355265333
-0.0700400361821192
-0.0567161033556153
-0.0543169894635039
-0.0675298168174032
-0.0466461531447092
-0.0369699692254823
-0.0498598178372089
-0.0655286022138267
-0.0459988010978251
-0.0583757539359388
-0.0591807399846707
-0.0295032358813811
-0.00603324403361085
-0.00381206626426521
-0.00171073946525222
-0.00851211075541898
-0.0154610115714344
-0.0130569888720536
-0.0112842762739297
-0.0178617333318905
-0.0181866549474128
-0.00966055072050533
-0.0287953882104603
-0.0418569056848494
-0.0344669244174842
-0.0382427489622785
-0.0337583463462575
-0.0339811425706989
-0.0203852249109184
0.0103384274515916
0.0242358212219294
0.00497068958381799
-0.0110731037455674
0.0029122893841065
0.000557899691784287
-0.00228405052077532
0.00568601988252321
0.0124724780785868
-0.0263845188125816
-0.0449371572571195
-0.0258611240147513
-0.0164602799555357
-0.00958421892147322
-0.0129768282520649
-0.0159857206518826
-0.00349199231626935
-0.00713664176139642
-0.0314572400208481
-0.050284815968417
-0.0368102553777882
-0.0176426038442187
-0.0352166885122381
-0.0580989751502388
-0.0822820606533531
-0.0644919437693157
-0.0208067910932164
0.0134970544581624
0.0123835653073886
0.0219716203869673
0.0158708209253906
0.0290920897274481
0.0287455001674488
0.0122489808803329
0.0104041079001571
-0.00309936220128215
0.000932866027402272
0.00152128302581145
-0.00829779393479587
-0.0181773552372385
-0.01530631200482
-0.0118657747180737
0.00345903522903085
0.00624154121116125
-0.00689253454273313
-0.0120675466319567
0.00212919121115246
-0.00267660048246893
-0.00637957082989657
-0.00992448403559388
-0.0129133033742666
-0.00620937971901774
0.000470996091004951
-0.00503957501958345
-0.0244900901091873
-0.0246947221182442
-0.00298473658849799
-0.00175725350831004
0.000788795757921162
0.00270292959803681
-0.0067701893244734
-0.0142380493422935
-0.0203489973742767
-0.0135171450886161
-0.0202030384165941
-0.00952831251783645
-0.00161831244896913
0.00613427104657656
0.00377384284208307
0.019526406647888
0.0145232554037371
-0.0024804418104938
0.00095277348438403
-0.00199389485221645
-0.0116501758977635
-0.000522226980309577
-0.00372567077555935
-0.00218031088779458
0.00364451375740501
0.00792313198793859
0.00896882739812551
0.00590707454283588
0.0141494995640437
0.0291523787667777
0.0150255483010034
0.0150023853413171
0.0192835599191151
0.0135829487737598
-0.00268919703381603
-0.00436475221625799
-0.00937448688782084
-0.0141365423271368
-0.0102723835714905
-0.00420863330935218
-0.00485378177467491
-0.0157144284086825
-0.0117318091331079
-0.0100587898122595
-0.016657053566469
-0.0254135916585612
-0.0437097720775951
-0.0383381547788831
-0.0606354228002944
-0.0791420371613442
-0.0584363576908193
-0.039873765403427
-0.0525695277725829
-0.0425641984232266
-0.0430580040032546
-0.0467321310460359
-0.0614510857047294
-0.0635456364275803
-0.0660069329889817
-0.0544307275314447
-0.030885766869667
-0.0259058505062308
-0.0285915319157539
-0.0280850756388822
-0.0466258916645288
-0.0275375888390673
-0.00843113471207039
-0.00384846743650047
-0.00580934288830684
-0.00888606942725304
-0.0157469699956569
-0.00971071625638776
0.0146251468844947
0.0121461288915242
0.00171625975823603
-0.000520520028379202
-0.00401911236767659
-0.00212710257947359
0.00228972464123678
0.00198393641094007
-5.73756162587852e-06
0.00202041958447542
0.00918162561094148
0.00285778096659528
-0.00848673273444619
-0.018495272032924
-0.0176645852322076
-0.00315415147780595
0.00619099695498373
0.0168954423693406
0.00761438412234249
0.0113583184409636
0.00632356287224937
0.024677432751328
0.00685144368624278
-0.00964482076458297
-0.00538334156683354
0.00342897700609539
0.00221973539884112
-0.000506316582931102
-0.0111277810869697
-0.0100446526643305
-0.0182817543040197
0.0022863482680969
0.00197131875474904
0.00451831925148766
0.00633027786591958
0.00339813553458162
-0.0074787960935304
-0.00645830070616639
-0.00530917255282052
-0.00439668028646176
0.0110485318872673
0.01777747916346
0.0108857278309297
0.000664897245366833
-0.00803380449939766
-0.00526568635488234
-0.0061044710572378
-0.0120010643833025
0.00109721379784614
0.0092104968524081
0.00648279125181775
0.00263431001240823
0.000991847917509187
0.00289323900456353
0.0059651161242302
0.0152346288288437
0.000151981402930764
-0.0128605930675113
-0.0149214049914128
-0.00635450984852143
-0.00538975254734481
-0.00363239570276451
-0.00297689355039297
-0.00182316152860723
-0.00321523691654054
0.000191762363527154
-0.00240708330204726
-0.00855579304019954
-0.0113722932520575
-0.00192397808941499
-0.00610022307447248
-0.00438996919495891
0.000267981728860297
0.00195337621738473
0.000248717233330835
0.00108581566764736
0.000512172951451603
-0.00147972015889233
-0.000684826064218052
-0.00205959807502093
0.000299006663707978
0.000756625205719603
-0.00111141919469789
-0.00191744891894673
-0.000879522408168352
-0.000892588937707051
-0.00314994205476745
-0.00555343690701192
-0.00613589948780256
-0.0104698097752688
-0.0139407549267504
-0.0100449329405709
0.00366798063127086
-0.00293181589944045
-0.00733154104288952
-0.00638195244104241
-0.00566607393553202
-0.000157512115028402
0.00167346215879203
0.00328107122578068
0.00775331885610425
0.00707984801720003
0.00620965675808185
8.1284001372273e-05
-0.00235401754650486
-0.00344164445609834
-0.00210405836585563
0.000973838776719461
-0.000559196699142044
-0.00369126412046805
-0.00468256983408721
0.000945076250825567
0.0045642280688549
0.00501444743689066
0.00362224856840752
0.00456632068446469
0.00684143067682525
0.00455042977061257
0.00446366323554824
0.00360465290246684
0.00508785229293996
0.00394873670495938
0.000634908819932554
-0.00529399355452081
-0.00154361911771182
-0.00169039544769236
-0.00218428148089991
0.00107742214142643
0.00166044206139219
0.00160314342912278
0.000217692381317544
-0.00331315845460625
-0.00209330687041005
-0.00447412441064982
-0.0063653657774151
-0.0047630383116759
-0.00540758347548292
-0.00129741547272907
-0.00222492416533074
-0.00163573764946333
-0.0259180811076579
-0.0120838383467958
-0.0104255515956078
-0.00293577714040492
-0.00537948821992103
-0.00624662168940528
-0.00723901385172183
-0.00763996802795984
-0.00296465911342029
-0.00656939325364946
-0.0175183531670411
-0.0109048862013746
-0.00313512630310182
-0.00184358170353467
-0.00112825063156291
-0.00139385973701361
0.00104744660133492
0.00218640099926078
0.00171201669767964
0.000829065914824272
0.000268941503442025
0.000311039325308582
6.78421544070632e-05
-0.000262980608648292
0.000157702970699675
-0.000747388016391702
-0.00401684546779463
-0.00511605265450379
-0.00444719514140978
-0.00499033189993748
-0.0062987011656542
-0.00965925167246725
-0.015099990960922
-0.000522060216802667
-0.000312283825761307
-0.00131369835515767
0.000245705234247812
6.84170634098597e-05
-0.00297337787385851
-0.00332004926901275
0.000489087446762146
0.00813443916338945
0.00298722431677768
0.00258323903330479
0.000222070549602648
-0.00170760593363682
-0.0074941315713298
-0.00697993068935005
0.000643089546075457
-0.00155399537568379
-0.00757757247374569
-0.000446219705233139
0.00145470145967606
0.000728835174982853
-0.00538713532703082
-0.00754802149357072
-0.0088670738608689
-0.00154281962018932
-0.00534627849205286
0.000861540044041822
-0.00457461741101708
-0.00301776789618863
-0.019513180032475
-0.00580583688470861
-0.000770413744366713
-0.000366968069224825
-0.000763463293686188
-0.00271006091489987
-0.00328004194090901
-0.00561865262160929
-0.00300849146593662
-0.00139782886903509
-0.00400965184822518
-0.00298691676490351
-0.00134850541549019
-0.00187079568894853
-0.00230945937256851
-0.00507375813438177
-0.00901904401295413
-0.0081599152022595
-0.00881891841893135
-0.0152022521711475
-0.00563649513631669
-0.0062449540106075
-0.00166281402947165
0.000322938671713167
-0.00100288993979609
-0.000529514730042581
-0.00271131871250453
-0.00174895288900068
-0.000556226248328455
0.0068738919308732
0.00631395760461519
0.00442933282661407
0.00600010306074138
0.00199342570954395
0.0139574838765767
0.0221325907765911
0.0184043846714219
0.0230808575853561
0.0281193778071848
0.0300463040393544
0.0202608351736591
0.0103328783743022
0.0064670171733609
0.00710321761991152
0.00628408010814786
0.00189410864678877
0.00241718206207348
0.00337955382019799
0.00399174871127207
0.00170695174735215
0.000581710001879857
-0.000177324961259711
9.93675171118469e-05
-0.0001916871150822
-0.000879225167378542
-0.00478325060037117
-0.00625765877455735
-0.00325166733905137
-0.00103962359487935
-0.00154651909957965
-0.00576085674582558
-0.00318205564494147
-0.0056968473158587
-0.0042973071411896
-0.00550609404968579
-0.00296137439031156
-0.00244130522934542
-0.000192723948656907
0.00101720154938592
0.00102160565915017
0.00125577377360485
0.00646764518615162
0.00627913862219082
0.00303388133856521
0.00799200308609595
0.00195355062598354
0.00145121850782758
-5.26981465944452e-05
-0.000555722707311956
0.00260884849681822
-0.000697000131648683
7.89287560589426e-05
7.33351790504705e-05
-0.000417580984739561
-0.00103645179387191
-0.00250927784341649
-0.0020191651199517
-0.00322532859355731
-0.00343321702839953
-0.00129389704861068
2.42660446405783e-05
0.00373053979582409
-0.00331597728585641
-0.00142681865246771
-0.000378654023950005
-0.000560073785307205
-0.0046998193730678
-0.00658668885479823
-0.00790070910100111
-0.00335173153214397
0.002405904604754
0.00268670868637654
0.00448490342081775
0.00535943459774478
0.00494485131796951
0.00317091528803532
-0.00140469435962445
-0.00361125219506711
-0.00063040453214345
-0.0042063606708462
-0.00418426106815336
-0.00571359734033619
-0.00546199843367218
-0.00532845267577508
-0.00391834445181529
1.59178217530847e-06
0.000393049181212952
0.000314937496359941
-0.0011740168944771
-0.00834758311594384
-0.0200360963696827
-0.0131694936063139
-0.00933662025288927
-0.00600733016681459
-0.00415119289975696
-0.000635593720270846
0.00156566188688423
-0.000512900979635708
-0.00381542561439187
-0.00356153575340799
-0.00458090111122
-0.00731646320143591
-0.00912078782885729
-0.0124340055262153
-0.00423268237907613
-0.00115677877905049
0.0035879854621495
-0.000944599224500513
-0.00334930889340803
0.00049329246983705
0.00036165294928213
0.00153079323790413
0.00232081141485649
0.0010641249712677
0.00851803304590155
0.0104611195633721
-0.00384659577586107
-0.00545027007419875
-0.00391630118589197
-0.00299908713507065
0.00134533247223838
0.00507045043131128
-0.000815786748355388
-0.000680316715328063
-0.000452009746478923
-0.000432285965872836
-0.0018003211078546
-0.000951090143741873
-0.000793548080615336
-0.0012775438254329
0.00296752280948891
0.00333642339083725
0.00209986433169014
0.000586762898445635
0.00266862332674209
0.00244138249107383
0.0024386322437034
0.000557226391286531
0.00328078802357697
0.0141162743444049
0.00821878615310268
0.003841417614374
0.00200552142998771
-0.00296561935343985
-0.00268596189826653
-0.00200083384390767
0.00943047074353556
0.0107457496607164
0.0121899478188125
0.0047712106078613
0.00207127598750678
0.00316422010509113
0.00219333672348432
-0.000919030064050924
0.00200836181621603
-0.000103563621736474
-0.00235127262188457
-0.00393482467464024
-0.00474176986554716
-0.00385589331919577
-0.00273556952882015
-0.00912101993843705
-0.00249226677678871
-0.000356362226619218
-3.44296373020023e-06
0.000975358332657081
0.0017978842981272
0.00366244041313222
0.00677922947532134
0.00486088772742491
0.00653912338654554
0.00853189714434736
0.00639729003397874
0.00899643888575844
0.0133557211086435
0.0126122411032366
0.00779731945855269
0.00603597958561136
0.00593261928451401
0.00301477397125994
0.00811777646964693
0.0111376200538079
0.00266272950307555
0.00149156919352795
0.000193528481274427
0.00136660319907114
0.00194858832121352
0.0038462488264328
0.00782263152194917
0.00467574571647097
0.00363792248397951
0.00327208885339434
0.00173321375637815
0.00182085071404284
0.00251755835766794
0.00426089584530496
0.00349574259277808
-0.000536318358163844
-0.00165598514997565
0.00230712498321658
0.00201494800983998
0.000694777515447703
-0.0012075737918226
-0.00169414760065178
-0.00136036146990386
0.000208884389527407
0.000313262322328737
-0.00132729045999746
-0.00224698851959303
-0.00243791130233663
-0.00140586574981406
-0.00509280361616418
-0.00477971506444412
-0.00112725949788341
-0.000818881689265546
-0.00318248929465512
-0.00393749576000889
-0.00222359378225237
0.000748195246681296
0.000215233868211364
-0.00157865719644683
-0.0112748686867339
-0.00793696122847329
-0.00427217179829067
-0.0043371087791977
-0.00139947349310371
-0.000862807390447548
-0.00527476139399698
-0.0052590081335284
-0.00257781176572753
-0.00400848760622225
-0.00316774258582111
-0.00012778076438899
-0.00501000446581624
-0.0111051447113966
-0.00849061521241896
-0.00143084621757541
0.000106977051061972
0.000852899953536778
0.000405610668110543
3.40572781087531e-06
-0.00206627283908358
-0.004289912357768
-0.00183358329548505
-0.00112482802029812
-0.000291460529633943
-0.000195620197703614
-0.0020533016012779
-0.00401471365668896
-0.00488285275860471
-0.00436349399500359
-0.000991236224941429
0.00214444702111709
0.00317209427806147
0.00197691684489759
-0.00175715706420919
-0.00372778794339752
-0.00423837596556198
-0.0069355407671854
-0.00439056057084038
-0.005588359169209
-0.00745397908976805
-0.00311544819719459
-0.000230080650133468
-0.000262607226291774
-0.000515582894074745
-0.00304517130856913
-0.00840260991548379
-0.00879690938910268
-0.00476430181764291
-0.00263285606357771
-0.00146239010737555
0.000527927110462157
0.00241506652935052
0.00104931275180737
0.00200226177768089
0.00334564661930441
0.0020593765509618
0.00123394959309108
0.00148589281519686
0.00101791485032828
0.00176395053322323
0.00501825785513407
0.00429952865201821
0.0014193944007658
0.000914399891544289
0.00170476783156473
0.00140417389627896
0.00073338948060298
1.49827945689356e-06
-0.000455980601109914
0.000575237898304015
0.00315459688436636
0.000140754688312478
-0.00319476569518975
-0.00473013405735199
-0.00451762225097703
-0.000469496153951552
0.00167577408491386
0.00160637888852848
-0.000687323678224279
-0.000894684921892652
0.000220738816911746
-7.04831702313807e-05
0.000412380439793011
-0.000579720425675691
-0.00136599892074788
-0.000235025423526076
0.00141269772180917
0.00327633446977699
0.00108623267362721
-0.00133862249660208
-0.000716443026975148
-0.00114605247342827
-0.0035079754019522
0.00295978542577849
0.00375945021274936
0.00263131782800295
0.00139691230289191
0.00260886754669773
0.00438936882047857
0.00416125435715931
0.00443506695779892
0.00500202647290408
0.00468838084704248
0.00421296473833458
0.00323504378292189
0.000165742404730975
-0.000443238528248098
-0.000549215938894548
0.000620543762077698
0.00136138681053436
0.00258058748989875
0.00165245677249569
-0.000701059812036996
-0.00150734699927201
-0.000341991045132054
0.00230662175591904
0.000792547226467808
0.000409384819460394
-0.000355344133325155
-0.00199806789828494
-0.000208441204389267
0.000624991115446744
0.000200189349758677
0.000858838670762571
0.000242111268364751
0.000126657345354103
-0.00017130069835468
-8.88274798189254e-05
-0.000159639873439253
0.000144800852029493
-0.000589324144852194
-0.00186286025885904
-0.00458424047705965
-0.0027218553236779
-0.00117759200273988
-0.0013958982790531
-0.00222095161431823
-0.000418610840375717
0.00181790858712545
0.000814499745565608
-0.000223905532076997
-0.00170004012298351
-0.0015986555993979
-0.00158115547926412
-0.0015372645196947
-0.000632285833015894
-0.000176191296696456
0.00066487773053839
-0.00019935502049968
-0.00117904622800243
-0.000574782358255616
0.000423848815176767
-0.000578651330924265
-0.00209950880380358
-0.000590162605814919
0.00042471189319591
0.000220445507339149
-0.000115362546594038
-0.000116653059398127
0.00233631946720668
0.00247084862260105
0.00180152193989455
0.00103588031877807
-0.00058813701013123
-0.00220205738874023
-0.000836217743206371
0.000667517393575881
0.00228287630165444
0.00271764683655162
0.000626245297918663
-0.00128178680191089
-0.00058256531648134
0.000612539009361224
0.00118072724217649
0.000269092429835805
3.60660033504326e-05
-0.000755957333508199
-0.00040357563606666
0.00385095321267628
0.00442054348566542
0.00389498597881839
0.00320700781530913
0.00294997424997017
0.00104430929330185
0.00284554883181159
0.0034563944940831
0.00317524888855383
0.00500068503452882
0.0032139520939547
0.00312876184978863
0.00283134384687928
0.00216575210625393
0.00160178185728378
0.00165974101871572
0.00181762932875086
0.000521377030544508
0.00026825969141691
0.000677616766649568
0.000291992278249015
4.73493812104097e-05
-0.000180348588588327
-0.000110466175081652
-5.90504869269215e-05
0.000130471868382401
0.000645538978333385
0.000371937758740688
0.000279518885728338
0.000246522310396356
-0.000171180392018007
-8.54746457557778e-05
-0.000173378632874463
-0.000143875833828847
-7.84266271011398e-05
-0.000167851089228877
-0.00147254920300572
-0.00168053375344899
-0.00097191146362332
-0.000481483473107424
-7.16244369812822e-05
0.000307818327519139
-0.000238556870880335
-0.000445166793346678
-0.000206999234391115
-0.000289154652833624
-0.000359131520668774
-0.000409340544583799
-0.000488805263875392
-0.000340958274364474
-1.25765138856799e-05
-5.88996822035676e-05
-0.000135147613470933
-0.000690699474352076
-0.00289518363616629
-0.00343113488976053
-0.00432224978721847
-0.00333400188532249
-0.00171112346320423
-0.000976868003552147
-0.000933609147531786
-0.0010754933825355
-0.0016363475680023
-0.00194117422595754
-0.00172453511743408
-0.000920536280276488
-0.000829024221427231
-0.00124551410212401
-0.00136038723260357
-0.000623611825677322
-0.000289484760524924
-0.000219016915026612
-0.000508289166538246
-0.000286773874563794
3.28847351405772e-05
6.34649207187156e-05
-8.51951907913426e-05
-0.000145771157257595
-9.42961737780606e-05
7.40891583914129e-05
5.13163596471791e-05
2.8993060263484e-05
1.90657618460586e-06
-0.000181268163812333
-0.000243399372333132
-0.000360157700921722
-0.00106477582293095
-0.00162669152997185
-0.00133768785446744
-0.000958580345201979
-0.000751326226930484
-0.000646433488317224
-0.000678907247742828
-0.00076028953294838
-0.00110914674315624
-0.00154434399927548
-0.00218946226050782
-0.00241561912443815
-0.00244935659166523
-0.00211578483579525
-0.00166747667765674
-0.00152945620526612
-0.00199095704910785
-0.00142454130392297
-0.000870508787309052
-0.00114265748585489
-0.00165837788260227
-0.00181549428798439
-0.00179534039840061
-0.00175961097538283
-0.00199188493796831
-0.00194990152229048
-0.0021873202523688
-0.00186093033308013
-0.00157462139725269
-0.00208079350758683
-0.00225991349828583
-0.00247737941690741
-0.00299224887451794
-0.00292291395326772
-0.00314038198199051
-0.00420000690837512
-0.00469250751401171
-0.00435366787746666
-0.00408113588047248
-0.00372746296525247
-0.00362315785361302
-0.00396156400238787
