-0.962428097660742
-0.966199573495787
-0.963731804010415
-0.923652450373637
-0.881400564109035
-0.835356819996848
-0.789619032844366
-0.773185532226674
-0.744074496726107
-0.703835965974862
-0.668411418157373
-0.638257756264264
-0.611351336285286
-0.597765323805708
-0.600896826758156
-0.587038598263842
-0.540968787453605
-0.478632133597445
-0.450378832603027
-0.404553196247836
-0.371417145327887
-0.381366948090067
-0.38398808901995
-0.366599800926848
-0.360814005551229
-0.342749712361296
-0.344741799384215
-0.34678750049813
-0.349213211943506
-0.346802395310191
-0.33158098579674
-0.312344394416771
-0.327376044239867
-0.371625757081792
-0.399391095722149
-0.359324622833343
-0.315494199532908
-0.310534427000351
-0.318989900017013
-0.305158781933816
-0.278252369851103
-0.259071093940802
-0.23164271204333
-0.23429771783926
-0.238384789258377
-0.222044746051812
-0.181864703593674
-0.162311577521704
-0.168123806813203
-0.189510556046188
-0.189148810661082
-0.198323907088779
-0.183119097487731
-0.160095600278456
-0.182908415723774
-0.171384890306858
-0.146572881737845
-0.137018647983667
-0.141449291425898
-0.178436817836164
-0.205961072028794
-0.192470903998094
-0.20654670874975
-0.1806625389918
-0.151571002486595
-0.109298321096054
-0.114918640383048
-0.152824677286697
-0.136554152489506
-0.12123122724021
-0.0893503441346798
-0.0549113253387501
-0.0565618864109061
-0.0609349437256689
-0.0541449436603504
-0.0545825377896019
-0.0582839600853247
-0.0447792223614737
-0.0429884167967755
-0.0491855711650865
-0.0534169462738708
-0.0455035357207338
-0.0259814950583662
-0.0417127368178559
-0.0404224572733112
-0.0307105887692647
-0.0164996424812574
-0.0150704027500479
-0.0101862863036829
-0.00627605801884117
-0.00553582100451396
-0.00899193115602713
-0.049754656430343
-0.0683124582002918
-0.0454867168858305
-0.0315906418385766
-0.0311473614224515
-0.0310903799387347
-0.0465440163646263
-0.0436593103279841
-0.0203836627082403
-0.0100129167327677
-0.00711239557969604
-0.00942947464251919
-0.00408126624260832
-0.00693051600458961
-0.0147653728975417
-0.0106005710498141
-0.0120327603032327
-0.00634894169286884
-0.00470852258638762
-0.00479689367667177
0.000618824343502175
0.00353257481572446
0.00231878904227197
0.00123916740693513
0.00782283263836452
-0.00407357802675855
-0.00121026058715421
0.00156901128897329
0.00404741722644825
-0.00978091470746705
-0.00723261657096096
-0.0016697272897781
-0.00236563726023418
-0.00131389295604619
3.94221546337736e-05
0.00122220478428126
-0.00122782987580847
7.36303387973668e-05
0.00871677112046037
0.0104550969120112
0.01799806134469
0.0249511945242599
0.024089315770967
0.0141908707723554
0.0115282893098121
0.00931689059125449
0.00857459941552742
0.00128523789736279
-0.0119565642793878
-0.00270895253841315
0.00772437233848112
0.00978138866462671
0.0155586399405972
0.0161907077484728
0.0186434275675622
0.0203894274463493
0.0376915137194866
0.0370398258275696
0.0185020128739401
0.0088806197220553
-0.00437941825771475
-0.0111108316844425
-0.00356860295243096
-0.0045289782022856
-0.0255690072074219
-0.0322227558224164
-0.0223473574291828
-0.0196379070350674
-0.0203564461624411
0.00164926727472944
-0.00798094064365391
-0.00529141759318495
0.00503067493487817
0.0102273475994727
0.0169646437130591
0.0185193628121848
0.0217249688790061
0.00782672067329949
-0.0209608594192987
-0.00767235324441062
-0.0156858075778716
-0.0447320707558753
-0.0362945341789133
-0.0360306052262844
0.000158607341312782
0.0167742352160995
0.0176372461585814
0.0231966005977517
0.0136499927827565
0.0154676423052985
0.0160055714238764
0.0107079335495216
-0.00158671696993413
0.000425276454349819
0.0112358609784479
0.0159428696168494
0.0238634384599073
0.0240459057775834
0.0310250403657293
0.0406652525608677
0.0326248393548165
0.0242160341815129
0.0213458436123795
0.00705227067589101
-0.0029285109113335
-0.0174869372287528
-0.00954922141677508
-0.0150074996750501
-0.0217074844395797
-0.0308432788219846
-0.020340206198778
-0.00960475295940016
-0.0024881318792292
-0.00178426570270993
-0.0198405108601916
-0.0384409934475988
-0.0284016028639721
-0.0134516149839458
-0.00702994645076428
-0.0010343953798942
-0.00012643017239732
-0.00391988811728267
-0.00509514689661583
0.00154501774741037
0.00386372207075216
0.0058406454666213
0.00516841600972945
0.00959170888385322
0.0152771012957953
0.0210906699794169
0.022466400575786
0.0211801236399926
0.00959516363768088
-0.0018061713182039
0.00135107129127819
-0.0016091658117404
-0.00516561920330043
0.00315660819626394
0.0157806708908007
0.0139286014455561
0.00349629483850416
0.011086724644229
0.0206243747207255
0.0216649911119899
0.00600081184273672
0.00302384443008542
0.00759180662409127
0.00825606730651154
0.0131359213584027
0.011530284634475
-0.00156159300350993
-0.0120568352317988
-0.0286809873077038
0.0023002200253937
-0.00907874614888296
-0.00875550190985904
-0.00790728919018951
-0.0203407432291962
-0.0352869548044634
-0.0519340477514277
-0.0425667558195318
-0.0349937494784277
-0.0376560591326269
-0.0255211162198399
-0.0361092600041595
-0.0255140315355214
0.00703283488755498
0.00893794935232597
0.00307870886988721
0.0037739072400769
-0.00548998604048815
-0.00823136600338781
-0.00845043462003047
0.00584587384087293
0.000413401211263365
0.000745816852289231
9.99603816455889e-05
-0.00502293027893254
-0.00161192588241089
-0.000927078265403295
0.00537018335410761
-0.00331074936549761
0.00193314123448125
-0.00647060293049002
-0.016563583287642
-0.0108942778251567
-0.0068332559827659
-0.00649013861917158
-0.00191392289249966
-0.0004915874895246
-0.0054227759063265
-0.00883785068518165
-0.00380058482232888
-0.00128300717731495
-0.00604061262975352
-0.0155920050543563
-0.011938398929382
-0.00525010670458197
0.00159091947771816
-0.000746170332479552
-0.013032026397752
-0.0190707569901727
-0.00922054418658676
-0.000443069175659672
-0.0107280678469771
-0.0143224642549696
-0.00737009893713226
-0.00236077179592513
-0.0016402605513049
0.00182228818093535
-0.00256630846060758
-0.00483151498187818
0.00178754620770775
0.00753576722936802
0.00336582796020526
-0.00945307659777788
-0.00226912903734565
-0.00431387287225041
0.00179684484220378
-0.00172472297884055
0.0147097969947762
-0.00835583226891241
-0.01065132507189
0.00167257379126411
0.0107693649810634
0.0096609349772582
-0.00444677792614791
-0.0199973924608157
-0.0168489820007404
-0.00787619210941504
-0.00170088381671864
0.0151466006366646
0.014070613373685
-0.00400650240034525
-0.00910815635964306
-0.00181830916508603
-0.00436090107211808
-0.0124305190171488
-0.00474132172173248
0.00390178895406768
-0.00248090332196491
-0.000683464551041407
0.00452818134220545
0.00193510609938357
0.00665146518418762
0.0088568660439813
0.00982651288247804
0.00792412706653641
0.0102994300992479
0.0150387066657177
-0.00313352034405371
-0.0130190722799533
-0.0156546566706727
-0.00215647848654335
-0.00374811636423595
-0.003049115515861
0.00306910728346382
-0.000644773747070172
-0.00715034550437923
-0.0032515867786558
-0.00116457160706079
-0.0204103282170491
-0.0236808420734803
-0.0185792381576678
-0.00440678762859022
-0.0140630890809312
-0.0135160913829788
-0.00268546417336879
-0.00860286217209189
-0.0158024605126532
-0.0103856005647903
-0.0133534868979675
-0.0255611153753061
-0.0221433561779157
-0.0476707082437544
-0.0560079862469265
-0.0411681761495143
-0.0323009324693325
-0.022512693960527
-0.0225178060897408
-0.0249312625715413
-0.0161803289937131
-0.0108239437414961
-0.00541106391709829
-0.00575325868509367
-0.00720513067131783
-0.0127252547102429
-0.00708735889724051
-0.0110741920520885
-0.0178973772616397
0.00233767974007032
-0.00968051702969673
-0.0187043145808584
-0.00780652094097524
-0.00683500453832237
-0.00194508368255407
-0.00196662851659685
0.00111338220839122
0.00420925764108163
0.00438028617712154
0.00159486879022583
0.000225576286147084
0.00257758517709274
0.00333870042956023
-0.000785407072734715
0.00521910566497766
0.0124046676428927
0.0109603141703381
0.00575589893695354
0.00578603909112623
0.00118778330923156
-0.00372979412335519
-0.00176257665955594
-0.00107449083057107
0.00127376963238147
0.00330767645051224
0.0045960720220691
8.82629547041612e-05
-0.000842627006192013
0.000330721721621796
-0.000987884365797134
-0.000583774516407033
0.000612798700986922
-3.8194297945771e-05
-0.000540010117797321
0.00119027215392409
-0.000962518444850878
-0.00612848454492218
-0.00559259670903307
-0.00152736876185867
-0.00344658765519632
-0.00186397678786864
-0.000705684231017313
-3.13671205488075e-05
0.00145159352654547
-0.000120005167761846
0.000234081983549732
-0.00295570981764581
-0.000200467511073249
0.00712206731134412
0.00124957683759769
-0.000848998772582017
0.000632743763739434
0.000208952700987204
0.000460672890229517
0.00216052902741741
-0.00151188402394546
-0.00403836832746598
-0.000318974850226063
0.00165179962100613
0.00114277307572365
0.00459094113332509
0.00430405081530829
0.00467456651278701
0.00228068930510193
0.000204879244343158
0.00134623640875845
0.00240913695163209
0.00285587827800753
0.0022219631190031
0.00611601301797737
0.00618050748914471
-0.00316723489446249
-0.00409339049996268
-0.00493951661748539
-0.00781501926626048
-0.00669980436244202
0.000119791172386194
0.00411280155085691
0.000566760158180152
0.00631664683836587
-0.00171859372535304
7.7312290154806e-06
-0.00155654451610933
-0.000233852692916486
-0.000890922602871855
-0.00298472862649512
0.00129890573206732
0.00183056074322881
0.00133247566034635
-0.00164431053011378
-0.000114368370374218
0.0031265898550528
0.00564264298004397
0.0011337053278957
4.43533147052352e-05
-0.00259241614525498
-0.00347651313633521
-0.0042202621252834
-0.00558432349111674
-0.00808039964789576
-0.00250085515445421
-0.00316287569492651
-0.00211784909833616
0.00018766659908236
0.00384755465736987
0.00329726879444551
0.00250718107268599
0.00447621236375321
-0.000184496971552119
-0.000957151949869953
-0.000994457533141361
0.00636452148890847
0.0100380691966126
0.00582778736692351
0.00216424484637189
0.00677758958194548
0.000778300124926384
0.00353034190120036
-0.00218314453487748
-0.000905977162527635
0.0029171606634696
0.000449285281462981
-0.00568462396994679
-0.0124042721533622
-0.0105313296569067
-0.0133220443790885
-0.00946219872358051
0.00173680976957898
-0.00105596140125452
0.00356114195824708
0.00473696162351541
0.00439270977092473
0.00218390371744463
0.000463127760618459
0.000698589247463627
0.00114995750111643
-0.00328598716455532
-0.0129190293788952
-0.00990770948212993
-0.00577701649471178
-0.00820475034342668
-0.000792502419148376
-0.0013444604688184
-0.000756998957118097
0.00467765547688145
0.00348085852406498
-0.0016482069718626
-0.00434799460581621
-0.00615633045865619
-0.00497526870950595
-0.00922129535810375
-0.0108662114955796
-0.003778106361976
-0.000792116184562123
0.00157283820214985
0.0018043073211583
-0.00396229458880333
-0.00776893960478203
-0.0153549760131281
-0.0120782644204038
-0.016330556955464
-0.00941832676529196
-0.018261727631242
-0.00836643983703659
-0.00509083436767683
-0.00312952507765283
8.76812084894889e-05
0.000749175476491071
0.00158095646170504
0.00168788915478042
0.00385804122803266
0.00459781036456103
0.0116069922427911
0.00669183081211502
0.00888986393493225
0.0225426508442045
0.00909823457368029
0.00867103714340817
0.00721867120497307
0.0158903332532952
0.0117633924743914
0.0205547281832713
0.0174384881249359
0.0222063319750863
0.0110147557579897
0.00882775330478637
0.00538181291937137
0.00153359618347885
-0.00417592729050291
-0.00519753912683671
-0.0125459701730995
-0.00717745081898779
-0.000368454501728939
0.00129153863588551
0.00470489320317623
0.0065929794489808
0.00333702592602803
0.000398643468963379
-0.0266696780988833
-0.0263432521115725
-0.00468375347371127
0.00137863278974478
0.00327254877568353
0.00202754726740327
-0.000116691554987395
-0.00439585422059699
-0.00133644747634428
0.00183406277720691
-0.00024539819259005
9.85128485608286e-05
-0.00156924063107621
-0.00168847619520941
-0.00124953712983193
0.000811448009653803
0.00414987854611774
0.00100164223776674
6.0791937028108e-05
-0.000731221062428959
0.000406083712256693
0.000264769214167165
-0.00411659056044049
-0.00101183011194206
-0.00195290043986125
-0.00281629826664811
-0.00822622287933036
-0.00647980887336092
0.00285761057228061
0.00990303038503649
0.00518762482311036
-0.00254744138049773
0.000230762920828795
-0.000199831398084478
-0.00182473725732118
-0.00899034176475381
-0.00577336535999532
-0.000166108889759983
0.000726439196673872
0.000626681613212107
-0.00254764844351616
-0.00326771358615652
-0.000763248686308884
0.00111880441968098
9.72822541391793e-05
0.00105042924165663
0.00370243052045365
-0.000450264693746006
-0.000718813974517279
-0.0043675061777974
-0.00512974423663956
-0.00580758565714306
-0.00720525258039727
-0.00524677017714754
-0.00254241368928369
-0.00172655786237855
-0.000638547887384804
-0.000795973886886505
-0.00782129320499603
-0.0215860292620093
-0.0269217877774877
-0.0222937295334638
-0.0119440123672375
-0.00585738168064947
-0.00553707841238926
0.000621600869717126
0.0031952589035645
-0.00126887451886076
-0.00188724015055059
-0.000422175600768657
0.00180149763748134
0.0073613871865291
0.00987162590038405
0.0112814529918441
-0.0024965002347446
-0.00868630963089319
-0.016410759673904
-0.00835126182719212
0.00796989443681434
0.00639292690796028
0.00494172630239634
0.00598665100296912
0.0076633051006442
0.00887878255182729
0.00911790571115357
0.00523794024245163
0.00437161125837261
0.00136347065150299
0.000860645465620225
0.00616731458886188
0.0102894847626
0.00904739631198553
0.00623494303526472
0.00399741125997996
-0.00709375060040656
-0.015033046903445
-0.0222278875334695
-0.00792055731151558
-0.00950157797353225
-0.00612520830838144
-0.00704994658766809
-0.00325995940797371
-0.00192232144329157
-0.00225661407063376
-0.0023046646794463
-0.00371824243451906
-0.00670089643405774
-0.00305757229436065
-0.00529179751084285
-0.007605937094857
-0.00749998818522722
-0.00434545051492901
-0.000604170123778657
0.000478320871739409
-0.00283192370016021
-0.00686786153327455
-0.00810053015911134
-0.00674671395017019
-0.0136411913232196
-0.00834459343285326
-0.010836675789831
-0.00187378661716118
-0.000645226278886263
-0.00126503697038287
-0.000414171783276494
0.0006178698196573
0.00146844149668705
-0.00481482286808188
-0.00555947152203123
-0.00337953353349558
0.00235062590634657
0.00842184142326051
0.0112191748811805
-0.00907698416541307
-0.0236540782573459
-0.0179034871522117
-0.0122935235038854
-0.00381411489884066
-0.000359512838601327
-0.00363407019272782
-0.00447794730067976
-0.00797091740536602
-0.0119112210671606
-0.0177284997045372
-0.0194237179933246
-0.0170541085453614
-0.0258026821419107
-0.0259417863907053
-0.0210338065792401
-0.0185306509727957
-0.00685786829805353
-0.0064337514547509
-0.00396186570915526
-0.00623788758347039
-0.00641702138388415
-0.00552709673654946
-0.00251222212759917
0.0011373337829417
0.00161589206161573
0.00412631937768956
0.00466658338179037
0.00488367442982386
-0.00112438361447237
-0.00166024888506223
0.0027112548355358
0.00106846706422698
0.00045404792885602
-0.000721543956848996
-0.00135373719402567
0.000273236045444358
0.000252926532050154
-0.00198188540727861
-0.00516548648973262
-0.00841846200504896
-0.00981379995615459
-0.00752100727547708
-0.00689325014269301
-0.00349674277223329
-0.00284406942475575
-0.00214052826433941
-0.000432357257236064
-0.00117176637759799
-0.000140771699289943
0.000993820645831157
-0.000757027766571049
-0.0014889842498544
-0.00239748836572541
-0.00111914882456806
0.00332365496086495
0.00261985166999629
0.00528175750152989
0.00445941427671935
-0.000341995149679166
0.00469245550670317
-0.00221418767959322
-0.0031719515111821
-0.00401941901657715
-0.00612647114506508
-0.00299375818141076
0.00239950771064168
0.00372299558478789
0.00226480541302982
0.0028866498514314
0.000126266340362054
0.000504302521182247
0.000646266670749859
-0.00137627175161362
-0.00710585308860428
-0.00778664764383675
-0.00206291007778194
0.000351904495224209
0.00152436717789256
0.00314125547231412
-0.00130363866023475
-0.00657268068868244
-0.0116970152028948
-0.0131212718197458
-0.0118015254966239
-0.0102096999906442
-0.00385021560823676
-0.000431694603287155
-0.00101374766616546
-0.00207499864732661
-0.00189224744567578
-0.00176560377762045
-0.00189976979156366
-0.00160152715299765
-0.00264673122304636
-0.00466004815483694
-0.00814477623221429
-0.0067305531891731
-0.00419785879798876
-0.00499746067926946
-0.00570852441695099
-0.0042461361434161
0.00210038670053108
0.000954169762821777
-0.000112085206376551
0.00360590237863317
0.00565232224699963
0.00307355073119084
0.00302294859890189
0.00227435836910596
0.000673405785489905
0.00230635121493575
-0.0017516795131336
-0.00409951515848245
-0.00221126368347756
0.00129499457342083
0.00219700853772609
0.00403386542898807
0.00278876410016746
0.00165101219923026
0.00176156612837267
0.00136251187916169
0.00141438600772547
0.000967337495598312
0.00079626619008524
0.000227207071910564
0.000584953870825522
0.00148008245244797
0.000754660472509409
0.000510426079700571
0.000138746306512944
-2.60906735407101e-05
-0.000848030081273081
-0.00146738827233944
0.00048045578502283
0.000117404262682563
0.00035952263989488
-2.69177255977674e-06
-0.000218246477755626
-0.000672564417215707
-0.000309860919061935
-0.000578023676224044
-0.000876848360864465
0.000325360266272415
0.000292563738176872
0.00060688675722719
0.000175038868885994
0.000989799696481605
0.000833024787144563
0.0010492021266625
0.00230503552826212
0.000652892269174943
0.00045565580393771
0.00106566079228046
1.67095770198871e-05
0.00028501482564906
-0.000126105660408836
-0.000620634772228522
-0.000562462468455975
0.000571604354202946
-0.00255555485234146
-0.00153257293426202
-0.00178395566976735
-0.00135359596706905
-0.00284827165929235
-0.00420476132987139
-0.00384848923926947
-0.000257671814848269
-0.000664116277603737
-0.000549514730321695
5.99011866258064e-05
8.99369545098716e-06
-7.0112622787306e-06
-0.000625797398006184
-0.00287574396645358
-0.00244022966499922
-0.00155258878124479
-0.000651992522163558
-0.000311262224208421
0.000483476923404142
0.000455511120188791
0.000112444385310772
-0.000352888597273363
4.72667872406062e-05
0.000499825191381634
-0.00050079527403847
0.000601616526373687
0.00145829057054724
0.00103372996220559
0.00118402430026793
-0.000540275582766237
-0.001119974155654
-0.00191651697413536
-0.00275925358010154
-0.00198319240377776
-2.08674165340186e-05
-0.000267278068714287
0.000544759633814685
-7.76221360019267e-05
0.000128750164345239
-0.00146646088907049
-0.0030012983922268
-0.00218179749654148
-0.00198202719491627
-0.00355380803160092
-0.00392816951555328
-0.00384243141823679
-0.00137729176242871
-0.00120810189369218
-0.00142551499537299
0.000478281653515383
0.000666683368964781
-0.00065058105125061
-0.0016186985116982
-0.00181291860717826
-0.000465467019849979
0.000129505941463279
0.000199488916448074
8.69287705464239e-05
0.000186158751273257
-0.000225836087455437
-0.000469275583327002
-0.000717001788952716
-0.00105240232944526
-0.000890957452599018
-0.000230585699482158
-0.000200077020783848
-5.03867615974242e-06
4.63591255719134e-06
0.000129116169946685
0.000638326841292349
0.000351774582705866
7.74259718166181e-05
-3.53046216294345e-05
-0.000309684623740033
-0.000240669051094657
-5.87492991455923e-05
-0.000327426077984069
0.000453281117271579
0.000598843639758725
0.00012392191905095
-0.000313001409551293
-0.000720079318212489
-0.00115885542096259
-0.000726669412987717
-0.00035301415364475
-0.000378655858522834
-0.000411821509303095
-0.00036389888042898
-0.000472831477549009
-2.25598219226827e-06
0.000347782777438756
-0.00016451124542351
-0.000494386997933595
-0.000937493699435823
-0.000937773586088343
-0.000493061810927376
0.000212184897490219
0.000562560772002191
0.000346755555971064
0.000180491367419117
5.86296358813922e-05
-4.37065601322645e-06
-2.20768072208378e-06
1.01199623674761e-05
-6.81362229986992e-05
0.000123529807140674
0.000171179292530937
8.52550505947822e-05
-6.13309875487918e-05
-0.000114759095957383
-0.000152782381023983
-0.00049331442831912
-0.000514171258190071
-0.000584743992164259
-0.000898976277061683
-0.00077422324846313
-0.000275921451759824
1.70182456534913e-05
-4.00234840209323e-05
-0.000140904426534879
-0.000182321936790838
-0.000182555701536694
-1.03726928058663e-05
9.29076102704186e-05
1.59793119592908e-05
-0.000111219879614113
-0.000261787921830363
-0.000566957303659553
-0.00129008997522362
-0.0014765639262853
-0.0010611988378986
-0.00127668749478789
-0.00134929896262208
-0.00165379560579518
-0.00133614126528645
-0.00101892883748342
-0.000771380935386655
-0.000599972088675502
-0.00100428127986778
-0.00109476201487965
-0.00096777036961768
-0.00117635826466049
-0.00115766412736936
-0.00118487998723174
-0.00134494518750894
-0.00114373663183579
-0.00114030611624933
-0.00123707144091691
-0.00132123201797773
-0.00137359786876061
