-0.979067500257288
-0.980291806107598
-0.964572406411712
-0.895286440868744
-0.828157539035126
-0.799331270301821
-0.785166351684766
-0.729645026007423
-0.70163156274407
-0.681955588925344
-0.656424565440507
-0.642714601871617
-0.633134795088775
-0.603351139633432
-0.567013273194712
-0.520315707570167
-0.53840910317093
-0.545779843703394
-0.505151538468278
-0.468975016517132
-0.438638851290713
-0.425740316408247
-0.432746528403266
-0.428090982878722
-0.445616416776858
-0.45845107063658
-0.496315118538088
-0.526031494952755
-0.526832960807487
-0.519939433256334
-0.496673288604988
-0.463079722430099
-0.430868303180143
-0.414069969043051
-0.373830737942015
-0.337656297546347
-0.324705666794234
-0.30282864367629
-0.27224713921393
-0.27039511585291
-0.249795318903083
-0.25608126155226
-0.298074362072234
-0.297434939490875
-0.279338854107966
-0.240961625030623
-0.179667769009973
-0.184762597423416
-0.191967055840169
-0.220527153260834
-0.222306175649186
-0.204638358242573
-0.166007338379069
-0.147748594794224
-0.168244730741273
-0.173613250306568
-0.154170897485434
-0.158562274613148
-0.167649946270566
-0.132249842475108
-0.110555250450852
-0.120863808021105
-0.170298787879905
-0.170851361418091
-0.153688869465805
-0.0879642713434809
-0.0608935135075362
-0.0509599262946947
-0.0596641936728506
-0.0662082637025835
-0.0657598653571283
-0.0519306145185884
-0.0494420142852404
-0.0466858471700446
-0.0513965838676803
-0.0516369689756745
-0.039560282357446
-0.0194630876522405
-0.0141608091940083
-0.0301246494739325
-0.0403285533620752
-0.0391143443561704
-0.00917422272856738
-0.029580285653555
-0.0408505747329753
-0.034443992493679
-0.0270923867752819
-0.0331478767284058
-0.0349061213377198
-0.0445266567190442
-0.0503967413021814
-0.0846790991938157
-0.0785243120540492
-0.0618949839198299
-0.0352617592172289
-0.0149824070778297
-0.0329289168594125
-0.0657684570496068
-0.0568166739956789
-0.0493351508681131
-0.065794466503089
-0.0742574048020152
-0.0716919550633197
-0.0842673715913953
-0.0493511315374025
-0.0297256243171542
-0.0330520387842949
-0.0277936941840406
-0.0396671298577406
-0.0678449993624602
-0.0705514998557497
-0.0415224336812991
-0.0276626914908032
-0.00713439724125681
0.00788631472269116
0.0295075225351288
0.0107620283095763
0.00342424629421376
-0.00314775998287822
-0.0115278795267578
-0.0111207908126524
-0.0117135815172993
-0.0168100109152079
-0.0233321612298395
-0.0264927810857122
-0.0242905369496154
-0.0339217149240573
-0.0517170374355244
-0.0395184303793169
-0.0351134635519234
-0.0394115375854031
-0.0385272849614884
-0.026922877029443
-0.0364181340437481
-0.0413936977976547
-0.0194368563894215
-0.00212349926705524
-0.00586676689606225
-0.00712380994626801
-0.00553537760339629
-0.00205756057854399
-0.000256797155513208
-0.000605572644473434
0.00894978366084699
0.0144743712580531
0.00867661930974123
-0.00172350412377769
-0.00148119957158116
0.0147392248010089
0.0243251792146637
0.00449819521406236
-0.00268862347523995
-0.00152395764121972
-0.00976615051656902
-0.0171773504561172
-0.0122933616333729
-0.00413177127635128
0.000530851203103314
0.00591994334309102
0.0111536122708717
0.0121771762144307
0.00412230000461736
-0.00415691801542533
-0.00463714600205075
-0.0110656168411915
-0.0160765122512503
0.00819090901056877
0.00815886767573918
0.00121717097047797
-0.00938073100988071
-0.011591170065311
-0.00826261380638696
-0.00175687993257382
0.00799970598000368
0.0134258925780437
0.0168736719510649
0.00694156121250989
-0.00537760179849381
0.00108296564133374
0.00336471412510115
-0.00216873086494827
-0.000375558828124764
0.000791631297244537
0.000551551745279492
-0.0121273771126462
-0.0500983613735818
-0.068644453501143
-0.0361243380178388
-0.0326510187489798
-0.0103230780481898
-0.0101381112687236
-0.0158740890381292
0.000100135658093555
0.00776019441171611
0.014546653894622
0.0106670825651897
0.0216299712237231
0.0357787011566869
0.0326241487715884
0.0348617912313493
0.0108110616809725
-0.0176244460243191
-0.028526255953049
-0.0339724469435641
-0.00595653078649392
-0.00975120956664857
-0.00751751675946228
-0.00784197649509232
-0.00319188196637379
-0.0018238581820988
-0.00368493065275714
-0.00821674357766933
-0.00149595315445962
-0.00206450803291936
0.00904623003680598
0.0100279778363573
-0.013355725884029
-0.0153531868913698
-0.0315486067948784
-0.0221104267463592
-0.00555172515794381
0.0486319577539684
0.0355227891531043
-0.022684767819521
-0.0523919350024446
-0.0315501096146712
-0.0171555523603966
-0.0145897288404339
-0.0190263032524431
-0.00423884458957821
-0.0364903918584684
-0.0359220243587883
-0.01624693941597
0.0168822813816617
0.019187103799711
-0.00372323178336704
-0.0431765794615894
-0.045731993984949
-0.0579459615273491
-0.0728411285349557
-0.0530881606650796
-0.0132419665792888
0.00414048294037756
-0.00669798670139259
-0.0134130410122005
-0.00643433889346758
-0.00684933589610318
-0.0167991829038977
-0.0123720555639838
-0.0101516545144098
0.00321537055866747
0.0051058995276097
0.00514229857784101
0.00779824600583854
0.0361788484027289
0.0369772665825624
0.0597867291975735
0.0519110899476479
0.0969957140971249
0.10737667658645
0.0854256273910742
0.0387177007020805
0.00942361483286989
2.31349603543578e-05
0.0109492603832003
0.0220567428526659
0.0231439604096842
-0.00793244935787676
-0.0245600123644292
-0.0245439891983392
0.0430809090155724
0.0578191790129204
0.0288689546634642
0.0157601636052503
-0.0170050032011405
-0.0411425184742664
-0.0320600560571064
-0.0116899207408577
-0.0180456192529973
-0.0361953935690566
-0.0300262362267807
-0.0242483881263776
-0.0520223899331341
-0.0236675497864569
-0.000377098560210311
-0.0211422322630201
-0.0220039878765597
-0.0387316213997782
-0.0325958823220415
-0.0473495343155452
-0.0358126150765795
-0.0205339033578093
-0.000338653676468509
0.00192269383402775
0.00287788379081314
0.0109384459370313
0.00378242709114865
0.000335128347384301
-0.00944934996305392
-0.0249867534399473
-0.0216516941574944
-0.0208028589603823
-0.0125589870193435
-0.00486566243125546
-0.00597267020882788
-0.0129317147776209
0.00228414746573858
0.0137988414576742
0.0255157708294409
0.0215274825881723
0.00245797839527227
-0.00951544014885279
0.00597172999094677
0.0163641327398613
0.00268988072734013
0.00394484638297806
-0.000229052258721923
0.00336846487071597
-0.000721712273475019
-0.000244107087106032
-0.0363657347762182
-0.0330407894754971
-0.00628067275788852
0.0144380580498166
-0.0011416541086506
-0.00520295858640908
-0.00108039429090782
-0.00259352486385353
-0.00155618570979635
0.00119175473645549
-0.0068929471216888
-0.0154689404180914
-0.0181310394811736
-0.0152356402744381
-0.0306850729550368
-0.0144225582133321
-0.00561689631136175
-0.0137909055306696
-0.0399829313684074
-0.0447541146729492
-0.0347376685501257
-0.022691024438198
-0.0132192809980856
-0.00945157479785296
-0.0198916425388514
-0.0192426597619573
-0.0122471795497196
-0.0171042437094292
-0.0339868355915247
-0.0364644089147766
-0.0237339425588082
0.0312883503386194
0.0226904536555764
0.00814580973268305
-0.00542499360470946
-0.0160415161230061
-0.00566538890077572
0.000936516535969894
0.00143071550687244
0.00295282678697314
0.00579533696604907
0.00870279168590281
-0.000547663977082715
-0.00374318980156848
0.000704731279799471
-0.000346702167338847
0.000215100740046957
0.000845933707152021
-0.00334605130159694
-0.0115946557374539
-0.0127348212784517
-0.00236582859777093
0.00842412186120917
0.00843535489695746
0.00398822470856659
0.0022003135977238
0.0248858378688561
0.0325270179666365
0.0263480870434487
0.0180099038721341
0.0207466930285979
0.0189751882668235
0.0135693985415997
0.0198046527045869
0.0106520659110997
0.0140489698616658
-0.00573523685853871
0.0164933880504196
0.0179507216578316
0.00716499737019227
0.00926326285850402
0.0033806758678655
0.00178679975642339
-0.0047878503066419
-0.00537928975990967
-0.00167571884408393
-0.000980189842446582
-0.0119404786212255
-0.0190079127885606
-0.00907143815975339
-0.00301218278197252
-0.00181377256615842
-0.00263914847858871
-0.00912655225437004
-0.000813066403736823
-0.00124809665666289
-0.00273803593536218
0.0016484287081149
0.00029790650450661
-0.00224159648720225
-0.00646818446951594
-0.0119836988176935
-0.00601248196075527
-0.00476785688402683
-0.00170159753583241
-0.00585374571444849
-0.00226300793309632
0.00320050925728788
0.00397453281364088
-0.0124097810078479
-0.0113702903548073
-0.00931011219778854
-0.012912654640931
-0.0024715917177755
-0.0151154416193498
-0.0230167489936567
-0.0164722072478279
-0.0098702225453712
-0.00748446858109427
-0.00953652786977283
-0.00653754317937169
-0.00363363984382275
-0.00521132494700595
-0.00195039553639281
-0.00195962470731787
0.00662556704954021
0.00614007147217602
0.0124441108264264
-0.00313973643739133
-0.0109560598489898
-0.00470746704158457
0.00994930641381634
0.00448120548691197
0.0012558188955723
0.0139087628203735
0.0206094410667174
0.00382221970501161
-0.000120862814252866
0.0102438566930887
0.00620914755568531
-0.00665909240113953
0.0140927268998865
0.0154244295127718
-0.0189920697081248
-0.0191943908491435
0.00566924877717315
0.024242942343548
0.0414069565428355
0.0416424984939441
0.0231436696545521
0.0288315238694294
0.00418481602869854
0.0229279686529348
0.0217194953023864
0.0253791666919916
0.0117120013055004
-0.0269889934422698
-0.0523645325263931
-0.0618282831185913
-0.0331035423223045
-0.0297540090232149
-0.006097120799336
0.0233217769886417
0.00194553842547431
-0.0107566025081922
-0.0067286204728049
-0.00442728845763551
-0.0022240676936883
-0.00614634676424878
0.00544167740768293
0.0120395639413742
0.00898040312434942
-0.00535344815400785
-0.00828005821016847
0.00699289987936219
0.00967239265822602
0.0066593288024707
0.0013251090105117
-0.001101524570804
0.0094611807430108
0.0065703666946366
0.001952859578066
-0.00150607114689898
-0.0032886666441612
-0.0148107870270776
-0.00870173887522502
-0.000131172044117133
0.00299534167020509
0.0125688999367943
0.0131363572456225
0.00985369428580467
0.0206890094472888
0.0108485374770962
0.00200907714528103
0.0167302908244952
0.0190337406240463
0.00683994479328368
0.0106835894470551
0.00554208286360154
-0.00877406223211375
-0.000724361380033377
0.00106721974321597
-0.00226154284163115
-0.015560259779908
-0.00368357688438763
-0.00500427570627621
-0.0342362777994172
0.0143965546488783
0.0145703345562506
0.0155857355179198
0.0169048631176592
0.00691497324659468
-0.004311001872141
-0.005494583799425
-0.0062144153745438
0.00586198763491303
0.00981151641986269
0.00401197979277178
0.00175052077671324
0.0111635928642633
0.000200674193999519
-0.00686917947891502
-0.0122838546701391
-0.0142541280982417
-0.00658716668099422
-0.0131963042048729
-0.0139889506635642
-0.00274256820308909
-0.00740333005008975
-0.0236545769717529
-0.0104654018166447
-0.00477756515320699
-0.00483125329504061
0.00437811745757803
0.00469627924070606
0.012161593195955
0.0078022273626361
0.00923040854647931
0.00421932007643855
-0.00778478723745939
-0.054458991613271
-0.00634007549125144
-0.0199832732441616
-0.0114126918054428
-0.0345496567345434
-0.0729147778202828
-0.0581750492799884
-0.0441632870683453
-0.0239792662140477
-0.0108705400355806
-0.0253652466588276
-0.0124368193336159
-0.00226311211836149
0.0041102133389101
0.0239643563984501
0.0223355678390998
0.0156151594668705
-0.0338599749772125
-0.0177846668518951
-0.0127279188041783
0.0028495466401057
0.00430354427023985
0.00387695115994588
0.00101944620278601
0.00104967953724981
2.87329812847141e-05
-0.00281771406928657
-0.00256632748787168
-0.00539400726760036
-0.00681336879156894
-0.00525090677287923
-0.00154853933854772
-0.00121284494286542
-0.00189676767159376
-0.0076006491953171
-0.00776265457693681
-0.00609044356154067
-0.00589831734561586
-0.0149996082443413
-0.015990154073821
-0.0163585974018352
-0.00979797360346396
-0.00331513995719873
-0.00277946162273425
-0.00500116234456779
-0.00806618985116385
-0.00642663455317431
-0.000517397230101694
0.00480914943907331
0.00331022995092166
0.00592307234144323
0.00875208448311059
0.0013290190844176
0.00799777331874354
-0.01130843926627
-0.00440661817501205
0.00571126873387161
-0.00064929374034112
-0.0020691427594292
-0.00376451038468342
-0.00900998063780667
0.00116744038890598
0.0052221987414358
-0.00276846609173203
0.00857216271096749
0.0128021611616773
0.00832334274952129
0.0163294337499051
0.0181226598906754
0.0432391372306427
0.0239852121424202
0.0167111043621269
0.0199683706054574
0.0237832633425936
0.0170541334909788
0.0194195499328944
0.0172606739989121
0.00923700680632414
0.00897985786384333
0.0152431239214468
0.0114994615838602
0.012592938101822
0.0188623248375673
0.0179734898920522
0.0028088004769877
0.00976800197165915
0.0211532143596882
0.0289026058775738
0.040702564373612
0.043342002476718
0.0257219241802448
0.00842208859282125
0.00634241787364589
-0.00158609623436943
-0.00651797636023729
-0.00200278218362016
0.0140887592564464
0.00857070645864579
0.00975456734227058
0.0277183641384892
0.0240863534200409
0.0107067203538895
-0.00350861413107905
0.0174323748147076
0.0133505636691479
0.0190241121580508
0.0130387764185657
0.0209051674925186
0.0300372942574117
0.0120909552052773
-0.00668347064283749
-0.00545728353544261
-0.00202475000827709
-0.00997318849266326
-0.00306785574304355
-0.000867090911291216
0.00176401760821839
0.000248544025838644
-0.00316606393248988
-0.0020340344875156
-0.00148622772922413
0.00522894591775348
-0.00195577610579623
-0.00523216501516544
-0.00812400449486762
-0.00487194494298517
-0.00609369719708346
-0.014834518495506
-0.0111085861780888
-0.00581899360517765
-0.00370168748085963
-0.00602507327894136
0.00166461853977088
0.00565603542317784
-0.00351798066186575
0.0076594115888448
0.0359995664678193
0.0136861832128668
-0.0015308414770507
0.000770720948498661
-0.00369757526523292
-0.00910275749382232
-0.0126188687346303
-0.0137161941392568
-0.00411200846158404
0.000192091094677746
0.00516692428659012
0.00539800240394885
0.00541137776208888
-0.0139346143615918
-0.0176596060750328
-0.0105255231080825
-0.00272028966730771
-0.00633364249909955
-0.00388220103229809
-0.00413258478069603
-0.00105684217011706
-0.000250878239091937
0.00179423030756382
-0.00133773348555728
-0.00755538337385832
-0.00694332359134214
-0.0119042357712461
-0.000182486872422899
0.00824314173240241
0.00745551848103958
0.00411825377137907
0.00149331959745538
-0.00173774299631783
-0.00549853236158289
-0.00215343935193276
0.00180838447193626
0.00189601859428302
-0.000340431199400538
-0.00257606320130517
-0.0095009695590496
-0.0186100822281583
-0.0119668773133048
-0.0102087144257164
-0.0131124955052111
-0.0119000866893276
-0.0093722995329321
-0.00895800455236563
-0.00561774350794776
0.00144950732923306
0.0016624833536391
2.17410762103749e-05
0.00631701381105579
0.00295373867767181
0.00218827251938414
0.000263655957731865
9.71712412058819e-05
-0.00226718369900466
-0.0033949070740007
-0.00142000992358857
-0.00382833736661135
-0.00332765720933615
0.00195236623361627
0.00249700289063401
0.00282309870440488
0.00406727785060531
0.00169042177861955
-0.0008333834543394
0.000293310047966907
-0.000221268102313634
0.000628752406481615
0.0013013381225665
0.00564563659127357
0.0106767019558431
0.00531765883897572
0.00906127012887611
0.0048376363221743
0.00557773783823794
0.00434817978995996
0.0139389619196859
0.014430222210731
0.0148960164281151
0.0082517350257155
-0.0100126087367524
-0.0141476251435414
-0.0148833126140629
-0.0132116509782694
-0.0116762691303989
-0.00200552503417125
0.00715321695999496
0.00129583210001639
-0.000201558391384122
0.000366226513150305
0.0111354151267841
0.0105953203962458
0.00670936347974057
0.00285060386988821
0.00589505627642743
0.00213437926581765
0.00132822752934914
-0.000200964353919387
0.00016380869727276
0.000396733589116346
0.000294103094837177
0.000297616458783167
2.46874583353181e-05
-0.0010145437483184
-0.00195151804468142
-0.000717928997217664
0.00130441049654746
-0.00103973005873889
-0.00292740201974835
-0.00143576096810617
0.00247904858595956
0.000725850129012078
0.000194575077680432
0.00328227895609955
0.00386142065320305
0.00453769318939754
0.000764036593492874
-0.00119356095792728
0.000293616782275727
-0.00209321768808823
0.000176122692529245
-0.000157154845264645
2.93884965746272e-05
0.000345746811061243
-0.00238451333553049
-0.00784080700669241
-0.0107960340425984
-0.0124829749339019
-0.011378256978319
-0.0145909343706392
-0.0172464102910492
-0.0201628643826244
-0.0129478037793792
-0.00782827900401533
0.00165578840538228
0.00173362242403973
0.00341239932951722
0.0017248185118697
0.0019432493850917
0.000504322372035568
-0.000128208126848186
-0.00341194263559345
-0.00124988543219642
0.000199396344602917
-0.00203959152184521
-0.00491522651963828
-0.00303990257661369
-0.00233530284740731
-0.00118680720091447
0.00343758697333909
0.000926375364860363
-0.00399744097851954
-0.00690855074277678
-0.00737532173050991
-0.00668382739229259
-0.000730938310008716
-0.00220833342051434
-0.00834550129872818
-0.0173315672651111
-0.0140402329272591
-0.0141966421132105
-0.0188911072645281
-0.0205430523157146
-0.0152723457315011
-0.0166252681112191
-0.0109848962766389
-0.0137373071260073
-0.00711697479929429
-0.00219997025448126
-0.00387427812387606
-0.00258338649271467
0.00180874862015184
0.00537553492197504
0.00411102582624836
-0.000382190351871142
-0.00054586532559171
-0.000605137680255737
0.00246761925287245
0.00809540985642567
0.00627827095956386
0.0033402590332954
-0.000723473450520787
0.00144774975455613
0.00141304038002013
0.000168811655683177
0.000397624593746294
0.000220800130786501
-0.00120810102963508
-0.00150305058046818
-0.00166883680017723
-1.83861055664688e-05
0.00234696922524884
0.00320395458495612
0.00177712048619723
-0.000598778451430069
0.000165371979368069
-0.00101575324940583
-0.00388522776522174
-0.00638397203220444
-0.00365390056408445
-0.000112370781427778
0.00105844579297247
0.00137427259288122
0.00128462735011817
0.00042796454881529
-0.000977755837412534
-0.00166915498438161
-0.00107122568865517
-0.00027104254942432
0.000421868727419183
0.00125836918617501
0.00115991027862283
0.000304366389399433
0.000570147220989854
0.00153667065273419
0.00152146016626518
0.00102737053963623
-0.00111545014833614
-0.000252750954587135
0.000477305266619503
0.00316171273255681
0.002805290574986
0.000113640124695527
-0.000466880356888535
-8.33523395332295e-05
0.000627684895367662
0.000683104540139561
0.00118552542943674
0.00140939179486985
0.000929567864290564
-0.00103653215979201
-0.00280902661693128
-0.00453761982388707
-0.00144929597345129
-0.000624423447882315
-0.00108471312841729
-0.00174792266984293
-0.00199401317898922
-0.00111375891324776
-0.00170680077557248
-0.00275732455764318
-0.00331261084335465
-0.00345067422430135
-0.00466086192480556
-0.00606698960364995
-0.00704586440490574
-0.00713259478883661
-0.00919487706588547
-0.0113504391095661
-0.0116329604665292
-0.0115167788859763
-0.011364901129484
-0.0134951754104538
-0.011220186901968
-0.00849822231486345
-0.0087775852275365
-0.00843473631599242
-0.00657837714842949
-0.00878141028423075
-0.00880151620183549
-0.00797387942061792
-0.00754336781219587
-0.0049039172078965
-0.00245670765108582
-0.0041519184832443
-0.00538959980286837
-0.0054673060742436
-0.00484497395087066
-0.00301141461510352
-0.00220974617544636
-0.00186834675114539
-0.00101356953291877
-0.00109522296661255
-0.00033492701185187
8.49973050713415e-05
0.000372762177293567
6.89386048330072e-06
-0.000542909271539784
-0.000150925342358273
-0.000277467538679554
-0.000650772291633189
-0.000287574459008707
-6.97100416632752e-05
1.6717874639629e-05
0.000250548843844533
-0.000181066220392215
-0.00079924398913546
-0.000506933672694139
0.000213544478954606
-0.000456644611612046
-0.000462391690101306
-0.000718749665250575
-0.00096441677527495
-0.00129726108725211
-0.00162070090551446
-0.0018682609537909
-0.00190777574009842
-0.0011283854731788
-0.000906102010189888
-0.00116756599216387
-0.000537665662843189
-0.000541657429628157
-0.000751871548941546
-0.000407424150444374
-0.000157188959772242
-0.000160391816112411
-0.000658873193907569
-0.0011523236686908
-0.0018175374173228
-0.00164239686336976
-0.00149708210310001
-0.00127967035554442
-0.0010430745823486
-0.00114462467648648
-0.0011290216675521
-0.00122187650297742
-0.0012244406259217
-0.000977247894798699
-0.000791362662947621
-0.000552750554806315
-0.000398838065778456
-0.000263479625314306
-0.000117175276426441
-0.000121780968168979
-9.14380528597755e-05
-0.000146760508188227
-6.46967097873179e-06
8.89407282799829e-06
-0.000113505991322777
-0.000273065913340094
-0.000648009928208254
-0.00064934732954264
-0.00026157705187148
-0.000311104547397685
-0.000372472483503976
-0.000629889386594709
-0.00114283400871007
