-0.990599562377886
-0.951434030766115
-0.907461663486464
-0.617506427255887
-0.492828576545411
-0.293777210540765
-0.293151071369162
-0.328709236964174
-0.354856561304998
-0.249161454117827
-0.106883255077879
-0.0745584665672088
-0.0541907449223271
-0.0524472375719231
-0.0695834799066754
-0.0314464172250769
-0.0190696283370756
-0.0332734477397386
-0.0129529223411735
0.014772811891683
0.0203960384046851
-0.00780492544221443
-0.00696515559464026
-0.0179917398654908
-0.0312018602452929
0.0145164764092244
0.0370509064998452
-0.0492884361148151
-0.0113121477144114
0.0297714116019296
-0.023718301143301
-0.0476325860399904
-0.0170702449579095
0.0558416791539939
0.0185042462347906
-0.0765442503007918
0.0081998549569468
0.00419169375658108
0.0103237297081326
0.0131298647632118
0.048475650224288
0.0411851843042399
0.00881410635484352
0.00229728806245363
-0.00519465122472918
0.00767781794105429
0.0181259706711169
-0.027312366525783
-0.00763472381876116
0.017812574188144
-0.000499766295683079
0.0157332796996518
0.00186836282318783
0.0186126683974404
0.00984708311767948
0.0340459865128605
-0.0188702680232492
0.00350618189390859
0.000250426666921402
0.00420331612390834
0.00171108604876117
0.0093575442484269
-0.00553246563399381
-0.00963026424979344
-0.0267682127582895
-0.0014843245249206
-0.0324220021062408
-0.0226644067474513
-0.00488578480957045
-0.0246027399835713
-0.00382526373298263
0.00721249341001912
-0.00441607983680027
-0.00159083697704585
0.0157373356670545
0.0306930506537704
0.000353598641514158
0.0099969149130834
-0.00714381276410026
-0.00164265340217328
0.00490422178042759
-0.0018070303662834
-0.0147017429645357
0.0109181718015961
0.00663652007500939
-0.0113102611084027
0.00387479043378032
-0.0205498414572828
0.00371144590588235
-0.000743010992596118
-0.000458877298168314
-0.0120990089593583
0.00594513142561993
0.00319776144118085
0.00686623301175772
0.00598942293497497
0.00686122136420972
0.00193287746414003
-0.000582508847567941
0.00117703967467134
0.000358247443427588
0.00359191753409767
-0.0195038979707595
-0.0608252755502177
-0.00463951903657071
0.00329171956845745
-0.00862208441027036
-0.00401888091714051
-0.00114897758371516
0.00500058872106691
-0.024967446100615
0.00273331398895234
-0.0194578982232373
-0.000748701562695567
-0.000534406222855473
0.019071191655988
-0.000440677181754519
-0.0178813179424355
-0.0129244960819752
0.00185086168167774
0.00584887293342222
-0.00679331898357571
-0.00399320196576756
-0.0045406785942181
-0.00387558631778642
-0.00165865344654668
0.000674586838727292
-0.00166190390320754
-0.0184966061600746
-0.0128505805066657
0.00196271453940737
-0.00532660254134045
-0.0100312057019591
-0.00488528446486884
-0.00746473546079819
0.00767342283124999
0.00654236799035504
-0.0292421944177162
0.0112949294620368
-0.00725053544890756
0.0230101152559289
-0.00473497624914758
-0.00233474005064104
-0.00228888269492514
-0.000332566410267713
0.0042395216854403
-0.00216939653161675
-0.000428796059886436
0.0200440535135467
0.00314616132179706
-0.00257201940070625
-0.0050426054012443
0.00394458109036372
-0.00351262520880745
-0.00720466230800104
0.000412090466263717
-0.00867871544757841
-0.00533778971461171
-0.0042283406761451
-0.0123667153539526
-0.00273856724183752
0.00290511215910042
0.00517548182687335
0.0222748005814113
0.00418444126755633
-0.00583858368334101
-0.00894409980385636
-0.0214725446833365
0.00727107621628383
-0.00339448060580371
0.000451981238756336
0.0221899358730799
-0.0398035476237491
-0.013125940834273
-0.000434081149723269
-0.0553284908678874
0.00447459886641715
0.0516063362521875
0.00620874259652732
-0.000187750063836678
-0.00291993630768774
-0.0584651857986494
-0.0013014849515296
-0.0328166382653047
0.00114072680498004
0.000647856526311157
0.0444249218093272
-0.00233716880112127
-0.0205623507195525
-0.0218779838348753
0.00209715946827739
0.00446444207828152
0.0306237965650377
0.000837393096309935
0.0167644231005068
0.00626019633848531
0.0126668890428566
-0.000783423003624536
0.0392299453152907
0.0650754179523529
-0.0106423363627661
0.0212814142977654
0.00649833384429772
0.00837538264695056
0.00378981692976305
-0.0283735553828078
-0.0113448113118792
2.62449956628212e-05
-8.80523120936484e-05
-0.00450196362573628
-0.0172422923924482
-0.0320530672807049
0.0738530651224663
0.0120270753535036
-0.0220734064881577
-0.00258257741342829
-0.00528245597256077
0.000526863606008422
-0.0020489455099822
-0.00347715577988114
-0.013518897223504
0.00282450732923345
-0.000951680838735552
-0.00293865757370592
0.00438662232487581
-0.0024468361381754
0.00760757987925142
0.0119832918636356
0.00219259384590003
-0.0092801789965113
-0.00609944344155682
-0.0195420653407586
-0.00270835511896023
-4.55364386786651e-05
-0.00248669225344508
-0.0213201870978871
-0.0445630479747783
0.0254521915635861
0.00970213970989431
-0.00379910640813731
-0.0367939441648343
-0.0158372335893635
-0.0110090206538539
-0.0064385933674192
-0.0320144727388587
0.00370013209947483
-0.00983268050506099
-0.0101571575233729
0.00563175226499285
-0.019698895847553
0.042697409098114
0.00020773524339425
-0.0137025541581479
0.000611048226880474
0.00890199042945052
-0.0153619599566272
-0.00120500629199546
-0.00867038825287979
-0.0437367441765395
0.00427433264620796
0.00354507915720007
0.0109404256552304
0.00951122767565954
0.00629663810348214
0.00256566580531077
-0.010010328622228
0.0212417869400168
-0.00341839501323695
-0.0103891306482524
0.00218248028671977
-0.0114811772372256
-0.0155914659830227
0.000815034884035763
0.0673716555992576
-0.00756946220936921
-0.0142547076102714
-0.0842401230797291
0.0186808970479166
0.00634473084880271
0.00170597768821796
-0.00105478098450196
-0.00713235565056426
0.000645066912008182
-0.0131143023171568
0.00509720746472301
0.0133997880927526
-0.00425556294624391
0.000825526103949449
0.00225383851659882
-0.0181305592677123
0.00094970783415858
0.00597132039636815
0.0161382412280659
0.0479578283796316
-0.000705735175633879
0.00670038238630995
-0.00105772031431988
0.0124607754674743
0.00796789407472513
0.00202453077988566
-0.00183120798914261
0.0076657907395466
0.00429606372472688
0.00315397244876955
-0.0111918446613951
-0.00639569940979755
0.00550138041046194
0.0150155886805691
-0.0107825784919064
-0.00555191396698582
-0.00176010061923966
-0.00371788020315828
0.000240485044974257
0.0110863655673763
-0.0093422459050287
-0.00568736268176781
-0.00902743027830519
0.00884378795961425
0.0684730403730062
0.00577551794231113
-0.00307084716167388
0.00971310140489071
0.00464551996571535
-0.000853541755453594
0.00200701806619973
-0.0160316128341699
0.0132509264139805
-0.0607509359401088
-0.019789966934509
-0.00811547536725902
0.00349487433420178
-0.00156841433037057
0.0090346432190649
-0.00115625271028406
-0.00747976041355847
0.000331441126077212
-0.00265805812579765
-0.00075569498828916
0.000667719612470681
0.0288554051458332
-0.00306083549768585
0.00680563209957281
-0.014968340461574
0.00546359087108879
0.0217620704244889
0.0390059789888497
-0.000917888608796474
0.00720113511906435
0.00589652412051807
-0.00708972804247803
-0.0371609193935008
0.00421862314435382
-0.0118849292726408
-0.0251851299670663
0.0126144282953985
-0.00502519931314738
-0.00248419714996035
0.0285645542757514
0.0055983047488301
-0.00219679579621793
0.0104997792022427
0.0117984638464868
-0.00396606323471315
0.000962352005650598
0.000130437621903309
-0.0110184681265519
-0.00049883095558797
-0.00950162640709896
0.00480866061884494
0.00660024228611605
-0.000313088826040099
-0.00190390465026224
-0.000857630776742248
0.0017317710448023
0.00217585579499304
0.000775958597583124
-0.000724160197752134
-0.00048280864709491
-0.0195156331360536
0.00121300997904911
-0.00101990973648391
0.0255135767873068
0.0174547065930532
0.00897651127639873
-0.00306290112435093
-0.00232653751256839
-0.040971202880075
0.0107298700256506
0.0010539960290721
-0.00669889229014769
-0.00519982727995426
-0.00362637431803616
0.00571594762082398
0.00931013312199811
-0.000203261607026789
-0.00475124948388874
-0.0022971279287632
-0.00520154749866493
0.000848479896395111
0.00283999113401067
-0.00465273537626382
-0.0228719977302488
0.00955756254410804
-0.000723676422225721
-0.00242146893148459
-0.00316599348989646
0.00317440635542143
-0.000161515167830916
-0.00448984305947482
-0.00517965056427316
0.00191051493529821
0.00636232043551568
-0.0014211341446444
0.0315552718176437
-0.00199931386258931
0.00949845298611996
0.000533607941392327
-0.000676253539053479
-0.00708985231969102
0.00760522863424298
0.00128131868813454
-0.0002011528392193
-0.00635194845431063
0.00568873312796214
0.00148513103058626
-0.00273434265841434
8.43280266769504e-05
-0.00821188845027127
5.90108163021185e-05
0.00288775395475659
-0.0116185848642027
0.00174951261579423
-0.0237382510976336
-0.000680307841563396
-0.0118771380651567
0.00574980802513494
-0.026007685204537
-0.00292271034574741
0.00311683616433063
-0.00480607934901192
0.00555293076691191
-0.00683075909913605
-0.0046704430669241
0.0385027506921818
0.00816372939946179
0.00246762134595067
0.00190900747241695
-0.00426406645795661
0.00128395132327421
0.00496269200393963
-0.00257592292722208
0.000977161758418985
0.00839048050118814
-0.000951018305478958
-0.00346225686986989
-0.00193702091367536
-0.0037108322336501
-0.00399244674602638
0.00101836732731996
-0.0149670073010322
-0.00667651630035864
-0.0166563884911163
-0.00252295124738166
-0.00241964636946647
-0.0231324861468929
0.00133805729942358
-0.00111648240727226
-0.00305068315223325
-0.0112526844231465
-0.00101943190059168
0.00379292551843254
0.00145562374982193
0.0143713973545198
-0.00465289311922771
-0.00552495492283631
0.000736223707625645
-0.0103403661386793
-0.00782290217979151
-0.00125350806134456
0.000892019918782424
0.000594818805688598
-0.000280452107084624
-0.000925398547787493
-0.00676671571114858
0.00426619434271454
-0.00401114511319341
0.00231529385017423
0.00882936289729047
0.000723149044467728
0.00239416732046469
-0.000313800668139251
0.00450624369869319
-0.0026257891733951
0.00150999534528857
-0.00300062670454111
0.00467189575377695
0.00266569110652522
0.00143433239072786
-0.000564944426984264
-0.00285256909551462
-0.00176558593979279
-0.00103681023555257
0.00252892912607106
-0.000306715564800666
0.00181856447332006
-0.0249073066363867
-2.9327054356915e-05
-0.000643009750581878
0.00516333996705975
0.00167521146508747
0.000375786104908686
-0.00490118956140341
9.53957423225735e-05
-0.0256602207675934
-5.19867282469808e-05
0.00150019286493316
-0.00197689851587539
0.000228267849642676
-0.00248145653938537
0.000886813002084147
0.000712660135607882
-0.00556238690172334
0.0107536054449443
-0.00362147064653284
-0.000807465163899883
0.00058016976202125
4.69866448425912e-05
8.85576106962831e-05
0.000590764090113576
0.000546383748085081
-0.000166100923398053
0.000501509905349699
0.000223599306813781
0.00161073850328674
-0.00256454927511606
-0.00501773726012514
0.000630239307054763
-0.0146483681640549
-0.00212172472844106
0.00031385443764391
-0.00127447056999434
0.00147023930303222
-0.00254639416670947
0.00110895412672264
4.1236596011773e-05
-0.000522496778887271
-0.00330284873847902
0.000821427922041498
-0.00431037680411461
-0.00115436378886768
-0.000585170751673165
0.00113774303960718
-0.000734036230247924
0.00302121707565883
-0.00514686139993697
-0.00576795116106404
-0.00124881721850591
-0.000736015910059439
0.0021352090648662
0.00220867643562959
-0.00438484122378623
-0.00100825764195218
-0.000946094440698833
0.0208181402756569
0.000749769202934607
-0.0028035082675482
-0.00121482607339928
0.00036411467099026
-0.00273281844313994
0.00585035832570961
-0.00491377207547258
-0.00280174515929366
0.00131721293028156
0.00281453561538027
-0.0070780073227256
0.000619405085082459
-0.000869564903357221
-0.000484049592489785
0.000270728347662263
0.00100764498403693
0.00382601216994547
0.00430888796179888
-0.00077897031781974
-0.000229947558620196
-0.000216982005803239
-0.00109312888470317
-0.00102077553591051
0.000142186745779887
-0.000758413799285622
0.014037227709976
-0.000796195621168394
0.00470400022503361
0.00408289585895512
-0.00130770184032432
-0.000125696581508939
-0.000210101988626133
0.0219660000053735
0.002582255316927
-0.000419662818533506
0.000251680573193929
-0.00382406418600846
-0.00153699760115218
0.00196470612888497
0.00408711425596271
-0.00120377490853154
0.000854638286568233
0.000895949708380664
-0.000842569058389922
0.000304157196488541
0.000564534075539783
0.000574993294662722
0.00446398436039458
9.43841526528852e-05
-0.000722707316182908
0.000506303985579442
-0.00378022222534556
-0.00051433659362832
0.00127627145583274
0.000363118407377391
-0.00125795483969989
-0.00240125851610274
0.00381190089024302
-0.00363991857861559
0.00398868910127203
0.000845081641303493
-0.0263557935976168
0.000870260523300035
-0.00625927959842954
0.000910969021167127
5.67296794026731e-05
-0.000264042921447508
-0.000388783304129832
-0.000892536556405183
0.0156728134707344
-0.00346964443516128
-0.000392259551842719
0.00386698614716531
0.00141098021340359
0.00226936421829731
0.000609040228077771
0.000213025577380477
-4.35259690924712e-05
-0.00374034166966133
0.00111157670138586
0.000388241368840951
0.000129641715010106
0.000464751797737473
-0.000268500755354874
0.00237001209738756
-0.0005319102530807
-1.80005354552084e-05
-0.00108761878306397
0.0019504239600346
0.000416881400599762
-0.00210239694132173
0.000590835367648687
0.00112385547344383
-0.00121355680116317
-0.00132426841898827
0.00162033451575657
-0.000163783501312523
-0.00780595391059871
0.000297989797867472
4.56836683970351e-05
-0.00384066502001854
0.0017437785529762
-0.00219791580866739
0.00126373372562173
-0.00151895248073656
-0.00280739168626925
-5.01759309490929e-05
-0.00373314644370771
-0.0025643870917908
-0.00452323371670006
-0.000412759469465075
-0.00152412322947427
0.00803072576412487
-0.00104012403861111
0.00367157195412264
3.91165395471972e-05
6.00723592604576e-05
0.000303665459402425
0.000367151427676243
8.20820416678358e-05
-0.00192685211119567
-0.000551174921458618
-0.000211683243798382
0.00154967123677928
0.000118478483835041
-0.00253848498734889
-0.00121681216834561
0.00203653901671046
-0.000858896026228544
-0.000383788365368765
0.000814821823047677
0.000549433397986247
-0.000301513523001827
0.000494672968279954
0.00421551975688143
0.00379196965077518
-0.0020978131836068
0.000780600152816891
-0.00160499438169562
-0.0018116612505027
0.00165997109517678
0.00142488679363932
-0.000691308825829101
0.000576403847915109
0.00263228574579758
0.000634497972478452
0.00408363421370454
-0.000155362506914576
-0.00363326324689137
-0.000382812977332607
-0.000148475009339983
0.000583775502401163
-0.00521240904318868
-0.000441205952112145
0.00176411287638069
-0.000270303857290477
0.000726972194033579
-0.00128997446719235
0.00442629863243997
-0.000785410567022968
-0.000297621565700472
0.00010991869723989
0.000766621809578821
-0.000928787114157171
0.00229038614796912
-0.00197119815371883
-0.000149190314529759
-0.000197434394393438
0.00176829493828102
0.000171746581478057
-2.02230636941366e-05
-0.000488681634111447
0.00120749383785599
0.000234261892279975
-0.00105132155206733
0.00204378220251644
-0.000327596511102206
8.02210007787584e-05
-7.68642207611203e-05
-0.000381377412695375
-0.00323831961011072
6.32744410210435e-05
-0.000437030276570906
0.000166352247930207
-0.000421397799741196
-0.000947414398600757
-0.0012435121110375
-2.81004443067591e-05
0.000432611641593572
0.00107340308557974
-0.000436998981451502
0.000309310861451691
0.000170502564497504
-0.00669596053620744
-0.00147602641620241
0.000128789303193685
0.000164650657446633
0.0019865433183775
0.00115247493780119
0.000111794998318501
0.00269938334033928
-0.00127511946542485
3.26243395691918e-05
0.00316782127498339
-0.000496036955474173
0.000923668543101729
-0.000246310028286029
0.000225956869486996
0.000457046981400807
-0.000818248619257864
-0.000168781402110513
-0.00172873222791587
0.00186722885176731
-1.35131374990087e-05
-0.000762713087046441
-0.000587306394060171
-0.0013816140663285
8.08499686224676e-05
0.000764938230256585
0.000196097676234173
0.000330603689475195
-0.000296224172702503
0.0010525376412777
-0.000518603586154371
-0.000235736648005113
-0.00183226048666796
-0.00030344800338712
-0.000404602315026336
-0.000883285673899803
0.000252301546975239
-0.00110429665130361
0.0035446534299416
0.00149309676985547
-0.00183294717944661
-0.00304708023824677
0.00549224928542579
-8.64854096769223e-05
-0.00121722693329406
-0.00102883457184592
0.00218643246741987
2.3804431617472e-05
-0.000166683053870541
-0.00132555346985142
-0.000735171492688296
0.00190074035189703
-0.000592090659216446
0.00144597943858535
-0.000874682902103121
-0.0032360007864503
0.000244215439327325
0.000160952273713677
-0.000932561747489693
0.00166095603538303
-0.000126841453509722
0.000331267546165131
-0.000590921814624968
0.000951297760374719
0.000116204208874325
-0.000255678514018796
-0.000366062139030187
-0.000199047911831887
-0.000219960147925713
0.000105925209449021
-0.00101274248807242
0.00175526245927575
0.000167915292332665
-0.000614508044372433
0.000141799675000227
-0.000634327456261999
-9.54779618575245e-05
0.00051237756451547
0.000618549917545576
-0.000414552042448633
0.000803044970486759
0.000977278751045957
-0.00170149561863305
0.000316899129186879
4.20544867279752e-05
-0.000549682492341531
-0.000493353666909141
-0.00117421922622595
-0.000305119322509319
-0.000472476462323192
0.00137578590595505
0.000380490404192438
3.69356368678104e-05
0.000107024838568548
-0.000222832952162871
-0.000222852630084189
-0.000168763125508128
-9.98056948709522e-05
2.14541927886555e-05
-0.00146487028762101
0.00224691476709991
0.000202815947704113
4.82549250674516e-05
1.65134102093645e-05
-4.82451919777511e-05
-0.000375585276746854
0.000669420875466543
0.00113042316961254
0.000125356641508908
-0.00056314175402088
-0.00172200363071999
-0.000742145491352008
0.000196012603405968
0.00015681668478043
0.000268933778483208
-0.000273569650372812
-0.000703053143710636
-0.000122683828378149
-2.05638495868042e-06
-0.000415399869108833
-0.00233479540411619
2.03449537539596e-06
1.39471392240656e-05
-0.000224209365253992
-0.000469152046408588
-0.000280815082470079
-0.000444264788430563
5.3863281956775e-05
-2.0932433435281e-05
0.000136517229527661
-0.000238025311450852
-2.77643108466656e-05
-0.000188246179583707
3.28991058230864e-05
1.80930525588412e-05
-0.000804145890635171
0.000102596812300027
0.000392324567147496
0.000158061888915082
0.000839103856015223
-2.02410558167707e-05
-0.000513727791911996
4.75081652564866e-05
-0.000328711319724971
-2.65287898036973e-06
-0.000290623713769494
-0.000171230074071664
0.000564545785192902
0.00025759793390138
1.52340925517472e-05
-0.000199688803283211
9.32106962099611e-05
-2.54763788813612e-05
-0.000149405828068786
-0.000140421621666326
-0.000315881582346918
-0.000139257561702208
9.3775140837627e-05
0.000227797851742087
0.000125652021339864
8.09155125628867e-05
1.37127923858777e-05
-6.80013428078236e-05
0.00011726150423924
0.000110841625968766
1.15921611104388e-06
-0.000683247270756038
-0.00012309637750695
4.90271152006988e-05
5.62019688015091e-06
9.47948106212325e-05
0.000123021780011618
-0.000433143360366645
-0.000184943013117167
-4.96826819282093e-05
-4.93944877434875e-05
0.000405698494947382
-0.000112586173011087
0.000295229172669784
4.67844083431952e-05
-7.67265434740368e-05
-0.000235500725794961
-0.000362490142977427
-0.000172252435239996
-0.000356862869637866
-5.63103373184883e-05
-0.000724475363618622
-2.47684129059254e-05
-0.000493485248284837
0.00027751946416636
2.5916396888922e-06
0.000104435601116387
-1.97083604039092e-05
3.02288438903496e-06
2.04164605821561e-06
-5.5440968356388e-05
-1.84882212365758e-07
-1.18535744392422e-05
-8.44533151966956e-06
-6.03656183947433e-06
1.22069919126955e-05
-3.11998879855731e-05
-8.1418403470466e-05
6.69919565555848e-05
2.81161633962167e-06
0.000137986212700687
-0.000158072020037531
7.64924152439606e-05
-7.28574883207756e-05
-0.000394003970183906
-8.99015369620879e-05
-0.000144540248635214
-0.000108421937192909
-2.47276021280976e-05
3.88265586222169e-05
-3.60890044360931e-05
0.000166629123912109
-2.74548408112949e-05
4.50996087123655e-05
-4.12786938961412e-06
-0.000148951057895494
-1.09582051028215e-05
7.58188280349284e-06
7.89341921860865e-05
0.000332482856679431
3.84280738447077e-05
-2.25669099455571e-05
-2.29227782450238e-05
-3.47602025264604e-06
2.1172515827397e-05
-3.62206114457616e-05
-5.1334311857783e-05
-6.01430785301663e-06
-4.0190014214625e-05
-0.000151629594038535
5.2478729786109e-05
0.000107238457457425
2.65953708216405e-05
-6.67262246611444e-05
1.13725711982561e-05
-2.76995346911456e-05
7.38411413286415e-06
4.33410530490657e-05
4.20625953829879e-05
7.87046849351332e-06
6.1811185675906e-06
-3.79650624524698e-05
-1.75460560753831e-05
-3.87658249534481e-05
7.25422228323824e-05
2.68277415597655e-05
-2.68430823743563e-05
2.02979083479784e-05
4.1545700107122e-05
-1.03349053848123e-05
-2.70927683229173e-05
-1.77431328108121e-05
-3.77025740102988e-05
-2.34688203792239e-05
-2.82944618914547e-05
-7.12301126863556e-05
-7.82231643437953e-05
-6.53213190796878e-05
-3.2504892937152e-05
-3.10678010476182e-05
-3.34356380577018e-05
-4.39929490281508e-05
-1.74605373472285e-05
