-0.970533677471859
-0.980022652974685
-0.825832453488369
-0.617287489341623
-0.321028648898582
-0.136893419535203
-0.218612759698331
-0.258548543560016
-0.252710625696434
-0.215630852745842
-0.165460986769857
-0.0103933379808912
-0.0529656043698643
-0.0643650563192075
-0.123663428925982
-0.0694568035685948
-0.022370476221388
-0.11902064489176
-0.0484941700243044
-9.86468773465237e-06
0.00897333658404431
0.00196252732477491
-0.0225807521664551
-0.0224322800296791
0.0139379791936171
-0.0360873351416651
-0.0249808627390558
-0.0349454335066438
-0.0121961943216873
-0.0132000855801249
0.0141788319365091
0.00738128347324962
0.0189328641191201
0.00323909852227501
0.00515370093016891
0.0658776212053105
0.0171815869297953
0.00736339450761883
-0.00734223761620557
0.00234161494394126
-0.00676388741262764
-0.00536362202952545
-0.000928290790245641
0.0411628482023492
0.0238513285644517
-0.00173903996630037
0.0077469338526673
0.0013691049193581
-0.00124844025175694
0.00605402642949033
0.049645496722405
0.0453110167872134
-0.0108394041996323
-0.000439896165167907
0.0317118026657792
0.00080900245239538
0.0101764585410409
-0.000286264816423718
-0.0128378379467793
0.0493454434306888
0.0200198677026052
-0.00597009528813835
0.00043169679314076
0.00911048354596066
0.0242762865667418
0.0596152062748794
-0.0295421001540922
-0.000840904369022922
-0.010492904397385
0.00405780356133019
0.00388675116480847
0.0215353506349409
0.0096091421466818
-0.0105962592527744
-0.0108629225559992
0.0141329168577077
-0.00554512919544531
-0.00745833770968828
-0.00348593300503987
0.00128386184988347
0.0153616511949524
-0.000299454220559259
0.00180912053493674
0.0357966191545364
0.0103180517618452
0.00667934993655457
-0.0119372770988721
-0.0164201097681054
-0.00214987341423526
0.0283298792778341
0.000680985705009438
-0.00319013576909253
-0.0101670593437288
0.0249064824673699
0.0109579310734317
0.00538662711671669
-0.0158416872512268
-0.0463022827152242
-0.0239298224260632
0.0168662772288392
0.00981073659380695
0.0296343294532794
0.0160042931569199
0.0238870452665197
-0.00365584460660506
0.00251908380397212
0.00371621681807737
-0.018360004423319
-0.022311114637329
0.00568410965604635
-0.0323457288631176
0.0115674170323988
0.00397989915941273
0.0163081830431665
-0.00135913604822685
0.0276620880807496
0.00218966669034785
-0.00473139674239639
0.014109899512885
-0.00844326475582252
-0.00749390384169597
-0.0918537054551574
-0.00988550699180388
-0.00440209275562449
-0.015473260955709
-0.00372636334533139
0.0102979786463603
0.00607174871054722
0.0102017857980457
-0.00280967636351353
0.010576420212637
-0.0220536731506352
0.00385566836728912
-0.00300704936543364
0.0233415002946492
-0.0181074739659466
-0.0147307765747038
0.00394683821886915
-0.00493528940773857
-0.00153015904289572
-0.0112959264873143
0.0104112491537674
0.00947124635345165
0.00169783904827926
-0.00849053529318836
-0.00601385440392625
0.00587038942698427
-0.0298617784783128
0.01281002237655
-0.0200192915554018
0.00731160732054606
0.000119140794211424
0.00601841694446715
-0.00361182553287865
-0.0102261534126448
0.00579518728331984
0.000667225503058047
-0.00372664467420567
0.000358886498302572
-0.00732655735973743
-0.000478690644105109
-0.00789060562044529
-0.00175161947620591
-0.000295993837241455
-0.00661022372946517
-0.000382108128174072
-0.00506092912781393
-0.0106642413890789
0.00433862399633165
-0.0107316457366329
-0.00163350537223011
0.00629616330460455
-0.00905376048248365
-0.00518891078692907
0.000971209611241066
0.00970363853826886
0.00461007699472231
-0.0112347046268956
-0.00425497819419762
-0.00158581494641194
0.00413551406631816
0.00506151293537616
0.0152531061863265
0.00156748501812671
-0.00860455844729678
-0.0287553803921773
0.00360623783599827
-0.00520262463880073
0.013505948163106
-0.0056635687682462
-0.0330382849477564
0.00134441855372076
0.00402590777750897
-0.0065137222457042
-0.00773098545824579
-0.0181296488402987
0.0109166935550328
0.00473627458174873
0.0123671352301582
-0.00771711064582857
-0.034442995141344
-0.0129753851826838
-0.00297537044161495
0.0107428881241571
-0.00908613426929082
-0.00240986395408799
-0.00211346857637063
-0.0107340760724425
-0.0113112548825046
0.012928806725864
-0.00634838028693046
-0.0146002754848156
0.0158061525254421
0.00740235822360176
0.00909219962860527
-0.00221846170780052
0.00300102267215169
0.0211815362993782
0.0324133978698639
0.0038863629429626
-0.00628184842635036
-0.000513512721350869
0.0017265844235321
0.000362535857028565
0.0050000079413887
-0.00638064917066864
-0.0286760383868122
0.00327258160244899
-0.000312484679585474
-0.0084525059870981
-0.0025997363164707
-0.00451673931149207
0.0210540189884343
-0.00355747261449889
-0.000437527143778185
0.00331229624481951
-0.0154979825087985
0.00943077188717907
-0.00941032149563827
0.00538072819381198
-0.00490682829199823
0.0353857431428294
-0.0379556251132457
0.0019460012901565
0.00750638883347533
0.000776936564039941
0.00481765375997758
-0.00518240768497677
0.00223074094939661
-0.00919427072062854
0.00254067889537998
0.00023156484004535
0.00158726252961004
-0.00225755370666787
-0.0041624754734177
-2.72727474597415e-05
0.00775467625828921
-0.00330010983375051
-0.0126137576570091
-0.0197882578401758
-0.0294370171705944
0.000528954634281428
0.0010321293998785
-0.000117966975142813
0.000534924101373817
-0.00162612732585535
-0.000923665474357393
-0.00256812552482342
0.00726930081286861
-0.01653108021277
-0.000222406114832418
-0.00919218916774373
-0.00361043717761395
0.000196831429893851
-0.00302015591128394
-0.00146177810249013
0.000575468741239377
-0.00413511575164268
0.00387285638513439
0.00355474510712987
0.00210713929296161
-0.00411400605654395
-0.00471185097084506
0.00115887795329206
-0.000865910243469556
-0.000936553380110166
-0.0167960588366506
-0.0207935411267203
-0.0140821178511477
0.0047589538099291
0.000581680872770135
-0.00606908881315799
-5.12972687695751e-05
0.000556131677260993
-0.000236870831871838
8.3847714794106e-05
-8.1106495996047e-05
0.00168345091481881
-0.00128532766828027
0.00127571630278331
-0.00766582556784243
0.00793130765125096
0.00698384945906981
0.000614122539906738
-0.00535015208198136
0.00505488594172596
-0.00263350827997933
-0.00222872714940476
-0.00671607471342699
0.0017615762619702
0.00262975354175491
-0.00812529557183781
-0.00257609080147523
-0.000101565258937982
-0.00902414137846038
-0.00874221827823191
-0.00260904656194394
0.000212596690279804
-0.00011256796234105
-0.000494105207933844
0.00234182400794371
0.0100707071881401
0.00945843068363634
0.000913959274544205
0.00319821070417295
0.00970105147526661
0.00638023704290168
-0.00293140526419828
0.0159567018095601
0.0011287265190585
-0.00152477668649632
0.00580388239693458
-0.00179301397370013
0.00175181922070509
-0.000256810128880631
0.0148128244582792
0.0218412678245455
0.00260788175547876
-0.000515367311493623
0.00483915205217643
-0.0014096697820591
-0.00641016358829455
-0.000995086292740389
-0.00284295769371661
0.0120488999686253
0.00248752367457621
0.00244023659209974
-0.0161405999853948
-0.000674225867994687
-0.00341236461242319
-0.0124340294341716
-0.00421219707514518
-0.0259482721551731
0.000439575814499427
-1.25362884277051e-05
-0.00105711231937735
0.0116087943452881
-0.00454027997680998
-6.92275563797787e-05
0.000223059921761237
-0.0108138038687096
0.00471782296158251
-0.0078950772297078
0.000885927985029162
-0.00243002037927185
0.00256802384301084
0.00261548857786441
-0.00238494130592843
0.0094459376568592
0.0193664386927652
-0.00112340646008107
-0.005089705601278
0.00138038058292036
-0.00204457843903566
0.00603260602703331
-0.00660918652359364
0.00166798760934634
0.00194555902546188
-0.00024754597586495
-0.00305669012276175
0.00322491124685807
-0.03197920031576
-0.00238475673144829
-0.000901102250140119
-0.00126614885520428
0.00171261348560342
-0.00124055491390783
0.00273471575875656
0.000886458680700643
0.000884880329955272
-0.00437351565340616
0.00146611892090727
-0.00101942270246612
-0.008789167443801
-4.12815896543524e-05
-0.0070930958621998
-0.00442324063559523
-3.45362271298602e-05
-0.0027214641349682
0.000728448183027546
-0.00228139883462361
-0.00389265921184342
0.0105002445988005
-0.0147372850555565
-0.00110041328199204
0.00712222437614257
-0.0058220738799836
0.00113998670376432
0.00579273968273428
-0.00810045670299455
-0.0112383069760396
-0.000645258497611664
0.00427554125035482
0.00472769178204005
-0.000543791496333958
-0.0250718206248781
0.00143655344184227
-0.0211060327041055
0.000579085583262617
0.000837835137538142
-0.000704924263080932
0.0111510331361298
-0.000571431328465537
-0.000589508907865898
-0.00398815491579818
0.00130766465380653
-0.00359629877350974
0.016778975694451
-0.00234736281363932
-0.00190603518328101
0.000528061343746134
-0.0013754307816726
-0.000774223957437557
0.000824578594297746
-0.00351658023705984
0.000634003130153202
-0.00185343671793559
-8.88130628390923e-05
-0.000650078849180017
0.00243882496675198
0.00214035703509899
-0.000571373232758208
0.011924423420612
0.0210838802018016
0.0147717118986986
0.00147199621921067
-0.00105189526585712
-0.00499706398466613
0.0017378438349077
-0.00651280371181577
-0.00596590153821352
0.00538918090780287
-0.00408146598921814
0.00367228815496056
0.00197177202254104
-0.000429126070763951
-0.00146713471873766
0.00136885254011336
-0.0024691928375211
-0.000320015193267985
0.000121581476896008
0.0276860220104029
-0.00759544729643795
-0.000350242229075298
0.000391450226048177
-0.00746790707345188
-0.00977188389690912
0.000261684977452532
0.000275973167042542
0.00144951091274989
-5.98732847897961e-05
-0.00065973355036916
0.00115561326716125
0.00759449428580103
0.0174291367941386
1.23919913112727e-05
0.000116698903067928
0.000452272523978787
0.000795489726962971
-0.00330062825433674
-0.00365822224485335
-0.000565565627481144
0.000441608303762883
-0.000528921868797178
0.0104961569884406
-0.00543309392798445
-0.00461647953137743
-0.000100710109389753
0.00177956545500838
2.65417794917178e-05
0.000512834851893321
-0.00890822115684103
0.00181247813163829
0.000658906897731141
0.00245282799448163
0.00314328110119924
-0.000234062682930629
0.000816742214021301
-0.00574013631533979
-0.00839941993756824
-0.000847998400152168
-0.0249727544085793
0.00072775499242047
0.00108768459179553
0.00017003696851335
0.00196911035671449
0.0121884700765303
0.00341606576579742
0.013248100535803
-0.00657259918124926
-0.00682311120158104
-0.0202852238476967
-0.00556056622222469
-0.000133494667740634
-0.00146389999416692
-0.00136196767007999
-0.00533472342309942
-0.000657089783213278
0.00221839572371297
0.00368987931494352
0.0023187757103567
-0.00332202338245699
-0.00555128800661488
-0.00642821274467121
0.00661605387263629
-0.00563131038700348
-0.0188279321666479
0.00580515628330891
0.0336508533856341
0.000751940699320422
0.0052816750774152
0.000746160411803021
-0.00327091427859321
-7.2894065096982e-05
-0.00290926194653485
0.00171057781603411
-0.00465718740061117
0.000475046322656385
-0.00534086781254792
-0.0174299912208829
-0.000224446012862695
0.000663129349488415
6.15503507363704e-05
-0.00568397259393801
0.00462006563209425
-0.00312626080563285
-7.0117381105214e-05
0.00128696590386001
-0.00893454278006256
-0.000508627061276655
-0.00434846133864746
0.00201511174695267
0.000509971366983261
0.00251542290576446
-0.00516512483415491
0.00450662817469834
-0.00271743857826102
-0.00508841742583775
-0.00869443253154119
-0.00536611024520665
-0.00620846149493883
0.00175026467225041
-0.000286261902576674
0.000373465142978484
2.183963761116e-05
-0.000202471306789781
-0.00537687399248854
-0.00462608689565775
-0.00180595937943081
0.00381696796840769
0.0032760442796581
-0.000396600374285323
-0.000483859659113824
-0.00108155805896253
0.00301195283094926
-0.00964552451368562
0.00507990506297476
0.00125897723231257
-0.000633313232810685
0.000276898997010709
0.0023178976614829
0.000476549174216001
0.000550126545134394
0.000782793186564393
-0.00362999291964273
0.000646075240441208
4.31694795284556e-05
-0.00182040020746305
0.000119908320073016
0.000237381709705679
0.000329025362040028
0.000246095615394305
0.00206823654448288
-0.000751559357288299
0.000254581926531944
-0.00119089079941128
0.00105537719938572
0.00174315443221336
0.000192582076597733
-0.000459012676711297
-0.000397255237902754
0.00144596322960382
0.000717186035394612
-0.000539044578591959
-0.00077026929547556
-0.000579424612914773
0.00230317143679115
-0.000330614763887445
0.000335272081832775
-0.000442573448216366
-0.00263638309896194
-4.78107488327962e-05
0.000143699212328687
-0.000541033844497711
0.000781756691808021
-0.000168417005927251
-0.00765246717972058
0.000730917354793468
-0.00243929526999644
0.000817837065933883
0.00943239601571475
0.00298245759574671
-0.000631074303049082
4.64119518143822e-05
-0.00243197820909943
-0.00407028764506591
0.000771587844147725
0.00600925864054215
-5.98422413837366e-05
-0.000462676730347311
-0.000935578352993009
-0.00228649432622163
0.00775642710360101
0.00123130976974387
-0.033344293096219
0.00168150703219928
-0.000677116112665947
0.00157705218559826
-0.00276968550123933
-0.0287317354012863
0.00632782097385554
-0.0029230327268947
2.96954949657879e-05
-0.00450538699882179
-0.00486015263695192
-7.63245363152951e-05
-0.00768724020039877
-0.000369523232060532
0.000365280544417063
-7.59646385205094e-05
0.00249177376157429
0.000558637344182199
-0.0031723207566651
-0.000244029723867265
6.75093185461438e-05
-0.000917489575266413
-0.00216866240189761
0.000725244145800943
-0.000587824205821382
0.00119070899398314
-0.000434028758453392
-0.00260106781060602
-0.00177338667124133
-1.1360981458673e-06
0.00111954849112739
-0.00239453019407299
-0.0120007534002376
-0.000305898143043106
-0.000726973028522095
-0.00929973608015613
0.00509972623462097
-0.00300428092376431
-0.0037359969891045
-0.00662706520064748
-0.000504051698181324
0.000297100525455184
0.000228689449380355
0.00328939088781316
0.00580673725090404
0.00205278018506522
0.000311657609469506
0.00504406140528349
0.00378188277702199
0.000601975088522306
0.00299249467260806
-0.00119657992139763
-0.00217366686516459
0.00683404965557278
0.00195034556728199
-0.00406471884456864
-0.0084390529709217
0.00172718066374216
0.000473257244826704
-0.000427995064634777
0.000237553976251774
0.00137430236510334
-0.00711793151485516
0.00100425004914088
-0.000711209289762055
-0.00124595484566828
-0.00115599888328215
-0.000175464467081648
0.00113623179633199
0.000753231660112186
0.000566245963761418
0.00108527262364553
0.00707459160170585
0.000517057748307564
0.00108926566010768
4.16547974521706e-05
0.000331457331365998
0.00116781336456696
-0.00225642021598826
0.0002886400033333
-0.000806155893312758
-0.0016033378602911
-0.00130218344257074
0.000152906704537883
-0.000150082339032927
0.000731279583624055
-0.000440616315953432
-0.00244305682737458
-0.00145897901501115
5.46434328275804e-05
-0.000146587581565643
-0.000357341523735821
-0.000663914747502466
-0.00144681143117416
0.000174293474932554
0.000865459764937715
-0.000432251674681063
-0.000251739812910689
-0.00166646022749155
0.00183619492062927
0.00194883794251798
5.41567868378786e-05
0.00127034891575675
0.000286796657797134
0.000587751024600763
-0.00181709820302498
0.000259126298024994
-0.00133787038494168
0.000118811133823418
0.00041594371407176
-0.000867721732141456
-0.000175882328634496
0.00101188871172183
-0.000799552679594822
-0.00207743612701047
1.68832210786163e-05
-0.000596050057247891
4.00297851219141e-05
0.00046866934834306
0.000110572617995075
-0.000656992805181425
-0.000868991079000486
-0.000232462708444951
0.000309670644294208
0.00152642358110577
0.00399884581499257
0.000974717878915785
0.000865906603762177
-0.000143214197764912
9.70923832524159e-06
-0.000745003160115081
-0.00207081914067355
2.93143570638411e-05
-0.000133513069086195
0.00112438025129528
0.000123908670256419
0.000508985635297419
-6.24679254593419e-05
-0.000261443934334872
0.000436593875985803
0.00110577110661606
-0.00055098617617965
1.28659906875794e-05
0.000834667689933671
0.000114209749928452
0.000152783192575209
0.000628378646783168
6.43590904992494e-05
-0.000100422701833703
0.00238033567255356
0.00331156828154524
-0.00230854773983194
-0.000145166321307012
9.45283135200211e-05
0.000181343017747437
0.00161570120331121
0.0242519444465015
-0.00155619340171655
0.00179716051391755
-0.00207582386406834
-0.000310453965954157
0.000288517099251181
0.000783276940026369
-4.76282490614321e-05
4.11460701580866e-05
0.000946651716851076
-0.00166197487370702
0.000899664879790385
-0.000379657263542987
-0.000956871995688035
0.00266467931563446
0.00079875884333756
0.000824464491725015
7.65652398526787e-05
-0.000395841129512711
0.000438909884894976
0.000495771794803838
-4.55983807683447e-05
-0.00014734971807227
-0.00158242138327577
-0.000180857948543032
-0.000405213069731626
-0.000357080846710708
1.91206655765048e-05
0.000480823985673375
-0.000158275661082349
-0.000784425863026723
0.000234646795694888
-0.00137889247339054
-5.77301104682975e-05
0.000558953257183694
-0.00437370399594705
0.00014993741567593
-0.000182885294091153
-0.000294182136401731
0.000860351041087546
-0.000571272214631853
-0.000590299691593713
-0.000407828215883978
0.000140892992640925
0.000651476311664564
0.000389650910652428
0.000123397099873567
0.00165518079091329
0.000227655839925572
1.22717457800348e-05
-0.000652678991524838
-0.000795739238011074
-0.000909142712333109
-0.000579879751874092
-0.0018435697796002
0.000634239023605772
-0.00205939066288738
0.000301109979145067
0.00195941650307633
-0.000264578445216738
-0.000714473257613598
0.000860477565933728
0.000204640647239456
0.000316641005783233
0.000838829434159776
-0.000779448761055111
-0.00142669706455783
-0.00209129959997011
-0.0010569523002678
-0.000482737077584881
-0.00103683766030759
0.000153306123496747
-0.000790195132766083
8.77617621560416e-05
-0.000159624511135602
-0.00231629672802139
-0.000352784608081111
-0.00130287250666667
-0.000241276645000465
0.000274017272428274
-9.67920762717751e-05
0.00175745799930644
-0.000491460645793596
-0.000641504290786013
0.000420936897536143
-7.38659487935835e-05
0.000200022176278019
0.000491669458257862
0.00015722492171039
-0.000281804220617717
0.000384826944058715
-7.71789580080442e-05
-0.000249499999471804
-0.000463193216228794
-0.00230211644835466
-0.00189952996315504
0.000368374302924317
-0.000390347889305143
-0.00061911849070781
-0.000163828489577428
-5.47600651788008e-05
-0.00108128629843963
0.000522742447872604
-9.20479797521408e-05
-0.000397832180479405
0.0005202068083053
0.00131066022621841
0.000555033077493964
0.000281189989358158
-0.000126253611901205
0.000658575295710637
-0.000827679867108586
0.000102896103450068
-4.37787616204896e-05
-0.000584114294298812
-0.000666153307571758
7.63022152240902e-05
-0.000992809656765804
0.000160724368719841
0.000105954028034807
-7.5668939876747e-05
0.000246477568294076
-0.000926109795845097
-0.000690668198459065
-0.00134560045062132
0.000329450100005748
1.6343463606702e-05
0.00012881781626901
6.7073988547534e-05
-0.000248101347962518
-0.000107509785388935
9.97129548972255e-05
2.51433262311275e-05
-0.00010397353815774
-0.00148218444483866
0.00074894091708585
-0.000403624556425005
-0.00031376857436512
3.24310298031444e-05
-0.000100513014536931
-4.52705474417343e-05
-5.0990234028998e-05
-9.2960407993866e-05
1.04238859680739e-05
4.18683308898077e-05
0.000236467675176044
5.31757945570784e-05
-0.000907515134953402
8.3541654002799e-05
0.000204001107584501
-0.000230047941883401
-0.0007887711113883
-0.000579706377955142
0.000222069910934763
2.32167335708968e-05
-0.000183172766824268
-0.00013328466833143
-0.00012338224532684
6.1673384309061e-05
0.000361026303135506
0.000518429194039116
-7.63290764145989e-05
-8.41646770278943e-05
3.99895155276107e-05
-0.000326666900975098
0.000450261600606009
0.000150154590454432
0.000126418288918521
-0.000300227647907986
-0.000781301359380093
-0.000442560482402428
-0.000632660932541916
0.000282669063086767
-0.000176863314166145
-5.56469716741991e-05
0.000142818867972342
0.000215595738195985
-0.000223098771048047
4.07387980257026e-05
0.000694518774614129
0.000487482707251852
-0.000865622637444219
-0.000315904925062328
-0.000500121598192617
-0.00275842441020996
-6.31000344997728e-05
-0.0001155756976096
-0.000605025246537939
-0.000125505872315613
-0.000688263335666963
0.000525383081102028
-0.000438422937805623
-1.47730052913887e-05
-7.73817544436965e-05
0.000943471781767194
-0.000681048018129444
0.000199379877541157
-0.000522053127898139
-0.00223688255563773
-0.000168533634799085
-0.000158888893441427
-8.52650162408109e-05
-0.000638063547043052
-8.34114838333076e-05
-9.83589248104843e-05
0.000196275418476916
-0.000261718437325126
-2.97768255098955e-05
0.000185762672084192
0.000305936593962603
-9.47856007070076e-05
0.00017648119773225
-7.84074337778147e-05
0.000784553430577387
-3.94975712597144e-05
0.000191690539863839
-0.000442709750474845
2.85880249488399e-05
0.000295607212435588
0.000520587335287049
0.000235892783581862
-1.51588994212154e-05
-0.000151277785159166
-7.58850054567712e-05
-6.25585509553263e-05
-0.000224050598414632
-8.74970289386422e-05
-0.000111897934863263
-0.000337729639698225
-0.000303666500099911
-0.000205886942486332
-0.000809720513675168
-0.000511938682705087
-0.000416897652537922
-0.000226547220160697
