-0.989547706264768
-1.03963590330696
-0.494360571539209
-0.216450717112196
-0.0843825993561705
-0.0527915122298796
-0.0762795365863258
-0.183111487252208
-0.0791386735827076
-0.12544730747198
-0.0116002234129392
-0.016808247947794
-0.0505475744473732
-0.0427067862232604
-0.032786601673798
-0.00396451490727709
-0.0282193081097802
-0.0753386641926698
-0.0595448156661063
-0.0227672936680832
-0.00715297457710545
0.0270979287861654
0.0453076214801856
0.00880098707459263
-0.0129730778610328
-0.00218796597743298
-0.00811457925214452
-0.00199128191677407
-0.0163234314162212
-0.00986216961677322
-0.00624327518758582
-0.0102944054508676
0.0104941776445034
0.0332489962301022
0.00311320987482651
0.0209292964250123
-0.00168139474846211
-0.00191478378178741
0.0985093407399734
-0.0196637673445448
0.000381427732389673
0.00583616098746572
-0.00751705497437867
-0.00572592342202987
-0.00082706716538826
0.00683481973466941
0.0121657228326828
-0.0120035336664509
0.0234698901436204
-0.00367468826933875
0.0350566849096966
0.0960165873275484
-0.0701953410289432
-0.0360182198589475
-0.0170120843325203
-0.0329312793287604
-0.0390520823289962
-0.0230696046465714
-0.00548893426331792
-0.0216905396891699
0.00274415730813281
-0.0121680392949534
0.0383771676545945
-0.0045061653813598
0.0468092541279216
0.0108323058084999
-0.0050468894844247
-0.00510187892385488
-2.96529519445369e-05
0.0299278277417403
-0.00891766707899052
-0.0120878682709857
-0.00356409194945429
0.0279317000352434
0.0074856981850524
0.00491100085080607
0.00224244455528798
-0.00311635573504812
-0.0325909590895039
-0.00322420084305182
-0.0146031471925538
-0.00969473725779384
-0.0172564959910341
-0.00159935542238387
0.0184556711056435
-0.00915209449311166
-0.00785836559357301
-0.00372550801775001
0.00967020079249939
0.00634636525861919
-0.000802521284262443
-0.00237662945249182
-0.00737122602355888
0.0165397870959205
-0.00364493265808177
0.00056333602877612
-0.0181436618076605
-0.0273256296307217
0.00448018412295429
-0.0219745583432405
-0.0121261089628724
0.00214103599409941
-0.00712038610565724
-0.00264486425258117
0.0123733102746396
0.0188688731557106
0.00380357029459412
0.0195904591769344
-0.0226810586323307
-0.0208046371175598
6.86298031010758e-05
0.00645930261600049
0.00135646510711435
0.00860790379701147
-0.00650172670532606
-0.0131559232545996
0.00854341002026927
0.003472663553705
0.0093465779788519
0.00285542292961402
-0.000353826485048257
0.0125467091000728
-0.00283374499767746
-0.00522048315536261
0.0019032787760012
0.0176347812120724
-0.00281488443407566
0.025688921574094
-0.0239729734097118
-0.00699941979263173
0.0148306539614659
0.0165235661083253
-0.00259922058447539
0.00496777598316714
0.000220911598821403
-0.0118828965200921
0.00250439194439504
0.00337421775686153
0.0194961617012472
0.00272241119185153
-0.0019906234833483
-0.0135387556681121
-0.020197412068353
0.00995205170289916
-0.00817474455695388
0.0037729571866402
-0.00185476593039642
0.00780040907314346
-0.00399431835124789
-0.0203633674569649
0.00512599122349816
0.00935762340983386
-0.00195705424176315
0.00686893824831088
-0.00356688598434855
-0.00776405060832418
0.0417503942442942
0.00304177203811395
0.000116849373099724
-0.00204722740168816
0.00388466173025155
0.00067760924654724
0.00145094428633365
-0.030113679352915
-0.00648409597358196
-0.00173012862175673
-0.00165370330677107
-0.00174952599411151
-0.00399275475634059
-0.00484863853101425
0.0299037156938216
-0.0298296136305891
0.049437334078792
0.0208510207172967
-0.0114694975393107
-0.0183202825774887
-0.0025561056174787
-0.00578668948356473
0.00154434041170613
0.00214516583563813
-0.0177157417890634
0.00349961952454952
-0.0202027424722667
0.00905883014799642
-0.00214589769244638
-0.000726648170333397
-0.00603761572334941
0.000454674789111051
0.0173266368369233
0.00274756221086948
0.00430636695914302
-0.00205174170655957
0.00103819347959966
-0.00537211441422285
-0.000960425460484277
-0.00406719449385973
0.00118752399101071
0.00864963766795458
0.0137017855323277
-0.00785818368983256
-0.00735768729032167
-0.00125831801572083
-0.00333487385110865
0.0210552175656257
-0.000617270674784669
-0.00483994403480833
-0.001259522742967
-0.0111303966991075
-0.00874795527650934
-0.0093428988177658
0.000813007232868136
-0.000308517708413907
-0.0117291028627132
-0.00116877621507298
-0.00108820274330623
-0.00016658509663943
-0.00208281402074923
0.0236105887440893
-0.00153654547951052
0.00767077473798449
-0.000107372764039656
0.0153737210894243
0.0091750510196258
0.000698535772798257
0.010455968076344
-0.00341661981799412
-0.000205521746907071
-0.00329314737591201
-0.00107392101092677
0.00868702354161867
-0.00540394217902871
0.00449102867717693
0.0100314531201983
-0.00601601064662201
-0.00451776849238797
-0.00627874558878001
-0.00467218533140145
-0.00579538265579868
0.000589585566546346
0.00915279788270474
0.00481660497330156
-0.000394075755059984
0.000101536734704925
0.00371161517604034
-6.50708835744267e-05
-0.00229507501146881
0.00384717128881248
0.00541169864605089
-0.0108447519574839
-0.00532055033603343
0.000531080008776298
-0.00788346174477214
0.00240555156950857
0.000823354639336762
-0.00157630218635914
-0.00840522513582623
0.0158892527666705
-0.00478123863001237
0.00083484600756038
-0.00829638677722453
-0.0155322494244539
0.0258997832797006
-0.00054132899293235
-0.00083042108368144
-0.00527621782262333
-0.0063944932152898
-0.00483146721802061
3.25233076695942e-05
-0.00343893574205521
0.000107707320032327
-0.000477807483022477
-0.0100600968519565
0.00171760796576471
-0.0144384848493027
-0.000885970632522882
-0.00669209525316165
-0.00287723279512372
0.0102183880726969
0.0163090757228248
-0.00132496611533073
-0.002800662567113
-0.00283948991698822
0.00148680575098022
-0.00565541966936338
-0.00638931324487506
-0.0017248170528025
-0.00224183221652878
0.000802824795025078
-0.0141669297481627
-0.00833297529948513
-0.00320049336167855
0.000127836370407363
0.00442902958198321
0.0105434592886487
-0.00972433095650765
-0.00565232247200723
0.000999736730281351
0.003105645034788
0.00112602727440619
0.0159013064930664
0.000688252352142649
-0.000576584294529015
0.00541532087154967
-0.0077454093397708
-0.00931778713755301
0.000735463512823319
-0.00226875542406797
-0.00171295475448
0.0118983940463009
0.0167838881768498
-0.00566412681739798
-0.0182804123567791
0.000426343946392502
0.00190082568024337
-0.00442350374332986
0.000776839635198282
-0.0029220638762743
0.00175990071314664
0.0100538681138223
-0.000494340676098681
0.00113568394341238
-0.0112003493815337
-0.00610711917746094
0.000493008252613475
0.0114468198586844
0.00125592010723445
0.00250884828880388
0.000219309834043043
-0.00357290497029051
-0.000937580417592474
-0.00396669956608078
0.0181808876513206
-0.00243094529820396
-0.00213170864498123
-0.00411969704905627
-0.00673868555030891
-0.00763651421737072
-0.0116458440015425
-0.00686771636946136
-0.001539849477458
-3.81616325223536e-05
-0.00882766091456185
0.00391333615761541
-0.00348138671777948
1.73868060830812e-05
1.06084403143562e-05
-0.0064920610349571
-0.00458667060831556
0.0031493045426495
-0.00185177789782396
-0.00404104398261655
-0.00201241962666645
-0.000376297735716319
-0.00153001069719786
-0.000994884234978911
-0.00065411344603747
-0.0356780841845602
0.00424493888931825
0.000164873159414314
0.00116826989401488
-0.00161332801892133
0.00530067046437431
0.0052728550010707
1.1724319323399e-05
-0.0047126215308996
-0.00574306189984724
-0.0164175496912489
-0.00405614250705744
-0.00576024025592938
-0.00257031157344153
-0.00346605767775316
0.000854537831930621
0.00138906425991734
-0.000945672711671925
0.000512744910536366
0.00812590511957164
0.00232533840321041
-0.00426737270552471
0.0221301382979736
0.00189076475985226
0.000287121932361645
-0.00328745861237808
0.00535311194223816
0.00218002040119683
-0.0035168050500439
-0.000855203850172407
-0.00522775461771319
0.000366330505781503
0.00210461521102931
0.000144685699352929
1.25835087177659e-06
-0.000754795550119639
5.86908376446979e-06
0.00258880267041276
-0.00859669881577761
0.00368458563454067
-0.000876771070983489
0.00269347035880351
-0.00484822549464127
-0.00166021538266254
-0.00255504702950716
-0.00925611494247726
0.000451320404807797
-0.00187649012889555
0.00314923518893237
-0.00423172689227436
-0.00139560216762958
0.00263567220896741
-0.00395564595302047
-0.00134973766864357
-0.0010446073503668
-0.00183132709323351
0.00229101748910379
-0.00292903182435304
0.000872232759377468
0.000213876659794098
0.0010462569899986
0.00134520502554272
0.00106004168487191
0.00253711006173477
-0.00371657591053105
-0.00211573462821377
0.00211025060491979
0.000107273481524648
-0.000671667699112854
-0.00178932986655511
0.00178626754413188
0.00303861121107586
-3.02937190123594e-05
-0.000525405821557828
-0.00107310473350404
-0.000551288892408993
0.00108730232778082
0.000271943819029321
-0.00371487907131381
-0.00546378695847649
0.00315760433622735
-0.00317908848768016
-0.00129456680097192
0.000424871993013814
-0.00443049357843317
0.000351620700427822
0.00170471476452712
0.000504912966801734
0.000587069015002708
0.00113944311179644
0.00118736731201113
0.000493277439242738
0.000248631686739353
-0.00280344956082132
0.000825354189559885
-0.00181509219529117
0.000117168870928019
0.000481678538784144
-6.69723773118355e-05
-0.0003350900445975
-0.000140886675113972
0.00180380687789022
-0.000317687504350914
-0.000293468236845095
-0.000401561713462247
-0.000240659576322976
0.000355094293623902
-0.00031130294124326
0.00108209318721358
0.000885229089630128
0.000868487809034422
-0.000123740371817473
0.000127812315251398
-6.81065291447469e-05
0.00100146144248966
-7.30769593643695e-05
-0.000771146701606256
-0.000845828888994415
-7.28044183376665e-05
0.00216911225606839
-0.000274075970865667
-0.00127097374005374
0.000109667717437055
0.000371512858571362
0.000493085036325152
0.00067738790940574
0.00118010724317599
0.000314873512040493
-0.00114518069259385
-0.0012790194166258
-0.00294078318294355
-0.00159438602571093
-0.00165349788574881
0.000947212955678601
-0.000253980180119131
-0.000303568663500019
6.69044997317377e-05
0.00035595607279937
0.000686015120503284
0.000401147487520055
0.00138964131847458
-0.00248908217918559
-0.00196733320144005
1.2823476272286e-05
-0.000135434946689421
-2.98299386380912e-05
-0.00140567263351144
-9.26507470492403e-05
-0.000226076096114512
0.000319016436799485
-0.00034726859366136
-0.00113094835878908
-0.00162024334615376
-0.00180125421736737
-0.00144898549573728
-0.000989042858339764
-0.000857921593088041
