-0.970086704703806
-0.893321501991047
-0.689762805041982
-0.576223374986066
-0.381755748648544
-0.09497734563639
-0.0613171562962507
-0.106975341119466
-0.101522531298354
-0.0906787796914668
-0.0412523984915368
-0.0398603527161425
-0.0691256196732858
-0.0597392912858384
-0.105979610177632
-0.0389553949295634
0.00960525940218564
-0.00656185921237431
-0.0391643050245394
-0.0412447498006845
-0.0698314987027996
-0.0531024570853638
0.00804489809771533
0.0196119793106663
0.0468235151678828
0.00413889025116361
-0.00747754000826718
0.00471655734544494
-0.000188257729549767
0.013522439593145
0.0808963225199574
0.00361401702479572
-0.0089207681526848
0.018685280340195
-0.0120800872196314
0.0198162816006024
-0.0409002015247913
0.0411198894754221
0.00748170761274806
0.0174749518046266
0.0134225376543859
-0.00144616005184748
-0.00676070627516237
0.0245762397741398
-0.0152607717801875
-0.000931476165860446
-0.0078644308385277
-0.0110450032893492
-0.0302537546298117
0.0352773022145557
-0.00347502504764655
-0.0149954257255251
-0.00837668612737548
0.00798850154915806
0.0215161250129875
0.0239637007828619
0.00684243272565654
-0.000469044202562874
-0.000756194598637748
-0.0177459759833976
-0.00874243437791922
0.00789735586686079
0.00546085919115991
0.0194409911656113
-0.0363025595974653
0.0334864415265903
0.0268970530546878
-0.0060804356704466
0.00123066632773411
-0.0181942232553955
0.00698780251053929
-0.00176839780236009
-0.00759426449921847
-0.000678328503491467
-0.00478322298908811
0.00214896676865547
0.0288974249523934
-0.00509604218207539
-0.00935287240431261
0.00166552153358091
-0.011487912447465
-0.00144418705033786
0.00387478345569497
-0.0149131129349762
0.014950772253252
0.0633996119661982
-0.00700237556240479
0.037290005578039
-0.00662517171948158
-0.00902954170954906
-0.00830195752936068
-0.00957999191335018
0.00692384721695739
-0.00968051860974225
-0.00670962539388888
0.00159334582281452
-0.0370806072153617
0.00985134631414439
-0.00694358439518424
-0.00614597377573744
0.00511095051971748
0.00601974231219145
-0.00250071573159683
0.0592544868702177
-0.0108948234670663
-0.00434170685725607
0.0227886952611346
-0.0346906597089801
0.00175422920505694
-0.0338311524251429
-0.0199989842283018
0.00114182612335406
-0.0203665208690146
0.0466069797011698
-0.0105402710408721
0.000676947970843417
0.0204767712513267
-0.0139951867264439
-0.017604820576087
-0.00274828497705911
-0.0382949031875669
-0.0263611140963657
0.00231300668180341
0.0024408303492145
0.0157249438242018
-0.0355153043232809
0.000508485614898045
0.0159816137650076
0.0130443236031735
-0.000199493695710888
-0.019499468876607
0.00169813886335818
-0.019138979760878
0.0117945309177949
-0.00233409787350427
0.0158046263513715
0.0313026511811729
-0.0142374652562399
-0.0417402763537011
0.0037004703282722
-0.0179416088807593
0.00542901703277775
0.000525652137057027
0.0017430754891592
-0.0543100967082452
-0.00438736858647851
-0.00935612096240878
0.00581577507861794
-0.00101857213312986
0.000534121714041708
-0.0194558954995984
0.0148961923972017
0.000690245052685589
0.0206792084452344
-0.00109489891543128
-0.000572710678857773
0.0381126461630805
0.000106066222269345
0.0199339431137059
0.0492384590982138
-0.00871404739927992
-0.0931893568825662
-0.0246009209267896
0.0235116253013053
0.00457042580407549
0.0263265124036713
0.00193844614052347
0.00954245967674963
0.0245002368482637
0.00324111450834091
0.022747621785219
0.00701670597849547
-0.00926409980290093
-0.00769804238720192
-0.00439699215047054
0.00837200904058755
0.00419635723933961
-0.0314979453405974
-0.0127430572213711
0.0120618488671662
-0.0110867973821248
-0.00366683195717918
0.00799418261574991
-0.00783780947356658
-0.0195011856663575
-0.00144065606436083
-0.0381810941458677
-0.0434315702214441
-0.00378389465579517
0.0217686028563526
0.0148471330446439
-0.0480292644547403
-0.000967177161233779
0.0225878493227567
0.0145898267276709
0.00350467459132919
0.00891953376457231
-0.0404185166750658
0.00117803479043609
-0.0604353530079153
0.0281641192313205
0.00153315202128123
0.0115962499291817
-0.00808599567016372
0.00113006398119213
-0.00219521377014742
0.0323506267840388
0.00791485575514934
0.0310815137948718
-0.000876964605774008
-0.00939849041988383
-0.0122947225643513
-0.00631061657058331
-0.0154270353028306
-0.00239273125331464
-0.0147932786210895
0.00795613340929601
-0.0587143411046232
-0.00811345305465047
0.00249281660341613
-0.00739826794087385
-0.00348094235809524
0.00310059183980726
0.00148895003798633
0.00110481011048781
0.00549062759243605
0.0354793802804831
-0.000785740925618635
0.0026126352827367
-0.0201885724406702
0.0184649777374414
-0.0230791369791053
-0.00389267116085346
-0.00779695210458443
-0.0226711851242235
-0.00479938067502209
-0.0140706733466217
-0.0134559160194296
-0.0178674818440979
0.000469120872377294
-0.0117964650631766
0.00771750265358325
0.00962530108160555
0.00924368369542025
-0.011299984994346
0.000855244262013474
-0.00539031494376056
-0.011646989669546
-0.00616564096732461
-0.0188121372741342
0.0013186950547467
0.0039093659384073
0.0167678046993858
0.0178512376856091
0.00492801169288751
-0.0132515365892016
0.00139949598925765
-0.0141644869682088
-0.0180520803032472
0.000743563827338692
-0.0103336007683897
0.00360283106739812
-0.0161227267073641
-0.00552568480080771
0.00939878687147153
0.00964207323003073
-0.0282468609859904
-0.00220164252316286
-0.00526897374942314
-0.010299837711453
0.0348876150147744
-0.00727870251138596
-0.00939667884902495
0.000138683924639706
-0.00378151754298556
-0.00226420072056017
0.0229559711075287
0.00122951567615863
-0.0268665091716384
-0.0194527102661891
-0.00576971329783055
-0.0527495076965941
-0.000134984459889421
0.0237605776251804
-0.00829745320447613
0.0163874914835492
-0.0295559336692342
0.0010045097926884
0.0286664657116091
-0.0143960016830527
-0.00195251149752846
0.00769247553726231
0.00236337071085344
0.000446408144876393
-0.00157226234435081
0.0183482585281579
-0.0167299013827116
-0.0218638765486416
-0.0034932444316535
0.0059943949320921
-0.011578310591921
0.000899884581176208
-0.00840363353420706
0.00342793321025976
0.00122498301936661
0.0106780370020691
0.00985839222676464
-0.00959268856057507
0.0121222912744028
-0.0169211881945749
-0.000348855271826264
0.00853225762225174
0.0186630897589439
-0.00665221585801054
0.00996128568008289
-0.00273900094174597
0.0147767343190708
0.000722185540455643
-0.0103181815119995
-0.00313829619066839
-0.00312114028092628
-0.0106987380558983
-0.0113765993474556
-0.0135547408993454
-0.00448616776282492
-0.0191595022290743
0.00222840977677498
-0.00548052279758348
-0.00190063756003786
0.00315335197948786
0.000684345235661679
-0.00642124533795289
-0.0162432070719207
0.0120810997226364
-0.0212594151703197
0.0249609935298858
-0.00178209928981147
-0.0102115315872752
0.00348448248725086
0.0473422179360044
-0.00671007215941957
0.0260443744007637
-0.00136271921712777
-0.00741200920560876
-0.0023740864324033
-0.00565503836228184
-0.0258307793342488
0.00174424844467399
-0.00355558554478489
-0.00059271968854207
0.00122278488795092
-0.00323166950005166
-0.00290766799491352
-0.00988205833468216
0.0169731734902113
0.000655963591695223
-0.0240838105059318
0.011431414924805
0.007478769848108
-0.0128005145272166
0.00245919787226593
-0.00115175036494954
0.00474857207481363
-0.00812883691182676
-0.000887459106238136
-0.00613519863676846
0.0136523891727557
0.0290307616873767
0.00257262621141778
-0.0215196963362817
0.0600978821643951
0.00714623307676569
0.00656875220661142
-0.0048503945062546
-0.00142775493127535
0.0144055130954282
0.0112079917811707
0.00918055671356494
0.0063023277977516
-0.0282489026905667
0.00196732175932564
0.00132620742652419
-0.0103771737438329
0.00243833964646534
-0.00854230405186999
-0.00483797687605526
-0.00433406969504654
-0.00993742873053699
0.00661831144825372
0.000512013968018228
-0.00466341093015945
0.00204534606465884
-0.00259839300582859
0.00356545316366793
-0.00906097126788008
-0.0015360257560123
0.0037238716828909
-0.00100140626423861
-0.0035355000297366
-0.00178011478787383
-0.0021081889410775
0.0164289420720295
-0.00942599669210763
-0.00861249416757867
-0.019299958298187
0.00475018842209738
-0.00105670719450828
-0.00918682635666681
-0.000809540869219028
0.0285239531473934
0.0055488055861693
0.0108500456868037
0.0115683752141183
0.0083096800208197
0.00397816127214533
0.00384746318780649
0.000768923257055242
0.00134971910146313
0.00590842454791541
0.00206960845592898
-0.000717122644443938
0.000999259183117587
-0.0117981921598417
-0.000131000790152627
0.00219347402361897
0.0117755146659234
-0.0127562514587809
0.00545277699453177
0.0204589094142815
5.32478325901306e-05
2.88090776957152e-05
-0.00501665838776078
0.00559470026048976
-0.0109409957004387
-0.000673569097448233
0.0028651816527101
-0.000141191541207342
-0.00180099256220519
0.00178349371383715
0.000627158804494387
0.00109563748901174
0.00203837433067084
-0.000443174971936862
-0.0026731240704931
-0.0170219451073221
-0.00865097937677775
0.00257310425832013
0.00504467467012342
0.00825885750086967
0.000941606479531814
0.000841900186506309
0.00251840922824565
0.00543981491620926
-0.000895585269159214
-0.00242170114354705
0.000472143759334781
0.00540437825449241
-0.000743037476265767
0.00162331845365411
0.0024885817496628
-0.00419136896981315
-0.00334693246508834
0.00137070759863827
0.000397160344021547
0.000802963824294672
0.00137562397828285
-0.000578533791012566
-0.00120646116411841
0.00122506434428735
-0.00118131731286525
0.000550291956361425
0.00015479755079113
-0.00235916293856103
0.00484813103066499
-0.000435637700706061
-0.000698745660937201
-0.00331203007261826
0.00203380449431655
0.00085911310416596
-0.000623421749472913
-2.04965864395318e-05
-0.00544906148910527
-0.00769320482687854
-0.00158174956843117
0.000158244942638477
0.000222322733674376
0.00127059242110477
0.00228142466756912
-0.00171195028498045
-0.000149753305138905
-1.57927695541401e-05
-0.000255601508398384
-0.00091261691700465
0.00108548090391252
-0.00167679851429435
0.000967422253114941
0.000108708899553206
-0.00177901683335825
0.000827487732129889
-8.13221808986845e-05
0.000634486415631532
0.000245960058174639
0.000868594923504566
0.000291518706150628
-0.0010335303848655
-0.00117430941748953
-0.000489217287093467
-0.00049278469153376
-0.000976383944590646
-0.00163427698627923
-0.00132304989999729
-0.00137571813771766
-0.000830802939616095
