-0.985894736280691
-0.936874524416677
-0.658668109966162
-0.423611638890559
-0.111520891860284
-0.0413214479800822
-0.00555767120079458
-0.0282049843809463
-0.103554338055948
-0.102284017266093
0.0352923009740159
-0.00509339739846427
-0.000855736864437545
-0.0227598211121853
-0.0537130161291796
-0.0298697208386402
-0.0279108551311977
-0.0512988269778758
0.00247914280490091
0.0069757770410055
0.0385965401446426
0.0027180464944657
0.0156547897923146
0.0021587969806058
-0.0499406597942446
-0.0836271141830451
-0.0676931658723764
-0.00648342546886298
0.0140195779797069
0.0512039685995149
0.0176802018872919
-0.0136725134458256
-0.00452194262738415
-0.00702942843236698
-0.0187413535283718
-0.00569153639694049
-0.00361820536156054
-0.00346106650521272
0.044457006600015
0.00591419672228242
-0.0175085616546403
-0.0980332884361927
0.0231942120427272
0.00627149226984445
-0.00616406141596561
-0.0171595914291611
0.0047243506469488
0.0643281341954995
-0.00875188196468351
0.0224273310691459
-0.0182520623328606
0.000839977586036688
0.00284316297377279
-0.0148757693527121
-0.0178637686099485
-0.00320984547711448
-0.00772384237094677
-0.0321529687480494
-0.00480508173324364
0.000317197945044716
0.00740157360578753
-0.00713783399363876
0.00416792420071658
0.0151595207229609
-0.00133054087599136
0.0471339381534882
0.00927931595208745
0.0150108407500772
0.0102957508240922
-0.00624165769567666
0.0132668188715677
-0.0107264703684431
-0.00121830736999207
0.0150437963528516
0.00116498107018843
0.0198379540996427
0.00235683904835769
-0.0185540244206908
0.011156330245325
-0.000619235623150129
-0.0167446654792195
-0.0385277218399784
0.000643638476041072
0.0194672217694441
0.00223727452823702
0.0768490596048549
0.00172187309911834
-0.00502211986633267
0.016150939679495
0.0121451660923606
-0.026967461372968
-0.00742627699096938
-0.00326963641593199
0.0150212302212576
-0.00355810568862715
-0.0337011762007685
-0.00949922189450711
-0.0176646960062299
0.0807497059406423
-0.0158925921765274
0.00582514680776919
-0.00953551604146505
0.00394446957453631
0.0164480640215407
0.0207442750430896
-0.0195566314876374
-0.0133941158260528
0.00800758340474326
0.00819747884342715
-0.00245947360838071
-0.00130036098140786
-0.0375619340927174
-0.0151076606080308
-0.0252112373611755
-0.00133862493555627
0.0394519402325241
0.00848266327907279
0.0184971361239673
-0.0558244721343423
0.0750605422235813
0.00103141287299243
-0.00947117569920079
-0.0213056188188785
-0.0107512109656271
-0.00464837317809961
0.0456804261019613
-0.00949466711389711
0.000109113021273381
-0.000832055882164267
0.0106325498615057
-0.0233399375774932
0.0027454439967645
-0.00638706335177198
-0.0256621544631269
0.00863169084709042
-0.00223278803881296
-0.0204119031145103
-0.0330200851244408
0.0150809570648354
-0.0197536543490485
-0.0231427192965133
0.0246751378655926
0.0113894880812121
0.0155577873304473
0.00986416427370491
0.0296913677024707
0.0509229760034496
-0.0043215188759774
-0.00153855715470636
-0.011969313605406
0.00870337683484469
-0.0256365993283303
-0.0611691847510445
0.0700252322061586
-0.00310351857194529
0.0555584300466007
0.0108533050777725
-0.0571400801970035
-0.0713291729034556
-0.019344340617991
-0.0629775366154152
-0.0629833666956852
0.0182336013283863
-0.0823347307493709
0.00254847733034138
0.00084865439624336
0.0266382121123468
-0.0284861795918488
-0.00360889006663167
0.0115909422795716
-0.00377031870319164
0.00961592838089066
0.0445465823954352
9.85043299728929e-05
-0.112653748896113
0.0223022911662834
-0.00832039725366668
0.00754123714612096
0.022835501713942
-0.00620783980937036
-0.142986781348385
-0.00474497715281823
-0.00350446361193309
0.0273820433206396
0.0178721191875786
-0.00199467920730289
-0.0436249476288788
-0.0256216919229494
-0.0180119697731781
0.00239541669798764
-0.0228519834488125
0.0422669698862644
-0.0627554786830469
0.00369034369403692
-0.000464555878095782
-0.0119976327498454
0.0200607248626207
4.34845155925657e-05
0.0282947301290685
-0.00276924216714703
0.0092542650700712
-0.00161927761853558
-0.0324252668397174
-0.00345131983013651
-0.00324771358752708
0.013177090804007
0.00235981455722876
0.00334818363766922
0.000740807371570532
4.56628058471063e-05
0.00499195774804593
0.011345928990612
-0.0257539747120664
-0.00914177298713332
0.00400063268353574
0.00815691745610362
0.0385749758728866
0.0502728868322385
0.025138171949504
-0.000474931629100955
0.0057618504038453
-0.00454081126903274
-0.0390379844866728
-0.0115371237068065
-0.0237521504195385
-0.00479820119104379
-0.00490885673736904
0.00130168831473073
0.0728465084209831
-0.0331765254380216
-0.0169093157822404
0.0149684013202369
0.0253288016623206
0.00240950463878239
-0.0121155436051336
-0.0256650942158993
0.000539731959401808
-0.00433206801002135
-0.00776949396803882
-0.0258766860789866
-0.000825138574737517
-0.0443335224928936
0.00583480501565096
-0.00037597444634345
0.000660599734965171
-0.00101946719949533
0.000346321762444216
-0.00246953755469759
-0.0224032061730827
0.00236767712265406
-0.00154971712256895
-0.00223118379626724
0.0223914197947666
-0.00394054516335105
0.0157655767589448
-0.0110384150252006
0.0203697072181119
-0.000453310909936323
0.0101426099481463
0.026890748547673
0.00352395309429232
0.00415252445340377
-6.08051536376504e-05
0.00270070737057738
-0.010518303584975
-0.00636461606622372
0.00425906461895856
0.000902600583123664
-0.007377949284123
-0.0128034911414933
0.00632188786860718
-0.00230539357131154
0.00370476718775715
-0.00740031061216606
0.0115669609737401
-0.0431287053510418
0.00742132356779091
-0.0128098812523527
-0.0205619357106667
-0.00124315059136325
-0.00158534757023681
-0.00267657726865068
0.0102016460071695
-0.0132943038806269
-0.0058599283001254
0.000995905101661004
-0.0136751311218356
-0.00661669924013385
0.0021978861828027
-0.00935800831838558
0.00379052857561015
-0.000924181112973918
0.00024404409312631
0.00661656534023257
0.00955839567107435
-0.00279276187967711
-0.00431732618961892
0.00813749510095203
0.000686053416559744
-0.00328106491752571
-0.000342841543430628
0.00183224895822961
-0.019867755528999
0.0266714619822232
-0.0119177385735596
0.00459652464449892
-0.00652332489004008
-0.00136296291595534
0.00633677617167115
0.000989077556047905
-0.00997016352151546
-9.76054401547882e-05
-0.0076452508033923
-0.00589913155045653
0.0133058390427929
0.00847485084352865
-0.00657633863576184
-0.0124364390688071
-0.0226798787677478
-0.000634027683477065
0.000479547949681306
0.0150514463045608
0.00575889171055076
-0.00770820780439436
0.000606420929460484
0.00716146895198735
-0.0101692272193327
-0.00459439940419906
-0.00268725312514752
0.000652327085139613
0.00132053938887793
-0.000456467249269145
-5.73128204781844e-05
0.00657640990985638
-0.00410171273824733
-0.00529571298431582
0.00487930048857625
-0.0728137876003162
0.00516972257621465
0.00448702080426162
-0.0149589429432847
-0.0235991990892467
-0.0289634660458488
-0.0118448430307747
0.00190172488980578
-0.00305230085292649
0.00129715217974994
0.00112483035844713
-0.00430698173490184
-0.00189863505082677
0.000869989914896681
0.00504707824272684
0.000864593482990284
-0.00226711932697735
-0.00288796894004163
0.000853537010295923
-0.00160589636014528
-0.001532275896888
-0.000968954016297816
0.022099743121106
-0.0138067014054324
0.000660642244548143
0.00224564757683523
0.00117204905772683
-0.000441712285425261
-0.0023441273393788
0.00252348123941535
-0.00680193238670124
0.00215176100768076
-0.0111790026952837
0.00185255628785177
0.00242173749576981
0.00448307472256346
0.0128469670149907
0.00392431023594967
0.00186247344289984
-0.00947905044603983
0.00494067878549905
-0.000164248830982888
0.000217309422898584
-0.00794590812414242
-0.00179319389245815
-0.0142053965214737
-0.000105009293742719
-0.00265172938585387
-0.0020850114775231
0.000839758608229112
0.00397553891026249
-0.00142185394954364
0.00436160784479412
-0.000982427885064009
0.000785589587864995
-0.00293264032258813
-0.00100944638578518
0.00049399881764739
-0.000148477572533918
-0.00094114959786828
-0.000105788621928838
-0.00237241119987902
-0.0160611720524955
-5.89940659444251e-05
-5.79837384436888e-05
0.00286189632115651
-0.00041400284524552
-0.00158175416793228
-0.00150300018155598
0.000137084267559503
0.00178636554989268
0.00221882385006148
-0.00347702954165366
-0.00171142100425837
-0.0016661169450094
7.2696478048657e-05
0.00016436395835144
0.00226019077998061
-0.000399005301207029
0.00101545858025188
-0.000108831382204641
-0.000550691732239355
0.00059973559811559
0.000453242334572509
0.000784191983354872
-0.00114680999895251
0.00329649458636939
0.00147786058372708
-2.26019989658841e-05
-0.000840564774560852
-0.000360409839014197
-0.00152359530287176
-0.000284323259685536
0.000310467448387266
0.00161261782145428
0.00333498419763911
-1.7863051735676e-05
-0.000392509079810363
0.000631597870885271
-0.00123892341766227
-0.00117668719297481
0.000249748430145834
-0.00168678291586729
-0.00207297402861142
-3.7815561281556e-05
-0.00107753851092688
5.06613925735106e-06
-0.00107874573119827
-0.00250272100015716
-0.00128542815327577
-0.000469064587904154
-0.00104398360246267
0.000656909655508251
-0.000464962399363301
-0.00071840137326266
-0.00188040950673812
-0.00623113797246793
-0.00260838944005398
-0.000409529541004704
0.000617142326214913
2.19361423077764e-05
-0.00249803568094377
-0.00187374905733979
-0.00254858852428339
-0.00104757812156843
-1.94261734883811e-05
0.000707222478171862
0.00104234406094125
0.00120521786027523
0.000150988901342657
-3.28320891191532e-05
-0.000367990912190679
0.000376223750279875
-1.07307640796319e-05
-0.000385390378915802
-6.32268183938699e-05
-0.000722751033371626
-4.34464384152525e-05
-0.000534369563843733
0.000389144268533621
3.94311401482788e-05
0.000912249361255134
-0.000228459369019541
-0.000510342350147245
-7.3507971569695e-05
6.68648349502542e-05
-0.000357525646877359
-0.000143135371188801
-0.000508408510517319
-0.00130469345557859
-0.000230743795903949
3.34345190904465e-06
8.03588704349493e-06
-4.63469014059766e-05
-0.000291607293690033
-0.000868838051962231
2.55628828553969e-06
-6.61175347059011e-05
0.00031522379381896
0.000238835376093742
-0.00107285978164061
-0.0002489830812685
1.96306506321701e-05
0.000232629958329509
-0.000300966694191065
9.26579584853399e-06
0.000489846557665415
-0.000831590593473113
-0.0011289406504491
-8.44983868608271e-05
-0.000652824100301997
7.62571897474028e-05
-1.36283510756989e-05
-0.00010096587236052
-0.000522450525667971
-0.00020959201229626
