-0.964709144016672
-0.897493891968818
-0.587509063053593
-0.278987022960719
-0.122381499235995
-0.116404794055842
-0.108714298786871
-0.0515050238598991
-0.0679323633352463
-0.0423978304970256
0.0228027412077191
0.00195477450661103
-0.00521842950634514
0.0450975303462075
-0.020131899095427
-0.0024781634153005
-0.014474055216885
0.006555831217368
-8.28463728645059e-05
0.026208337638055
-0.00412140799442153
-0.00615989279996155
-0.0190973186015444
0.0127750081251943
-0.00127013613003711
0.017611467575689
-0.0146085429855853
-0.0143877646312721
-0.0179234594707397
-0.0229776874875456
-0.00168557836374749
0.0707448969077249
0.0405562649813736
-0.0259365546677053
0.0270479882107245
0.0152314917429221
0.0329589521836185
0.118834045555723
0.0157492737085497
0.011422471784766
0.00677552442523997
0.00100422541083518
0.00480870494412885
-0.0221092047385113
0.00377755451030062
0.00750596045386003
-0.00244243568044272
-0.00276141319257908
-0.0195809930113966
-0.0600758216221622
0.000571229221669294
-0.0835149228447483
-0.0199415104432243
-0.0218465984214313
-0.000193173886851681
-0.00417705181333528
0.00251429662340708
-0.00123356758959075
0.026301469215216
0.0235757524400787
0.0108161033071578
-0.0327012885747781
0.04202572327173
0.00399644755336759
0.0016234942291052
0.0479447652854116
-0.0103516145816065
-0.000390088571777546
0.01096065073189
-0.0184321944637023
-0.027595511215144
0.0033303020227103
-0.0238646752615014
-0.000693830037239384
0.00301139732039821
0.0108649225301443
0.00572317478877432
-0.00567955734955197
0.0188478511538934
-0.0433069915053575
-0.00407980880121239
0.00164162622731587
-0.0134577396777949
0.0160306809219894
-0.0543436790958228
-0.0131808811695463
-0.0137150061054113
-0.00435242061049389
-0.00338165003424302
-0.028696859645143
-0.0391638995456979
-0.00449279785904893
-0.00975062080638063
-0.0119017901262633
0.0272113668982416
0.000166876221213551
-0.0383491664331218
0.000195916778895245
-0.0262507605175479
-0.0221069304174841
0.0290303232168059
-0.00380369195093147
-0.0050932545721137
-0.0411957505207956
-0.0109059994526325
-0.00583733331214624
-0.01457725302797
-0.123630422039413
0.0129425480250742
-0.00126588598084592
0.00841273031216139
-0.0169029687931259
-0.00475908885010571
0.00649988602067456
0.00410670040449525
-0.030256256193803
-0.00935161309511845
0.00519602121728739
-0.00202188598102659
-0.00311838715380234
0.0312175132408442
-0.00616359733234519
-0.0289156314193286
-0.00226073707407458
-0.0213692909237855
-0.0222993993311054
-0.146190414768924
-0.00827652296984697
-0.00178898584025159
0.0706235504592028
0.00877176750461674
0.0150664293058436
-0.00170418130050591
-0.00420930365034266
0.000574418903176771
0.00178752836620075
0.00750920052454535
-0.0385729949545702
0.000673735467524868
-0.00327630067480882
-0.0374905265766058
0.0311498610131602
-0.00673219635908742
-0.00496628843191713
0.024854000746064
0.010777789375659
0.00948584697101794
-0.00503768853507963
0.0355755630346233
-0.00688744825292512
0.0276228147907085
-0.0101070790085954
0.0105964444150179
-0.0361286737906944
0.0128931338170886
0.00414920667362775
-0.00157565861752047
-0.0161824202564211
-0.0182589682796557
-0.00946372870056677
-0.0131715809534526
0.0216723576738527
0.0274256324941366
-0.0401996880248916
-0.037193732540595
-0.00508187417407089
0.0266866475588193
-0.0306632099637397
-0.00417594865237895
-0.000126141633062092
0.0142935916442289
-0.00934066095172062
-0.036426901163896
-0.00800038858702668
-0.00668909668193629
-0.0118847990448374
0.0143140540514956
-0.00574002856753328
0.0470180846054221
-0.0152679812186457
0.0103974426956627
-0.00787176102289765
-0.0139102247193377
0.0141200205239674
0.0104101433657642
-0.0178372091686204
-0.00114093254335105
0.0090954395658294
-0.0226715064665037
-0.0107832512544853
0.0816047464878143
0.0637689663702882
-0.0595944691982524
0.0146070520194738
0.01108558578961
-0.0323744677612251
0.00157559148015744
0.000957119179310206
-0.0526711844927123
-0.0218050048254006
0.0198018322754299
0.00201108429842061
0.000470911543427303
-0.0028371491014186
-0.00640894842698939
0.0181945210111052
-0.000317887878699713
0.00542777415949651
-0.00036891979761798
0.00327923627203689
0.00385111728130819
-0.00373818084538209
0.0243914252678703
-0.00197312409146074
-0.0063259452793167
-0.0382865029740557
0.0146702244033673
0.0280753938691826
0.0228188756448424
0.00136203880493238
-0.0206938854545533
0.00423005291286656
0.0338644331581148
0.0170976098590797
-0.0202803561550599
0.00171355541896307
0.00457286788787806
0.0146148232819516
-0.0130484233592647
0.00165192382949614
0.00439915391440628
-0.00357851732351702
0.00593718966326564
0.00105047389794843
-0.00319809548636394
-0.00718218899905953
0.00651634406072027
0.00592057358242554
-0.0686695034782663
-0.058865424531573
0.00328461504732582
-0.00740242717443164
0.00581046661124951
0.0296047298865561
-0.0351470776282021
0.0128830343803762
-0.0155811091567815
0.000847333696987185
-0.00780282871915308
0.0261788565069543
-0.00281235695180368
-0.00140199885099956
-0.00115712306297086
-0.00942705886789371
-0.0119604040635699
-0.00611161157160687
-0.0231486250921787
-0.0016233605706463
-0.0135608312742869
0.0248827294808943
0.0193458344892287
0.0220592484612841
0.0188289763484039
0.00504212397169396
-0.00620175609667124
0.00414282255965724
-0.018912856402686
-0.0148237430170738
0.024243529866788
0.015387491309149
0.00815234070752833
0.00926016323691665
-0.0101355534758228
0.0066008839601388
-0.00752186310322525
-0.00652166594357748
0.00659383997274283
0.00903150803056828
0.00823279447598156
-0.0205717840346703
-0.0217577808949117
-0.00159971226069498
-0.00387290165266952
0.00585949878190282
-0.00488828443649026
-0.00371278183098173
-0.00409638401133178
0.000937616173734753
-0.000475919674918513
0.0221962969028184
0.00388778961560156
-0.00292880129752599
-0.00463784124693853
-0.0459771825067936
0.00476762576079057
-0.00299174571365071
0.00625795890265451
0.00249419973391478
0.00906999726973927
0.00355290642821542
-0.0049886392506174
0.00559719759536169
2.46178240947882e-05
-0.00388594291886158
0.0154144550051596
-0.00596654663935114
-0.00116713042292871
-0.00290218073440013
-0.00663578495841202
-0.0037820745001097
0.00640878113133367
-0.00263056386774849
-0.0122792343991677
-0.0020533329489153
-0.00232086647780192
-0.00119296617275763
0.00148772218542555
0.00929580740386551
0.00249878748898611
0.00865697290362663
0.0126423832003377
-0.00215442606375399
-0.0011852538047413
-0.00237662816690138
-0.0145027930169524
0.00227971212928112
0.0126917425252778
0.000817232809165284
0.0249516086812676
0.00619020526876642
-0.00251646373754734
0.000708693225179768
-0.000556956520842053
0.00216370941599073
0.00437438470340249
0.0133224453737844
0.00580662627164099
-0.00210497636303027
-0.0130773628741301
-0.000441259658025715
-0.00111794264363569
0.000746125875969239
-0.00605784251624133
0.00977735370539318
-0.00204105629468155
-0.000719811379880812
-0.0135010931127139
-0.00129329580501503
-0.000714147563282986
0.00952531963451711
0.0187669208402824
-0.00252532021354424
-0.00780691926690537
0.00228916971976527
-0.00118259774708831
0.00419349032317298
0.00516005412990887
0.00138282284985976
0.00518339164990479
0.00302086862859639
-0.00213631818483765
0.00198109290527219
0.00696102098035473
-0.00479209038504811
-0.00398922622030732
-0.00370736297691524
-0.00243972030740715
0.0119249079175708
-0.0111440557899312
0.00564555006571484
0.00837684058442725
-0.0351546868607308
0.00471962060731577
-0.00498721463142173
-0.00197892793526265
0.00514180002450912
0.000415701747925054
-0.00228239739638939
0.00714667603213712
-0.000734371027419366
-0.000737288215379484
0.00363240746749134
0.0124710190525269
0.00100608416941317
-0.00441309936625744
0.0021882678882288
0.00310281585972988
0.000250692273378493
-0.00135383612742937
-0.00176829396392845
-0.00329346040906313
0.00271647573152972
0.00138637164933698
-0.0028759724653605
0.0101536275096421
-0.000623080637197244
0.00239296287966786
0.00127864846113461
-0.000696789517409623
-0.000754657854281939
-0.00343049293988148
0.00240521909653255
0.00127413914572315
0.00466229856759686
-0.00678045937302418
0.012695575693856
-0.000152651635616629
0.00353951857306712
0.00697293346272463
0.00145092771706108
0.0102231016889582
-0.00115581108109197
-0.00160831582230046
-0.00564485506678783
-0.00174134650972719
0.00144202516938793
-0.00237300658174959
-0.00226741730282107
-0.00209503461021745
-0.00201678944777913
-0.00318714574009914
-0.000443818435961789
-0.00143122475717829
-0.00129716267447409
-0.00100150395969543
-0.00215984356225589
0.00190277095830858
0.000487847509971264
0.00144082529559753
-0.000785713861884236
-0.000167428181114865
0.0061334586554473
-0.00427626505032437
0.00639048766229334
0.00651482272002675
0.002957239039415
3.21240112519019e-07
-0.00107789346795973
-0.00428939611123967
0.0125703328862925
-0.0020726048817088
4.15786343764679e-05
0.000813866896941223
-0.00996378379375922
-0.00112374926005706
6.41193475564193e-06
0.00114498728491035
0.00849692364637948
0.000108279468092559
-0.00437217480652736
0.00148238269947939
0.0026607427306256
0.00169919136691495
-7.60992296482667e-05
0.000341758576246617
0.00142643332425775
-0.00231818920147639
-0.00354725206551515
0.00266257514709033
0.00416753461900718
0.00156937101737365
-0.000323028340832637
0.00109109230363622
-1.27635204258035e-05
0.00100918952955525
-0.000350843787795532
0.00189183624423556
0.00026749980288562
-0.000641913182553841
0.000332254520895838
0.000719497848933855
6.25267184729167e-05
-0.000482511987823596
0.000588501029610013
-0.00023303585741469
-0.000765471454287783
-0.00132117364886023
-0.000163830169115757
0.000716419205285233
0.00165269556892089
-0.00170159201686553
-0.000141515618600816
-0.00179436727332097
0.000859007520100708
-0.00071898190374036
-0.00105858296683242
0.000121693143669073
-0.000564403133826382
0.000322762970787271
0.000214595026064437
6.11455632325402e-05
-0.000543000373617029
5.00674334995895e-05
-0.00126697959975099
-0.000657902964204793
0.000479774606577966
0.000407422568024744
-0.00131929053368303
-0.00334893175724025
0.000923613319387792
0.000274065748867417
-0.000180278149833388
-8.06163910018657e-05
-0.000227143861093352
-0.00360819848882083
-0.00111632653780657
-0.000905443850898463
-0.00170725943001178
-0.000244677425981923
-8.59214109124223e-05
-0.000946780801236053
-0.00109050180536176
-0.000597258314804431
