-0.981050646217865
-0.945044630893882
-0.846642661682011
-0.547183090834279
-0.210770997763517
-0.073863396884532
-0.0445014141214162
0.00532444497644562
-0.113019797476899
-0.0323493596628361
-0.0216807765004015
-0.00659100978911732
0.0143544330432475
-0.00492968049793085
-0.0114492927473546
-0.0253100859692656
-0.0192578474034968
-0.0313703421879888
-0.0104023966625215
-0.0142799133789823
0.0226056098998779
-0.00600090554443252
0.00633761517875263
-0.0127288977978074
-0.034302782297354
0.00215078170626069
-0.000144537212936305
-0.00108716897396839
-0.000802467396009473
-0.00475814651469573
-0.0040593850624413
0.000851272250017678
-0.00053285960541642
-0.00485880415329632
-0.00777818079026558
-0.00493567761129577
-0.00112677335582615
0.0131944536145871
0.00461547415914583
-0.00612566596809135
-0.0015980441491529
-0.0391104502616332
-0.00539980168291124
0.0021017810513004
0.0101258946010206
-0.0182589604166259
-0.0102673403540675
0.0084289335857462
-0.0358870138257603
0.00839383715264276
-0.00756960777793354
0.0306166125101257
-0.00248949508055607
-0.0247814716260161
-0.0119990554069517
0.00125491280768551
-0.00557278345373211
0.0599089138687749
0.0305636896979028
-0.0220584354557497
-0.00449921141711799
-0.0225012043035081
-0.00270280459229395
0.00812086652241857
0.0143547315659917
0.00500697467145487
0.0323260335624136
0.00848955540133302
4.74453767343279e-05
-0.00299743740760918
-0.010717011408991
-0.00930818628599032
-0.0142295870929224
-0.0155309099038175
-0.0589586790010804
-0.00198552477213778
-0.0230484055316104
0.00430143410847329
-0.0126071383773199
0.0205863245578271
0.0296124226475653
-0.00586948201539572
0.00543549916233965
0.00152359350393306
-0.00506576015276543
0.000452926074183357
0.000599776007225331
0.00490181262043199
0.00347817687745706
0.0331202060867063
0.011128960845742
-0.0117379096526069
-0.0159616913015949
-0.027264173638187
0.0480659823156368
-0.00599173507315179
0.028746176224984
-0.0037991817622215
0.166590714065616
0.0055734363564183
0.0285109557102821
-0.0112812825171988
0.00976657990586788
0.013781224398087
-0.0274998013410436
0.00172548183938433
0.000912455717618841
-0.00413319477474061
0.00340327492092717
0.0015110043010076
-0.000855506610399254
2.72139389557013e-05
0.00473639745729535
0.00856257127347324
-0.00723736181080634
-0.0104805700096221
-0.00794909182380285
0.00695036726583468
0.00111345728737876
0.0171049348809486
-0.00585327948966894
-0.00730834283129802
0.0356298300991887
0.00566629939744028
-0.00632606088882616
0.00540524071942588
-0.0296155086538856
-0.000202428470795626
-0.0237948390984795
-0.00312929820855815
0.00448895959426956
0.0218902643306775
0.00120149464870973
-0.00585376789149306
-0.0151236612915012
-0.0332694150170227
-0.00477195718559315
0.00412171490828644
0.0283993713164995
0.00269496307572809
-0.0141196499292972
0.00590180700987069
-0.00309512852944843
0.00582779987647602
0.0133316685489678
0.00423586537137555
-0.00776315232252601
0.00398772441055283
0.00553410012781608
0.00535757829406182
0.0146096363595187
-0.00121867016405214
-0.0157852120707931
0.00340625224031411
0.0484636324122346
0.00530627462606791
0.00451327851931741
-0.00264154386776123
-0.0124162100587382
0.000809888116287205
-0.0260735434556068
-0.0205382488577362
-0.0383582472201053
-0.00121365330344271
0.00340196030189986
1.67651999293021e-05
0.00120981895865441
-0.0025775983375952
0.00133641495207579
-0.00264966675845906
0.00195487577578321
0.0098115015069594
-0.00667143653857876
0.00702729318311625
0.0179983864685038
0.00612762264668295
-0.00822093252558214
0.000392097914161393
-0.00319077664090739
0.0115818639294278
-0.00436748585747353
-0.00215049087442291
0.000723169880587576
-0.00833602366937499
0.0179007937914087
-0.00779371542178334
-0.00833480885598425
-0.00906168268593121
-0.00398228622833321
0.00319611198482485
-0.0195206216797177
-0.0381146991229348
0.000704451987415197
6.28693087157788e-05
-0.0153979031288792
-0.00196673206726775
-0.0176489158184466
-0.0064720280115282
-0.000462143876974208
0.0113014975490801
-0.000138554244608433
0.00103518734589303
-0.00315155664529171
0.00401706505776934
-0.0170892836651836
-0.0189418189787012
0.00171667407951534
-0.0379088793276116
-0.0134349883799147
-0.00770053528090211
-0.000425814043619056
-0.0019107608636562
0.005962201052992
-0.00396477902825557
0.00465402544039165
-0.00822037979939736
-0.00572026588182233
-0.00490380419776178
0.0136348843241405
-0.00415468575760509
0.0081223585950394
-0.00130070371856357
-0.000435750159331952
-0.00583771136201511
0.0242894146718438
-0.00938164592588459
0.00418917728102653
-0.00718112081721279
-0.00328948760723905
0.00384706554163056
5.97563962609739e-05
-0.0183775923675818
0.00548073121773949
0.00292996551705012
-0.00336966480020624
-0.0240912658845884
0.0133100982065759
-0.000482409805141297
-0.00646020835344531
0.000203569124311204
0.00149420515832383
-0.000481521224731614
0.00200024813370929
0.0130791189933966
-0.0104271980280091
0.00284807881626241
-0.00142767113163289
0.00726936819172815
-0.0143415351055162
-0.00389302541585846
-0.00719064842513401
-0.0142034809563229
0.00697423363511904
-0.00437148385449799
-0.00145714947630394
9.22556223181593e-05
0.00159855297836878
0.0130226250909944
0.0151949249632095
0.00832774850110816
-0.00424659617586733
-0.0127005159025021
-0.0125026919138817
-0.00358705310806723
-0.00476363050852694
-0.00345655389497128
-0.00615676118114695
-0.0159371868418624
-0.000160951379004438
0.00923625367808899
0.00131795749277767
-0.00563250031343561
0.02424686851648
-0.00280550191642777
0.0124889288103514
0.00086038914875673
-0.00421930315332699
-0.000536430542869064
0.00138026636866566
0.00555270669461571
0.0101828529968022
-0.00327423198525628
-0.0272011394002133
-0.0128148775286919
-0.00457522226402137
0.00295679687330071
0.0210919000611875
0.000514838126428005
0.0257355371506866
-0.00301101649137403
0.00337102339700741
0.00844193579096009
0.0184236479598204
0.00249368675226547
-0.00695295265299046
0.00404885572585555
-0.00177596673700949
0.000876554019208599
0.0294363367855362
0.0027426451538144
-3.12556187282136e-06
0.000836590287507951
-0.00561119233543377
0.00985497883926832
0.00427068243699998
-0.000678252347154453
-0.00249124829593919
-0.000421077792528326
0.00143204120064338
-0.00370803107660783
0.00451050218839158
-0.00436596700067822
0.00111796510963288
-0.0127400804159436
0.00244259182053956
0.0134140803399279
-0.00215743301575363
-0.00810880094174592
-0.016343964888734
0.00291650656943075
-0.00402072102853081
-0.00594731770859794
-0.0122420443588459
-0.00753906638120481
-0.0357183242691674
-0.000490433419300278
-0.00235954834956141
0.00697408277956946
-0.000427001314123622
-0.00201081554721706
-0.00358367162376859
-0.00850705101465061
0.00782457694308922
0.0044500675265603
0.00298147404468865
-0.0122847784753087
-0.00160653187159062
-0.00463151860330911
-0.000758209469794616
-0.00424145858322377
0.000691499712335762
-0.0054190787604662
0.0193058791978312
0.00221883779583541
-0.00437445486520008
-0.00217269975031392
-3.14156813698947e-05
-0.00230959853925114
-0.00977875441086362
0.000624732180971307
0.000908790409791097
-0.00155109412112902
0.0033797277597388
-0.0110577272668528
0.00936079575087298
-0.00307244279746424
-0.000495496109984958
0.0102051767873248
-0.0176059459108379
-0.0061890310919123
0.0022257349972158
-0.00119956400231515
0.0106008690951889
0.0023920749085331
-0.000780561944616876
0.00223817191915909
-0.00205365264198624
0.000268262833838656
-0.000441029524437075
-0.00167833821026041
-0.00289099704408871
-0.00180188522240448
-0.000180807006911085
-0.000573034255661937
0.00337186904941024
0.000742844428900479
0.00213791770340732
0.00616017308755795
-0.000864833707228342
2.84542479015869e-05
0.00148942725311932
0.00516411472524791
0.00108091410495615
0.000164791344504837
-0.00041137868210196
0.000523418605129533
-0.0116046164101298
-0.0048991159277433
0.000553347805750125
0.00771830591854206
0.00102037412372585
0.000805705362020551
-0.00371369502731309
-0.00260508074072091
-0.00136558668789362
-5.925700694952e-05
-0.000501657281190283
0.00064981152549511
-0.00936035735959685
-0.00233277950652282
0.00900244124480698
0.000973542124088778
0.00175241689060211
9.00392587188073e-05
-5.67321558759414e-05
-0.0077864671626789
-0.0026818719829868
-0.00639922532806364
-0.000799801202920004
0.00812511924883057
0.00118038985359798
0.00816707674847279
0.00043093974610556
4.03732161646124e-05
-0.00380854915370009
-0.00055170908421121
0.00344343446394962
0.00614025379088241
-0.0166371913401611
-0.00213391676951453
-0.00206253396549897
-0.000996152211639955
0.00299215119446789
-0.000507628280900035
-0.00123209093452348
0.000962504365838818
0.00111129111898492
0.00042905421057398
-0.000133098999356786
0.00127876703021891
0.000809079771144029
-0.00061271253061557
0.00101873425282369
-0.00209852786124655
0.000136348125817235
-0.00259838858966798
-6.64308395889156e-05
-0.00034039249477907
-0.00414885506874349
-0.00215161164725193
0.000321550996699319
-0.00161983398697845
0.000501749189258806
-0.00346293632749277
-0.000233746526639734
5.54242386199811e-05
-0.000142394513975957
-0.00631756640656124
-0.00349174957091632
-0.00102431592996035
-2.10048371964414e-05
-0.000683982137526066
0.000773187660789693
0.00259041523807506
-0.00432583136432055
-0.000127519856406425
0.000207623912803324
0.00300155037465232
0.000281845008598205
0.000786711798321586
-0.000396427913928929
-0.000168793214351277
0.000291351828761158
-0.00444453942501555
-0.00297747972614773
-0.000875190592835951
0.00189432870112313
0.00080257759534343
-0.000723903684503402
0.000605766433478132
-0.00112017593835022
0.000835928429878769
0.00153174125664048
-0.000897399469315961
0.00038875764314322
0.000492447571049841
0.000150392678492389
-0.00064971078769462
-0.00158594572130227
-3.67899713300611e-05
-0.000265301591301091
0.000254405244382328
0.00082340315523075
0.000573495429638825
-0.000879348652599588
-0.00133824772164414
-0.000604425114012471
-0.000480175107978116
-0.00165744423529423
-0.000872912876380364
-0.00201719882209
-0.000398797950127646
0.000115717655953638
-0.000894838178094255
-5.73352517562661e-06
-0.000564370695228573
-0.000318780679622677
5.06622459059823e-05
0.000155074961486414
-0.000146989659357904
0.000113533888995541
-0.000402620560519788
5.0618704860824e-05
5.55516103823115e-05
-0.000319212657061244
8.52383346048262e-05
9.58690714783243e-05
-0.000269784225559252
-0.000644536609398386
-0.000139594122732323
-8.85869909662837e-05
-0.00025851728910612
-5.09654895537532e-05
