-0.99073830055572
-0.999506969270158
-0.570662370397901
-0.298931241012396
-0.0305876557687738
-0.0472678783125592
-0.118593160310041
-0.158357762760416
-0.0745776968326443
-0.119864830043272
-0.0612711061957997
-0.0168854960674785
-0.040894356765644
-0.0290083952272544
0.0117885537016065
-0.0138626150827482
-0.0154492460962363
-0.0175084254700212
0.00540999713864873
0.00227957453188405
-0.00366092752085422
0.0539788994239247
-0.0261564352812422
0.0132027791469345
-0.00933605079520458
0.0154273868781489
0.00301662407196771
-0.000229804399271534
-0.0226241839283271
-0.00625702289713474
-0.0758065897414713
0.0111335522045917
0.0265631616016868
-0.000350015650715868
-0.0112473641499589
-0.0193948692958135
-0.00350816650600887
0.00418075091717801
-0.00015634994261627
-0.0257171988462995
-0.00159938905751633
0.0026717592218787
-0.0109372432736053
-0.0484269111069872
0.0126162548046767
-0.000155818631879994
0.00224950959370701
-0.0105254555003406
-0.030695684302685
0.0116045095617523
-0.0373669986794125
-0.0312165590048972
-0.0167091107311797
0.0101545992635773
0.00986084626368698
0.00984637711938283
0.0171683425710698
0.00237212274133548
0.0105145143639985
0.00477960294675275
0.0439057976732188
-0.0176819577507658
-0.00878708214321859
0.0202264545745004
-0.0506709007060378
0.00572618060812023
0.0211942783559064
0.00610868071555646
0.00246209504205789
-0.00777554066490158
-0.00328583186535278
0.00807536311580725
-0.0250739011666615
-0.00338063249392456
0.00848373683951003
-0.0114387444039331
0.0133401930193883
-0.0569880400025206
0.0136971936244792
-0.0262795002598275
-0.000834612053042257
-0.0311094254660624
0.00836328894552928
0.0145483185946328
-0.0820540239175175
0.00143243841303476
-0.014574001051439
-0.0124829239639197
-0.00681662248374631
0.00420210763928323
0.0146483651659698
0.0269639311358061
0.00689137394422047
0.00401256824824162
0.0471996255907982
0.063702183089138
0.0665760679949521
-0.00324203698983194
-0.0047308738651743
-0.0170715470231566
-0.2008462044643
0.0261617875764421
-0.00291979597551062
-0.00105160465265298
0.0029919661176741
0.0205992827771996
0.00409210098253402
0.00608919186383088
0.00337308076020387
0.0177893902203397
0.0128621246742689
-0.00775364226691584
-0.00511176576673512
-0.0090618501462859
0.00424608897293498
0.0738935833070896
0.0654505242167125
-0.00652134629012677
0.0010432873243499
-0.0131377129027247
-0.00852066336889043
-0.0166508162746351
0.00452702582141234
0.0084797631664774
0.0108865506555694
0.0161702477719688
0.00235675600480404
0.0121203840220958
-0.00508670262298482
-0.0126593494424367
-0.0101624341858035
-0.0166788180160381
0.00476591594817579
-0.00458664573846982
-0.0142749478592057
-0.00605542253755479
-1.22549344415135e-05
0.0202200947322532
0.00027326377106857
-0.000972833514408385
0.00701465905333504
0.0165011072142932
0.00535082583774717
0.0168926769604874
0.0352574434596521
0.0339019808900831
-0.000661158509312407
-0.00721621226706017
-0.0211733502183406
-0.00447075158695258
0.0142892750999087
-0.0227040504076719
0.0146178117502361
0.0674765888343924
0.00460865031797974
0.0276064215144868
-0.000321782120116881
0.0126578140617015
0.0177750638127035
-0.0324799488667636
0.0172972932475744
0.0184039165813266
-0.0189214965437756
-0.00589541556873246
0.0165187327847302
0.00553653199898914
0.00591170275301151
0.000988377880893482
0.000354656932092694
0.000568127982620893
0.0132598517947261
-0.0462953294292612
0.00397475474498803
0.0303223521948122
-0.00483566014693414
0.000342520455013068
-0.00914690197162748
-0.00228849311973861
0.0153902972358766
-0.00334788347257806
-0.00914241386103763
0.0162079327477575
-0.0186625664865995
-0.0384063955923112
-0.00531916271511477
-0.0101501716771543
-0.00278800986097967
-0.00294613987058616
-0.00616319555926156
-0.00390476408025041
0.0125271572834892
-0.00142565552579801
0.0393216230049677
-0.00187921991498007
-0.0309008719683186
-2.55806931745223e-05
-0.00774976264103706
0.0698822871737147
-0.0267773474800903
0.00351250016479983
0.10102886901679
0.0181407132873348
0.0371684207162727
-0.000151185496089487
-0.0540948422490272
-0.0030656141137718
-0.0466265782029541
0.0121680836894242
-0.00578446048061128
-0.0278790702355516
0.0207519558128362
-0.00217219381182448
-0.00491541051493938
0.00848133924546349
0.00820108613544689
0.0180162131018956
0.00135307750937222
-0.00101173585906341
-0.0281726441010958
0.0109805923496563
0.0142575569206437
0.00255012835406447
-0.000834177483778842
-0.00960608539926767
-0.000189748407125862
0.0019879905325041
-0.0024173248755475
-0.00174383000298913
0.0112497875528552
0.00817517161889227
0.0118580730380165
-0.00542331052604083
-0.00657515360709431
0.00219480382166506
0.00942148872627956
0.0445941162426893
0.00216447345236825
0.00974094073877879
-0.0164052149005003
-0.0164837486827278
-0.000757676898809352
0.00785164206576232
-0.00411083974255964
0.00116248481299413
-0.0447293882195222
0.0060200462877598
-0.0189651393988255
0.0135939639070234
-2.53246652167222e-05
-0.00496954910871527
0.0020402033169501
-0.00773165398475619
-0.00791251085730707
0.0200169595718951
-0.0123791474206844
0.00205983676349892
-0.00542397957872367
-0.00275921204520705
0.00160503190216907
-0.0734682020676121
0.000220958699253586
0.00048368806353308
-0.0420947619465231
-0.00734696918660286
0.000465250318964642
0.0212631227915592
0.00136845584954894
-0.0302805038352759
0.0116340087902404
-0.00735151315447115
-0.00176728144293221
-0.0182340348430645
-0.022226755422463
-0.035295699767476
0.0519020526400704
0.0034566219126416
-0.0184437351672386
-0.00137675099301563
-0.0262363731546734
0.000215618857348836
0.00309599840939486
-0.0188062439605686
0.0351610690254957
0.000653258344229761
-0.00456573418304402
-0.0156355811556438
-0.00243794890518135
0.00210733651255004
0.00474982100987908
0.0250187302507724
0.0197926629622034
0.00173242314806322
-0.0449942063944262
-0.0086927629866564
0.000246434005250307
0.0178818809650096
-0.00125656512014084
0.0084649565018499
-0.022751345541234
-0.00147823749157827
0.0165606892562037
-0.00320353121519096
0.0036787064922522
-0.0244581224966871
-0.00921757131973135
-0.0299847104619799
0.000438463330909927
-0.0116767501917869
0.00506849803523944
-0.00206035870433372
0.0111252531592719
0.00874065029742306
-0.00385166599021474
0.0029832739031666
-0.00695363414844316
-0.00639885479097451
0.0230796443104683
-0.0149484688718362
0.000635432667352538
-0.00025469845606501
-0.00166458413827181
0.00199141607476286
-0.00371307412220899
-0.0120257829751594
-0.0470557172630917
0.0122193843648584
0.0245566432397138
-0.00526717776538687
-0.00299097762475232
-0.0114493516587084
0.0028516319459098
0.0402617388784453
0.00782506919960308
0.00791494045078925
-0.00931230770178748
0.0146868975879803
0.0136128420335343
-0.00193192455197219
-0.000328662373962344
-0.0226225057358857
-0.00135714936975585
0.0051382335942154
-0.00648445571788734
0.00755944864723642
0.00661995154275049
-0.00178810859261389
-4.10045353942483e-05
-0.0100807394854506
-0.0241789953413049
0.0175763348735005
-0.00540425645913837
-0.012944598279148
-0.00605670847588773
0.0110105414703455
-0.00854660276939137
0.00101702257585276
0.00263951958934508
-0.00313248340825152
-0.0112358260485909
0.00017173294792752
0.000483115327574675
-0.00348535527872219
0.0253784757569608
0.00201875653954572
-0.0019516186908512
0.0071580707331628
-0.0050655561650307
-0.0107821539350665
-0.000184328017714215
0.0295525462968939
0.00588971906468717
0.0120018892627196
0.013157169567365
0.00753154541244192
0.00142262245613772
0.00170593576542469
-0.00810362136673503
-0.010174331290208
-0.0181219156331118
-0.0263937691892828
-0.00085450097129921
-0.00901669928990497
-0.00403448283573089
-0.00162324415996136
-0.0260927140704005
-0.00851807972273771
-0.0074307401535043
-0.00744022417711999
0.0249837866987837
0.00443814215302255
-0.016726740223382
-0.01309853124483
-0.00202085262945414
0.00917423769397633
-0.00869961839738688
-0.00788470517689845
-0.0157017334363573
-0.00178505810928034
-0.0136699251388271
0.0144687212794976
-0.00196772867601484
-0.0115445604257913
-0.00577764685341133
-0.00346234903543363
-0.000228139035506284
0.00105478763986927
-0.00792014735434337
-0.00959677258091926
-0.0186541111136083
0.00920239686473952
0.00487131362450088
-0.00584797702576966
0.00234711858463511
-0.0147042461293595
5.1810618687404e-06
-0.00622246729981304
0.00768558193286621
-0.00504319938668769
0.000350294949121865
0.0024673462226419
0.000766998990246003
-0.00325346733750776
0.00234675767954893
0.00103898086325911
0.0101563880027231
0.00163185266563175
-0.00284308295224494
-0.000653999785195517
0.0102578730535612
-0.00588315071774074
-0.000397655419506493
-0.00451307394546924
0.0058856703727917
-0.00423866681218252
-0.00908644676700418
-0.00293896044611632
8.79866392157437e-05
-0.00126828753897766
-0.00138019546432309
0.00129122787875947
0.00316698366264612
-0.00353937749429637
-0.0171493984312429
-0.00667102233759148
-0.00103468768563298
-0.000275874096214167
-0.00740681038439903
0.00508598256478043
-0.00108474827060644
-0.0014533236925625
-0.00280077194144094
-0.00600050687381802
0.00445280924559205
-0.00160870256825716
-0.00656572088793504
0.00187439821925284
0.00109257675233085
-0.0133143951899034
-0.00278047036767697
-0.0149120972647523
0.00153697969530307
-0.000595001968311729
0.0029514599458747
-0.0164195694772404
-0.00349195533244095
0.0008164664521504
-0.00734056824332084
-0.00502894447267634
-0.00603456064989606
0.0162089304203122
0.00681750826335202
0.00505137712754404
-0.00837178767660617
0.00364978147699682
-0.00190925972011632
0.00105734908439106
0.000415831047837691
-0.00439803963281418
-0.00135395995918762
-0.00636450696127424
-0.00318742096626487
-0.00284600208327274
-0.00457970886516943
0.00108465408226012
0.000558293545299927
-0.000324906317442383
0.00707568108139638
0.000341709180053898
-0.00139311700415293
0.000401542323023309
-0.000475729111897064
0.00270039446203133
-0.000357185792129158
-0.0124485083371395
-0.00176313095136671
-0.00977774278226408
-0.00929988363922517
-0.00769365890877049
-0.00334312018887922
-0.00955821290714257
-0.00745915044207307
-0.00282395444603417
1.60390739727793e-05
0.00028088238099972
0.000566609794691688
-0.00424457609442445
-0.000269873942655115
-0.000173785958878696
-2.88306133110674e-05
7.65976682889638e-06
-0.000440194174389869
-0.00013572349217041
-0.000516067083735494
