-0.994340766069734
-0.960360103480556
-0.698823677797028
-0.321934478299865
-0.169797576986625
-0.163421586535347
-0.104818623685421
-0.0380306289320208
-0.0934413156070235
-0.162308519203874
-0.138416178270345
-0.101555413452368
-0.0812925514800832
-0.00266782320808773
-0.0123064913021374
-0.0382727446374061
-0.035010235045242
-0.0478637246491622
-0.0348720167079348
-0.0080382608476174
-0.0160456863062867
-0.102743702777685
-0.0276158478524764
0.0279836630837408
-0.0148230886786176
0.0376274138935764
-0.00844471749165679
-0.00167627877248924
0.0576184836211051
0.0085543123520486
0.00300442520182287
0.00163791109440884
-2.05881459660997e-05
-0.00345174415495467
0.00444610107333862
0.024936176324987
0.000648971374800866
-0.0524713358646272
0.0252926521383901
0.0320525892415375
0.0198931886260005
-0.0400196114354084
-0.0117376535698289
0.0302578237924003
0.00960779562042917
0.0059227312548056
0.00812489589833765
-0.0291469146263744
-0.0193061558394422
0.00690077810747704
0.00234404254784668
0.0576795550336047
0.0113437056140486
-0.0227755311954174
0.00957261056088508
0.00767412198080147
-0.00965821485643389
-0.0114587971039903
0.0139242703251171
-0.00725114572643399
-0.000886078060323602
-0.00575115992284285
0.0348731913240704
-0.00738092369442111
-0.00183782427985976
0.074761878235819
0.0293329738872982
-0.00154866549146621
0.0174632690685404
-0.00990169198937365
0.00388011477522485
0.00277570905747851
0.033095908738601
0.0172172182314014
-0.0102346134735108
-0.025359555387206
-0.00363663516460234
-0.0111134326944789
0.0278921775096971
0.02184192087483
-0.0148802404748164
-0.0067546061887164
0.0190539667140395
0.0157945602662936
-0.000781064252704546
-0.0133366276615142
-0.00290229375758698
-0.00141807855594895
-0.0101881692073847
0.0364310168287369
-0.0301398817680471
-0.018527977332145
-0.138755319362355
-0.00289592614089051
-0.0044754351982779
-0.0165783139330235
-0.00942224190234889
-0.00355064077395818
-0.0118700248714071
-0.0205535049488708
0.0119327144425224
-0.0286751248189046
-0.0148267549181009
-0.010904605705762
0.0271507902335977
-0.00563334116879905
0.0473731575884742
-0.0924443402619421
0.0659176152712081
0.00419670171638169
0.0290886180652461
0.00689650833361167
-0.00441019897145259
-0.0165752859009808
0.0224660835334751
-0.0100474399181041
-0.0396264551903699
0.00876985119075123
-0.0178897571008322
0.00753197826056013
-0.0266491674974159
-0.0323929630679423
0.0413112867292021
-0.011438937770612
-0.0121565478085746
-0.0435324421462258
-0.0129963885612428
-0.0118820175165987
0.00576828462875159
-0.00906117816343816
-0.00278400121847349
0.0156291074530196
-0.0132705430160781
-0.0104302084938009
0.0223472643644581
0.0544189899604798
0.031898803273664
-0.0465746855956008
0.0553937140576081
0.00187310581720963
0.0027595831804543
-0.00893499317408952
-0.00770371071764516
-0.0298323321456253
0.114963444311323
0.00546315991599676
0.019374176524689
0.0038449151581303
-0.0570760899617239
0.00709944213694071
0.0011889297214142
0.0420517785108182
-0.032977703523257
0.00446968695015874
0.00917928975352177
-0.0727933305890731
0.0488169520186321
-0.0147174959822329
0.0694994713591707
-0.0133448890490634
0.00957517225126747
-0.00735853617493728
0.00142346899736081
0.0164731137184733
0.00693210384857926
0.00653745613821638
0.000711147114431853
0.00336056891911825
-0.00496367714169703
0.0213834606917125
-0.0198954517368523
0.00271578147288432
-0.0269216251404135
0.00269818485639503
0.00939820174686745
-0.0171924166471475
-0.000956832222696627
-0.00136865116270991
-0.00757946953917305
-0.00221271984934846
0.00255556404492554
-0.0148801246755205
0.0131790184359915
0.00846496330684148
-0.00756860147018794
0.020911452293364
0.00776724003691222
-0.0134860482025971
0.00544448882899999
0.0410241033026655
0.0174064573242116
-0.0103068202390331
-0.00914223462106534
0.00231961221655293
0.014126999264473
-0.0086528504540622
-0.0112581650951882
0.0165631083163888
0.022374836962198
0.000914532858395892
-0.00230675405348443
0.00095155425383429
-0.0240206651039883
-0.00649031043990562
-0.00965785265549097
0.000482135580933454
0.000670190852440404
0.00152757543104773
-0.00073259556549384
0.00437700453564418
0.0083791640591399
0.00904009415528784
0.00484896105424167
-0.0117233625205394
-0.0138475765110414
-0.00593220511891725
0.0199618401590096
0.0260656635444558
0.0818974747465344
0.0306908584581155
0.013449276426176
0.00212168222809271
-0.0120626511304574
0.00228277120595658
0.014048665335385
-0.00684224815834394
-0.0011218998231545
0.00841182775202558
-0.00977947761613973
-0.0509873326419755
0.0188197692159919
0.00121688507532083
-0.00277184568008194
-0.0580344624971756
-0.000653418507195225
0.0138227953597995
0.0149236836428991
0.00209355674270853
-0.00246305521654977
0.0235730695999392
-0.0487344539534909
-0.00548731342713352
0.00738622046254763
-0.0162454192274332
0.000759900647943199
-0.00530511030787221
0.0110057366926958
0.0283549825263886
-0.00441556809459661
-0.0010077504211576
-0.000798547888696133
-0.000782461485581682
-0.00132341429682777
-0.000657652360581855
-0.00953512439545732
-0.00127392589131067
1.82047941274894e-05
0.010405662107612
0.00086069536265494
-0.00581160722358151
-0.0147360744965683
-0.0159100685026237
0.0101475685305122
0.00644306986581089
0.0132967278373599
-0.0017814987493042
0.0112781212593741
0.00472006761929027
-0.0281702473703618
0.00861334841245808
-0.000427343983711581
0.0101315491575439
0.00115259924916815
0.0139752410991585
0.00476863251758686
0.00925197559871822
0.00094731290846357
-0.11000430002945
0.00421546139208509
-0.000915735455985101
0.00213783211284308
-0.00124276059749777
0.00117266202718419
-0.00807697892482287
0.00321750251914922
0.00155767780920034
-0.00224897085873881
-0.01231632112461
-0.00181062730972849
0.00369928501782159
0.00109276340563709
0.000781144855524524
-0.0327723944724014
-0.000287286305820268
-0.000402539407389248
-0.00929848119172037
-0.00629651762222412
-8.8579792781901e-05
2.63111205168064e-05
0.000171798897162278
-0.00808290414882164
-0.000719411762792329
-0.00530568919414572
-0.000528809750505218
-0.00189203961599597
-0.00089113504093031
-0.00496513993556532
0.00240893458931816
0.0101997752412951
-0.00473740620603405
-0.00316350280401372
-0.00379842851026195
-0.00177068504351994
0.00196251614137265
0.00392796980528574
0.000665577818066076
0.0103831391966475
0.000701045741373974
-0.00845942559825726
0.0121274978172059
0.0160393013393997
0.0143882585813796
0.0010295629584264
-0.00151827637912269
0.00462600394060236
-0.00455361706113596
0.00909590150591415
0.00278594200150544
-0.00126909186530198
0.00137663950802785
-0.000322648249569253
0.00209283216039272
0.00765716577612661
0.000185518559909247
-0.00286703129296161
0.0107679833216312
-0.00388609180676661
-0.00130520617604943
0.00023365494614128
0.0456888503468826
-0.00803866574726366
0.00258378930769884
0.0121589169666906
0.00233264171523897
0.00534865157589079
0.00302645676602825
0.00108987765850645
0.00409001338081163
-0.00800785631523164
-0.00452192014545542
0.0144086124125436
0.00163689162577084
0.00795179942147224
0.000135468452309368
0.00498655004711029
0.00539991275874716
-0.00677245279104259
0.0183502574699003
-0.00260651145839519
-0.00641412277101678
-0.000764040058102359
-0.00466084903617984
-0.0117229675647682
-0.00109231486712369
0.00689630472872075
0.000948824339115084
-0.000950618605139856
0.0114672914996838
-0.00912504933505014
-0.00388781091391819
-0.00323461965856573
-0.000180243477182762
0.000716316233929675
-0.00116306306836192
0.00429488935758076
0.00892042666903207
0.00521160873448765
-0.00295082646184719
0.00328530655130622
-0.00774645675529345
0.00220497217648913
-0.00272037651842586
-0.00154848984206155
0.00262304314243899
5.85948035223946e-05
0.00132412074943747
0.00715401693250187
-0.00580706112308587
-0.0368641306075732
0.00101128974847867
0.00103019552290289
5.3664711624761e-05
0.00304309598807814
4.04510811259987e-05
0.00180808717266531
-0.00128475856409836
0.000407019047173724
0.00837273921678721
-0.0165525391814327
-0.000746450610561161
-0.00123445842419587
-0.00142013939307472
-0.0125006256441283
-0.00984828461990658
0.00045986970960711
-0.00309076293805716
0.0144045673496596
-0.000660126176742328
-0.00178713034456071
0.00348875744350479
-0.00148727472176097
-0.000197411289174565
-0.00221776981261713
0.0117522677603387
-0.00300079429338803
-0.00641085563521548
-0.000537546530251826
-0.00648546691489619
-0.00122786134534031
0.00223887854337371
-0.00969701959025774
-0.00295956423877982
0.000522328379660734
0.000129212208103598
-0.00433796485012079
-0.00236678381351691
-9.00599989504891e-05
0.00093370944529525
-0.00119603447928082
-0.0123867452076329
-0.00291397018954167
0.000367045193423717
-0.00624316087949327
-0.00321565539620956
0.00548758281556638
-0.00487043002502043
0.00963755210317503
0.000445399099998772
-0.00322373074797959
0.00688413905049951
-0.0094243995052618
-0.00835767222098232
-0.00115217201744695
-0.00103427681417843
-0.00373810987328131
0.00227496058028637
-0.00102161158618482
-0.00323345955036779
0.000401966566872198
0.000496645044182612
-0.00047040747154345
0.00100615750050241
-0.0094385708732775
0.00132849896672754
0.00660556863983791
-0.0145130595682519
0.00237135891530676
-0.0091452243943635
0.00263483544628
-0.0044687868668685
-0.00323569652109056
-0.000433706253186834
-0.0099269888871543
-0.000758053575832208
-0.00221399464945439
-0.00119135659241151
-0.000398834144662782
0.0011641523060179
-0.00501293342280434
-0.000894471443919647
0.000349013927106726
0.00045243530544359
-0.000707234567157588
-0.00329467803985743
-0.0007407253250373
-0.00216638883014486
8.40445862881013e-05
-0.000683440862712765
-0.0030338762964693
0.00159942387538794
-0.00014943016918037
-0.00339151066210913
0.0046367103703224
-0.00254229611629729
0.000785821326640118
-0.00109955517746807
-0.00310011703806896
-0.00229421213011518
0.000265406613037756
-0.000568614526436508
-0.00160823137001594
0.000198422858722622
-0.00197908095768725
0.00159183387640232
-0.00117612082025742
0.00128966694681466
-0.00180033463566539
0.000630577852879295
0.00294454383646318
-0.0028200541702513
-0.000570549873194052
-0.0013401935947028
-0.00102941548243227
-0.000410756426226967
-0.000567898340524901
-9.30275518187601e-05
-0.000339602288059604
-0.000234969299856247
-0.000460914855439725
-0.00113863136161972
-0.000223900397038858
-7.76788437195744e-05
-0.000348857171792442
