-0.982400002621542
-0.873040296120842
-0.566233006290774
-0.320110844340016
-0.0778123375265903
-0.109791970703593
-0.142446625551893
-0.107457392435123
-0.118451162648002
-0.0724736429616107
0.0981000823625154
-0.0676824733115736
-0.0586624052078919
-0.0279038425714008
-0.0675130508279325
-0.109036986608525
-0.0525494618442913
0.0521691941224863
-0.00856053168212525
0.00440669105265324
-0.0205185444088346
-0.0208433151610975
0.0280470684568974
0.0805684031532689
-0.0359842519990625
-0.0245952484728106
-0.0515423791092676
0.0142696013253799
0.00239469065637807
-0.00666636072825434
0.010742789292968
0.0260007703686122
0.00873556702007938
0.0326802599412095
0.0085839397847657
0.0273610162372442
-0.0112196462043272
-0.0110691504138325
-0.0248744295787007
0.00614498326476226
-0.0158932173034846
0.00717830526572199
-0.00133443332553428
-0.00606231278126094
-0.0176206229881707
-0.0079929080160549
0.0285945283795998
-0.00813469890170866
0.0625462461326671
-0.000108239030529715
0.0127164867453522
0.0259702656649576
-0.0140179728436025
-0.0281579240770785
-0.0149928683287587
0.0109260187359991
-0.0197892124111981
-0.0261197836642888
0.0396902468239826
0.00790928867849148
-0.0310706319003466
-0.000876286959191894
0.0108592388338464
0.016660736187525
-0.0106068313858531
0.0156595508504196
0.0142154728078488
-0.0296281665290978
-0.00803645840583445
-0.000699521886560653
0.00840705789901947
0.00236595312280396
-0.0395101928329294
0.0250357472728971
0.042561638062929
-0.00793718639185579
0.0361864506405003
-0.0227712965765028
0.000667477020121838
-3.37252747909566e-05
-0.0125257264733773
-0.0292554493533087
0.00881936926572642
-0.0217504231918433
0.0562829290968061
-0.00758529003586188
0.0153282794245878
0.00862445358218592
0.00345729841673097
0.042995994643306
0.00977569853992572
0.0125872949608769
0.0181290958866883
0.0225137854585731
0.00380142727951139
0.0202078044148343
0.00820876004774868
-0.0209408537143147
-0.00110028332728084
2.43417730677771e-06
-0.0085669091835474
0.00671657057740302
0.00801355205598515
0.00913920317327976
0.00242506984924502
-0.000979019770460824
-0.00934405912591606
-0.0174509867574074
-0.0376129448746696
-0.0202911517160187
0.00731569024504451
0.0046085059777407
0.00317822136858954
-0.0134081732589518
0.00491879560075748
-0.000568906539057864
-0.0050784520971238
-0.00190672293239994
-0.0139623141203975
-0.00936185989727932
0.00283680201104446
-0.00118142348001018
-0.0291937440850979
0.04138331441974
-0.0133746269830337
0.00266287242486313
0.00181018645768606
0.0256709359329548
0.00502475523046541
-0.00967604075916014
0.00154266165847776
-0.000919142532399182
-0.0312031838632853
0.00181975493312827
0.00831694403155026
-0.0123996786064262
-0.00196595608586856
0.00137061553343046
0.0278355236803424
0.00405917937918321
0.0447155470269211
-0.00247719708151951
0.00362527794144275
-0.000284113437074256
-0.00225975071664012
0.00635772234175305
-0.0139442524127554
-0.00508546281998946
0.000302306823633995
0.000679249759494066
-0.00151778436938577
0.0153565254472489
0.0207054522402138
0.00131013280047573
0.000105045475842406
0.0245180065897173
0.0202130082472291
0.0168932815674487
-0.0228031389705186
-0.0374238920927655
-0.00336380955071688
0.00941567717717591
-0.00609868260468364
0.0113932741873043
0.00334292213095078
-0.00889730561914993
-0.0167628839668764
-0.0187068372026841
-0.00247691927002516
-0.00251823367086458
-0.00128020684296999
-0.0282986396931733
0.0349734212107334
0.000808089457624173
0.00203933430019549
-0.00697902522409321
0.0111591851856106
0.000705560936100038
-0.0059014667238523
-0.00298004269601275
0.0297642166809679
0.0281401645545925
0.0268801744558174
0.0136960493600458
0.00213396735332257
0.0400918289819989
-0.0108128221082436
-0.0366800359849113
-0.00401970313715715
-0.00449938995185877
0.0339938601594821
0.00172926500980096
-0.000472591934925133
-0.0103595492669854
-0.00242693621632272
0.0295858333112268
-0.0240906090210984
-0.00723475657893776
-0.0167512379297763
0.00543455843479024
0.00289478303128826
0.00373623598687911
0.00438165076697379
-0.00989990868124691
-0.0117435069905631
0.00174602161718961
-0.0124624677581057
0.00607465857065885
0.00246674877418101
0.0017725219853279
-0.0040607748937718
-0.00261200172860767
0.00967188740921074
0.0365869493035658
-0.00616156194941541
0.00121982672730533
0.00174169978590051
0.00833597670028454
0.00315993663609285
-0.0183204102938633
-0.0177228181881315
-0.00642849766825191
-0.0108107453595691
-0.051534577429168
-0.0168232504271153
0.0233996554171506
0.00553577566632497
-0.00347576384557819
0.0134012416842003
-0.00525866355144499
-0.0132128789572881
0.00721004118557195
0.0233312805187605
-0.0103706829381658
0.0234506509061554
0.0136671319623804
-0.0036552951377879
-0.0391527041416722
-0.00490369757282748
-0.00489708793486317
-0.0275985596838149
0.000448669708377842
0.00309987901000638
-0.00260377299307909
-0.00690463382840375
-0.063766621991904
-0.000971683454340796
-0.00277374853008363
-0.00128008984064518
0.00314360961071217
0.000451035711830333
-0.017992150118286
0.00680552280661442
0.00424163859971795
0.00425637798287274
-4.34173310487904e-05
-0.0109255077310575
-0.0146165004631592
-0.0171571841632694
0.00243440495068465
-0.00281418846747149
0.0225082974460101
-0.0105821344522092
-0.0505956802502108
0.00666809332136636
0.00303297115784524
-0.0277674463989027
-0.0364338098850218
0.000756073791900639
-0.00187887819365196
0.0198916781124906
0.00096424707817927
-0.00118639226275693
0.0277006995603746
0.00867372345333351
-7.49647931840942e-05
0.0049538953429119
-0.0297558517076873
0.0209909526646045
0.00385069803897879
-0.0243927453015761
-0.0035558350047318
-0.00385280829996748
0.000339385584041574
0.0136649264836403
-0.021774765997337
-0.000223149439308414
0.0117692922303817
0.0166237881607181
0.000729219841951544
-0.00158102687516939
-0.00153371078125709
0.00107737620097621
0.0032291379723179
-0.00139488857637345
-0.00660211445867586
-0.0017860290347228
-0.0234333253861089
-0.0080754917071706
0.00156127432340032
0.00196630561430574
-0.00154519802142777
-0.020784060654452
-0.0513324330730563
-0.00225416666203914
-0.00075583371752764
-0.00139287100604466
-0.00828619514540553
0.0136459593533915
-0.00922963420640029
0.00929816839334534
0.00555528033334935
-0.000456052185671826
0.00494834068749983
0.00211040938297857
-0.00473989665823353
-0.00483769914834345
0.0010690503815357
-0.0279535824190077
0.00296236234963903
0.00230092027445165
0.00544816563274907
0.00381105231180993
-0.0113779825961694
0.00131692521985103
-0.000577824898808886
0.00138646023399889
-0.000299216903631135
0.00359226180233342
-0.00709506363120973
-0.000645723405235931
-0.00508785665042971
-0.000435530206049921
-0.00157512364540697
-0.00493716332320227
-0.00484241173325313
0.00120649374305044
0.0102166610818083
-0.00242434036332823
-0.013109443104643
-0.00465646382408389
0.000672998695642415
-0.000899249806420517
-0.0029532485301178
0.00848583757512689
0.00912149970600942
-0.00283159367131528
-0.00211991056200505
-0.00571579975844521
0.00139849470323061
0.00037679154134259
0.000260076382111676
0.00181961947633657
-0.0187286223193353
-0.000302607061609802
0.00365391344295505
0.00232118235122475
0.00153744342076145
-0.00451256269686654
0.002628792721203
0.00460539466129664
0.00324678673977581
-0.00198312114835894
-0.00260266627999503
-0.00514564459952946
0.00404581070958047
0.00370802732286038
0.0212286113765552
0.00188427776123457
0.00240050766073216
0.00180388265900197
-0.000231307651973182
-0.00231080863782518
9.24525041064465e-07
0.00134391206402493
0.00488741599757
-0.00038894666581443
-0.00404106211961349
-0.00255123937637085
0.0076704911819381
-0.000705599391923808
0.00410480271411707
0.00364782473420386
0.00200039686586876
0.00454494205110774
0.00196828449331045
0.000329549511071543
-0.00138281436657137
-0.00877280656734529
0.00650946449314926
-0.000640314580474144
0.0010521506093679
0.00225908422516786
-0.00488839222523951
0.00107090850578375
0.00166868624942996
-0.00196183695339199
0.0061381882338379
0.00226462280702625
-0.00106800651390872
-0.0122858159341442
-0.000390387869480081
0.00130765626462277
-0.000718866925195269
0.00118945330213004
0.000754366155405226
-0.00150172202969987
0.00134036992360263
0.0043718991118531
-0.00235369212149408
-0.0028763056481824
-0.00288906541339585
-0.00644450354894887
-0.00255450198568278
-0.00188773508268278
0.000446807732001357
0.000153434230011237
-7.68109105863861e-05
0.00109746783155708
-0.000190257798601644
-0.0025522497709781
0.00171389949829235
-0.00245010402999261
0.000276058556365207
-0.00873736776521311
0.000844700246228499
-0.000501663795460899
-0.000491221199337086
-0.00117922399226278
0.00482106520336504
-0.00676030198878718
-0.00219477671775042
-0.000460247761350147
-0.0034312854060856
-0.0101659027374532
0.000529059054051827
0.00216188538959241
-0.00161742927747002
-0.000267585583047161
-0.00272327310922587
-0.0011665320683964
-0.00343805251206585
1.27095069625766e-05
0.0021413657739872
0.00330184637901496
-0.000396046705049657
-0.00105680039631796
0.000899082613567228
0.00227601601751191
0.00130042685927374
0.000253659314077033
-0.00136116413592193
-0.00178367364348031
-0.00214757863370626
0.00120051333004581
-6.41173589640866e-05
-0.00367982184809893
0.00809813232766585
0.00173815719744836
-0.00453186343614343
0.00239200331622306
-0.00332094427793249
-0.0012458670084798
0.00062547686012836
-0.000512393408043567
-0.00141341571298104
0.00387713995705409
8.77568576946447e-05
-0.0047589523690366
-0.00657992345960742
0.000340623560138665
-0.00182636811597794
0.00111429966929171
-0.000623797053014256
0.0019329599430212
0.000748428783813867
-0.000100721473672696
0.000105395703522242
-0.00178966544231006
-0.00189483287109294
-0.000127754877122346
-0.00146796373224764
-0.00314984649699543
0.000327397578699613
-3.77127644405303e-05
-0.000890763882536945
-0.00328674146031498
0.000317683481519816
-8.54360253603668e-05
0.000106647378128644
0.000400615175127319
-0.00161493939470773
0.000679530976704584
0.000266790617663551
-0.00123236340570223
-0.00153805485459192
0.000318700390953246
-0.00204448419731825
-0.00266189175009307
-0.00225699259102195
-0.00524903540359266
-0.00467765209426638
-0.00188398888356331
0.000167823871041446
-3.59702647753332e-05
-0.000340695205456243
-6.65982307313628e-05
-0.00025965626884343
-0.000191408788369454
-0.000378269409816325
-0.00114638658932507
-0.000775802041031102
-0.000513775987970282
