-0.925402152870979
-0.925042751551361
-0.661741465720531
-0.34625136833233
-0.280159800852866
-0.136430765084622
-0.0297253833564712
0.0123437626131728
-0.0477830110381015
0.0119922266087435
-0.0580213916333906
-0.151809912676697
-0.0010055795862122
-0.0852141918758264
-0.0263274848467011
-0.0072048297232849
0.0184377619116397
0.0523637604635247
-0.0362096245362534
-0.0154230993812024
-0.00159141642438491
0.0168201096679509
-0.103197500140375
-0.0381076616232781
-0.0198920977626844
-0.0418505823087661
0.00983487168495714
-0.00166206125376715
-0.00521201565159669
0.00883396866081524
0.0188973850288158
-0.00195715960431896
-0.00701453190324443
-0.0111420430148339
-0.0334715965503002
-0.0343669169724782
-0.0198857383943481
0.0720896270206284
-0.00409407863249414
-0.103937034943423
-0.0178674932480572
-0.0285199972718724
0.0144908258012651
-0.0138510937486387
0.000236006740790777
-0.0250688032074169
-0.0133838605181657
0.000583527923666113
0.0043653286430332
0.0421477003612609
0.00234582658114834
0.0077920072132527
0.0912244009042166
-0.0191173503496702
0.0142516222730063
0.00891409400410387
0.0238732404972674
0.00491850105641286
-0.00195258265249632
0.0175873744689366
-0.0410735661386509
-0.0268903136602007
-0.0358632435794834
-0.00781935179914085
-0.00659146635033552
0.0171299908447006
0.0528319181201437
-0.0136810520886947
-0.0477555886665919
-0.0224973498293646
-0.000734243877851568
0.00137041107427047
0.0251827653283407
0.00634095397374793
0.0239936229834278
0.0118461266379267
0.0049897464291832
-0.0132701652697155
-0.0226933633496382
-0.0201063742510132
0.00964136616529234
0.0151311974401932
0.00442812932216397
-0.0145316530578829
-0.0373652834857134
-0.0160106654758335
-0.0159841840231608
-0.0116033275662204
0.00692581867406578
0.00384400806931393
-0.00321797591213059
-0.00610715126913758
0.102938945469474
0.00223313426153461
-0.00194298474283019
-0.0226712714178735
0.00258708469053345
0.00248151192059812
-0.0236033741320288
0.00357296436804716
0.0163997913889575
0.00652692935935215
0.000312329469473974
-0.0185326890478529
0.00101491996191794
-0.00224399763762029
0.0142660721820913
0.00246647377233542
-0.0191897471356682
0.00484585742144671
-0.00215519781768249
-0.027465502002368
-0.0537848991444509
-0.0132636754744006
0.00713496474286889
-0.0269196607881891
0.0175298706515039
0.0329525404190301
-0.0127362018956423
0.00655989306950386
0.00332058613519407
0.0199045848161005
-0.0155957847907131
-0.0225969721825149
0.016980895757645
-0.000482703531802696
-0.00199060136882951
0.000175520659031016
4.76093465714804e-05
0.0288242985856494
-0.00185443244771085
0.00621798309706819
0.00133327774158375
0.00339997051695455
-0.00188793753327132
0.0274534127364812
0.0136214627877265
0.0118606532623475
-0.0285595017012527
-0.0037649335946667
-0.00129731430094347
0.00614018423455309
-0.0373197727557413
-0.0157206972634256
-0.020675303069402
0.086486733792707
0.0179566882721005
0.00653541666378467
0.0197820352896845
-0.0246226928058722
0.000686360733701169
0.00637400051818334
-0.0109670198070745
-0.00251275551737229
-0.000282262029055455
-0.000524153785608422
-0.00590390696455248
-0.0211666681804256
-0.00228036709419703
-0.00308230719551341
0.0243843608505028
-0.00438096441327795
-0.0025308424527975
0.00547224573395411
0.018701389388499
-0.00243951155835255
0.0127080803251978
-0.0509363670416897
0.0111488827838171
0.0678805110203699
0.00325773117952426
0.00164519454781766
0.0026751131971534
-0.00382190920536684
0.0039490708940333
0.043603439301385
-0.0180044943483537
0.0347531459544696
0.0114876323374778
-0.0100349946930093
0.0318689822246102
-0.00212965890568115
0.0376440967245483
0.0288986605644311
0.00250919531775552
0.0460664169567625
0.00027356025889455
0.0295337507125793
0.0174723518457443
0.0575005042350709
-0.0199779049608885
-0.0039174474495396
0.0129647470258909
0.0182579489486153
-0.00276492061534726
-0.000335388673628651
0.00510719142968079
-0.0539086393864794
0.0224607527168897
-0.0268404830851036
-0.0137810594037295
0.0123919463576937
-0.0293930572793732
-0.0445644107584362
0.0331309996163857
0.0471540404846248
-0.0208712592436585
0.00500646523133945
0.0373499563956989
0.0176705256438552
-0.00720935136596379
-0.000546347633423346
-0.00427535920470148
0.0360908066371707
-0.0136210909050947
0.00894706841802224
0.0348027176045856
-0.0249879081862303
-0.0179393452420492
0.0115874510154616
-0.00443639415753023
0.00384180471739731
0.0104596503971313
-0.0223569243486808
0.00637042622613385
0.00907789751999845
-0.0162320441428799
-0.000731836112170726
0.00588961094597296
-0.0178011777631283
0.019663429972185
-0.0230256173712073
0.0169838403310067
-0.00187154947020889
0.0545370961907378
0.00250586344249115
0.00545847141124649
0.0116635925370044
0.0184368837731861
0.0147987693931308
0.0362542855317778
0.012206626830937
-0.00376813539760376
0.00564381001437203
-0.00317436645766618
0.011809993003763
0.0266966431945727
0.000503402488596418
0.0049042846030162
0.0143434671902358
-0.0165181699180409
0.00416090013318469
0.00054656734539692
0.006429048077607
0.00820663602301176
-0.0134695637233772
-0.00543031527550066
0.00464776732340656
-0.000916661167130471
-0.00857798437361838
0.00700250245654435
0.0223201407156845
-0.0201220788046194
-0.014220103073214
-0.000307126464486886
0.00481196865815867
-0.0233679791324942
-0.000696808692013925
-0.00741701886813402
-0.00316138569011969
-0.0116346171922525
0.0183120215510233
0.00246288823415855
-0.00537971017914322
0.00100898505236173
-0.0264035661270838
-0.0108496825234312
-0.0181644109417952
-0.0114787133550261
-0.0010193849615491
-0.0265507927179623
-0.00437292243985012
-0.0314644228252025
0.00521595706715238
0.0137962080757192
-0.00874445889743163
0.00724621927009685
0.0264131333863208
-0.00540045164966005
-0.00257287869397669
0.00475922372454572
0.012548070453585
0.0112614877994319
0.000983605955769364
0.0010133853511091
0.00145791758223509
0.00850045311870916
-0.00529081045594613
-0.000398930437622521
0.0304955027187692
-0.00315459287220868
-0.001409912698718
-0.0113148236437119
-0.00595795303316513
-0.00262265426859292
0.00458645271482355
-0.00668727743722089
0.00869623964572902
0.0143838841806565
-0.0201679691556345
0.0137246567035773
0.00631643093568812
-0.00545032264197703
-0.00256230892074616
-0.0143420614241116
-0.000573087040894366
0.0168608386482801
-0.00864914984987593
0.0450060249750666
-0.00336724718201867
0.0048319870297082
-0.00271021541092044
0.0135261056010764
0.0101921497125742
-0.00340362188926474
0.00456543691321126
0.028423550087603
-0.00307452627411446
-0.00677050524564701
-0.00200671035090414
0.0128683389511282
0.031419371668931
0.00175519271094961
-0.0231643921378228
-0.00941069181510819
-0.0698866398634004
0.00133231847321754
-0.0156082631517506
-0.00871010974576244
0.00133500754909447
0.0280125285397736
0.0043812257362803
0.0179320349086118
0.000263280652250689
-0.00521643692640238
0.00537733251235646
0.000936896029234278
-0.00905851539563985
-0.00861215422804098
0.00668319321413757
0.00199958270900488
0.00820205860318745
-0.00183846282657278
0.0106070210742655
0.014127933246793
-0.00061344355586572
-0.0065925807140494
-0.0159589615103051
-0.00663690005142482
0.00369049166598259
-0.0175860824961831
0.00411429388455568
-0.0115111929094021
0.00367810750810105
-0.0202078742777814
0.00199721343554208
-0.0112351458989704
-0.00051096903120005
0.0197720882974195
-0.0195873263627928
0.00346526187095699
0.00567326894941149
0.0317402617635775
-0.00907785346419954
0.000365539703648518
-0.000465158569347941
-0.017616129784716
0.00111335741429922
-0.00949501806693365
0.00449662438449901
-0.00526086206139064
0.0005688086762697
-0.00895834872573769
-0.0147890827998169
0.00242398070897448
-0.000310274584243231
-0.0100298894949085
-0.00777865919763273
-0.00146691192495193
0.00378886851926759
0.00656021364371575
-0.00201111313061684
-0.00180522925178894
0.00210260914134611
0.00457509246145288
-0.00507301386554009
-0.00250879437231084
0.00035996115868556
-0.00150839120887071
-0.00582543400124334
-3.61852100352611e-05
0.00398945341282332
-9.64698721346866e-05
-0.001297850552633
0.000214884880795085
-0.00316994451815488
-0.000457387732261184
0.0027842578646339
-0.00408562762011292
-0.00248587633280798
0.00209356780024862
0.00195164434478851
-0.000975039709026572
-0.00136250155574683
0.00187447174617345
-0.000157494422977219
-0.00259486293176047
-0.00656524251760079
0.00557336283895906
0.00209125742398488
-0.00311807228292569
-0.0123013478961677
0.00450271459990594
0.00314715230668294
0.00115837019301078
-0.00317725921388251
0.0222903529069316
-0.00232885272883139
-0.00133926177523579
0.00198605597390902
0.0109604698901344
0.00328827284089925
0.00109005340253139
-0.00206403851584056
0.00418336085467082
-0.00107884711071138
-0.00221239574604486
0.000538898533168188
-0.00174235057737795
0.00183204476898209
0.000665453165013016
0.00545167942044523
0.00361831998799983
0.00335359505686357
0.00493188525389957
0.000175704994377512
0.00029311836633189
0.00277385143039229
-0.000274884327492323
-0.00145541198302856
0.00742968280552774
0.021821407837983
0.00263555187893547
0.00472686698081745
7.09537696226355e-05
-0.0044825957981083
-0.00200047485662867
-0.000836569282598845
-0.00239405122365623
0.00178067189813148
-0.00650426921144236
-0.00466537637515517
0.000827358665593238
-0.000656520001747388
-0.0026531375724508
-0.00723625406332673
0.00132799710254206
0.00208861742410361
-0.00796892526093193
-0.00538983512456555
-0.0028173367194384
0.00835465708810935
-0.000422665212371852
0.00552591006016073
-0.00127936926340016
-0.00670535299035115
-0.00523415474381489
5.79925259970601e-05
-0.00405662052360681
-0.00911399976810824
-0.00565798986835682
-0.00452068718683789
-0.0188116793600078
-0.00747812808120587
-0.0015472453387624
-0.00115953140701773
-0.00128356186063122
-0.00194703970040909
-0.00185903753370747
-0.00196458224835718
-0.00479401026246898
0.000206821754928079
-0.000121486887125668
-0.000124654089631507
-0.00020957380851416
0.00104224462305099
0.0006490327096872
0.000419566672151605
1.83449787760904e-05
0.000237314051226605
-0.000565030174249554
-0.00336850758383134
-0.00126370746695029
-0.0020839802935454
-0.00207778564469518
0.000131899566449667
-0.000482213020431487
-0.000590886872987715
-0.000118100887553338
0.000126293126104062
-0.000437413060943927
-0.0014087519658329
-0.00066587609284176
