-0.959320131317526
-0.782412676557681
-0.616565197136628
-0.591503696599808
-0.331809546550709
-0.11783841267522
-0.196748754410908
-0.205190959814736
-0.216485507579483
-0.122169695418933
-0.070506153683705
-0.0736368914881928
-0.039604331245566
-0.102830558260836
-0.00555813538682281
-0.0175288979875812
-0.0219011452032029
-0.00567252527124344
0.00325106489694815
-0.0227981262222773
0.0200454756996499
0.0226445149632588
-0.0187584002228393
-0.0360008855379471
-0.0499581825520968
-0.0216278419341871
0.00212797884854254
-0.00381806953711174
-0.0210708260155397
-0.0851929759829814
0.0121681871167931
-0.0176926785657132
0.0298617409583857
0.00102070460224936
-0.000451407004180129
0.000393749146628578
0.00742481989672842
-0.0129146555889116
-0.00862722398548127
-0.00103024550402107
0.00546773466522853
-0.02298361718236
0.0198715234981545
-0.00282905038182853
-0.0166995728828429
0.0431366051753612
0.0113682228013269
-0.0160411748752874
0.00810430019204023
-0.0131683711957658
0.0373878067852783
0.0447461540830623
0.0193381818529471
-0.00111413534520178
0.0257347062368304
-0.0163174017487702
0.00144642107828589
0.0226823816458796
-0.000788151222331204
-0.000874507359904238
-0.0468817780108804
0.00248910034286167
0.00533496121669268
-0.000489699685290309
-0.0124460894548932
-0.0269064851140258
-0.0207394268339288
-0.0206522024852763
0.00174582498070698
-6.52133484425671e-06
0.0134730398496607
0.000762795428002647
0.0133754434028605
0.00712771019089618
0.00145276409056066
-8.25197357913338e-05
0.0244599827867264
0.0644377765598122
-0.00338289865975655
-0.00484816809620747
-0.0122245046151735
0.0102717672544991
0.00609309651417007
-0.00136185485026653
0.0229472100299863
0.0136636489003934
0.000280027596143338
-0.0146704648340267
-0.0134665237303158
-0.00322042103460098
0.0169859211414012
0.00158496677690776
-0.00671413868924954
0.000687374858348746
0.0048651593651925
0.0131341040695499
-0.00206078839036769
-0.00148937588243945
-0.0182012228702273
-0.0045875194392074
0.013692981965706
0.0027376385138146
-0.00685923680646422
-0.00115415399875179
-0.0136568781926771
0.00298302889220369
-0.00317067282615359
0.00737556134465769
-0.00201298226924393
0.0139173322852984
-0.00487093901301227
0.0162954443146917
-0.0167249163800504
0.00364382407843042
-0.0056790901206995
0.0101648226750762
-0.00599449712522359
0.00222182183942249
0.000382886353549299
0.00838535697669318
-0.00185298098039624
0.00490147129421744
0.0159022020075274
-0.000367725053935477
0.0328630505974203
0.00530357544050772
-0.00353097035916359
0.00699841008155385
-0.0632487088543567
-0.00218274323444034
-0.0518425964975979
0.0470254755300217
0.0277228788848423
0.0111395250997252
0.0245143345188484
0.0205641284336263
0.0047919735966285
-7.70147685151814e-05
-0.0026597372137013
0.00850071902292085
-0.00558944129849418
0.0109059320688066
0.00398063271390512
0.0311286337308834
0.0202368495450381
0.00517124534987764
0.00448627379044446
-0.0140489387250964
0.0191957813023182
0.00214073956118353
-0.00472219256138351
0.00903000594445605
-0.0555444960364346
0.0267432041977703
0.015166517320921
-0.00843865571091519
-0.0145925093752501
-0.00769591241788538
-0.00238334975635284
-0.0164682095825476
-0.0058590265878799
-0.00142434221949885
0.0343363144732788
0.0210496986006441
-0.0135597086644034
-0.0065957225646445
-0.0326571274504313
0.0197847376568525
-0.0159936149584138
-0.00180364830213276
0.00140420391017979
-0.00280905478432153
-0.00338374440396515
-0.0248497928643115
0.00037569022977173
-0.0463152443712288
-0.00192739266877381
0.025050980671444
-0.0058082843847813
-0.0320349265897942
-0.00388028345732699
0.0462153868778425
-0.000975509150881613
-0.0245078135323802
-0.00395167046931524
0.0101413467435842
0.00194365201454349
0.0167303255886979
0.00377175454237346
0.00230986631206147
-0.002116514230074
0.00180694444451247
-0.00142827197340939
-0.0180856269838939
-0.00319106068833727
0.0111501819363284
-0.00958205169283085
-0.0261143152749098
-0.027156558168624
-0.00175019268043353
-0.0132587702837638
-0.0354506064698862
-0.0186627922538379
-0.00448148966014459
-0.0110471869108922
-0.015494216986412
0.0180302918037317
-0.00326509783378187
-0.00188092974599343
-0.0117289956493313
-0.00961544875265864
0.0173548063537893
0.0125712620982858
-0.00742563485339815
0.0260061116971231
0.024126230918674
0.00135966061144842
0.00391776970385077
0.00382232797888721
-0.00577962888461741
0.0177814762900597
0.00914374634138341
-0.00270933883100729
-0.00862771772929318
0.000664783643636717
-0.00390112445112381
3.78897832171896e-05
0.0098953373918306
0.00418629889495079
0.0173472561622013
-0.00604220604145186
-0.0126608485150751
-0.0168392243262005
0.000726193679378185
-0.0103396164469314
0.00108442841493799
-0.0308173740643668
-0.00665441367904868
0.00137741938832301
-0.00271657816476114
0.000251127345691785
-0.0537838203092503
-0.01321949238744
0.0159936369751505
0.00258687309765401
-0.00629224451225338
0.00905521080252576
0.00330687244061557
-0.0015851104769399
0.0224451032313301
0.00114433439806715
-0.00105947729890934
0.00494188316363988
-0.00923434494226235
0.0121487126667818
0.0143517270525454
-0.00158106448390746
0.000104648771880645
0.00168476045815656
-0.00728616503742824
-0.00810222609297879
-0.0054209693117652
-0.000454298531559235
-0.00463023151589136
-0.00930906935234529
-0.000639251216446218
-0.00252217348801561
0.00221693932560413
-0.00700814950150039
0.00232510482897528
0.00226936710421773
-0.0226612849203346
-0.0224501404830448
-0.0094030965835899
-0.00851838899211963
-0.00437066196323872
-0.00780862172972815
-0.00316114069590234
-0.00119316422785222
-0.00154472738893835
-0.001416975219623
-0.001726857848549
0.00839524794019499
-0.000291075483808893
0.0218159691491183
0.00413006351070756
-0.00149280547624538
-5.53550175445362e-05
-0.00455646972091995
-0.00488584395452277
-0.0107363021619079
0.00450903762228615
-0.00010137274891419
0.00630786032397679
-0.000807074347966933
-0.00364739813141316
0.000168379028596494
-0.0107285272923914
-0.00679415350772661
-0.00687433547505919
0.00646449976886328
0.00701342171120125
-0.000561295668544645
-0.0031215388060095
-0.0117958450851942
-0.000405824399571583
0.00759895115620846
-0.00589504303514827
0.00597643109805603
0.00164923581055893
0.000356351668764518
-0.0015481650524349
0.00148836706023394
0.00336615891636514
-0.00662806731019257
0.00165693175631894
-2.33417962035572e-05
-0.00116162462833286
-0.000801694168911094
-0.00271946935832964
-0.00193745988337396
-0.00483008726702313
-0.000664956795641264
0.000194214237890512
0.00065685663181699
-0.00218076513479001
0.000389496317022383
-0.00294337577905163
-7.68151970783477e-05
-0.00236041638315286
-0.00544022673906249
-0.000815849035980701
-0.00154693493750713
-1.32235149583984e-05
-0.000470328574721045
-4.96675975579104e-05
-0.00248002911793111
-0.000419533467968836
-0.000242614568027951
0.00028622780160333
-0.000256799807186831
-0.000551874224965473
-0.000233313024891059
-0.000958234204563568
-0.000643232506398432
