-0.976416302301798
-0.872950333468428
-0.709621455968629
-0.704220092019662
-0.263597065135267
-0.0665546111463854
-0.155686433293891
-0.131656551686396
-0.104956560154377
-0.098151575273025
-0.063436407208889
-0.0535486447386441
-0.0605379300691816
0.0145632653018855
-0.0691298998561128
-0.0547174191253429
-0.054155000374806
-0.0505629641668985
-0.00666945383395541
-0.0342940009814242
-0.11038218251721
-0.018976511145511
0.00158558417166218
-0.00618207481056846
-0.0160360624618417
-0.00330585321277937
-0.047146646628575
-0.0104126204943835
0.000638459896653528
0.00813240521552003
0.00603419845724269
-0.0145573083062271
-0.0616072074890358
0.0128146322848975
-0.00732546469895607
-0.0601912329807804
-0.0647502248536492
0.00619348737102841
0.0156927713778171
-0.0205039740892725
-0.0174179649213091
0.0147464484458577
-0.0412667642475379
0.0012773656490505
0.0208115064830641
0.0187683101489289
0.00320734615725793
-0.0184299655388729
-0.0712946776642858
-0.00627579555054174
0.00826486371511439
-0.0538117607601139
0.0107296996365086
-0.00297772584221425
-0.0102907159119264
0.0120550658724711
0.0155233715061978
0.00120090430277108
0.0282886101381675
-0.00544178652518868
-0.0216663123768794
0.00886174501514863
-0.0208248977518169
-0.0292743353411642
-0.0166887898960285
-0.000884424440398672
-0.00967514778749117
-0.0212996571102234
0.0123546036035037
0.0551290788708807
-0.00247241807701028
0.00920954514835592
-0.000702884304400693
-0.0250149829935324
-0.00018094497773212
-0.0050841049531168
0.00294514064751442
-0.0289235072657112
0.0011369543260817
0.0129591902283834
-0.0143188570062465
0.00564910175622024
0.00760121141329067
-0.00199806699720394
-0.0348976060583261
0.0281466088083979
-0.00285192033161961
-0.0093282898263691
0.007554285687335
-0.00177455896300805
0.00207639380873951
-0.00574044608426171
0.0171553759058228
-0.000142356623771102
0.00584047137216267
0.00325164731885213
0.000237975868534224
-0.00704647148772279
-0.00101139310229484
0.0505898395690054
0.00491821033377571
-0.00535085955140284
-0.0041794534866655
0.0007589969978376
-0.0022702748799992
0.00956668185275945
-0.00453835636543967
-0.00735836384146432
0.00952943792524543
-0.0161404481249679
-0.00300269040464855
-4.98651826729558e-05
-0.00226764029904548
-0.00326107282445959
0.00889255155941034
-0.0148461853996975
-0.00813549958869464
0.00848844135912773
-0.000812814144547918
-0.00649484007365457
-0.0091978311344302
0.014779919948481
0.0227128385609706
0.000583255775024955
0.00272888434355566
-0.0131420811372564
0.00915273617991623
-0.012743442355562
0.0009312635233786
0.00232342780175825
-0.00274047437727349
-0.00534909046997355
-0.0109704457827768
-0.00506682182057152
0.00934226237957782
0.0182780199226975
-0.0307257609380216
0.00297059550235201
-0.025563383884423
0.0173017705940319
-0.00310610647884723
-0.015985230420473
-0.0139513209657489
-0.0326806703714292
9.48835535062365e-05
-0.031624492766642
-0.0197912348839094
0.00457822999057953
0.000172768862559916
0.00506045069084443
-0.000663593119459277
0.0343704429587927
0.0229661098494859
-0.00805207037585411
-0.000171662062262074
0.00462407088417166
0.00328856404657442
0.00355972771810836
-0.0264680235730162
-0.0178528963004789
0.00824591071618098
0.00900762557151974
-0.0206452769251071
0.000885366378991705
0.0144829699063025
0.0070381481403971
0.00858935713519532
0.00880255284858504
-0.00548357781466277
-0.00362254034151687
-0.00168081300025972
-0.00225083091371466
0.00732188684931813
-0.000527082201345192
0.00407493063104325
-0.00539941027259454
0.00948119063363952
0.00461175433873061
0.00014833197855223
-0.00286255298590812
-0.00321033393326239
-0.000218154477685143
-0.00616886177965686
0.00259746461162117
0.0120721970714995
-0.000596901422322192
0.00269985704296648
0.000453216482588011
0.00575053089067354
0.00555013911086374
-0.0119648775442005
-0.00120898248631435
0.00391451678790364
-0.00369641204949846
0.00226129854170433
-0.00560433615609576
0.0256282631612054
-0.00752510354815215
-0.00625045104766699
-0.00286171034443124
0.00119142934198503
0.00982014400726131
0.00443350151489718
-0.000555543543233103
-0.00706780110069041
-0.0033449811644866
-0.00895739193968077
-0.00381686613574002
-0.00873648660281877
-0.00473196637472167
-0.0132550621710141
0.00230674398497951
-0.00864343997038878
-0.000825275602423718
-0.00293270847772283
-0.00616023513396176
0.00245411019282729
-0.0026309028703116
0.00560193134400164
0.00208136310832332
0.0041532643942479
0.00170856313638267
0.0164551853998247
0.0142483519540569
-0.000210761785986888
-0.00961529792305665
-0.00269383421318385
0.00433192738609647
-0.00102568592426168
0.000136821279536991
0.00209169991815999
-0.0106928381704934
-0.000840622336929365
0.014802297524769
-0.00104420001093509
-0.0161499139087569
0.00794573522781644
0.00963760069150194
0.00249494642179504
0.00214858942353804
-0.00126703716845556
-0.00951770597336164
-0.000183173234897022
0.0092919016874337
-0.00118817078246583
0.00010524768181104
0.0169289539328461
-0.0120069343003033
0.010885848640016
-0.00666839295701448
0.000154858160152216
0.00173570053491755
0.00233592767852473
0.00724102668114393
0.00134225248547968
-0.0022385899931645
-0.00383338474329075
-0.0029180464516361
0.00738356842172035
-0.0047585045970081
0.0045005773379448
-0.00150067213206169
-0.0217920482031067
0.000677610726037207
-0.00740532237883824
-0.00328422933367023
-0.0230291517267019
0.00193062564998554
0.021485229448422
-0.000343532941379459
0.00439367539615241
0.00319395229550524
-4.70003824081763e-05
0.00299375505710644
-0.000905892752338688
-0.00623725328701918
-0.014312041537843
-0.00202862269693509
-0.000217222482878171
-0.0026576775619626
0.00097062721312653
-0.00628998116892955
-0.00145061057843439
0.00153415376996226
-0.000215019632495399
0.00228642787386273
-0.00451033678988817
-0.00648888542039023
0.00115157398941446
-0.00450549732722393
-0.00723641741493359
-0.00279081270182609
-0.00510934074744195
-0.0010253942618187
0.000155526393010337
0.0050105316535547
-0.00645913657146627
-0.00583880481844791
0.00398587571270866
0.000284326685607157
-0.00382465122561425
0.0019993893956825
0.00157004934418911
-0.00414549937691691
-0.00298546445274002
-0.00260908620440836
-0.00261203463009349
0.00162572498655761
-0.00190494914743864
-0.00156430492749294
-0.0066183669940295
0.000254042466950767
0.000891087566697249
-0.00536729076559716
0.00112946124394489
0.0032724379412471
0.000595963355930177
-0.00411434090638578
4.44065861002301e-05
0.00014600520775685
0.00190948501747299
-0.00151414404485868
0.000360364723696204
0.00112755259295741
-0.00381530126024817
0.00146521776372127
0.000444041261121973
-0.00120882927639525
0.000507765538950447
-0.00358312870545863
-0.00193069299069678
3.19095329604299e-05
7.41013921789244e-05
-0.0011774336041783
-0.000275056619141154
-0.000463144276028283
-0.000638079898343881
-0.000477534674544814
-0.000957602824315654
6.65431129306927e-06
9.98334542906658e-05
-0.000889004550669951
-0.000673306011473869
-0.00023839019456304
-0.00061957362946227
