-0.952638949358162
-0.994762092517682
-0.848665795884972
-0.479648923225906
-0.431437346580835
-0.398675707552829
-0.106522237830062
-0.0543477354077866
-0.177382547157868
-0.23347101508531
-0.0761904054293665
-0.186143285431957
-0.105202560852949
0.0177084293125016
-0.0505932399460625
-0.0593127575470426
-0.0203471062463808
0.0202984541693255
-0.0654637839588172
-0.0265077417306336
0.0315272301196058
-0.0148469088018591
0.00398619670230499
-0.00773736128785612
0.0125160638456671
0.0341152094750796
0.00671724427526839
-0.0532746080936249
0.00572897679252502
0.0383484737380677
0.0471504277441946
0.0161584469599699
-0.010629735612525
-5.87099396118407e-05
0.000202505587807492
-0.0323594090334903
-0.0202962339073732
0.00984781940361957
-0.0414689628899639
-0.00104049944302688
0.0031126254517333
0.010358947528443
0.0372839164862391
0.0043901568613497
-0.0043597178478722
0.0103413489256477
-0.00466018901607385
0.00872054190292893
0.0137914017441799
0.000627097526715948
-0.0116591824118742
0.000249096139877256
-0.0265079196450797
-0.0122709706666433
0.0212641892221445
0.0051554935960317
0.00417201936898313
-0.0225958463389608
0.0126737336215517
0.0327419736569077
0.0593193577843348
-0.0263357057630895
0.0090674506573687
0.0200066471931586
-0.0114179517617959
0.00973107921957543
0.00651406703525195
0.026266149597264
0.00372081616513654
0.00248269730895585
-0.090489258407782
0.0230763878711285
-0.00331405458987251
-0.0245932180357706
0.00464070925607173
0.00721968263931794
-0.00192221992615577
-0.0100963118481491
-0.0151438691449504
-0.000942629673897701
0.0136894694747414
0.01398628850706
-0.0285395191538049
-0.0198509626487886
0.0349530337941125
0.0748158938154213
0.00465274435901797
-0.00921298152475965
0.0195426920912734
0.000892724294366615
0.00850056337328034
0.0678046780608756
0.000106236716324192
0.00578060787390199
0.00567500597578644
-0.0270931747962933
-0.00572985323042471
0.0143337335019103
-0.0119600678216028
-0.000399100174283979
-0.0347314419535975
0.0341539711803009
0.00589378372878085
-0.00493991355166914
0.00197900505841349
0.00140233495947496
0.0739334725995942
0.0132522917304945
0.0197978130341615
0.0627411599286579
-0.0050787145276677
-0.00244765535852189
-0.00186274995628108
-5.72598311079815e-05
-0.0028482178543035
0.0035465747465445
-0.00128670677673656
0.0141325816297865
0.00345787629317016
-0.00348535756266933
0.0160580155729992
-0.00957505085920286
0.019080075047367
0.00523048164720602
0.00131392740006153
0.00423050405274045
-0.0360774225073309
-0.0194062937647712
-0.00443793060552393
0.00819990708588823
0.00778441007984874
-0.053327506644778
-0.00145161582340646
-0.00124439171085554
0.00490324446072425
-0.00223750762637864
0.000326760269954189
-0.00582800325841722
0.00925076646462418
-0.00587485848010962
0.0252969970657433
-0.00477735394351769
-0.000623454293920282
-0.0310438732858708
0.00338943474826163
-6.20990552344546e-05
-0.000764994132985366
0.00214849750576866
0.0449345446025804
-0.00351062054494108
6.84085013434206e-05
0.0017910636014113
0.00507145406245752
0.00344702292220636
-0.00994266476129355
-7.31305667795606e-05
-0.00614830297384785
-0.00188423476141459
0.00574521384821477
0.0198214851437761
-0.0200864894226517
-0.0149396872039838
-0.0542166547913375
0.00687521053057366
-0.0071284215054629
0.00024016560852525
0.000268417266515429
0.000475970243456742
0.0133653368729257
0.024792024630851
0.0208703640778132
-0.0195942343579234
0.00343475470814193
0.00288097857190888
-0.00442382188558121
-0.00700443306352625
0.0021539292029355
-0.000825810660582021
0.00331463985323344
-0.00896995960469718
-0.00748281810588962
-0.0033291604091642
0.00291455597326419
-0.00415385444860755
0.00488040075256011
-0.020505394823796
-0.00101673006131472
-0.000585354391393432
0.0201372683277101
-0.00307923669609832
-0.00304034724016478
-0.00225780761174757
-0.0032493397526428
-0.00103172676008664
0.000548431613532265
-0.00456281524956415
-0.0101821399056489
0.00227190704260733
0.000384228313609812
2.84693199800821e-06
-0.00583839549826863
0.00373505134072295
-0.00958815730685068
-0.00371243318427727
-0.00862202218839619
0.000982645670686183
-0.00158858926993292
-0.00120797253594114
0.00443096352354428
-0.00327680458034722
0.00419957961636346
-0.000931824892469029
-0.003093540510648
-0.0143479672751445
0.000765726614151752
0.00257023833519519
-9.04455203564357e-05
0.00227060579954567
0.0022775461373744
-0.0067412244214297
-0.0237410016249717
-0.00373739099517133
-3.26605123572923e-07
-0.0204573017333253
-0.00394460278297107
-0.000560558824772743
-0.0111246419267232
7.11638042304313e-05
0.000245055816820258
-0.000438089552590273
-0.0196653241277392
0.00240732870471505
-0.0096394358849614
-0.000118904490995036
0.000201691792781431
-0.00685228058496367
-0.00835943470138885
0.00472064491634388
-0.00621271796914302
-0.00167705794237755
0.0121581042072648
-0.00104383654740691
-0.00890435183748294
-0.000599087197089852
-0.0129912973868909
-0.00715000479367168
-0.0111483604292749
0.0051332754411567
0.00473443543514968
-0.00458261853941888
0.0180397704071923
-0.00365612526513944
0.000554666113036473
-0.00687790856414438
0.0167996923444892
-0.00801511587617311
0.0120396589334334
-0.00229249185062853
0.000679970256662337
-0.00726721405130479
-0.00170346180997364
0.0013541511270353
-0.000462644729555991
-0.00103655927141544
-0.000739256520299029
0.00104262800115051
-0.00211122197169015
-0.00131784222429622
0.00216727164316197
0.00152331293668757
-0.00645411217622102
-0.00958969561123561
-0.000196382039943814
-0.00270129333681803
-0.00213698847607634
-0.000352379599348176
-0.00130131996946976
-0.00523518938152165
-0.00780229027402103
0.00116868188507214
0.000261570943383402
-0.000485638415133573
0.000756550488397831
-0.00219419979189943
-0.00064236398783271
0.000207977177052946
-0.00167739854787111
0.0149596785806852
0.000573307157759436
-0.00503723441354528
0.00136878692469468
-0.000418570146331869
0.000168314235332135
-0.0105891418660639
0.00769071856150462
0.000141914655618609
-0.00142937664278423
-0.00641265721864346
-0.000645577021636319
-0.000885458285030599
0.000330549684921664
-0.0101092019730829
0.00371368647798393
-0.00013518136304919
0.0052160315427517
-0.00253283044604151
-0.000118387490961853
-0.00295264864469765
-0.00730669452498815
-0.0033893190364484
-0.000799496366585041
-0.000464125655991221
-0.000572508259895506
0.00362442967356556
0.00231068257093227
-0.000554108649519637
-0.00311164494030437
8.09414061477397e-05
-0.00306372769942539
-0.00306275004908477
-0.000203601248980276
-0.00121587277833535
-0.000332004967296893
-0.000662757319794473
0.000249509547772339
-0.00244577077845438
0.000104880224455752
-0.000716442233543137
-0.00228020702789622
-0.000151759406570118
0.000871206531055764
-0.00249998485005756
-3.72815798802806e-05
0.000206994924056666
0.00129050269117691
0.000672741221223861
2.03715500183625e-05
-0.00207115711372241
-0.000938242315658275
0.000120450797679112
-0.000776702440896783
-0.000179389958930203
-0.000610571482417347
-0.000296895260013696
-0.00076668894016693
