-0.954197066323911
-0.892596284779453
-0.581708158783686
-0.231091824396544
-0.252941443906632
-0.360031188455511
-0.382695375213257
-0.309717579680323
-0.143964161329068
-0.00263695014005463
-0.080800762786053
-0.0489520443106359
-0.202908542928211
-0.118484466272709
-0.0371528278686793
-0.0373165998341851
0.0100885535128583
0.0179925288692106
-0.00254247396054645
-0.0094795100537793
-0.01361589679657
-0.00701726145921922
-0.0496973630904396
-0.0106088284557691
-0.000929730740342565
0.0183602985774918
-0.0194335746596545
-0.0420441193374671
0.000515960554513192
0.000311340357021914
0.0247507637517912
-0.0086311616215273
0.00234282706077592
0.0179737739436647
-0.00844771231095303
-0.0151329788061129
0.00353754235808477
-0.0070699047780774
-0.00431118637125696
-0.0145408485187194
0.00337749985728869
-0.0102219397610353
-0.0188859127497512
0.0040922475991733
-0.0486417082597649
-0.00333115423697564
0.00697097338346891
0.00688095886599266
-0.040940155922892
0.00186747731253112
0.0187176283848489
-0.00253590651213337
-0.000542211571149739
-0.0172750259864951
-0.00655488389736234
-0.00553039835956046
0.0132178471033979
0.0184938721005463
-0.0153589215110691
0.0863400875488578
-0.064188265289129
0.00531930686896037
0.0253864940440268
-0.000239618128163845
-0.0306091824230753
0.00810053831261627
-0.00495687915815846
0.0246086382281787
0.0036030728858149
-0.0252918062608817
0.00439009989914206
0.00541859143663555
0.00280036721175985
0.000375508418894634
-0.0106574848862913
0.003317405070226
0.0113148403393374
0.00832814977649585
0.0114429835846395
-0.0106747430023392
0.000328143148974981
0.00014338457009751
0.00664911953879511
-0.0106450751150229
-0.00554003805822962
-0.012408962943627
0.00198586754144699
-0.00283662106442533
-0.0238766727701153
-0.00888215799113046
0.00705035738483907
-0.00373876812908113
-0.00594634043918496
0.00269790569975566
0.00467405904310852
0.00225504458505451
0.00682927028955311
0.0179712678309954
-0.00769390509738723
-0.0107107380691572
-0.0239907940104917
-0.032740838533689
-0.00924375688864905
-0.0118116459987218
-0.0166957544104787
0.00701210217604072
-0.012738733262489
0.00267239430661331
0.00431388052880908
0.0196166129033626
0.0164632777408055
0.00310966227356518
-0.0106171602842096
0.00092700806224037
0.000365486042260967
0.00158836172009555
-0.00907057360001443
0.00439659852330071
-0.00976400519595592
0.0242061138866375
0.00623223189876804
0.010029409581599
-0.00943118909620378
0.00813847877450376
0.0269126942169336
0.000596948025224207
-0.00205465424069242
0.00472616116289385
-0.00785160490846264
-0.00177304666374938
0.00301086911646642
-0.0196414186910195
-0.00153736158074077
-0.00737417820965586
-0.0182850073977415
0.00229241328768102
-0.0104392592158283
0.00550267278121249
0.0039654041124478
0.00359341387969216
-0.00395736239257158
0.0310079544825456
0.00119062470676548
-0.0033327333284536
0.00211824410881935
0.00222455782374231
0.000166461315917483
0.00617146997985317
-0.0111385122104437
-0.000486607361617835
0.00234964116984383
-0.0082975159802878
0.00868454727574701
0.000756137445009866
-0.0112198944951311
-0.00311974132269162
-0.0194078125601331
0.000688038241659784
0.000887770786926909
0.000796256160006356
0.00254785629051254
-0.00107389304378095
0.000330779489824722
-0.00616494525681449
-0.000444054718823281
0.000487737282376866
-0.00313865555310383
-0.00590733651156862
0.000958866033547975
0.000322251097819809
-0.00216014210264534
-0.000472619758054408
0.00873343146883947
0.00412851923973668
0.00147668543280858
-0.00224086374544652
0.000196626441261653
0.000938785373883388
-0.00815387163251271
-0.00473934863126648
0.00430522118149818
0.00130954348858461
-0.00178282148380368
0.0161999398880587
0.00111517285950542
0.00108669925324825
-0.000120319399379253
-0.0101065329062938
-0.0103355951073306
0.000603461723084361
-0.00190834439750959
-0.000762253118319303
2.18322001014799e-05
-0.00154883186226232
-0.00127351579902603
0.00447897571959162
0.000136250113486143
-0.000282372239818451
0.00389262416943834
-0.000240252116077996
0.00224618504647683
-8.99451060364062e-05
-0.000718775927583681
-0.00196517669976024
0.00394686977820207
-0.000394221143064013
-0.00102441535105211
3.78904819596903e-06
0.00147198752996646
-0.00148929259787496
-0.00230477370687037
-0.0151214636352575
-0.00265421980185084
0.00125094733031485
0.00192908271154403
-0.00206749645706564
0.00181365336597606
0.00131777621028226
-9.14775131784991e-05
-0.00094076335456139
0.000996337946331111
-0.000272202249160686
-0.00158133263805664
-0.00116844320677498
-0.000147471668099331
-0.00383821954743041
0.00374956945493349
0.00011203586944865
-0.00095865540970491
-0.000981321534798952
-0.00373650869092753
0.000573062436856459
0.000821062293993328
-0.0001496211911015
-0.000471868163262987
-0.00561450470722215
0.00169314072343509
0.000863248603606745
-3.55077667968969e-05
-0.00205248190684576
-0.000364571680377681
-0.00559995200744995
-0.000271644384161923
0.000202549741027248
0.000336776688579431
0.00190061999689735
-0.000237847297041649
0.0042987074903378
0.000741736258486297
-0.00158674797220956
3.6783809269037e-05
-0.000195696665431107
-0.0011101887314562
-1.11706382183757e-05
0.00173339939595595
-0.00239710878076637
-0.00178519359206173
3.89980254675209e-05
-0.00143895752642817
-0.000266228027866049
6.68591432815436e-05
0.000380305732051015
-1.51914987639667e-05
0.000359396149488197
-0.00126079127223931
-0.000654480504108222
0.000367374534031248
-0.000827830058244841
-0.000939170688197225
0.00119214812133394
0.00166145631817747
-0.000548672655893178
0.000245523936182222
0.000637364634663442
-3.32046640344728e-05
0.000455622098254622
4.26657970901607e-05
0.000851854679491094
-0.000310151402448049
0.000924718727744156
2.49256007213139e-05
-0.000115718706632122
0.000142229469305282
0.000573173561522019
0.000704720034718315
0.000892522733535199
0.000220248221657317
-0.000185757756855859
7.16254079951813e-05
-0.000456916827427653
0.000328338884643174
-0.000395522242212526
-0.000194590615296975
-0.000507537589221519
6.56929132013493e-05
0.000216877529058068
0.000380357056900921
-0.000521277119737788
0.000286264676748062
-0.000218548004929486
3.9947977581102e-05
5.78969508750472e-05
1.80669546989311e-05
0.000108861218990836
5.89488359295308e-05
8.61672693755748e-05
-9.17016498635269e-05
-0.00105175715244676
-5.61884707158156e-05
-0.000454429959319039
-0.00010491260468427
-0.00013732411728953
-0.000720621301325411
-0.000106359149883751
-6.99284205931854e-05
7.03137943055472e-06
0.000479892586902885
-0.00012112863569023
-0.000133914057063776
-0.000175858749275704
2.80859345052419e-05
-8.14889015292674e-05
-0.000483594418807231
-0.000251371674104586
-0.00045578011150226
-6.56879148960196e-05
-0.000252184181017191
-7.45201514609143e-05
-0.00263244312698594
-0.00025897907505664
-0.000135668174038768
-0.000106996692678246
7.17593996034708e-05
-0.000253090250263449
-3.24570439207509e-05
-0.000161890513541464
-0.000208128902170536
-0.000483631707594671
-0.000180240732046432
-0.000129891803300704
5.72855691919357e-05
-0.000122215305817306
-0.000134309417112048
-0.000395104545294066
-3.0977507427575e-05
