-0.964185739545886
-0.864841542848376
-0.420787557071056
-0.350628976995614
-0.186969318797889
-0.155029730768574
-0.151197476102668
0.0181364021510041
-0.0211345999286004
-0.090621842223429
-0.124166652145005
-0.0642855669321334
-0.0533333053652669
-0.0423518762305897
-0.0252604100035886
-0.0594765055715842
-0.0333519644420983
0.0300854012299665
-0.00963999988820884
0.0324560012234463
0.00736784329792352
-0.0230631583554946
-0.0605982638590085
0.0262682949458311
4.56437870743863e-05
-0.0364820101358696
0.00558561802419402
0.000630118571546644
0.0143799450005489
0.000932482574138922
-0.0447031708077309
-0.0336257070798385
0.0524641291569707
0.00610210656534549
-0.00484722768988735
0.00235920378975802
-0.0116586534165154
0.00144227956511445
-0.0728852748574433
0.00374437285678234
-0.0257105673651098
-0.0145393120651102
-0.0177427276482907
-0.00367320171521486
-0.00419718490560554
0.0209402086213351
0.00518646378201792
-0.00378687011664215
-0.0188915177538418
0.0149032836031333
0.026119007308079
-0.0281061072540379
-0.000330174192290785
0.0296922586885817
-0.0555678504515774
0.00816966076626636
0.0267774908839887
0.0263988737609726
0.004569051264593
-0.00313630383609255
0.00360612138498996
-0.0138650899939326
0.0765145835732045
0.073041168679766
-0.0478811244146949
-0.00384560869159927
0.000683494418169056
-0.00417500882666631
0.00220066405143556
-0.000300501011457285
0.00443102668943445
-0.133770358052781
0.026462491376862
-0.007371967081719
-0.0018176868591578
0.0203944223660095
0.0108746195135739
-0.00792629860792776
0.00698741039808657
-0.0141953298335071
-0.00911867913054811
-0.0120061615201915
0.00418789043413076
0.0169403114612551
-0.0393909840093721
-0.00427021044805666
-0.0185343328384563
-0.00544531389533146
4.10917503456364e-06
-0.085750727176707
-0.0030236748334134
0.00133033306686008
-0.00574248929174816
-0.027546854085206
-0.00291793821550373
-0.0129243101117666
-0.00461867507431068
-0.0061241790848101
0.0377825470546493
0.00811329075352057
-0.0330510107369515
0.0207498753647707
-0.0112221115394632
-0.013223781543004
-0.0218085068290661
-0.00261986725821026
-0.00422388195900775
-0.0376957594312033
-0.0612430725263
0.0041495515085364
-0.017758241263043
1.97693442221831e-06
-0.00468856282380945
-0.0234798946285347
0.00777937948410653
-0.0058059460986167
0.0264060120793015
-0.0151475080208049
-0.00504061298973786
0.00916047046824651
0.0392138946999427
-0.00343963038679167
-0.00320321060502235
0.0156579316675692
-0.0193974637723166
0.00374082153578725
-0.0192288025884641
0.0420315086781617
-0.0353431491380954
-0.0159230369439939
-0.00531384545921695
-0.0465042457736775
-0.0251481954459501
0.0191905153022439
0.0324957827505509
-0.0112797498586256
-0.00461442686958576
-0.0176470687021851
-0.00733694275356879
0.00250083775311776
-0.00943082686955806
-0.0523569975636696
-0.0191163925385482
0.0310847250599397
0.0191543272615524
-0.0231355167679107
0.0287944553189072
-0.00341616257501563
-0.00487997794590935
0.000206568689214127
0.0108378055207164
-0.00560170372452777
0.00872818103859964
-0.00574794497629392
0.0108114643194252
0.00275417206499494
-0.00507289784331526
0.00759882109395005
0.0213913938737267
0.0122976095773042
-0.000352361118449075
-0.00227610473769339
0.0244569341307589
0.0315220450309175
0.0317174140502766
0.00862158919381813
-0.0043335473592195
-0.0170731902590648
0.0167078600099786
-0.010342293351307
-0.0338477602684682
0.0264068572081868
-0.00405537508500056
-0.00215204861340972
-0.000932041901639014
-0.00228292710562337
-0.00963790344416138
-0.000686063594464282
0.00553706574215955
-0.0222037906794862
0.00419096298949688
0.0177550118074265
-0.021695365124519
0.007791012079391
0.00972402148171681
-0.0083176718287822
0.0125495476195614
-0.00329593089096012
-0.00107368538173467
-0.00289177303681071
0.00554185018150537
0.000992612833339959
0.00140092556015378
-0.0147077030103875
-0.00206819924398141
-0.00470863999109281
-0.00514462789725329
-0.0167426680255573
-0.00253493774999135
0.00148233534275221
-0.0156527922384797
0.0148341061465143
-0.00866979842810267
-0.0144202231282603
0.0134833370594291
0.000783517057341725
0.00583373261652084
-0.00552927597753818
0.00435247924068135
0.00193494325208804
0.00339654886120127
0.0224588076901912
0.0135020673127542
-0.000479711688663312
-0.0113729884190008
-0.00923762172891357
-0.00422346977124191
-0.000828596168353721
-0.00549143341442137
-0.00294867304357789
-0.00384936481358107
-0.0038421282519038
0.006556745424978
-0.00340968817016413
-0.00122000392149679
0.00124044412930187
-0.00292515801437177
-0.0104452075697818
0.00614867135030495
0.00448342492911905
-0.00112562571818291
0.0012945036146821
-0.00114654080948769
0.00253703889674767
0.00388197288544852
0.00109949693236555
0.00709371041774309
-0.0273824566864406
0.00155933136428861
-0.00229927178953806
-0.00659136410075988
0.00172212301781036
-7.74559168756696e-05
0.00282541962260449
0.00415948121638413
0.0018846501745155
0.00138284010641959
-0.00749070513113878
0.0101067338782684
-0.00441041322058002
0.00824383484510454
-0.00792393826194481
0.000547202339285271
0.00532520472891456
-0.00536637697329769
-0.00217752449866922
0.00802770492620338
-0.00076945788576504
-0.00619984410006067
-0.000510132022304041
0.000984177455841236
0.00307583257852527
-0.0011339924899277
0.00340112697111847
-0.0231416660867374
-0.00743955988167375
0.0016445384586517
0.00389217779975084
-0.00902739747369527
0.0165430146577984
-0.000978076313612927
0.00189310508386482
0.000135888235427652
-0.00167858557687749
0.00345171765360731
-0.0168493016625332
0.00117137713941624
-0.00512198281359528
-0.00239026976641458
-0.00035231869967274
-0.0106066470240864
-0.00163125224418638
0.00100624401718615
-0.00710681655026936
-0.0117045928502397
-0.000963334178429124
-0.00489406279098599
-0.00179911409981898
-0.002212348619305
0.000288027614652645
-7.73972284937707e-05
-0.000546857536457957
-0.0127155819115086
-1.75146374388523e-05
0.000183163127901458
-0.000403436781445547
-0.0146459802645722
-0.0329195360544075
-2.19876144576291e-06
-0.00130671204352438
0.00119325670787245
0.00239235467747049
-0.00393405059484707
-0.000531840856012989
-0.00368115952770353
-0.00532811726198265
-0.003851671341419
-0.00170668937157302
-0.00247042239553456
-0.00462707339539596
0.00156190327813356
-0.000446299252208338
-0.00138845080197395
0.000449296568677279
0.000179380906083289
0.000183640669537464
0.000471360356393777
-0.00234541821165392
-0.00172935704212269
-0.00398227703335743
0.00248312330961601
-0.00404965873776331
-0.000577010887407029
-0.00294035943543531
0.000621787784431111
0.000151290895139725
-0.000688058746130811
0.00107306350346993
-0.000866141049327046
0.000160727119911402
0.000260037999950418
-0.00191601434784732
-0.00331398056684636
0.000321974774952938
0.000751221950386713
-0.000228772056037897
-0.00209725892376763
-0.000498644189103343
0.000198833895341886
-0.00151572913497038
-0.00123202873443376
-0.000895679262586008
-0.00185941599132361
-0.000530370353689618
-0.000839024890997806
