-0.978560456657132
-0.899818122770504
-0.424122874153515
-0.173385297926727
-0.259141283485223
-0.0923383022852106
-0.0514103583939319
-0.000773755696605802
-0.117140836965009
-0.147543532037503
-0.0579706872374613
-0.0268340360848072
-0.100056131118355
-0.013913500156208
-0.0594139255811532
-0.0804466796365725
-0.0187208244677995
-0.0352943866542578
-0.0202666198632052
0.00157766516553472
-0.00762725970313122
-0.0126077282016283
0.0311819554164048
-0.00423409362155692
0.0360413989565124
0.0285938947751131
0.0039833197476575
-0.00868179736982967
0.010189260709713
0.0187024894652561
-0.00272365324406157
-0.0491334987436279
0.0171387624553998
-0.00621249236484626
-0.0109279489761409
-0.04440622137151
0.00200671375481328
-0.00125083421500118
-0.0415070630051155
0.00545192773111322
0.00548296130951884
-0.00294430992286098
-0.0313235921620356
0.00364023944952007
0.0272901456348214
-0.00345681971113453
-0.00913736056708686
0.0117002439999141
-0.0345308222775775
-0.0147826388630476
-0.0210776554712406
-0.039355626948484
0.0120390057528823
0.000341655986559333
-0.00779322010849396
-0.0256731029699234
0.015527068002697
0.0164063177283942
-0.0112784629743171
0.0166983818460192
-0.00812381870530662
-0.0185175023086558
-0.00246342289832471
0.00825564714501148
0.00405333623055341
0.0142051821595875
-0.00250410832422999
0.0179916086143902
0.00153575676944769
-0.00567906604074788
0.0101781968450376
-0.00522900434951813
-0.0109624554661193
0.00634432417101148
-0.0525607573749239
-0.00714200929016427
0.0333253635549555
0.00295480334750589
-0.0144630119262161
0.0104037178070981
0.025071713423981
-0.00540812300683941
0.0202002696360144
0.0013566193362367
0.000723872538459034
-0.00163985887816289
-0.0151811013863394
0.0180126149320669
-0.0437692127875791
-0.0116934129444492
-0.043485782570642
-0.00598035690463422
0.00868012517566468
-0.00846490041591027
0.00246939019432801
0.00961728427541487
-0.0135198184430046
0.00269870404621184
-0.00603751688059726
-0.00635155270534232
-0.00313626098609318
0.00328392649965095
0.00592790899316507
-0.0198196728814957
-0.00673922531236797
-0.00125383519651356
0.0073110002872966
0.000123867625940847
0.0107499534432954
0.0386639410911726
-0.0151742957350009
0.0258446006853193
0.00416415816470973
-0.00960473310382464
-0.00542253264509768
-0.00592620273747202
0.00208532885341503
-0.00438801317229268
0.0461934546114453
0.00153069130058703
0.00339249811969648
-0.00157628439101286
0.010055946229919
-0.000922309352909328
0.00117578538744692
0.0168372459079777
-0.0491474792020343
0.00215700417582728
-0.0364461363265295
-0.0416325486698637
-0.0133359236992666
-0.0319011759196136
-0.0898102968884869
0.00380164490992709
-0.0257182423588535
-0.0249925831786822
-0.0793494485616733
-0.0183073727535244
0.00697913902070579
0.110157766496669
-0.000354155584407035
0.0416751951401978
0.0186759511907143
-0.00609901486472017
-0.011763191421835
0.014425963497615
0.01012983876546
-0.00337559156806256
0.0111000886995822
-0.0175216598017829
-0.0117786086901531
0.00270198113644192
0.000153063193846206
0.00037081814344208
-0.00160912134701402
0.00113907013948608
0.0290329308139604
-0.101538650775889
-0.00444044085788113
-6.67799228426195e-05
-0.00503148588513521
0.00214678349022853
-0.00905906669450715
0.00714537385915724
0.001254424861992
-0.0106575951412366
0.0216180492633043
0.00679419624514445
-0.00436929069765587
-0.00578557636798105
-0.000176398388887812
-0.00282056159642626
0.0137515741514215
-0.00368250214409082
0.0228415075576438
0.0530951664099256
0.0100786353407019
0.000192299925110012
-0.0161699171338702
-0.0150536862549392
-0.00569314141142336
-0.00869581015583622
0.0107637345132994
0.000869340098447808
0.00151078851379212
-0.00873004281601123
0.00532369876289437
-0.0105343026413183
-0.0019343553543647
-0.000473833452449161
-0.00385841331112245
0.007666112154533
0.00158965413701259
-0.00568563553720269
9.94110726207768e-05
-0.0222812768960862
-0.00186237712050472
-0.00653662527944357
0.028651002815063
0.0128575487163121
-0.0179566499809687
0.0065272223438336
-0.00148326280191183
-0.00870546519853473
0.000916847358778644
-0.0128956731338977
0.00130869785125825
0.0271907381746081
0.0269473370398728
0.0111934094341145
0.00094005174197107
-0.00492144899661474
-0.00206532440971789
-0.00943905156161182
-0.00129469809676912
-9.94732748759793e-05
0.00378103248768644
0.0248730895022218
0.000555541676131482
-0.00479230942486568
-0.0122445254767346
0.00319606428988606
-0.000367349209982288
-0.00569513385577744
-0.000733359799071697
-0.00297325401002348
0.00509152341966916
-0.0194201408093202
-0.00318300573191854
-0.00682850951536121
0.00786013484185554
0.010996395688519
0.00351884567461142
-0.00625334684610405
0.007450302809651
0.00130787373615382
0.00222448264848708
-0.0157711774546965
0.00690643860654515
-0.00563586925739805
-0.00326235517335209
0.00854609749120681
-0.0020104467581388
-0.000741054647224798
-0.000116865804695403
0.0126339156073178
-0.00726555247619885
0.00103704511341632
-0.00153254641763605
-0.0107194761974898
-0.00812633456746424
-0.00281511758483235
0.0121846993348403
0.00464532248065953
0.000826404514040461
-0.00216321150015191
-0.00679378292149325
-0.000285540428643508
-0.0008694147077063
0.00835451627502783
-0.00139832257070667
-0.00243955813675209
0.00158513362727169
-0.00573686255544799
-0.00665716241832624
-0.00193140255919035
0.000386749437487437
0.000937865690839973
-0.014316274015839
-0.0201101028446299
-0.000817530403967618
-0.000711788435248046
-0.00909538005274438
-0.00513695411562308
0.00802909145711206
0.00749696756560898
-0.00789269043130755
-0.00398220226248351
0.00096720312829307
-0.0041981673108889
0.00303442383528076
-0.00723158464440711
-0.00140148181857614
-0.0107961331093901
-0.00304543024173929
0.0032395594639378
-0.000316911720417646
-0.00192043548234825
-0.00259545433690385
-0.00649963342137753
-0.000750554545171257
-0.00291166856373144
-0.0050394364271235
-0.0007714763930141
0.0141755940189401
0.00156946580552601
0.000256165753931556
0.00259910034754593
0.000469800479185299
0.000491092820259204
-0.000566222505004734
-0.0040239046599107
0.000100203197671578
-0.00107565101545837
-0.000382639680359163
-0.00247807550027282
-0.00320863420006295
0.00458658792084656
0.00142757375931308
-0.00189060793361305
-0.00319669144503078
-0.00557236246914657
-0.00150334675336341
0.000597062525720643
-0.00757605966388838
-0.000940844143046317
-0.00141177222677447
-0.000606775078120783
0.00619067253497111
0.000546875343235383
-0.00334435345181873
-0.00274771884383409
-0.00180906777760705
-0.0021798160788608
-0.00263058772060025
-0.000299827874781337
-0.00124182335728591
0.000376717112576216
0.00185144210360527
0.000629418423152466
-0.00103067004925553
-0.0002674750017866
0.000439819194189749
-0.0019035962107432
-0.00118803219286793
-0.000405284864731834
-6.52448856493746e-05
1.56675966529321e-05
5.92417202007375e-05
-0.000223080615977764
9.33516690327727e-05
-7.20811643012971e-06
-0.0015324278238641
-0.000607689925949042
-0.000532271210715499
