-0.995557678066462
-0.973970309636806
-0.682292106655028
-0.190629985164666
-0.272899655820916
-0.250791442444652
-0.0939643782775261
-0.0787591033638394
-0.218819534920045
-0.0317302748479313
-0.084899486814681
-0.0233150395015276
-0.0803861133453306
-0.129686420126672
-0.0725427597635777
-0.0158888152790449
-0.0296469651016822
0.00119032905367632
-0.0356210961986764
-0.0055668174895935
-0.0242915250123277
-0.0232614832935168
-0.0166334796640747
0.0179414840966712
0.0113292317014258
0.0139329700605148
-0.0464099492907621
0.0847614587850202
-0.00423022801154644
0.00644537068884296
0.00238926721304475
0.0041455423251492
-0.0146898390148749
-0.019710533569882
0.0195204000473273
-0.0281365290163429
0.00425855205465095
-0.0299970908364009
-0.0537564817956678
0.0187228935685328
-0.00369428179856027
-0.00460714601047249
-0.00894832314336504
-0.0596810262473821
0.000522461846651231
0.0112182392817142
-0.0389199031848497
0.00423795845019034
-0.00475067705725929
-0.0182180176552399
-0.000896034595377641
-0.00296167425143664
-0.00414225098242159
0.00218320551358637
-0.02363970826663
-0.00144214228876906
-0.00457990713011714
-0.00583016633229892
-0.0112689854574375
0.0262100138265725
-0.00045314213941983
0.00869173581659929
0.0303551646675598
-0.00145895071147472
-0.00224736057003062
-0.0155704606107147
-0.00256652320891499
-0.0183087929434381
0.0213248945863588
0.0401045915876308
0.00666517180802741
0.0128641895845116
0.0232640588074081
-0.000218345197434465
-0.00966012261020795
-0.0168027812470985
-0.0224969223549104
0.000616143956136692
0.0254834995577713
0.0153976485706217
0.024874925052411
-0.00091704011262282
0.0193809072209312
0.015318997361784
0.00468237129086336
0.00228091558384901
0.00500227260546232
0.013705159977517
-0.00484694691690566
0.00697125483454867
0.00629219780159816
-0.00217365418953616
-0.0110427822450357
-0.00848066586738729
0.00143474094617207
-0.000352991001786419
-0.00341616313839887
-0.0111814751089059
-0.00256486682184764
0.00735717254614603
-0.0341008714296768
-0.014374893517895
0.00045203312156867
-0.00905015895801883
-0.00183326273645937
0.0041562997110055
0.00171489320092735
0.00340425705312593
0.00154492928773971
-0.0101591116870597
-0.00253391265017407
-0.00316032597088322
-0.0444379764227324
-0.00668392976662469
-0.000419369603584513
-0.00260597967433859
0.00369607704945051
-0.0677585325140478
-0.0039784478265122
0.00447586156237128
-0.00989128086567453
-0.00014057739459479
0.00232908214157581
-0.00576330127228363
0.00959534341609995
-0.00552335542020885
-0.00366579616375559
-0.0336044543195085
0.00145531064500909
0.00207808941626159
-0.00738307015844292
7.52887334565117e-05
0.00357019900461901
0.00264282067881557
-0.000591948737903381
-0.00619725695671538
0.00991849199774677
-0.0181897748544422
-0.0140084045584432
-0.00849999511514067
-0.0114090820079593
0.002940821201779
0.0016274829152154
-0.00119820664933773
-0.00099107636636411
0.00187063476604704
-0.00779061517843917
0.00228252587900767
0.00291429150623123
9.71100736148442e-05
-0.00370205690751602
0.00378563448424001
0.00202084215976728
0.00701628491118855
0.00508800481605192
-0.00358577518746364
0.00169659484292667
0.0017484499106683
0.00259151617408247
0.00146137707762382
0.0113028669460593
-0.002126130935855
0.0034067970491342
-0.00370869198963002
0.00709092905529011
-0.00223308943835436
-0.00789494855980157
-0.00180064529506008
0.0085851333941402
-0.0029081891195045
0.000975796605795016
-0.00235302678671786
-0.00515025794945336
0.00421196491099695
-0.000889864764438302
-0.0112545423777307
-0.000714467808298993
-0.00319886409032318
0.0117139860019375
-0.00331755383475873
-0.0024859551943077
0.0205950495192626
0.00072074144444749
-0.00398789352844184
0.000881835350674509
-0.00322316578986161
-0.00460824524720392
0.00757854772317602
-0.00487334152411044
-0.00294558289451932
-0.00553174360410006
-0.00472906892509455
0.001436958812656
0.000522361216555131
-0.000988704862190822
0.00130778480405712
0.000120860145126408
0.00577699838861236
0.0021285278693341
-0.00463629320642504
0.00335582143069905
0.000454536047782761
-0.00457496795845106
-0.00178684954795903
-0.00240481352961926
-0.000725227855736862
-0.000365069152868863
-0.000897075515979223
-0.00592070930164155
0.00178974952956814
0.00167103626956665
0.00249505484599914
0.00209097220040494
0.000617135405547276
-0.000262193258522815
0.00264571946487629
-0.000842147092984043
9.42738078476206e-05
0.0012888076314653
-0.0016444432700798
0.00676747496816164
-0.00603801525579411
0.000143758347700215
0.000713315693621716
0.000246841923531377
0.0023390747617538
-0.00187295034779333
-0.00425657984148323
-0.00262247691507358
-0.00318843489647155
0.00150603106777996
-0.000275600940649397
0.00136944213656956
-0.000742201034833699
0.00510612479225228
0.00169354511705178
0.00161546466659305
-0.00204739867415277
0.00054610159211413
0.00204925266704883
-0.000676761883806456
-0.00147577855901309
-0.000214034633875754
0.00581289938541167
0.000524896794295025
0.000167828370780571
-0.00019429982376622
7.85410624321995e-05
0.00152311931727537
0.0015216316043439
0.000531205078556664
0.00014333351618375
-0.00281833296302444
-0.000343515355144005
4.34268989458596e-05
-0.0019652673322867
0.014217780834509
0.00883253865362056
-0.000323702357630591
0.00117712433069004
0.00193707307087749
-8.06948487708512e-05
-0.00268242322184186
0.00200696546472073
-0.00332596216211079
0.00010952040642694
-0.00210408002419329
-0.00414665214025054
0.00412720885647138
-1.46486773218106e-05
-0.00677530596174267
0.000475069381325006
0.00106248352696699
0.00221119815678953
0.000986051900538377
-0.000204285066779504
0.00114530116071288
-0.00449986455043358
-0.00131258177543309
-6.74936948146412e-05
0.00263248968053126
-0.00152437381971403
-0.0016338045548422
-0.000654216417631398
0.000334639781156938
-0.00251104598005359
-0.000896517333710038
-0.00106867030058496
-0.00264380083824352
-0.00137577022130005
-0.000191270116221636
0.000499236168694242
-0.00110404281341149
-0.00230665205122402
-0.00247700151142658
0.000517697228315613
0.000582943929212351
-0.00088436987411895
0.00266689438829455
0.000562974857361502
4.09774001931207e-05
-7.89785699217329e-05
0.00436324266065252
-0.000423488263033646
-0.00247767200697773
0.00041100762717493
-0.00379851138454123
0.000111925966859545
0.000207388109800176
-0.000982871369250938
0.00011213200461444
-0.000691230138790016
-0.00204729506741602
-0.00115758488061199
-0.00165591057200307
-0.000934695355824966
0.000318211173768348
-3.31179876046182e-05
-5.63408691184193e-05
4.54918568815372e-05
-0.000790437341284502
0.000659187325267959
-0.000790041487214875
0.000445260245036896
-0.0006858760229673
0.000811541562511045
-0.000865838978930764
-0.000233707002520329
0.000298863894975846
0.000125354708033392
6.16717416403706e-05
0.000219577793621436
-0.000461832464696908
-0.000196271227779602
-0.000666945927974135
-0.000935887687425205
-0.000283574363307931
-0.000132054744524515
9.20899707964814e-05
3.11076278439546e-05
-0.00010059897125877
-0.000818174160874641
-0.000750114132287092
-0.000209886034811561
-0.000350528740559902
