-0.97928329455724
-0.929965572074673
-0.634601403476346
-0.235565146486513
-0.246799974777242
-0.101783900731909
-0.142966026150267
-0.232881039650843
-0.15322468040649
0.0105650124092256
-0.0614747028927783
-0.0950072505993503
-0.191145111796337
-0.119842976542463
-0.0193861480571275
-0.140938769061065
-0.101221010758988
-0.0574943745945203
-0.00275557149385554
-0.0238832284249792
0.0178777427271617
0.0435685658151229
-0.0179193433326233
0.00191564454604825
-0.00341758735056211
-0.0120887728009943
0.00387535388957436
-0.0488173298309877
0.00351064710991079
-0.00997942054064977
-0.000938318950206612
-0.00979529326719379
0.00135329146565973
-0.00737953813655508
0.0320987867002762
0.0699993931298011
-0.0424804636211892
0.00271987263252262
-0.0116743734496085
0.00115682372191783
0.0125080526449941
-0.00312228650752849
-0.0187820297823258
-0.0284976786356689
0.00114678605011284
-0.0682351769466754
0.00520811579897762
-0.00450072793547159
-0.0323980981787385
0.00174387446240291
0.00405319237788713
-0.00887447253863051
-0.00955787363502207
0.0134352560084408
-0.0200412229669877
0.00155025064689002
0.00996709340770885
0.00209091890380841
-0.0485128505388393
0.0129275171724116
-0.0182236498097269
-0.00449802970148883
0.0380737714549856
-0.00868371506611856
-0.0119010984260586
0.00138501918911157
0.00802786628626026
0.0369872365310041
0.00213499407964899
-0.000872212340088188
-0.00772711431571239
0.0017807966797705
-0.00903788599354552
-0.000798379105970174
0.00931166128644588
-0.0354242553898366
0.00350187983611909
-0.00300732999366546
0.0050965169471806
0.00915160502749469
0.000467108807480119
-0.0721390070288682
0.0156943189114445
0.00670812230914258
0.0102943656576787
0.0123728439206695
-0.00548235341689008
-0.00212763953328167
-0.00753855588393473
0.000465294878001329
-0.0132748679500575
-0.00650955680208441
-0.000469221831273507
-0.0011819345749956
0.0304944547982573
-0.000775611548421159
0.0052854281570429
-0.00661965138353628
0.00228162684191381
0.00907138191013698
0.0121633004677926
-0.00284882961672082
-0.0260841758637254
-0.043655419101996
0.0117162010149927
0.00202335865960979
0.00308164405984992
0.0133751837930479
-0.014909808659223
-0.0351488490244094
0.00347865114930388
-0.00282226628371805
-0.00433690039311734
-0.00393156510220738
0.0122245209802082
0.00392944197692594
-0.00793872415064233
-0.00120080301072166
0.00179108008834105
-0.00704225424322755
0.00822781130272927
-0.00219449451826068
-0.00240063299069344
-0.00108081360706359
0.000723679162599537
0.00328321900810424
-0.000493774471242746
-0.00087253788326524
-0.0119493878256209
0.00363645526323506
-0.0119690816493714
0.00273240809109408
0.000952792737768145
0.037534343445285
0.0112399507005635
-0.00286438383930432
0.0162381106485649
0.000869843868125962
-0.00543098758162948
-0.00130851590818753
0.00334941309817473
-0.01046188940085
-0.00831616937626591
-0.00193847741891985
0.00608399685605822
0.00651721314187911
0.0233017510646832
-0.01868931758027
0.00906459194236417
-0.00112240027991276
-0.00186849658769086
-0.00434583181140065
0.0161246848873883
-0.00369982845891233
-0.00174098953565657
-0.0116315599907091
0.000162451181569555
-0.000670496107691129
0.00832106720937989
-0.00550507839768018
0.00156212003837721
3.35694075931372e-05
-0.000987484732890956
0.00510146097108077
0.00116578426634758
-0.00385970931377095
0.00370352655043668
0.000397475299641922
-0.0140160421886048
-0.00397730827096796
-0.0112253121619522
0.00251013987647695
-0.00049358451645383
0.00588735912640653
-0.0131215669349054
-0.00276066064348111
0.000401418662222972
-0.00540875036181242
-0.00516379037457485
-0.00405252859772521
0.0117015526972314
0.0090232113790301
0.0109750077301395
0.0116621554616581
-0.000239881344722563
0.00124228513560767
0.00241657449562787
-0.00596388596261442
-0.00426818979210172
-0.00350343637625807
0.00145746763573151
-0.0228246236188484
0.010158122567291
0.00487124926466442
0.00196893287965791
-0.00193756892194828
0.00151268645280207
-0.00565757442530183
-0.00444617567622274
0.00331788247310432
-0.00523378309993863
0.0263532362897044
-0.000565967129024106
0.00233099228691169
0.00187054739342056
0.0163641086805664
-0.00535935743475865
0.0143192705725801
-0.0134523343556991
-0.00238801693192839
0.0220956274657539
0.0132567684683869
-0.00878573155135882
0.0111088340106832
-0.00822598473571023
0.00457489289360545
0.000423752739310411
-0.0099095757964079
0.0188553795823705
-0.0120447527214562
1.42237502804531e-05
0.00456055250221768
0.00160855240754925
0.0052077322565082
-0.00111576836064493
-0.00979752897458619
0.00175913359650208
-0.00389969203968528
0.0137802111615458
-0.000360443949695157
0.00295138654061818
0.00852828510339778
0.00266952624648988
0.00435547241544256
-0.00115497476973537
0.00927072712498119
0.00480996713374645
0.0022427575556354
-0.00421494107940325
0.000330467688850148
0.0028764589207184
0.00212797701995214
-0.000914834729002918
-1.35296408583637e-05
0.00332820815390399
0.00262729371524738
0.00487715394296341
-0.00104592299796478
0.000115686968048798
-0.000340773088912163
-9.97439082863431e-05
0.00271744202314686
-1.04901884524447e-06
0.00265180197082413
-0.00049248270200419
-0.0008615594013815
-0.00134816251911797
-0.00662490175640743
0.0025179091576178
0.00318550609400778
-0.0035318365445503
-0.000601450834545019
-0.00322225235165455
0.00358990164050235
-0.00443692709466565
-0.00559499801221552
-2.17453183370328e-05
0.00227633519168235
-0.000709897022392118
-0.00455424778800514
0.000198432192602679
-0.00746790307093004
-0.0095132912178054
-0.00146923885226472
0.00343655997503817
-0.0072276107625572
0.000797355704809847
0.000121080069423735
0.00101480045121655
-0.0003674672511948
0.00432756570846075
0.000420261804089898
0.00148826774492854
-0.00989258461561265
0.000939828270503076
0.00374041361363195
-0.00262312472303374
-0.00247263034034156
0.0021785349116356
0.00232726626273437
0.00901669086778474
0.00132654069287108
0.00158778609462138
-0.00163951061607132
-0.00582689957673431
0.00164885203460437
-0.00188637975514257
-0.00467624469435503
-0.000105480202578317
0.000759954044218926
0.000275193174539655
-0.0019518597581641
-0.00300435430378189
-0.00188929107863316
-7.58121914144491e-05
-0.000662864544885852
-0.00121238022784691
-0.0066156589687353
1.72867571835069e-05
-0.000849552068444743
-0.00122589345582512
-0.000844397630436932
0.00106520112454159
-0.000213685447244392
-0.00143217512053438
0.000389508828612162
-0.000166223794793503
-0.000634970123797054
-0.00243917615433423
5.98425482581368e-05
0.00160084816027396
-0.000163246308762233
-0.000387213027511222
-0.00173545772441808
-6.23773896397731e-05
-4.13167265331813e-06
-0.000300388774259288
-0.00123960232625825
-0.00168554371421409
-0.000979010903453357
0.000195709130650098
0.000122943317196457
-0.000238957203475733
-0.000258454788525659
-0.000129058863378341
-0.000299554930401628
-0.000238968702596684
-0.00225281644820112
-0.000949867162573988
-0.000357641772994605
-0.000203752977719784
-0.000131598593676352
-2.23586607392823e-05
-0.000174516144710436
-0.000211929951208521
