-0.977734831132983
-0.769555095002875
-0.349948685022494
-0.141600405740592
-0.137808330292474
-0.243962049430936
-0.20013920479816
-0.12272429745712
-0.0156089345924524
-0.0228079033366986
-0.00543998533031273
-0.00307012635184223
-0.0763206004618256
-0.0621850096966177
-0.00878732326547834
-0.0274573884591776
-0.00114385386315968
-0.0601037825168239
-0.00429128426015359
-0.0103428874805444
-0.0034758646688319
0.0229627364590729
-0.00627157858632158
-0.0221333155999809
-0.0263187808473657
0.00524094975602591
-0.0419290692035854
-0.0115965841731339
-0.0640152656039717
0.0603215673432813
-0.0514218543304028
0.0189234011227116
0.0016624090882507
0.0173875091520771
0.00116765846146442
-0.00737301204883314
-0.0401040419794436
0.000435128486071122
-0.0233828673471218
-0.082048754120304
0.0131098505990855
0.0118796753790925
-0.00186171516565665
0.0156375330067268
0.0310547154977178
0.00872288647358151
-0.0228251969389991
0.00503442596782095
-0.0164544994918083
-0.0298657278984329
-0.0111260490923686
0.0111842100864291
0.00352549666774977
0.0133183635696825
0.0059885824353135
-0.00366757545742429
-0.00287595835317941
-0.0100954593501258
-0.0156736861370349
-0.011343004493378
0.00397471802352079
0.00790190950316876
0.00107090922641115
-0.0179315788599911
0.00120213690474578
0.00533622011522995
0.00912053986050007
-0.0331849838371998
0.0148479287090192
-0.0458845657910003
0.014369184503684
-0.00905810880676227
-0.000679464967539451
0.0010876865337571
0.01791827895088
0.00799605628253381
0.000413468393105547
-0.0377419689741693
-0.0320830171733
0.000624705847401738
0.0133659378114153
0.0127327188050015
-0.00560189473498481
-0.00550739116324281
-0.00250458914470868
-0.024072670274807
-0.0127232193073374
-0.0214535141503116
-0.0246551125727338
-0.0202769466849536
-0.00450766488422263
0.012082981632509
0.0110511186618522
0.00215089280336746
-0.0040810296136359
-0.00195330736134886
-0.0223379537973303
-0.0104586177835375
0.0203997042456094
-0.00705674977007417
0.0105123497854509
-0.00639992772807896
-0.0216658383850851
-0.00360992552132611
0.000351929148174275
0.00869017743482099
0.00995919269208066
0.00293391560837646
0.00137484941488819
-0.00469137603656061
-0.000165367905110184
-0.00171968867866534
0.0148354823380798
0.00415808669595575
0.0109965620946045
0.00601196524942565
-0.00650408919404015
0.00812225470113829
0.00828315473932712
-0.039777634204288
-0.000549813494821848
0.00423861830912131
-0.00670688350797435
-0.00309290334961645
0.000759937188056147
0.014446676552701
0.00261790278162798
-0.0150229072845562
-0.0520633796635079
0.0241453788102202
-0.000369312748822992
0.0152039623016503
-0.00154127592364089
0.00375530803307421
-0.00874831472399757
-0.00158123607165202
0.0103950834274976
-0.0518113576209394
-0.00468611909556438
-0.00686504641154764
-0.0128876008378438
-0.00402513126463228
0.00239435785302022
0.00127782687653068
0.0175932273136985
-0.00478225545176687
0.00886956095840371
0.0222844245762517
0.00244256986463411
0.00837202390225934
0.00252244671069344
-0.00681676693991297
0.0399825833723614
0.0126025945864765
-0.000514078948832181
-0.0201314410026182
0.00054837766326662
0.0121246274612653
-0.0090871091274052
-0.00168390991068431
-0.000798981492028816
-0.0387449342702238
-7.50925096771526e-05
-0.0139601865695153
-0.00650829388215475
0.0153951264956131
-0.00112213864061848
-0.00309147891911348
-0.0107185661368506
0.000897499832659451
-0.00494151279098302
0.00866159423266199
0.0187294127971659
-0.00928505453627664
0.0148475477444018
-0.00402488480386688
-0.00556125098012766
-0.0246189220027349
-0.00864187465810473
0.000187628867106252
-0.00305281383714263
0.0424879188141734
-0.0066809247771965
0.00270983939302725
-0.00474181678612858
0.00678733735585562
-0.0147678682975827
0.00851326552613392
0.00683267614657995
-0.0308541654891754
0.0164464523357227
-0.0106041931943578
-0.00501796724722897
0.00563470301788647
-0.00887848424504238
-0.00317959685791787
0.00792725955618632
-0.0231544295432202
-0.017386512080063
-0.0112836646145708
-0.0140903948265104
-0.0057786769504802
-0.0165515319451768
-0.00661571297953219
0.00733214070149037
-0.000695838467974634
0.0820309506585924
-0.00164673370982128
0.0111626471860073
-0.00574333429713064
-0.0268163936856061
0.0115374483144511
-0.0130644556797555
0.0228649235033403
0.0176525156517029
0.0199951787915799
-0.00541165688890559
-0.00520677311513094
-0.00377573305446332
0.00481768967473613
-0.00526939020531216
-0.00230240004443116
-0.000367129201916975
0.00582690383506878
-0.0103331839797338
-0.0011853229721803
-0.000807475426784741
-0.007617044644367
-0.00530266636220354
0.0252195245204594
0.00158563482473483
0.0062880281074673
-0.0034973957107726
0.0142119234246607
0.00171606630998737
0.00586418316143952
-0.00411761046497923
-0.00226173337737631
-0.0317652568984366
0.00370649224462556
0.00368057390563458
0.0180611227697121
0.00279435816629749
-0.00527412961848292
0.000441903902095494
-0.00250991034619032
-0.00162982189701582
0.0151447768808785
-0.00146429233168253
0.000140674182124905
-0.000893592439833669
0.00920994147863158
-0.0043822671475748
-0.000329012191065813
-0.00166274111157877
-0.0124067437403675
-0.00563875740195561
0.000598992697740343
0.00464564327551979
-0.00657646559401396
0.00090130270078273
0.000742107841728993
0.00054372736320042
0.000627059858765037
-0.00257981351170958
0.0038265827273627
-0.00314247339579128
-0.000599954681300977
0.0012639864841554
0.000541972855602267
0.00166844898272946
0.00354585675724998
9.72057302896063e-05
-0.000673754489556472
-0.00498857696413744
-0.0177370704490662
0.00280003113084507
1.5824298629703e-05
-7.50805171009974e-05
-0.0112813139032253
-0.00520786486437067
-0.0107278130511358
-0.00454204444775255
0.000217291187119354
-0.00188049858810694
-0.00718284766265162
0.00303542970658599
-0.000867581032663864
0.00166572287256776
-0.000605164995328763
0.00211219552845855
0.000492129526894655
-0.00470933150837689
-0.00164044323624301
-0.000579987946498728
0.000208685916281905
0.00123783159786499
-0.00598682139913776
-0.00344680418423305
-0.00105953988411761
-0.00161695384004038
-0.00343313611505861
-0.0123940533870426
0.000866418682647868
0.000751866815555774
-0.00181397316385425
-0.00989425925098196
-0.00387152822099508
-0.00054363933041324
0.00052165857819747
-0.00046713056033232
0.00119733488346239
0.000918376419159143
0.00164251207273669
0.0014007106548109
0.00304444884557392
-0.00211740213075009
0.00120673669295197
0.00155515427073078
0.000776104001476319
-0.000155274079539834
0.000829082235446363
-0.0010914491251829
-0.00118681934418753
-0.000663496051546846
-0.00172876481736184
4.82130431475086e-05
-0.00448455177186991
-0.000140732564956281
-0.00132443147189632
-0.00403462326857295
0.000466356506620398
-0.00112465427363284
-0.0014303421266238
-0.000205639796591246
8.86728838041041e-05
-0.000415140805707876
0.000288255332404451
-0.000185766253142562
0.000290728657302756
6.60839849730568e-05
-0.000106988234071772
-0.00105983596670199
-0.000963664347648195
-0.000785623028976825
