-0.990844933583762
-0.778647244131894
-0.48124828508114
-0.163998449099887
-0.152068346343978
-0.32130291951765
-0.153121306828465
-0.184505898090761
-0.12678988716861
-0.0715150469149518
-0.0977136572853157
-0.168283473536835
-0.0590639091432501
-0.00900162058829648
-0.00539128496859419
-0.00188892085583931
-0.0054223592894867
-0.0232720998308279
0.106133778954402
-0.0343202193411164
0.0120662166226885
0.0114085533527777
0.029399049024135
-0.0127326858495567
-0.0290875876146694
0.00758567334313392
-0.0257388894323404
-0.00272115947035162
-0.0252493726388368
-0.04389022037866
-0.0336275831791698
-0.0208985386554834
-0.00144033074617154
-0.0163044647050319
0.00345620742670223
-0.0268119890426825
0.00511874035149696
-0.0444669629256745
-0.0218003896626249
0.0634034490529369
0.0276015671723772
0.0200079471042384
-0.0261812473456065
0.0116321175133656
-0.0135474030920382
0.0242755916469686
-0.0303677410879331
0.0151782129159683
0.00274045591668823
0.0300940762639885
-0.00545643299182196
-0.02131239231776
-0.0145507124879585
-0.00315400050719737
-0.0251760580088072
0.0231560218797186
0.0131820200870722
0.020445573506815
0.0316727617843302
-0.00183811411686553
0.00670923758980058
-0.0552542522804202
-0.0144102863522044
0.00752030235441275
-0.0161854742038793
0.0154080585090473
0.00666930505937528
0.00316191061124496
-0.0498368312560492
0.00147648915765511
0.00648928566997264
0.00226624821754182
-0.0159976133989119
-0.00566242405543363
0.00481292190794585
0.0110664678005104
0.0365999196297821
-0.0177003037888416
-0.0230016031844192
0.00747958701057588
-0.0123395295103491
0.00813564796675249
0.00479141127416914
0.000279434562554005
0.00747958805170085
-0.0431150101179528
0.00309009525160717
0.000951123874388228
0.015258028499247
3.68481223821193e-05
0.00780914293772714
-0.00431465318800619
-0.0146266493968601
0.0216296527033535
0.0173280110706505
0.0107975615972814
0.00372365249430563
0.0150072512009003
0.0100205258527187
-0.00154005820933504
-0.0490628734449991
-0.0116450256887084
0.00613871797176275
0.000802364049946322
-0.0236615403532496
-0.007034018430236
0.0020886743089808
0.00294964912540181
-0.0163869909993659
-0.0206177520127527
0.0050471822916363
-0.00763558848372502
-0.00127562908559891
0.00192008312739986
0.00212662862430523
0.0256279433254408
-0.0015401886918152
0.000945550833682074
0.00131826000765858
0.0220491911517225
0.00671465926441462
0.0124603904823493
0.00335016172524744
0.000424934548894956
-0.00894768519997888
0.00174734766744136
0.000419795788134618
-0.00358412923522226
-0.000238337890036421
-0.0132216090900033
-0.020454405383674
0.00138044287826046
-0.00313546640688718
0.00662252743879461
-0.00246857866376081
-0.0362998019949414
0.00587338453353046
0.0650065763893118
-0.00108448491083236
-0.00254401516671458
0.0037405143985835
-0.00349747854162101
-0.00655302263174167
-0.000422949088484239
0.0149275877232651
0.00547951798078924
0.00499768563370304
0.00303059980952319
0.00600919826402704
0.00324113726121463
4.22048223503915e-05
0.00235105515316091
-0.00884851178875172
0.000341571514637568
-0.000577136530793647
-0.0105851589679497
0.00227458294345908
0.00845646384159909
-0.00804185776373504
0.0059669299581839
-0.0060547203978359
0.0320355889798294
0.0266659877280857
0.0445004199569048
-0.0026471437266893
-0.00249237095826493
0.00506324978605103
-0.00150265897512837
0.004197268810539
-0.0225826654802293
-0.0267516639089876
0.00191328110343678
-0.00074143527684795
0.00140811658880346
0.0171353799650252
0.0190180405703348
-0.00809807830784746
-0.005692796526926
0.00155231230192495
0.00458773899670275
5.46399501975723e-05
-0.000662988995175824
-0.00275275771754845
0.00404072944551865
-0.00151763486487718
-0.00255918993554664
-0.00663353992558194
0.00375502438029142
-0.00559900372057596
0.00512388891368928
0.0162566542718437
0.0120761945110346
0.00583964940932276
-0.00459344155875798
-0.00280592923436965
0.0341262504634935
-0.00659225774693361
0.00408191865567735
0.00167058737158952
0.000992250181464313
-0.00944098045874096
-0.000859479795328874
0.000285492742144226
-0.0393908426932978
0.013579892814488
-0.0236938036204651
-0.0112877291247607
0.00216761526817528
0.00397512000688067
-0.00533929654504356
0.00899364511038932
-0.00862536990313912
-0.00850424010788774
-0.00598333345647348
-0.00259431077232129
0.00063087509411453
0.0105442983807808
-0.0103175204844301
-0.00349703558187757
0.0162924307823682
-0.00129961268352406
-0.00997266613320631
0.000743022633946537
-0.00190710166442003
0.00654371168490776
0.00278076671934918
0.00301306328267203
-0.00590446876232959
-0.00260955088511616
0.00540679031528977
0.00184575155995521
-0.00739901476909647
0.0121803887030086
0.0314260531873691
-0.00829865573106386
-0.00415414190411937
-0.0202069785050062
-0.0188955621812461
-0.000445838052908308
-0.00689193698381949
0.000593787758133447
0.000344091736368721
0.00335164932944263
-0.00324975030997035
-0.000380000093388035
0.00366097276615164
0.00119147455351969
-0.000913113024852569
0.00283879755829862
-0.0125831365725155
-0.00464823096342254
-0.000825293947190121
0.00428244106961207
-0.00104302842039266
0.00386903029981091
-0.00142209759676266
0.00409110653711894
0.00454867262828908
-7.1909158615545e-05
-0.00279691058505904
-0.000616187923595378
-0.000739684788683252
0.00681908896097881
0.000109547854342523
-0.00548095115133147
-0.00374383741863133
-0.00274925544488566
0.0028822210445383
-0.0047843140394445
0.00339521035321374
0.00487332484799802
0.00152363984002801
-0.00110699266058836
-0.00769731780954023
0.000778105951680958
-0.00169625305194829
0.00051253937139569
-0.00011753794248909
0.00210008863361449
-0.00123039377230771
-0.00035005977901743
0.00173416629832865
0.00335325179673267
0.00245730951924283
-0.00311628696273338
-0.00106334539072137
-0.000297102317786344
0.00396320104065383
0.00078551771151198
-0.00145206060155605
-0.00280765787735353
-0.000481093797963304
-0.0049881241833871
-0.00438877945558532
-3.55964571411005e-05
-0.00190977862936216
-0.000247535979426058
-0.000241578192850072
0.00174896545786727
0.00150073085973193
-0.00474424294155898
-0.000229406721018232
-0.00412226963701016
-0.00180988218290191
-0.00142478248145625
0.000631486387235903
-0.00125218677658333
0.000718474607407241
-0.00349338246404396
-0.00210980263824409
-0.000880995913101114
-0.000208736448138209
-0.00115033163368765
-0.000625878719028753
0.00159778936953398
0.00148863951723917
-0.00254111180488916
-0.00157453106142369
-0.00318554846618922
0.000355533762203999
0.0011841075853697
-0.000750087910695142
-0.00199947017691624
-0.000252155346822352
-0.00240190293351784
-0.000985504695067116
0.000207502541127351
-2.81688789245558e-05
0.001224965300689
0.000323693968470784
-0.000456702109792783
0.00200635211237093
-0.00149163142944454
4.94420111673984e-05
-0.00158953889588932
-0.00133814002118578
-0.000439393003536872
0.000289827295959893
-0.000169435350678015
-0.000234678508807279
-9.69228874835002e-05
-0.00116697735637509
-0.000407454685536034
-0.000384212129846022
-0.0002052151621786
