-0.999434101888328
-0.956026708045748
-0.74758584727707
-0.576987755815414
-0.293752844122217
-0.266844952331163
-0.0956662584690231
-0.180690385571856
-0.110283204498113
-0.227202540908757
-0.12127010094069
-0.0540847559508513
-0.0360796817645676
-0.0473696021329057
-0.0426189301440661
-0.047667062470382
-0.0267273802677624
0.0189192541636082
-0.0254093143466346
-0.0110072931325137
-0.00318351331449268
-0.0518174175501628
0.00599553936258575
0.0368574801435204
-0.0316275496974784
-0.0219942196716484
-0.00719685712025034
-0.0148524797343475
-0.0325518971778498
-0.00768432271436523
-0.0191702837963403
0.0397988832166404
0.00503644087809564
0.0220800271579709
-0.0470270451964943
0.00183038719966082
-0.0508642418721703
0.0103109124710623
-0.0097097913914333
-0.000560842254527806
-0.000626796771289079
0.0311098875183046
-0.0518628271292906
-0.105188139452446
0.0165794976372316
-0.013412050321204
-0.00350841963233662
-0.0732799195154989
0.00583286902413957
0.000291473665591687
-0.00126042152179329
0.0227806726338428
0.00189892855933722
0.00541535343556287
-0.0353763175386967
-0.00150125425389703
0.00829396222813262
0.000541575129065691
0.0121730310781604
0.0219370485434145
0.0833872484555798
0.00834691653975553
-0.0136371427692284
0.0215349210362521
-0.0227672521614249
-0.00512683739965887
-0.0181854075912977
-0.0199971192067599
0.00809607107799215
0.0130743682055381
-0.00359919052239108
-0.0134979360481221
0.0416692908935456
-0.0034019865913001
0.00193167455157623
-0.00258740572761375
-0.0177172072470995
-0.025699803910006
0.00625821118358178
-0.0144602550633567
-0.00812442550000966
-1.09341805465939e-05
-0.00480388980121283
-0.0316259207668083
0.00857966957632376
0.0169290902195503
-0.00420140280456654
0.000423467928020532
-0.00727753423834015
0.0433600210315726
0.0271700300607627
0.0202048704838154
0.00066607542703068
-0.0294897199882092
0.00550704288845994
-0.0117465989068631
0.00527404587492765
-0.000845483237710132
-0.023439687663652
0.0189267257523332
-0.00720005686501821
0.00329751784407096
-0.0165734782519757
-0.00682561733551414
0.0437877708391533
-0.0083852162901633
0.0138387721731167
0.0194042247978405
-0.00292527749711787
-0.0111516025461547
-0.03373451873503
-0.00661825976927299
-0.00266728105943257
-0.0276281356019569
0.0150798915607431
-0.0468397970993713
0.0117076476105546
-0.00832943588017314
0.00818900862102386
-0.0104925454545602
0.000508956106177637
-0.000884417683637553
-0.00226151708485605
-0.0145247728898087
-0.00764052876362958
-0.00149111510072995
0.00614833952659208
-0.0328555895390002
-0.020852743660558
0.000827350701118296
0.0339836397117474
-0.00635093895881068
-0.00389647450909568
-0.00594858717771875
0.000992190976660529
-0.00871123824751855
-0.00510843653143918
-0.0114462592968718
-0.0162685950743832
-0.00318757048868068
-0.00539199043481504
0.0164772197065402
0.000881429760638711
-0.00180707007442765
-0.00746455967048736
-0.0255148181485909
0.00179295226012884
-0.00718922142349839
0.0135474070246913
0.000649017274445916
0.00930611668875214
0.00847581230269288
0.0124948054806262
-0.0303727170887904
-0.00639060227085068
-0.000468596668073043
0.0175416568957209
-0.00921292631637191
0.0087891267363705
-0.000293606211256389
-0.00955473134401071
0.00954965744146089
0.00933537019533787
-0.00405832509455019
0.00040240188594343
-0.0067591368573764
-0.000327060658484338
0.000728426132389618
-0.00362432784395955
0.0121366878355193
-0.00613271500673838
0.00655960893639082
-0.000132677045027461
0.0026833893387871
0.00209215044584839
-0.0100538160862692
0.000818727066084601
-0.00927890157910672
0.00503698667934195
-0.0117213968082921
-0.00204703611543688
0.00389826888177769
9.53946791675069e-05
-0.00769093509878154
-0.00147651794790339
0.0230101437695131
-0.00291300717389844
-0.000972273643629401
-0.00360891732612692
-0.00589074928682799
-0.00639889006008724
0.00634660702615332
-0.00202534439950994
0.0142672264077547
0.0118880994072329
0.00327268468354748
-0.00773709479658875
-0.0111926069257821
0.00166804196579448
-0.00939885771258398
-0.00596960901377538
0.00689652427385886
-0.00584483951566979
-0.00270227130109382
0.0103138128932248
-0.0121971223083924
0.0150716387354348
0.000781508419483345
-0.00776551192499031
0.00176068305080629
-0.0341283143331882
0.0148332817143097
0.000158725059443816
-0.00429088427533657
-0.00254691683980627
-0.0016378405735983
0.00258889095359607
-0.00224012293001042
-0.00177785931903492
-0.00430712465407172
-0.00626378489384771
-0.00359617762449075
0.00876437657882884
0.00350782041458057
-0.010376995309533
-0.00941718378157251
-0.0176405005854048
0.00385754309806223
0.00139715524251079
4.42297605537654e-05
0.00659228226914064
-0.00426855811705814
0.000916448284025074
-0.00265273571272336
0.00330674817631616
-0.00284627148161748
-0.00163912046604904
0.00800083232228731
-0.00129630570570429
-0.00385588970633887
-0.00483856528786657
0.00472887706437124
0.00984167867443338
-0.00186380776711607
0.000554945488053745
0.000828878239235886
0.00175590613050708
0.000650835345989108
0.00288799242632263
-0.00709585489146681
0.000863376731300216
-0.00159486941998829
0.00609601520174221
-0.0272812017069691
0.00021216535782627
0.000121324384818801
-0.00993318989323548
0.00136291884520465
-0.0129196253647205
0.00122405652685603
-0.000591526087480795
-0.00355164805931082
0.00232205518816019
0.00813512219041333
-0.000980288479847393
-0.00179723476333614
-0.000504639168111459
0.0008854051009495
0.000447990121931871
0.00177807815921784
-0.00701860559556977
-0.00089686478051757
-0.00154708840999808
0.00113720695293655
0.0017857571854948
0.0044125871041441
0.00108318645120556
0.00309546076715104
0.00548551373075909
0.00876375720395798
-0.00640067831407504
-0.00777720022680748
-0.000914322326495935
0.00138837581582178
4.26043881177199e-05
-0.00287027500170651
-0.00354025210144902
0.00128771059630412
0.00217648576346542
-0.00116746134438932
-0.00156833557986638
-0.000420078058353701
0.000615627277770756
-0.012036755110617
0.000253098895312043
-0.00454019600856144
0.00119155324696684
-0.0039333023052089
-0.00253797250876183
0.000325370456301063
-0.00215127152703137
-0.000628328605717302
0.00189329809331756
0.00280249556675584
-0.000450950245511544
-0.00296073717534853
-0.00219328559601187
-0.000220166901358041
3.00191548584681e-05
-0.00302998107594865
-0.00072148253875139
-0.00119103633953718
-0.00366190520060838
-0.00150684533110307
0.000642349381607575
-0.00054968974950584
-3.96403156288541e-06
-0.0123476158037292
-0.000972706352111343
-2.76490037393304e-05
-0.00390709982260726
-0.00632359214483639
-0.0104549939409565
-0.00475216790809089
-0.0027031338954228
-0.00244582514971336
-0.0029407161490253
-0.00505556311052916
-0.000843217292124233
5.169457751372e-05
-0.000207856344906689
-0.00104192706999222
-0.00106194363642151
-0.000928232946538648
-0.00129574468573444
-0.000494582106739716
-2.37596847198685e-05
-0.000513268936821789
-0.00110725871963815
-0.00325132087642504
-0.00176612621454252
-1.85715615153392e-05
-0.000634737541076695
-0.00105312694274731
-0.00147631005140439
