-0.989137103561195
-0.953399159282758
-0.554205555955738
-0.292967281459815
-0.179818024330953
-0.0433295152082597
-0.0746426626194945
-0.133155277467755
-0.140130042196895
-0.0717497623519408
-0.0304401522224669
-0.192622862625815
-0.0471498350424111
-0.0792357586321602
-0.0511768049445266
-0.094482962961964
-0.0853308691511697
-0.032587707919976
0.0213376079416224
-0.00727823645062856
0.0104527518707846
0.0141424978871681
-0.043176678226584
-0.0533876605209489
0.0104214715549749
-0.0188039166518548
-0.0460209240109769
-0.201115703251658
-0.0654108119333796
-0.115696197834004
-0.029745883726113
-0.0222688679956251
-0.0323148067382854
-0.0440446972003635
-0.0246850754166586
-0.0618033399583799
0.00548220409890433
-0.0106187794838249
0.0245213552415738
-0.020358966834305
-0.0359126529765416
0.00718612066841276
0.00992122576856173
0.00327570744467681
-0.00600286675481378
-0.00290598866136914
-0.00767232305124924
0.00259534696938594
-0.000232707073245879
-0.0470748818448589
-0.0209854794642498
-0.0131669583298301
0.0121426601504472
0.00212067947670445
0.00411173795579185
0.00513076487313446
0.022116132232302
-0.0438864697361342
-0.0106524748272255
0.000768515488722976
-0.015186682063182
0.0148804588981679
0.0295282599384218
0.0366376986502125
0.00959510976461071
0.00874631171745763
-0.00484788815885688
0.00725796116472357
0.00808402405933754
-0.0412511817281843
-0.00208776208594152
0.00865485271447233
-0.00257873913720286
0.00328525234003512
-0.00683887673634189
0.0222552595309142
-0.00954207958509527
-0.000433098367554826
0.0340544570301376
0.00336864476681772
0.0640906764760683
0.0491174763038061
-0.0630591461292738
0.00193499862696156
0.0250439882180682
-0.0198050075481092
0.00847686265547034
-0.00667185951380114
0.00510528748274018
0.0183770927098149
0.00387999752047257
0.00797875788582704
-0.0004267022574178
-0.00232852963604675
-0.00712428042481108
-0.0044718292252364
-0.0147169786547035
0.00355148064661022
-0.00609354176107199
0.00487627321917638
-0.00311141646064775
0.00100200060910658
0.0062365306914952
-0.00961267314164225
-0.0022894832207016
-0.00788525980126819
-6.0049573059382e-05
-0.00287971846456054
0.00356907099442614
0.0181814845325634
0.0129280455082847
0.0731438126342129
0.00932603353575719
0.000158441252316351
0.00756966274018418
0.0216551152849398
-0.00848831664363984
-0.0100648223579662
-0.0124947335047654
-0.00172275153472316
-0.000460528775514881
0.00562125741554078
-0.00265531113897512
0.017479359977113
-0.00061692988486543
-0.005081339638455
-0.00115450310948553
0.0458900143940552
0.0186448281126582
0.012202115059862
0.00917615182990789
-0.00611556166633669
0.000273566200034741
0.00187040954135292
0.00387902624679969
0.000997700519622818
-0.0142183650875863
-0.00414261597221138
0.0166347503522027
-0.00511869371334753
-0.0227813578711521
0.00218100083429418
-0.00974919246090935
-0.00299576046375673
-0.0057231522157101
-0.0113114779992288
0.00510749299537983
-0.00944515132034422
0.00214663118359973
-0.000492271425778211
-0.00704781162911116
-0.0012061068843794
0.00334116882489894
-0.00868591434913632
-0.00351343171396405
0.00291738933224232
-0.0113469924757322
-0.00894783365937611
0.00858688102727001
0.00242296209196134
-0.0113998745042137
0.00378251036677782
-0.00196504122459148
-0.00213075449732805
0.0230562530756422
0.00158059613798636
2.13613662138155e-06
0.00324583655211252
0.0169225845967207
0.00256965952782164
-0.0185374411998015
0.0154950577892857
-0.0173704929597417
-0.00457011968837991
-0.00556173160632209
0.000942663693468967
-0.00849202884797445
0.000331348943142578
-0.00377969000174204
0.000163540786581485
0.00962760258844493
-0.00996394158995444
-0.00175086525046271
-0.0411626461241269
0.00171679976893151
0.00217737880878287
-0.000437918670109314
-0.00187306737875444
0.0092499014119053
-0.000985936519923221
-0.00117779202022621
-0.0110573454943912
0.000108343875937129
0.00419739637825003
-0.00423214255720674
-0.00609867609281421
0.00365077761896398
0.0111576863790867
-0.00760300330674088
0.0189154304653866
0.0014507681870026
-0.00456673347366107
0.00590542201274277
0.000490344184433017
0.00791990446058595
0.0111882231098335
0.0109342188575795
-0.0222607003332748
0.00156453738002101
-0.01474534804599
0.000394005763056459
0.00215720310229927
-0.00147743961882913
-0.00122797887146664
0.00601575674563841
-0.0138016058245377
-0.000199828729983114
-0.00456108623959647
-0.000387562936541082
-0.0043621336624125
0.00290700935587403
-0.00333834206626132
-0.00766175480965189
0.00715273399275114
-0.00139377324173742
-0.00714621298767198
0.00354445496960188
-0.000602121121537545
0.00217006564635682
0.00229208608013977
-0.00210406246209587
0.00409620077657443
-0.000483101654848601
-0.0013684029455751
-0.0230552508694983
0.000442585133172043
0.00127845322835982
0.000212789999465796
-0.00660955598134193
-0.0122194907722497
0.00173631463473215
-0.00147358032534383
-0.00548273293076185
0.00335371371102424
0.000695870582036239
-0.011632248229725
0.00481009958552448
0.015099088461516
0.00719849489045151
0.00435533040573767
-0.00123662573945488
0.00183208940600342
-0.00485967476510085
-2.9467890510961e-05
-0.000350855127276491
0.0015205768750778
-0.0048195466160036
-0.00313752426014834
-0.00215507851459574
0.00195809442367431
-0.0182979703903263
-0.0033382763814752
-0.000765196950205623
-0.001000812852432
0.000739410544160143
0.000735345921897041
0.001208989299594
-0.00481507079712575
-0.00908585685628858
0.000556529949427211
0.000211441631041589
-0.00319338697389221
0.000378521263816956
-0.000212575820673162
-0.00375021548753176
-0.00635264577240013
0.000580922229952262
0.00228030192185199
-0.0050574610126444
0.00924960846697369
-0.00239963156185074
-0.00172171343848712
9.86095607907254e-05
0.000232342440402132
-0.00139864722358592
0.000998752221015016
-0.00331527633901229
-0.00336342529769671
0.000266342225747711
0.000826662247058753
0.00467775393706771
0.000364109399051334
-0.00148129131987136
0.00237197172743759
0.0110847551241748
-0.00529229147596571
-0.00476317822858624
-0.00725237229568347
0.000931359424983128
0.000952716239248621
-0.00262182884720893
-0.00534046668656417
3.02616391161079e-06
0.00125754450471186
0.00144820158554035
-0.00156183215301055
-0.00130589479504371
0.00273554431664264
-0.000116285562684305
0.00233002805555496
-0.000985489918227213
0.000683495950310286
0.000342774049905789
0.00363366520332038
0.00269246839479371
0.00116549462698142
0.000141265390779159
-0.0027640370614953
0.000602574833568137
0.0016361554197515
-0.00435581793245148
-0.00901663201257655
0.000459230782035686
0.00321926544597622
-0.00251783822906593
-0.000875386438285797
0.000233313913924575
-0.000501715781688424
0.000344746128844789
-0.00186472398927631
-0.00338220512121579
-0.00139884999969305
-0.000562699519360875
-0.000248800241755897
-0.00243286359057363
-3.01921771859384e-05
-9.95591287693074e-05
0.000254325025509563
-0.000147075153010491
-0.000687917751802867
-0.000264551743162068
-0.00054765493126105
-0.000511538400521467
-0.00012473565246287
-0.000248395598878319
