-0.991699952934788
-0.897383062646095
-0.549244369120485
-0.152473013214523
-0.116190085426679
-0.178426604693204
-0.208665376999359
-0.259270171023409
-0.311863206719244
-0.122807582703381
-0.0288975490771822
-0.0555312700453238
-0.10490842136762
-0.0242834827683339
-0.0694917261578838
-0.195675939364155
-0.0750070707812928
0.012178818997303
-0.056588534589136
-0.00206033175711165
0.00326477814660329
-0.0158856863487215
-0.104483942573535
-0.125091513475231
-0.0437205717232372
-0.00402833444895625
0.0130199553119605
0.000558942593950771
-0.0103407257676078
-0.00559670647585714
-0.0164182889128687
0.00267756646443011
0.00269752584461681
0.0205013973731276
-0.00528636184562728
-0.00204185051949989
-0.0270345254515135
0.0118429411839444
0.0278877305599114
0.00852251427502598
-0.0126636502923702
0.0281544995048194
0.00959582042736817
-0.00848066233516152
-0.0146981841364866
0.00210454519696133
0.00195641142535246
0.00236568740816254
-0.00946054887477321
0.00918302207650381
-0.0542689656205424
0.0191118390182044
-0.0325739906855772
0.00105429288522205
0.0141169483995869
0.00921375209679423
-0.0130287564368111
-0.02536645397671
-0.0218022000645765
0.00306580130533046
0.0460018899303308
0.0110294206287531
-0.0359293412074507
0.00399141070184165
0.000772143547134999
0.0071640491732028
0.0114400493489594
-0.00987331044491734
-0.0347537306156434
0.00542001025838581
0.00228681602778536
-0.0198879682065435
0.0194828119625107
0.0314409616393479
-0.00253136869677902
0.00908673143385441
0.00883614177512041
-0.00745083768868412
0.0135748330544273
-0.000869411062397545
0.0322764147151548
0.00853663861098225
0.00258656252925644
0.0204097318796404
0.00228099406416728
-0.00445369820716286
0.0101787123529947
0.00289680827931616
0.00880508110701749
-0.0181496313175664
0.0019173731153837
-0.00317311965001764
-0.00400204990178409
-0.00538807805523048
-0.0147568706870642
0.0189116547829489
0.0133853062674361
0.00152621809929289
0.00169802975598821
0.0135958766060811
-0.00688729089342827
0.00516818813502653
-0.000386085934003297
-0.00289524194627018
0.00276303161072958
-0.00285583479631406
-0.00193832400363406
-0.00123727697694554
-0.00740823867205475
0.00365364321283914
0.00127056027600347
0.00668216249728077
0.0110389270749802
-0.0123781446898619
0.0196927120141986
-0.00331132959273574
-0.013289171447926
0.00673261883735132
-0.00863476559561179
0.00100186254270286
0.00320178160362487
-0.00547946589662216
0.00717210933710048
-0.0219880795086616
-0.0195065625777548
-0.00933408675160447
0.00456040706742473
0.00380744684427142
-0.00875460912121477
0.00246111342988295
0.00287958331619899
0.00135463872272268
0.00219313002405501
0.0186237675008957
-0.00569756791657189
-0.00744724181492312
0.00761479560774026
-9.51056271829643e-05
0.00159053219668742
-0.00691315885503062
-0.00417593556557916
-0.00331054057976757
0.00962365289027548
-0.000572655348392592
9.70493226821949e-05
0.00106557541886321
0.00475221715758419
0.0025413022495666
-0.00553862431705305
-0.00657499193875758
0.00203016474029717
-0.010891938130304
0.00728023852084006
-0.0020222942932786
-0.00880903101299455
-0.00831636626324807
0.000976625888368259
0.000489030796689111
0.0170757413920024
0.00801256116562709
-0.00432346075654533
-0.00349177482622881
-0.00301009037743293
0.00219310012381107
-0.00600807047406722
-0.00403553483968651
-0.00238946775264801
-0.0110607986004553
-0.0131955151195331
-0.0178012689542043
-0.00112710919663322
-0.000442981472053626
0.000109066495355055
-0.00136298991515321
-0.00248725685773872
-0.000256972190798134
0.00159424708472122
0.00111323011574903
-0.00668933809541728
-0.00139679270806262
-0.0073497202834688
0.00354389697810316
-0.0036101253838636
-0.0234133888439929
-0.0122688201288925
0.00379695651127486
0.000415669587293028
0.00779404736026779
-0.00830337532445278
0.00324085381793426
0.0011776434201939
-0.000133707583136451
0.00145518451348317
-0.00151734696200198
0.00402258339700213
-0.00375535776329053
0.00620707785656785
0.0157404937261808
0.00147137161216747
0.00948970948551255
0.000138218411386716
0.000462945123853817
0.00369057799285038
-0.00185468885628581
-0.000857443065284773
0.000396379827213536
-0.0139874593846227
0.0118300884835687
0.00575853292386796
0.00128513007642761
0.00696000312142808
-0.00258493667990227
-0.0077941413378861
0.00156844976251459
0.00127308285120771
0.00338448371831599
0.00111646167135601
-0.000175226677558221
0.00785017785207968
-0.000585786045780492
0.00819036201013087
-0.00268834054342579
0.0079905428001245
0.0027973597755551
-0.000945903331670602
-0.00148865757889212
0.0254778901843403
-0.00803406884209515
0.00391235329878721
-0.00073737670820539
-0.00287517342971791
0.000700896822921786
0.00742020544777273
-0.00347122292029929
-0.00062440808060635
0.00897590812708828
0.00328301548049167
-0.00578515699588988
-0.00541524426468136
0.00416022644971882
0.0016647687185211
8.65383643287592e-05
0.000624035365996948
0.00893418952696971
0.00276237280180901
0.001752298998674
-0.00767305951756712
-0.00228482942087273
0.00345038344425074
0.0009937286647427
0.00149445903203737
0.0117308782892714
-0.00566571129714793
-0.00877595830472837
-0.0048442488301523
-0.0030553591151979
0.00494423455421346
0.00219542134422467
0.000831941245560091
-0.000622849810489625
-0.00153185913647423
0.00804658680979892
-0.019316632896132
-0.00118386554325262
-0.0050775705298189
-0.00317680793523396
-0.00328353535941966
-0.00154736318299941
0.000879641836383507
-0.00359508798401771
0.00165334115759939
-0.000491938381723312
-0.00508783852307154
-7.91788194458957e-05
-0.00407094921385163
0.000159499787098002
0.00469417990192206
-0.00533236800577608
-0.00232133226583724
-0.00120986806526929
0.00237479611690826
-2.22383582648557e-05
0.00451308036610341
0.00106538126245631
0.00538436955974468
-0.0118166100403841
0.00181112153333733
0.000472718190356396
0.000399095419376434
-0.00317537439077366
0.00196757291292487
-0.00718831010381428
0.00621571320142715
-0.000259449897655201
-0.000160421813061527
-0.00313916734184589
-0.00395992507347887
0.00521780444812939
-0.000670863673344869
-0.00267124474125726
-0.00825460171250541
-3.9262456086467e-05
0.00110329719982809
-0.00387391548913573
-0.000520516177533461
0.00151309222400904
-0.000404430946215889
-0.000263778764451973
-0.00126911325773148
-0.00140626045952433
0.00166377394930459
-0.000135378548849065
0.00452397718458304
-0.000289915274309414
-0.00053482259000385
-0.000789092215512975
0.000124164055284291
-0.000371448056828378
-0.00017443653368768
0.00258246003012018
-0.00240685091172895
0.000794428847414771
0.00182883305494731
3.08393931466775e-05
0.0010809645738393
0.000240227542495584
0.00111008397073199
-0.00230855841038522
-0.000129564626407761
0.000893353034357469
0.00090603165591465
0.000158846564414094
0.000880733202890437
0.000418324476511877
0.00107652597220222
-0.000863077963154096
-0.0013860266851294
0.000299405047553038
-0.000667982769070883
-0.000258278254554016
-0.000173542623763549
-0.00136996671772197
-0.000183207940455964
-0.000358465733176146
-0.000697574188440162
