-0.989365763123837
-0.991020127919395
-0.989944873734835
-0.970918033353455
-0.985520974530097
-0.879946384926007
-0.872341401944836
-0.738791218540891
-0.585728370894911
-0.505930598121467
-0.442251379083772
-0.252951010896423
-0.105775432706871
-0.0900331808473424
-0.117642537162081
-0.134041486417855
-0.0184238267950191
0.0388911909724693
-0.0190720661939602
-0.0545580198346248
-0.0266636182080138
-0.120835197205548
-0.207350251197707
-0.233575080434046
-0.302625125773172
-0.266485666602493
-0.225336334007551
-0.181259749046153
-0.144596135257281
-0.0810769561911689
-0.109002222658513
-0.0231518186696427
-0.0526830272879337
-0.0358375332763026
-0.0319788425247735
0.0123736548914867
-0.00378355077520263
0.0232851564949885
-0.0810559427648743
-0.122087314092049
-0.0975172294313053
-0.0513176204107634
-0.00884729970087256
-0.055603827407774
-0.0699123878720233
0.00294108645184177
0.03306696617899
-0.0626899948551114
-0.114825014827516
-0.106159577653613
-0.0357423315904713
-0.107249289235771
-0.0937008215784552
-0.0296989181518152
0.00124243010603139
-0.00199994941874715
-0.0321983643065492
-0.0709653550531969
-0.0639738719031056
-0.0445940626846599
-0.0631618786691606
-0.100950829526432
-0.0796396123627398
-0.0173925272677126
-0.0157130717519394
0.00693565844529481
0.0108297375855083
-0.0220053914198041
-0.0705296077851576
-0.110150050886827
-0.0069562072610162
0.00220751491675206
0.0194553832327274
0.0610896583174134
0.0524012783749203
0.0524833375957758
0.0920522025369594
0.0964697150892622
0.073803846286732
0.05756985480179
0.0131460398058429
0.0173423313638392
0.0652597396591417
0.0115910738141884
0.00537370823259747
0.0232130480486252
0.0296404140482118
0.0223575421644495
0.0254263979179577
-0.00151143721429946
-0.00278455311935404
0.00306234981560121
-0.0193371708510109
-0.00882134061152701
-0.00920980325368617
-0.023995107512174
0.00913015246668859
-0.00302065740109943
-0.0219464176064504
0.0382223646545094
0.0790247831869812
0.0409754861359687
0.00333548838994941
-0.0138279514057658
-0.0405898299766206
-0.00612324416636347
0.0146646427134727
0.0144321658099392
-0.00623004194790419
0.00558913555060908
0.0311307901502194
0.0394153034261467
0.046781096626554
-0.0142298964069161
-0.0137175246788082
0.0217639027635862
0.0314729562603406
0.0201173814018463
-0.0110911415323142
-0.0036235565142195
-0.00990083888943159
0.0465522151967305
-0.00431398629807478
-0.00673202285489538
-0.00588463886038001
0.000976501175809345
0.0206818846114985
0.0989644187982225
0.0649650224582503
0.042022633604638
0.0719521835013906
0.0305312918363792
0.0556603137700402
0.0333375710351699
-0.0108647115661886
0.0379950435874516
0.0234084476294127
-0.114752047697767
0.00298663730697818
0.0459532774856273
0.0312866581000307
-0.0305566220181882
-0.00255083606250356
-0.022732945615757
0.00685355692261391
0.00882308374918283
0.0167587170187668
-0.0221510326160003
0.025842883458416
0.0754884893146245
0.0228311649732608
0.0320526498052315
0.010174667979847
0.00511334532082669
-0.0171012476623491
-0.00294050576786331
0.00736694082685978
0.0042744446768305
0.00279197484887722
0.00258949852646572
-0.0142576721188932
-0.0316382253624549
-0.0153364868639053
0.0255521279977282
0.0480839327481797
0.0333100152114473
-0.00571712732497709
0.0149450400634344
0.00424515475242565
0.0192415837648322
0.0326392910053635
0.0359059947136105
0.0195790596184252
0.0149341210649556
0.0314254606616695
0.0206915425779839
0.00326343125735786
-0.00414674137962845
0.0104549388213185
-0.0244075037656403
0.0013453603781179
-0.0301272421777848
-0.0375111062300085
-0.00331607421469297
-0.0941699200389548
-0.0803354066413568
-0.0161350228714907
-0.0100486257145578
-0.0100751727641979
-0.0755610795109668
-0.015501729298316
0.0269755951403131
0.00936655246224086
-0.0206407620051006
0.0125428682956147
-0.0202582792973159
-0.0869229317398671
-0.0255129191577626
-0.0127710173512783
-0.0172684005563858
-0.00281927426303557
0.0314831901233541
0.0196640181646901
-0.0131081523809253
-0.0331196149380773
0.00820643986675404
0.0185332679126712
-0.0148609826706202
-0.0686008605758074
-0.0321639293419593
-0.018909352395699
-0.0509595424570686
-0.0452333858888504
-0.0162796871217262
-0.0117799537598531
-0.0428820123195045
-0.068645056166549
-0.0106784439714575
-0.00110669563433548
-0.0110021171900451
0.000124815271923009
0.0214766276982649
-0.0093887440385254
-0.0419355399767841
-0.00256407306334064
-0.0136800472918888
-0.0198805963283677
-0.0238463601903278
-0.0379005807407264
0.00780023790571143
-0.0281070646394067
-0.0189898663079348
0.0232774744946423
0.0209059695949807
0.0249944626121341
-0.0862751825497045
-0.15509872805805
0.00516575922813794
-0.0296573752736677
-0.0253542703552202
-0.00177281691431277
0.00967790219775955
0.0380987077436249
0.0451395311348774
0.0707209424716232
0.039040771454654
0.00059575576872966
-0.0273893614562848
-0.0387653398787993
-0.0431725408161873
-0.0324207150721482
-0.00974869763030852
0.023811387602963
-0.0466505907765575
-0.0147623878991172
0.0281319216994323
0.00782193887545888
-0.0089059307372636
0.00059437984254794
-0.0235067477041038
-0.0118761794730913
-0.00243953292796284
-0.0514659568344033
-0.000658014704587903
-0.00603399285522549
-0.0228656924157317
-0.0270214193244367
0.00944647800263299
0.0096805437221607
-0.00811375292693647
0.0591709125769836
0.0310889134715512
0.0112579470367736
0.0263940292905411
-0.00110196591260607
-0.0229873993131921
-0.0872721583664483
-0.0378304215011881
0.0014143301163763
-0.00959442920792384
-0.000763019956121736
-0.00485520104219749
0.00147798129822084
-0.000396147098975946
-0.00308129110025153
-0.0595690093771598
-0.0072438334220717
-0.00817341274185185
-0.00166972707171046
0.0314886957029504
-0.0220386242717091
-0.0447970875109877
-0.123694604901347
-0.062903972644528
0.0237613353531384
0.0356071285406672
0.0348075518389469
0.0120867290481673
0.00914972761123275
0.0149830218519335
0.0179086731130226
0.0256577233502827
0.00364027968474959
-0.0387858226793669
0.0140447805008076
0.00573134384544911
0.00358368347376808
0.047730363053973
0.00171485108375023
-0.00303036475481596
-0.0184841525454426
0.0079539884199616
0.025833405558706
0.0187071302786703
-0.0149111108681252
-0.00508193386200472
0.00188099056201197
0.00228864492941551
-0.00549856895081107
-0.0242239811388036
-0.0351282118448311
0.00202362863634479
-0.0247332912813928
-0.0196686091833894
-0.00563132830874235
0.0101568644225835
-0.00142145396655128
0.0153037694301437
-0.00556428174374443
-0.0308145442991853
0.0056786194016161
0.0652063434120993
-0.0136426522425331
-0.0747890359868426
0.00236827458758278
0.00987854162362968
0.0344033879639186
0.0135264201414002
-0.0152339195038589
0.00319676455745166
-0.000152600868838717
0.0191008877732938
-0.02935112154865
-0.0267389041193872
-0.00192596624080978
0.0474742869048343
-0.0310050317817931
0.00683520365417123
0.0257939386152009
0.0951373103851778
-0.0575876694961929
0.0814366192330204
-0.0118484625511297
0.0253938390491239
0.00820696031425525
-0.0486054767425564
-0.0822723570372491
0.0931285730514367
0.104070548658727
0.213320573576246
0.0154261692704271
0.0160785151535203
-0.0378908602422897
-0.000468338758389249
-0.000856847600339539
0.105299801714349
0.0248624872484164
0.00101025282291253
0.0163748589108691
0.0547180746727055
-0.0243351514605048
-0.0264763292493232
-0.0276806637976615
0.00351021454494677
-0.0113869707629933
-0.0486505550972825
-0.0110650017238732
0.00133352093083458
-0.0163850816805102
0.0424908191502643
0.00390975745750098
0.00871128857693602
-0.0136850339322381
-0.0116753575982562
-0.0168654270713772
0.0116762619777014
-0.0340395580753652
-0.110460392043806
-0.0838765988195452
-0.0404267473991639
-0.0393744486057439
-0.0106744800212929
0.00488810314959965
0.0100676245503812
0.0176685561593641
0.000134447763216061
0.0160300470914577
-0.00137900431804424
0.0165199394038951
0.0166241789277936
0.00841528140528406
0.0177682444561543
-0.0131104791930373
-0.00838678282297125
0.0530809181715566
0.0146482376106643
0.0134317674205834
0.0339149101393485
0.0093445750849289
0.00084722948613418
-0.0227305919960643
0.030489528224736
0.00652227155315854
0.00461450730427784
0.0085405146052269
0.0102692936341262
-8.64253797511795e-05
-0.0116805797888036
-0.00894665632082315
-0.00398836879508614
-0.00742710792184433
-0.00499644481043602
0.00457643058497844
-0.00277531442724861
0.00431392882134426
-0.000254623594052664
-0.0301280950430463
-0.0185840884004492
0.0174646041342128
0.0101084874575352
-0.0495689147774328
-0.0761390181497255
-0.0575414651116173
-0.00915340004295895
-0.00951390836489542
0.00215702736573119
0.00386988059149764
-0.0140320904817804
-0.00472923279114696
0.00947625028104116
-0.0303228043139679
-0.0215425368385361
0.0153370134236544
0.0545667545011337
-0.0127181169007887
-0.0184020083485133
-0.0686316750656831
-0.0715772566228813
0.0110314219248008
-0.00528709146229585
-0.015547293993795
-0.00359012660948049
0.0150596221504372
-0.000321867253321164
0.016510991033706
-0.000912446439375547
-0.0134839322916916
-0.0203009879235224
0.00449949242974215
0.00327201320924575
0.00868612063172843
0.00156839991946786
0.0017993572903301
-0.00828394957131594
-6.57806171117485e-05
-0.0473919731236101
-0.00773690384009642
-0.000964787623629814
-0.0495775847133387
0.0124501994735911
-0.034182984519282
-0.0232526618301276
-0.0241537764000797
-0.00393400791268484
-0.0828582052897646
-0.0346168000812141
-0.0540841854959477
-0.0245999570659856
-0.0133804301413448
-0.00555048183154424
-0.00724633414154304
-0.0167857811325423
-0.00264133858423774
-0.0188520307665041
-0.0441053334185979
0.00325974007647708
-0.0130560874417463
0.0195369203963875
0.037433564213699
0.0305880093918369
-0.0118422986865007
0.113831887987099
0.0114993216520943
0.00407403829465426
0.00560468735797313
0.0371478977264744
0.00508450182487295
0.026742712958167
-0.0269266865353921
-0.0126373495023804
-0.0286775145130118
-0.0182062003417156
-0.00262702955418312
-0.00825761159238293
0.0171340529804359
0.0141237836615761
0.00240895947791787
0.018543197067683
0.00504239348487144
0.000175021097944039
-0.00214435640136997
0.00462148828213973
0.00274745716108595
-0.011826278776261
0.0237552179411741
0.0204424566151902
0.00503280463342885
0.00594599708662367
0.0181881593864088
-0.00389425739661666
0.015117420228438
0.00559960816682814
-0.0150522130205995
0.00254535842479028
-0.00141279665937619
-2.51954533216116e-05
-0.0157338262697248
0.00288291634191209
0.00539058936245841
0.00120508212553608
-0.00541850889567314
-0.000222188899319856
0.00676059709246783
0.00459896611195119
-0.00375975112294548
-0.013766317888628
0.0265044196224759
-0.0396199270979738
0.0162299925558373
0.0143047426471511
0.0170261678834665
-0.0241392499176453
-0.0162513954971357
-0.00184296701929838
-0.00224733972245261
0.00805973565232365
0.00468761924130117
-0.00262656432032915
0.000548100221129014
-0.0910007343816937
-0.0272930408735426
-0.0293111640095622
-0.0249432462849042
0.0126933920227503
-0.00354589930686391
0.0195406929493359
-0.0105684043720794
-0.0101180765033359
-0.0288212775879932
0.0150750852333325
-0.0360726940617257
0.0799495658087119
0.0566673034283448
0.00322428827578469
0.0256790568972663
0.0215501996681968
-0.00145367006535312
0.000893947180773045
-0.00396780036894432
-0.0063959293267016
-0.0146687978231306
-0.00185585100546936
-0.00163386964357285
-0.072753776221323
-0.0220717546504448
-0.00658488990209127
-0.00128180325617408
-0.0268079277999252
-0.0413102237352806
-0.00734348719172692
0.0213474875895623
0.0126027358046097
0.0182242124186193
0.0157094652032269
-0.00848812962327238
-0.00433082498479438
-0.0286662893544205
0.0307575229454044
0.0158610106029251
0.0320021779993076
0.00791826869712322
-0.00606420562986331
-0.0044335738051736
-0.0652396455992414
-0.0975286624571402
-0.0522506350324598
0.0289405166832154
-0.00676420782104798
0.0068397930548761
-0.025140602590641
-0.0180546229585822
0.0415660994322824
0.0106445053445093
-0.00646201802250652
0.0208878554993357
0.0309214281373327
0.0310084179243381
0.00645373076975481
-0.00993490081970381
0.0288460813663554
0.0665596548954454
0.00250291813492988
0.019707623233975
-0.0623333947590039
-0.0394443841023771
0.0366488322698376
-0.00018221149308795
0.00237536664846218
-0.00389212879023925
0.00471063047678807
-0.00589677735063892
0.0323414608365336
0.0146232743707316
-0.00736760576907813
-0.0174866970294694
-0.0311304045623154
-0.0123537388375571
-0.00248493537541824
0.0189431142539967
-0.0367074431672609
0.00159017417057539
-0.0273508109853634
-0.00423943276748898
0.00401093214547393
-0.0186158579078316
0.012089799113143
-0.0194100587633008
-0.0153542050038278
-0.00157198239703058
0.0127553356694387
0.0053054874991793
-0.000476009297167269
-0.001554678660469
0.0135535384614104
-0.0120024136669017
-0.041429954476232
0.0080105931662099
0.0213481580468518
-0.0104384413410495
-0.00302795258150068
-0.0134227768789561
-0.00309553079825099
-0.00737967082509874
0.00332069827613772
-0.0173500253403587
-0.0111338365232486
-0.00834103918567199
-0.00937199075944208
-0.0046444389265772
-0.00380824436971807
0.0433042042895734
-0.0243638776799852
-0.00981627145361252
-0.0147277878881349
-0.0128896412310545
-0.0012395819932905
-0.00171515547100026
-0.00934070186555948
0.00803211231436973
0.00320427743202819
-0.00125016826873778
0.00610264811794064
-0.0130218219779715
0.0116136187485237
0.00132714488304653
0.0206594953076356
-0.00436683108930928
0.00716391671330084
0.0039176180351756
0.00582295245367509
-0.0133098771729311
-0.00519921952093629
0.000335595548585259
0.00754541099932757
0.0157261674044144
-0.0164392590625781
-0.00728593111545452
-0.0077178874978885
-0.0125527592402227
-0.00166121909622149
-0.00358959300220449
-0.0418275294724802
-0.0265573174566571
-0.0105279037297008
-0.0296031479530762
-0.00155551090879737
-0.000563239957431476
0.015846375609312
0.00346405573327333
-0.0156416302699029
-0.00228642570894283
-0.000218480595182421
0.000646175752192862
-0.0217638963540947
-0.00581060970121843
-0.0139259146176609
-0.00307668881079738
0.00274865747783485
0.0162462227541874
0.0126633901863205
0.0139968981047131
0.0288988688314896
0.0383732795212083
0.00483955547737381
-0.00399098902141719
0.00763446691965836
0.00464034136979613
0.00241674627327988
-0.00260950937769048
-0.00147275862154815
0.01103255347234
0.00295492333607196
-0.00139612798539469
-0.0094505229265547
-0.00537126828858432
-0.00145961286785835
0.0210679805757018
0.01037395562735
-0.00316041921373096
-0.0332743104217508
-0.0314618725340615
0.00170038247887213
-0.00158478424689317
-0.00338055096084631
0.00603915718133215
0.00294695146386512
-0.00372574724966102
-0.00749507080618981
-0.0209189461212087
-0.017647998956298
-0.0116280861567497
-0.00528933859346598
-0.00601790480577706
-0.00951750369159124
-0.00156773035669615
-0.0100246426394787
-0.0160256027110544
-0.0373478078343791
-0.0245036306922119
-0.00470426869775984
0.00200505659617038
-0.000147496205233886
0.00537267219777703
0.00808638223045423
-0.00585835543587146
-0.00296836945044141
0.00464548497973103
-0.0215887882421005
0.00855215678885216
-0.0194151269253934
-0.0183637564629178
-0.0323398994382706
-0.0295060504456648
0.00500473181115216
-0.0179703090813949
0.0022621436742268
-0.0111706596613267
-0.00913921909206018
-0.0198622025821317
-0.0140972460520929
-0.028949046534347
0.0020703766295089
-0.00231182209379037
0.00905818195448195
0.00166176391804766
0.0244731963660612
0.0238347914941014
-0.00659186615281381
0.00376457603092239
0.00102082359665284
-2.26846192842161e-05
0.00111538798222065
0.00682707431491487
-0.000981922623535511
-0.00223463280787933
0.0158385091214679
0.00197224719536294
-0.00737413027139948
0.000258607786657823
0.00333943981201175
-0.0026619791196139
0.00281468134597427
0.0378020364590501
0.0540101666220379
-0.00412148572463539
-0.00184187589027647
-0.000965064359533681
-0.000245580974504677
0.00235931355325125
0.00652223379006416
0.00337247700994024
0.00952039219075429
0.00411149719872721
9.88928765101021e-05
-0.00470517207056439
-0.00344933238039058
-0.00506631289247818
-0.00373537353686604
-0.00531401280145603
-0.00590057001487936
0.0110519580263391
-0.0123640465547148
-0.00310525882784341
-0.000475706535910413
-0.000276216566864241
0.00375448957282268
0.00663236999123067
0.00114363992058457
-0.00715945721578354
0.000223217376964581
-0.00498353602180613
-0.00498018303460548
-0.00132984577102567
0.00185687373540963
-9.95187632318857e-05
-0.000481552082772425
-0.000160764369432703
-0.000183818365569339
0.000723160412432017
0.00186672300739281
-0.00333538303570062
-0.0163029170301282
0.00235413780825074
0.000735143904787214
0.00221092581418147
0.0172448608216842
0.00429771059164415
-0.000365814489433556
0.00233133885207958
-0.00643064386758091
-0.00475623531580422
0.00220344384044572
-0.00423278765742819
0.00489004293480959
0.00873150072272614
0.0119580671391587
0.00818568623615141
0.00464023324250623
0.000801084574326049
-0.00409306945381809
0.0051851106127544
0.00395919084135909
8.42837837715989e-06
-0.00282808682372966
-0.00350269141526935
0.00323807245765077
0.00144196996372248
0.000799513978338389
-0.00192321683356343
0.0029684535370314
-0.000810226873621579
-0.00174225014685075
0.00405910948599878
0.00332851096915476
0.000160183919892852
-0.000696670429404166
0.000761581434733614
-0.00765870872260215
-0.00425331433545073
-0.00210880830685511
-0.00833747146417227
-0.000189952554500444
-0.00402101902112915
-0.00686241522607886
-0.00104699478109907
-0.00926620752203449
-0.0156220568593073
3.14254162335583e-05
-0.00433852689699546
0.00775699760185021
-0.00249265341842332
-0.00257948913101944
0.00261814471540979
0.00528563088664432
0.0128699784897745
0.00304578455830612
-0.00108778013202696
-0.000478611121831098
0.00533912200916528
-0.0025488634562742
0.00172058963195681
-0.000792366547887573
-0.00271180547557494
0.000460411476077739
0.00779780839065189
-0.00654694922348671
-0.00646319120035782
-0.0191706030494827
-0.0293342778865323
-0.0300764991930878
-0.00621930829465955
-0.00128060776271646
-0.000650754464969832
-0.00119397918606456
-0.00474791220436039
-0.00949703875174528
-0.00765631674734109
0.000505618509783172
-0.00345984805878504
0.00239019217052673
0.00488587160685455
0.00475678823870341
-0.00436498451377716
-0.00620321983511963
-0.00114915995632215
0.00105257380496439
0.000302938319996407
-0.000233739153118226
0.00372002714466233
0.0100649569966755
0.00139395564748184
-0.00371002279778629
0.00901790491107185
-0.00369391024505342
-0.0147784856485661
0.00246674100167827
0.00105966959987054
0.00313034200433039
0.00306471531978033
0.00128734083841885
-0.0145524828824422
-0.00453100160386932
-0.00768539615048299
0.00016890849383859
-0.00227808783393416
-0.00081154774275374
-0.00957147948632936
0.00957670670863763
0.0166463219690726
0.00160629472077016
0.0029450375274834
-0.00454198492437189
-0.0088318655531543
-0.0133629055773721
-0.00441977929505711
-0.00197376198771138
-0.00553016033373666
-0.00688834689928063
-0.00647067823259783
-0.00203838191246867
-0.00232353745338377
-0.00189594384976707
-0.00232956967044678
-0.00442128626901918
0.00292857501498447
0.00510293536121945
0.00493771625942307
0.00281591735399633
0.000448340287423616
0.000742168853978498
-0.00526930500284524
-0.00456499195218476
-0.0171704620900146
-0.000774045709674414
0.0078468268676455
0.00177560400910158
-0.00835358223074418
0.00559540746799279
-0.00409509382636482
-0.00269184446958473
-0.00221094656511257
0.00442770977877011
0.00781691939525979
0.00268451763492814
0.00104285462901333
-0.000115948001707945
-0.0025880408992732
-0.00136688965055066
-2.68759498367406e-05
0.000966507411230805
0.00218591357021021
0.000472613787943156
-0.00104786535140104
-0.000861273258672961
0.00231121359728975
0.00258651203937619
0.00405817991946104
-0.00241056162528684
-0.00703774822999669
-0.00849180169287734
-0.00304880184666231
-0.00110319043058214
-0.000955186296868556
-0.00262844797065074
-0.00038765837357672
-0.00218210443371366
-0.000108901379905093
0.00395796891532071
0.00575278531379317
0.00140323970134864
-0.00513617737324731
-0.00356724155936144
-0.00459305763799576
-0.00229070312184565
-0.00380105129210267
-0.00432344413456421
-0.000820720231816553
0.000454255400765458
0.00189711935393021
-0.000927570978222744
-0.0016170957655763
-0.00284803437112176
-0.00261585291603961
-0.00592100013853378
-0.00556591814380799
-0.00463135843699601
-0.00151013666891457
-0.00192621416810548
-0.00212052969793643
-0.00201073657655631
-0.0021609319977084
-0.000777766590645827
-0.00116792706905621
-0.00189343901208708
-0.00176362976207772
-0.0016059819409329
-0.00139594613473035
-0.000769076837141623
-7.07679147820712e-05
6.71212519682316e-05
-0.000381620241976538
-0.000568974881529303
-0.00137609408927718
-0.00150990415858153
