-0.981637288224966
-0.969425454872318
-0.937601863300864
-0.893946169491306
-0.839489578549211
-0.736159237853595
-0.691860421269204
-0.593778264553139
-0.37508711165794
-0.2705678476792
-0.207743097771197
-0.208386724430273
-0.179421784599002
-0.133233639055215
-0.109864159918318
-0.190489734788694
-0.208259501393129
-0.212220811703276
-0.232674060086564
-0.24619558654782
-0.276816250549547
-0.383372659935773
-0.361658250307273
-0.323689356411971
-0.260423476307472
-0.216880538914557
-0.0957707630089183
-0.0394384264528292
-0.0903118011346008
-0.0918198232294387
-0.115880441237728
-0.0986297109956818
-0.11988849502654
-0.0975969853152386
-0.0578010299526931
-0.02508739228321
-0.00240165645294196
-0.0446474997939711
-0.0421906569037526
-0.0282317631495464
-0.0957707133794784
-0.0959561055467022
-0.109419426129436
-0.101037528787166
-0.162177450878265
-0.23475401273782
-0.304043604399367
-0.303800851873911
-0.20351724291485
-0.0367928310736025
0.0309484168612622
0.0652385958050783
0.0797086634457821
0.0557804888466189
0.00656813714938112
-0.0868005672192322
-0.0125489516073504
-0.0891382539436283
-0.116035835805698
0.0355205126919285
0.00715075021363238
-0.0401817040872943
-0.0444085822401124
-0.0659564987765268
-0.102883710457235
-0.0678869505284351
-0.00526202472281033
-0.0234855026401831
0.0396303312340455
0.00724967091632583
-0.000775688169683911
0.00281172979443708
-0.0103426473009691
-0.000981736229776726
-0.00837484717964065
-0.0430211107525575
-0.0321752498219264
0.00575906695811516
0.0218110636238198
-0.00278447748472405
-0.0186889660589303
-0.000706588574833904
-0.0411183779988318
-0.0149599347907494
0.0031159282423869
-0.000116397762440512
0.00608401285571959
0.0284297936720916
0.0240497180662809
0.0427298622913304
0.0246162565216883
0.00128353453630218
-0.00103318972322179
-0.000452728953962628
-0.00270515872052798
0.0048461235739711
-0.00171036356508166
-0.0143917702675729
-0.00405279945556941
-0.00778225672331282
-0.0235521774073429
-0.0217629189105405
-0.0193236890535083
-0.0204288005146452
-0.00378383890623357
-0.0564881654721323
-0.0196683190034234
0.014698866230198
-0.00927653392092903
-0.00354037770870035
0.00560248757757121
-0.00274357028596545
-0.0365551607681828
-0.00445788506245589
-0.00807955209338091
0.00696169595082937
-0.0122821707530873
-0.0601606340388582
-0.0189564095478071
-0.133746536979251
-0.0401663082774315
-0.0295579584976382
-0.036434490206062
-0.016260465768655
0.00233488605593102
-0.0165820901522811
0.000998741587511093
-0.0104942533399995
-0.00280525338584954
-0.0161551666801066
0.0182317824923703
0.0209378358352683
0.0208485261183607
-0.00264127837221707
-0.0523510881668795
-0.0861170940283839
-0.0312329399697867
0.00254446933387441
0.023666575106389
-0.00430683635544691
0.00184142152281561
0.00581732543839886
-0.00496930165861344
-0.0082277407117934
0.00238891132458627
-0.00979069475745413
-0.0188128530241758
-0.0304848671806903
-0.0256304693162428
-0.0207210490845444
-0.00628373827054815
0.000603956036141249
0.0112252579838504
0.0582622982528779
-0.0113623440302733
0.0215078278112869
-0.00908190175769106
-0.0267750767394771
-0.0585435025387632
-0.0301154962719649
0.00639959808144658
-0.00940302267143022
-0.0308284564522253
-0.0687389051749452
-0.0102751188524433
0.065813235986125
-0.00180495742926902
-0.0222682939870247
-0.0355185855160404
-0.0684098363428452
-0.00792616188691131
-0.00888902706193403
-0.00708775963369833
0.0264187447813612
0.0140154003673259
-0.00927487374461166
-0.0417854204209879
0.00210994749092695
-0.0286541004402874
-0.00821661540978837
-0.00148142111905313
0.0186642586020348
0.0139985897317938
-0.00926656122080129
0.0180352107295437
0.0310263117359637
0.0548028456479909
0.00160936593517872
-0.00164250880131969
-0.00151703720172038
0.0117939006050369
-0.0106586836049455
-0.00977020296550339
-0.0592282473109767
-0.0140160443269871
0.0200744504762853
0.00728118946605362
0.0215613060225703
0.00307109219046762
-0.00459246701518924
0.000807217327741132
-0.0116873916669783
-0.0379504543925108
-0.0307748750551295
-0.0319301863676067
-0.025763778057957
-0.00558012220491684
0.0132374200962247
-0.0139538797248679
0.00769250814032699
0.0208655987410591
0.0155505032067887
0.0117203420149296
0.00563130824470519
-0.00238459978872731
0.00307872409002339
0.00165669243832978
-0.00859581814921357
-0.0090438038051388
-0.027846170996056
0.00728871474171327
-0.00649786713852102
-0.00022140904651
-0.00154117919631294
-0.00894450546611226
0.0101736641272319
0.00468340133535934
-0.0272083064708857
-0.0171616121801924
0.00995017257310231
-0.00109330857608806
-0.00236233083010569
0.00550910655786529
0.0192577893133342
-0.00227585430607258
0.000891522331261697
0.00230258770700792
0.00350107556894463
0.000615491688323829
0.0217524015903963
0.020711246567568
-0.00210534204136587
0.0187092958523718
-0.0124403374080664
0.00810820449658253
0.0335809990508538
0.0350704778178061
0.0273304752962455
0.0566732379356591
-0.020346665650543
-0.0278458955152131
-0.00825724410430978
-0.000332039944437559
-0.00294026157075487
-0.0054097432080416
-0.0144453195920762
-0.00499493521397998
0.00941707365181218
-0.00486892167476534
0.0264358993929845
-0.027376417152853
0.0121481468870406
-0.0158114954643738
-0.00902869074584978
0.00486949325519451
0.00445192975218524
0.00337915910095136
0.0321983804045354
0.00831478707087087
-0.0501386513707056
0.00547538253750346
-0.00838674388139014
0.0332205441384374
-0.00193674023731174
0.00655640057709796
-0.00706048625144814
-0.00173703445474485
0.0145009332430683
-0.0110004797925208
-0.0357197730244474
0.00327154160139752
-0.0125298734836987
0.00628724352349781
0.0365193392611972
0.0059808364497692
0.0038926036483251
0.0039884998378901
-0.0189903638325299
0.00663426151821298
-0.0153775279840691
0.00181396316313813
0.0336915857823849
0.0191145069017604
-0.0359905456568312
0.0150259054229912
0.0368811742564106
-0.0197155040963399
-0.00518135397820158
-0.0276045195515245
-0.0410774569853585
-0.0289160543464062
-0.000587149217977888
0.0338933747899126
0.0249056844196527
0.0126381245271254
0.00772237959761413
-0.02076818788733
-0.0240988557113619
-0.0119125436353526
0.0078093055499314
-0.0181006982600994
0.0063269455874919
0.00290229039615233
-0.000651267836049962
0.00534827867099746
0.00274128072882236
-0.0116354103153238
-0.00123056258374504
0.0451036712885298
0.0610599760444641
-0.0702375727281127
-0.140919220585833
-0.0270928310419592
-0.0310788379724299
-0.0272504306331811
0.0092607301019332
-0.0054829320021221
0.0167862971892446
0.0553529291135082
-0.0178354245741366
0.026177082837317
-0.0378095128862074
0.00382159129525058
0.00544111869260925
-0.0130595412612877
-0.0559047582815624
-0.0598978052124978
0.040318371001447
0.00488760975367851
0.00539285604699809
0.00926198166481411
0.000913408314662016
0.0311473890558464
-0.000649130943459824
0.0174690769998837
-0.0076748662660257
-0.0431796472342578
0.00225707963225308
0.00336792288707886
0.000870945560377641
-0.0221179206113693
-0.0215846421933212
-0.0177524824411099
-0.0412422715091447
-0.00396606465628845
0.000189767035104524
0.0142731361532022
-0.0449614605421506
-0.00891708926868932
-0.0181221288280238
-0.0369132085184482
-0.0515851479560729
-0.039246439641856
0.00465241269287643
-0.0451647419056262
0.00934882499587204
-0.0437378646357488
-0.0114137978770933
-0.0122430452625111
0.0101104880635594
-0.00873660652673912
0.000291056367767664
-0.000514559820570531
-0.0531701413805581
-0.0605902296736041
-0.0711383208671228
-0.012034993459165
0.0547462639713073
0.038478535590624
0.0136012817662179
0.00693526565879423
-0.015557175273563
-0.0211231833612938
0.0174851237866646
-0.0315418240791597
-0.0065360091008765
-0.0439102728601502
-0.0638251722673392
-0.0863993414628871
-0.111596383463499
-0.00195381963707377
0.0248242820591726
-0.0269046544809322
0.0132091168254905
-0.0178719747770732
0.00757035861003202
-0.0143278520205216
0.00919473202969399
-0.0147495067158529
-0.00883280504530815
-0.00143550720647245
0.0063477006033611
0.01059822561306
0.0178976074336731
-0.0357467881296747
-0.000269509903302455
-0.00261925080721222
0.00899542435039972
-0.00367668275534019
-0.0107305775187472
0.00418267686344789
0.0114425823525894
-0.00764270214945642
0.000284524007605302
-0.0257426887261757
-0.0658768577490988
0.0235981602529963
0.0343108629693612
0.0817781223009518
0.0623641676282866
0.00283110803600669
-0.0311171840300094
0.00765161318971044
0.0152386837724191
0.0304064695354958
0.0328409164040805
0.0190460950116574
0.0125018321466344
0.0375700621035228
0.000982182104475721
0.00727652769301695
-0.000634909010739306
0.0254081239099773
0.0307444342519351
0.0539525079468048
0.0329544948788404
0.0162949510378885
0.00176470820965818
-0.00715450785470134
-0.0366515649128136
0.0719042886742389
-0.00290190956156425
0.00807918889880531
-0.00876928352617647
-0.0180165907927009
-0.0134618740198975
-0.0231530670046638
0.0214821364460553
0.0159131129196984
0.0202751211636689
0.000978764082426101
-0.000563667063445739
0.00432906233936953
-0.0120935415832712
0.00327566200544526
0.00541745705837616
-0.000906945416966443
-0.00112269889336923
-0.000232579789210408
-0.00126861224547772
-0.0037069387918654
0.0224244251008512
-0.000240302210340089
-0.00405059321297853
0.00959373269790887
0.0133977444449619
0.0265814545269475
-0.031862245135197
-0.00204156320178186
-0.00544279037452951
-0.00987359332794035
0.0329607158922208
-0.00706923031332443
0.00608137940852101
0.00176766615382934
-0.016950446034668
-0.028264309705247
-0.00801169903256405
0.0104511758866684
0.00262892212403395
-0.0125527903471165
0.0195776875937423
0.0119409509953486
-0.0040699631033612
0.000940616784999232
-0.0211938768189077
-0.0124510237898981
-0.00114969878197244
-0.000755292815608832
-0.0055944902743281
-0.0337494624513444
-0.00407166750632672
0.0708031614989663
-0.000630534619463143
-0.00966406049949689
0.0291475414759667
0.00461524996764166
0.00576477771851679
-0.00760187761955585
-0.00110167168808351
-0.0226037433087935
-0.0346769781671554
-0.000651143416167683
0.0118823698034179
-0.00251287024465988
0.00566305466049494
-0.00222322565825092
-0.00844335159614197
0.0524186288246969
0.0198905199992474
-0.00286222310875544
0.000788590347592506
-0.00699210762702804
0.000346683288891695
-0.00952699351698355
-0.00679702523565263
-0.00528771870767982
-0.000181322608543806
-0.000951237607977365
-0.00203673280873283
0.0434067408482473
0.00142978917286218
-5.73366186964023e-05
-0.005572789054672
0.00639178189287263
0.00580183031123216
0.00540156156441543
-0.00153963851314797
0.00389275094698645
-0.00423704243390404
0.0125043112660584
-0.0156881799269813
0.0062795100114786
0.0108762668797873
-0.0204067218883796
0.00201677521666853
0.0199912696669779
-0.0846141754379996
-0.0380093622256437
0.0320417224383611
0.0279943356478965
0.0163664141050144
0.00863980497539252
-0.003227340771176
-0.017161604540909
0.0160119025296522
-0.0135175123080781
0.00105617712705867
-0.0172339503296426
-0.00175873816411941
0.000332356912746681
-0.0241801166022205
-0.00199566787538828
-0.00616527356206426
-0.0109060040210308
-0.000445408349394463
-0.00255036824664984
0.00194274151214814
0.000209095758667809
-0.00209452371757766
0.00387503192166481
0.0102150166795069
0.00936261162971754
0.00350049389206681
0.0198806642523243
0.0237934846899197
-0.000665493183285883
-0.0104318760808049
-0.0198735895125869
-0.0170462844969847
-0.00659901350340327
0.012250206828816
-0.000185946221967639
0.00427220445389696
0.00302695696843991
-0.0115953215583315
-6.80037262049656e-05
-0.00809335058493554
-0.0231225475389479
-0.0332625574292141
0.002535080928098
-0.00340792481234303
-0.000276123443030265
0.00787692963407192
0.00684403884373203
0.000951121719423554
0.00099168923032525
0.00244796846302197
0.0142293208800166
0.0643202851993332
0.01804443485796
-0.0116350747271838
-0.0171379468135686
-0.0123961132727055
0.0075080600302916
0.00190044393109721
-0.00122662246252729
0.0120373560919859
0.0057972180881324
-0.00939467110679054
0.000881743278977411
-0.00096817973021455
0.0149509660913614
0.00899256041159883
-0.00118708417109174
-0.00238596949565658
0.0011325500373334
0.0084059743057235
0.00287229356158331
-0.01064767178621
-0.00205998729542175
-0.0219921281892877
-0.0111396541159932
0.0171555481548885
0.0236714915285956
-0.00600537724935361
-0.0475547846316418
-0.014130956783532
-0.0252521266384824
-0.00657711076208824
-0.0463715757699588
-0.0222416358870403
-0.000106156845748093
0.0239363136388294
5.89547327442264e-05
-0.00500033988942634
-0.0099870313953228
-0.0274961369659123
0.0149196739189424
-0.00452163609295809
0.0012498789435767
-0.00478245923127133
0.00843563758929229
0.00748285128850915
0.0220595375211169
0.00391118235824138
0.00430179077025044
0.0188394113985491
0.00944414633366929
-0.0324877848763435
-0.0248519791760406
0.00413879487604915
0.00283650451459085
0.00671421644413506
-0.0154452061471345
0.0066895455080238
0.00111097028748912
-0.00152158445265509
-0.00878732813180497
-0.0032695432101671
0.000847070866466384
0.00521224369417579
0.0133882576306432
-0.00672347866144042
-0.00302794555777616
4.06740780195196e-05
0.00245686875763417
-0.0212632557546931
-0.0338524356861825
-0.011136434435686
-0.0206992658579368
-0.0129649951091557
-0.0225225535740324
-0.0284531532337084
-0.0126546599152274
-0.000646423566004653
0.00362948666936463
0.00122573594086616
0.0084654493727807
0.0348499074900464
0.0160208665754767
0.00422010275474221
0.0238012028144224
0.00904117112331953
-0.00294340825973438
-0.00151739467913359
-0.00697355496669318
0.00514143154398015
0.00768137871893832
0.00350078546433018
0.025759598309266
0.0262360785215464
-0.00529117736489031
-0.0155555690784284
-0.00179719519663094
-0.034277042053984
-0.0106750002648678
-0.0201922591635398
-0.00414900451844354
-0.01510478189209
-0.00100328342007425
-0.0140193416105705
-0.0305410490920434
-0.0376433597468323
0.00434080654242769
0.00314095861567526
0.00210927622138567
0.00841509386360082
-0.00034720392852853
0.000944007106216459
0.00949750334718558
0.00252339072465422
-0.00649115132737483
-0.00130366738799659
0.00165935157894905
0.00563197705468458
-0.00303871955945689
-0.00129849408845878
-0.00636228940480513
-0.000984274660157719
0.00470325172957319
-0.00109590971818738
-0.0135687908895668
-0.0197940037551941
-0.0138158916037918
-0.00334220877940462
-0.0119976380019689
0.0120250305143024
0.0126407953163358
-0.0161918536395368
-0.0149372560484687
-0.00472301826148645
-0.00191467379198121
0.00472424792324368
-9.3361921650408e-06
-0.000541970992477048
-0.0130584243623746
0.00517618836544945
-0.000666867465260417
0.00280201972719502
-0.000313364471551459
0.00171510485663749
0.00541691611213889
0.00247901343645955
0.00252745609815977
0.00553440703024773
-0.00246402469805175
0.010810964627183
-0.00864291036979318
-0.00487946181917551
-0.00233432215901763
-0.00256815019931879
0.001571291259231
0.000812993977564383
0.0142897612504332
0.0183430842729276
0.00158406743999807
-0.0042817501017684
-0.0257503199322629
-0.00628670319972871
-0.000675848257392562
-0.00696557103035608
0.0224163626242134
0.0263206994337536
0.0238872640697689
0.00621794290463762
0.00032391885807065
0.000113868192837412
0.0195159800317464
0.00909165120313073
0.00347228162039824
-0.000792736509884085
-0.00442373486858999
-0.00211791693258507
-0.000468379153693118
-0.00742807666802901
-0.0117680396275751
0.00754421183276982
0.0196865313031137
0.00544191167108941
0.00122759092230672
0.000149198886475171
-0.000138625241402105
-0.000472801181433201
-0.014833771531585
-0.00933954483638101
-0.00287816279000994
0.0055929038359721
-4.69384937031043e-05
-0.0185207106678759
-0.00428032205326218
-0.0056385948113899
-0.0104769697253654
-0.0128605112194541
-0.0201682470400225
0.000730809736304876
-0.00763642466614659
0.00379910988815442
0.00396518732098334
-0.00128666231207092
-8.95923976781724e-05
-0.00149329358466504
-0.000792974368441486
0.00445512082776091
-0.0120681421223095
0.0104700060395633
-0.00307561183905412
0.000710675987826918
-0.00431346216640752
-0.00404089876994628
-0.00419855995676832
0.00444081233408329
-0.00233091395949302
-0.00390053432551813
0.00224909773758443
0.0054353361242926
-0.0114311203870593
-0.00602418948694499
-0.00782209711004532
0.00526848328358598
0.00392893894995436
0.00029648763443245
7.63889313752533e-05
-6.27950554258932e-05
0.00244355236653396
-0.00569015455963562
0.0021185952770893
0.00594641062806815
-0.0124564122403096
-0.016028770951952
-0.0256551844954916
0.00948560858869703
0.000861950757494419
0.000298824975831936
-0.00737208085438823
-0.00621231299709494
-0.0012998890011857
-0.00197733978838019
-0.000484986393085504
-7.27828443186896e-05
-0.0011762065835773
-0.00544465236742867
0.0015259989612491
0.0111661310738591
0.00180702660157459
-0.000626854890029381
0.00842160517980074
0.00358010124433631
-0.00205421694366232
-0.000335548303783256
-0.00110512781965777
-0.00078637219913964
0.00175903659753423
0.000727965769622992
-0.000446555676791057
0.00183378250488457
0.00307503136669138
0.00398131552482039
0.00156887328984576
0.00448153726505901
-0.0161164958443687
-0.00116978564189572
0.00193153666901882
-0.00118351874873771
-0.00162280111471692
-0.0004339269680632
0.00187179300101156
0.00706277799417191
-0.00264637218701315
-0.000397211698418421
9.380831742365e-06
-0.000561052658353915
-0.00258417086326701
0.00140656535003108
0.000364720322144677
-0.00175210929736587
-0.00054432502573076
0.00822132540978883
0.00174854019125936
0.000147096024982426
-0.01099642824467
-0.0055966454924896
0.00128959227848623
0.000747801303205634
0.000233191395501038
0.00287213615841884
-0.00060537237515818
-0.00104424180649319
-8.05692747861877e-05
0.00065430649599681
-0.000288212147520605
0.000750247773545162
0.000495828639228449
-0.0024539251120985
-0.0167295130069033
-0.00558500445397054
-0.00866478856875046
-0.00111660436278134
0.00242874486632892
0.00129854735368094
0.00187862439995302
-0.00334144807332819
-0.0031164973223374
-0.00403119266737332
-0.00777331665671802
-0.00387167461849384
-0.00636212244767554
-0.0046041662139
-0.00580016222217002
0.00027267690669453
-0.000577073000179449
0.00101352087422462
-0.00145882201532526
-0.00242844732495401
-0.00206415380350989
-0.00371396447824646
-0.00133970515380693
0.00220700506896298
-0.0029297396212987
0.00203662708725573
0.000749620593476588
0.000375929996096183
0.00118298323767036
-0.00030510652922546
-0.00116304550085908
-0.00144233898426138
-0.000305033340770868
0.00226337840256449
-0.00427713085248227
-0.00111229419962655
0.000612205868248236
-0.00297196159481343
-0.00149675355817745
-0.00225279939081462
-0.0111157264874726
-0.0106778438626907
-0.006986784886996
-0.000789595890010917
0.00355301907389992
0.00268453859691637
0.00170936367604576
0.000281905957321259
-0.000102806167102967
0.00264037938220192
-1.09559294198304e-05
-4.88851685512702e-05
0.00109123597093707
-0.000155026549133004
-0.00467705876179469
-0.000566090598834512
0.00142521300180268
0.00105789107858557
0.00172654697087336
0.00534840093577113
0.000476025207249623
0.00038415168308267
-0.00359719488536483
-0.00257341102042194
-0.00123979299975407
0.000645329529655206
5.73107018072491e-05
-5.88296171866164e-05
-0.00270119649156195
-0.00110707866709567
-0.000238177395195638
-0.000507957967428927
-0.00180048775497481
-0.0021896275544726
0.00112155329183331
0.00113813904620221
0.00111160960756504
0.000159630849096771
-0.000790046756510825
-0.000431441735048042
-0.00155041966085074
-0.0048993502271086
-0.00375191423011349
-0.000512988222363226
-9.55262231292124e-05
0.000607263015596659
-0.000303895194279084
-0.000225637893705427
-0.0012317921778185
0.000149621222750782
-0.0012685854352455
-0.000733319395969899
-0.000798468657105073
0.000356179334172229
-0.00253496485635106
0.00200618184271042
0.000775709849893492
-0.0067386713555633
-0.00120561193165051
-0.00143072035493359
-0.00204726131894073
-0.00315101054283124
-0.00348888735783228
-0.00296823399530111
-0.00280715888796859
-0.00149963954685389
-0.00238813403224615
-0.00480910942971324
-0.0013153022616311
-0.00102759666268878
-0.00495478981082392
-0.00424765351550501
-0.00207129987368181
-0.000430181757203945
-0.00107184770656032
-0.000432495013261863
-0.000229292600418025
0.000137407333489258
0.00139428292808768
-0.000508154975081384
1.94404778716058e-05
0.00036951903019511
0.000643565659497548
0.000418877378783016
-5.57065217630751e-05
2.04150649858838e-05
-4.09179171714117e-05
-0.000285025951191622
-0.000498378925815368
-0.000509892596466143
-0.000151348350954708
-0.00100803603316442
-0.00109497672970996
-0.000417958869620747
-0.0005650885994151
-0.000605885506871691
-0.000556168973470642
-0.000736369656263793
-0.000475920911620478
-0.000393438526674033
-6.66250465739428e-05
5.71742397108563e-05
2.05162498770656e-05
-0.00025105074117997
-0.000482321192054236
-0.000585730672585948
-0.000793525025730232
-0.000611304883111527
-0.000726079923724157
-0.000907194118227114
