-0.953776379326842
-0.930047874990522
-0.437373179761423
-0.494122868640437
-0.186333948278544
-0.134259731839474
-0.161216333785175
-0.0109628529071094
-0.19941483364581
-0.1479779796028
-0.207267166212977
-0.0989982883812843
-0.0257862182935833
0.0263405879456799
-0.148390352009883
-0.0663985455961301
-0.0835197798604895
-0.026168105039586
-0.0384760047946994
-0.0166597762569076
-0.00854504298295539
0.00458837410632814
-0.00247280904469126
-0.0857960122864001
-0.0232054328474058
0.093196221540748
-0.00654094611096424
-0.016533541552904
-0.00886595775456714
-0.021048641096055
-0.0369632474336445
0.00525380932690617
-0.0161854930464985
-0.0574299477673843
-0.0375361402278665
-0.00839111856553484
-0.00420597495664108
-0.00696099071771265
-0.00551542590091727
-0.0131979251068964
0.00995893577735703
0.0104959913416884
0.0253427352910426
-0.00340090447951934
0.0200892708806862
-0.051427633958884
-0.0311790503152721
-0.0209166628779599
-0.021873020266252
0.000835032341681366
-0.0253804452926278
-0.0413362569624457
0.00530486089724198
-0.0157451694919915
-0.00873834097280769
0.0132716512445338
-0.00796032253299134
0.00161847480834259
0.00111815413421587
0.00656666091621632
-0.00467129067015745
-0.0187661663955125
-0.00360929056723297
-0.00529382600244236
0.0190276766506347
0.0270998205172444
-0.0283511877256055
-0.00650167855075307
0.0164652399305497
0.02716689520151
-0.0012360930259052
0.0222739292915479
-0.023652322561097
-0.00282821509894791
-0.0301078956317395
-0.00387652541572568
-0.00165870780967932
-0.000826136096448565
-0.00268383914576215
-0.018160840357374
-0.0361625226214065
-0.00301549966888159
0.00430466882273161
0.00447361711701306
-0.000178842615524916
-0.0211189253056986
0.00313144505026827
-0.0123334327086981
0.00393316357873289
0.000523800447807216
0.00483074787388247
0.00982872095764401
0.00434234366624911
0.00396643462188798
0.00698014592321424
-0.0129415385862033
0.0098128429856624
0.0234013064621924
-0.00021559589623521
-0.001556979060804
-0.0134822111363048
-0.00122352066758144
-0.00030220698846597
0.0100634665020862
0.000161320821192698
0.0116687950628742
0.00127279726874955
0.00239862272984021
0.00531394072928303
0.00609409134756153
0.00662103600197547
-0.00446308630253769
-0.0103150658397525
0.00918720886894035
-0.000103069568546936
0.0082282957460801
0.000617591740568801
-0.00196174102866441
3.2459730101124e-05
-0.00036443057957731
-0.000959851805259292
-0.0114331902236335
0.00618049546390953
0.00198875744576659
0.00707387862089956
-0.00139712012614352
-0.00346943155524788
-0.00350440204697711
0.00548237723297664
-0.0108703502356142
-0.0124862883709014
-0.000895898817792107
-0.00966221900796894
-0.00797646524970994
0.00127183090987317
0.000179561981598143
0.00361216208239513
-0.00223814736681775
0.00405164133360012
0.00130791086782639
-0.00293766943773487
-0.00203288033815757
0.00127829157511454
0.000199920611924172
0.00679062198567843
-0.00549849963166665
-0.0055521293182615
-0.00312216920854965
-0.00260099847265068
-0.00172162223980629
-0.00410404594204322
-0.00180062096172473
-0.00153073595061412
-0.00113843562223786
-0.0113657814272888
-0.000330181963457062
0.00471358517877227
-0.00351723467887561
-0.0106476958529191
-3.44834222043857e-05
0.0013749112917772
0.00415681612018719
0.000707477917810897
0.000436581770232377
0.0004205940469558
0.000679821550965106
-0.000650708223703299
-0.00188742535633152
-0.00290038386833934
-0.00989417118932535
-0.00229034355976342
-0.00380384613912368
-0.00869774020988348
0.00237866155004789
-6.81325017581804e-06
-0.000874652784333615
-0.00930958030148688
-0.000865415113011784
-0.00211854375073403
-0.00116935346336999
-0.00165224041490998
-0.000498672422417483
-0.00452835485701543
0.00152920783995352
-0.00845351962479488
-0.000610489729274743
-0.00756771719167607
0.000578438963520134
-8.07848941720732e-05
-0.00285015969102577
-0.00104684772931567
-0.000468116472345531
-0.000213714693495416
-0.000359732020331088
0.00200595244234494
0.000227322643206703
-0.00808335834862085
0.000309474368549479
-0.000884079449003164
-0.00372564117632294
-0.000352842957449602
-0.00429223179431922
-0.00185973078533328
-0.00997930252666004
-0.00360741489137079
