-0.981256921788851
-0.880714138477575
-0.677683501131026
-0.669287300743198
-0.230795008643352
-0.268747342396766
-0.277963951945153
-0.148694191808644
-0.141584893363664
-0.0269624910389975
-0.11426803302572
-0.081705585924849
0.014483714437253
-0.0754751813026061
-0.0438720043832275
-0.12471320927503
-0.127206706323804
-0.0091162267806025
-0.165036784585215
0.0210199418112451
-0.00588484552070873
-0.00477433182057917
-0.0321434810384754
-0.0409046910129374
-0.0203788653837085
-0.050561922351482
0.0072528835724155
-0.00104239080237982
0.00856800282976724
-0.0151792362220996
-0.0180314489286826
0.0154304267772433
-0.00624169436597559
0.00106321361338074
-0.00334654834799679
-0.0333594312074169
-0.00168929944372826
-0.0223837202318893
-0.00535901067420083
-0.00411680309883949
0.00599319548126389
-0.00138734806862425
0.00973972884625663
0.00719807068709823
0.0221830926805263
-0.0137186000965423
0.0123661187793428
-0.00631147734305619
-0.0168292931913982
0.0119655292751593
0.00171589070109624
-0.00774906641323016
0.0180878135493342
0.00351567733373661
0.00767527503057065
-0.00922037163838932
0.0338969726825755
0.0149614345572949
0.0119668318344632
-0.0190979534067558
-0.00249637913574743
-0.00341597363135684
0.0106918365694782
0.0164921791012548
0.00202627830318029
-0.00402984288331056
-0.00254731565546971
-0.0396353628790911
-0.0216188793129877
-0.0155591934114158
0.0101136595593977
0.00832063785009054
0.00112605043557875
-0.00876331496654157
-0.00452873877310706
-0.0201676441951771
-0.00331138448769415
-0.00539757664043434
-0.0307172228073356
0.000403806999264488
-0.00426756977850408
0.00578632449891372
-0.0112406855622818
-0.00232764245769508
-0.00196799031513215
-0.0294690811680624
-0.00871456644259415
0.00345474999257485
0.0140522271260617
0.00413739626111254
-0.0309038790208147
0.00353268309668706
-0.0214853685894822
-0.00065884959228852
-0.00425093796952902
0.0133633098046905
-0.00440062638346014
-0.000263757726499573
-0.00382676839115516
0.00188741000419229
0.00319241062931094
0.0108011568624673
-0.00379144163639787
0.00195417617375838
6.28631834178484e-05
0.016257696310122
0.0147630870608211
-0.0220610209771637
0.00960287510701493
0.00668532883880966
-0.00338690860766918
-0.0117607299153906
-0.0165556486136581
0.00917539129041211
0.000209128695786504
-0.0517802419191972
-0.00948299009207024
0.00910561670462683
-0.0185940208987261
-0.0065522909301633
0.00199304845806579
-0.00589225402738202
0.00719543415810043
0.0127506067558898
-0.000729205920066705
-0.0218831361612241
-0.00877329158375057
0.0024520183329225
-0.00456913802679541
0.00171822299641702
-0.00449927489191351
-0.000870812916979082
-0.0137501809919353
0.00598712973694018
-0.00628843260614698
0.0125151485988265
0.00622300120460887
-0.00401084847772466
0.0038908911845764
-0.0336877429853703
0.00676105099886951
-0.0221653827413143
-0.0001076235686033
-0.0078540852640379
0.00222515650986965
0.00943771550710813
0.00442002629355217
0.00732922324213581
-0.00424238764010521
-0.00460294278861025
0.00185692510164005
0.00131092083251802
-0.00952540490234075
0.00229956496719936
-0.000949147287587326
-0.00729254581307999
0.00391150190741293
0.0014712681973506
0.000914947732454845
0.00807210489318173
-0.00276932047181711
-0.0031403317568663
-0.00973709157284566
0.00644142734219631
0.000737113951802904
0.0047267173025209
-0.00311806370657675
0.00130490163456055
-0.00288410104318502
-0.0017772546943892
-0.000125695571412282
0.00691655610598301
0.000825845330487194
-0.0140417675049267
-0.00271878214636639
-0.00806705636564143
-0.000342787716894051
-0.000439919878120559
-1.30818523862614e-06
-0.000846798089614647
0.00157503189325646
0.000116453999614217
0.000867397344632717
-0.00339730709024223
-0.00208052222762989
-0.000364914142636163
-0.00169034308517663
0.00283985557362851
-0.00679078883656605
0.00162062260166005
-0.000350052854636284
-0.000230696245157112
-0.00295018065127294
-0.00456908411588853
-0.00294489157305738
-0.00111367532569473
0.000631903358657607
-0.00384125797029004
-0.00176604780068003
-0.00288633607977987
-0.00198049699862114
-0.00145705035993759
-0.00324657510522435
-0.00542615793947208
-0.0045827639026977
