-0.992501271011933
-0.873188646592685
-0.72925466470898
-0.274054315627858
-0.264541449109914
-0.0988867450070178
-0.208097140686921
-0.161929811074078
-0.214819391141226
-0.107836387137137
-0.174836154653329
-0.141434177388708
-0.0740848992695724
-0.0881970192857074
-0.0182535870078193
-0.0892714727352261
-0.037744772629823
-0.00592132493060005
-0.0504156317395492
-0.0842295269089068
-0.0393441331513977
-0.030986478395961
-0.0682673821123306
-0.0333582140357116
-0.0918997178343373
-0.0611747896007131
-0.076808292767788
-0.0666682255568022
-0.00704938370517674
-0.0450222730132964
-0.00512608673654001
-0.0628589925021251
0.0105628027880219
-0.0181959361786625
-0.0510313649685466
-0.0027668679961269
0.00789250122961577
-0.0138032826222521
0.000788416043086682
-0.000838093765719475
-0.00147639884167556
0.000522513609431313
0.0134497020670102
-0.0271773970415515
-0.0181948333411822
-0.0302450082376611
-0.000519510832169016
0.00891821522038625
-0.00911148517486651
-0.00177346942511295
-0.00633051052391487
0.00691738236467714
-0.00505112982296721
0.00374271856197817
0.00581592927777973
-0.00276725430363843
0.0182679090635501
-0.000546231305718042
-0.0097125012671935
-0.00197077932261999
-0.00410224793992502
0.0206888412810148
0.00209085929754248
-0.00338447655373522
0.012927229189034
0.0148835361917479
0.00957782623017349
0.00694827228739084
0.0150397255032082
-0.00634227385313732
0.00115060850253028
-0.00642664174703177
9.13080230548777e-05
0.0179050860824236
-0.0365338917542218
-0.0153401117192251
-0.000224974695763078
0.000384837559430451
-0.00490525377044951
-0.00586502589219373
-0.0111376318873365
-0.0091039045952857
0.0351044166432734
-0.0420064500158421
-0.00473295205505455
0.0140040564479268
0.0207034681590864
-0.00537882670504535
-0.00479813857450167
-0.000592962765982411
-0.00151104498390303
-0.0101505622217609
0.000869254845129253
0.00326749542025157
-0.00477972421830981
-0.000883845306916506
-0.000188244002316072
-0.00882115993817782
-0.00750049418458073
-0.00891096034282288
0.0151067502621686
-0.000391896941776986
-0.0100522833412456
0.0154566610684723
0.0132023350732987
0.00143341807722502
-0.000196110871362483
-0.00959568764200287
-0.00778876517977231
-0.00462431511404466
-0.0142528436233915
-0.00303973497050625
-0.00749302577591444
0.00459219904513801
-0.0021875160655504
0.00285745977280831
-0.00103906530047655
-0.0163171477967896
-0.00372411465584443
0.00772988800495864
-0.00158233915838584
-0.00532309321664396
-0.0292921772492441
-0.0224968394185487
0.00184797060699894
-0.00672615453192134
-0.00144782628206396
0.0011995590096708
0.00526356759825317
-0.000870043394046165
-0.0169544670464018
-0.00159520795888714
0.00735645390645849
-0.0146078588560777
-0.00840838922936274
0.0055841200004918
-0.00722910968723309
0.0127353765522535
-0.00375068884709829
-0.00908227491740628
-0.019036866990408
0.00557582166032752
-0.0119642071824838
-0.00224060428541757
-0.00805080033467924
0.00291535052298564
-0.0148368177890331
-0.00984186664060225
-0.00225699552270461
-0.000479306165299968
-0.0087418751121544
-0.015372583560857
-0.00552168961027285
-0.000110579676809486
-0.000850407199849103
-0.0068083577769696
-0.00345759687205487
-0.00195652403928428
0.000117304256595158
-0.00121084417617291
-0.0137403989390535
0.000302084872748607
-0.000868182666859014
0.000203715229892816
0.00154563274397528
-0.0013400489424285
0.00104499698209832
-0.00078152435209513
-0.00199566435574232
0.00327125035434461
-0.0009372124379255
-0.00474137276245372
-0.0017743118304705
-0.00135858578885097
-1.18836426419074e-05
0.000610280787774905
-0.00225857019649293
-2.45904902134907e-05
-0.00146418255723032
0.00172642076144114
-0.00455083069156411
-0.00343342349695839
-0.0114781837001294
0.000849537278410995
-0.000552638866627266
-0.000425669625858813
0.000509189508394723
0.00116245875389488
-0.000643765301351229
0.00203792258806246
-0.00150120535690197
-0.00158556971926871
-0.00814696075383824
3.55735753421231e-06
-0.000245910092226437
-0.0016873326897455
0.000230325467140299
-0.000230372375635416
-8.85201166976722e-05
6.58666530588149e-05
0.00118727476851495
-0.000388604060557577
-0.000155038787037936
-0.000549747831967705
-0.000268684647008764
