-0.985992650250946
-0.958258027521032
-0.632715682379249
-0.607345268269404
-0.481307310022174
-0.342133492415738
-0.375323218882003
-0.181224567510328
-0.397961805172935
-0.104805658800956
-0.236600998125786
-0.217469250651384
-0.211741413633477
-0.187773697812864
-0.120477674890159
-0.188624144212536
-0.0833634249363873
-0.0792562321856336
-0.0613497601339662
-0.0466695222516709
-0.019208790424178
0.0048728512230626
-0.0141494880025535
-0.0383867411974816
-0.0315015256719876
-0.00139381006673758
-0.0202532724477597
-0.040554258158686
-0.0286044945998308
-0.0459470710263153
-0.0132184920099608
-0.00884090994782432
-0.00362490397230516
-0.0250928024484741
0.0169480364606513
-0.0101501430056486
-0.00252141230804441
-0.0454781452770712
-0.0178545655733723
-0.041175080723213
-0.0214710181565296
-0.00343061094349622
-0.00301460489613682
-0.00637958255756036
-0.00540141678641104
-0.000963705792420434
-0.0018188873459036
-0.00212146269965722
-0.0142856059072177
0.00136958124208308
0.000681301670021255
0.0178354265130252
0.00254965342682482
-0.00395363027450312
-0.00105399982930666
-0.0068226797730555
-0.000716559330044424
0.0090976483712297
-0.0169451807602708
-0.00544972362804847
0.00234461818285861
0.00945559980914854
0.00318506089344017
0.00420510688265947
-0.0153423214749501
-0.0124310701380664
0.0140530647182332
0.00718625382681424
0.00191505659675408
-0.0076364024781658
-0.0146531765024741
-0.0342356595732884
-0.0160611371765339
0.0010982651192021
0.00271712483265994
0.00881499117595952
-0.00529360748785876
-0.0109421621578851
0.00184105005471808
-0.0109895264267121
0.00666320386342724
0.000653606685099328
0.00255848710074275
0.000194817137246661
-0.00239777850079369
0.00390759585413447
0.00726967577406425
-0.000269684489915042
0.000614493007564237
-0.0107109320976677
0.00236664656284848
-0.00120685796404622
-0.00168780130365772
1.13867294560075e-05
0.0110181444762276
-0.00717692606584478
0.00167814449231696
-0.0029712947546379
0.030002248059318
0.0187271987721709
-0.00819095417995629
0.00402888056026876
0.00648647304151658
0.00717739190946139
-0.00259753166359276
-0.00608174765446836
-0.0403447521196523
-0.0149188102073934
0.00910351947565789
-0.0190872039054552
-0.00410407395133739
-0.00316587144821932
-0.00312361451816871
-0.000806827360362161
-0.00316218871582098
-0.00672302896224689
-0.00293786379585916
-0.014987436672424
-3.81534693032033e-05
-0.00544436154311398
-9.87667689192136e-05
-0.00236494308603451
0.00193649700382682
-0.000525747761971892
-0.0121797141131285
0.000250821242169556
0.00374048882873103
0.00397120241519095
-0.00246088792557666
-0.00111142058997256
0.0016360016844549
0.00339510738455555
-0.000500677414429816
0.00553519479806948
-0.00279966122249171
-0.00966595480815393
0.00927037239177358
0.0118026118313865
0.00090487970739749
-0.00286730427682765
0.000463663661131814
0.00395482767891411
0.000680412631577779
0.00124420214043739
0.00483603327253082
0.00111529913281539
0.00388708650370366
-0.00104019224136311
-5.01424303889866e-05
0.00553540295348865
-0.00214611874698481
-0.00708673962414085
1.36228735078665e-05
-0.000745705903616192
0.00151691579934842
0.00469401456813304
-0.0030026510937568
-0.00101473245025599
-0.00109406754369059
-1.92121537403245e-05
-0.00496434319912711
-0.00158321249165752
-0.00115440822977677
-0.0018501318872212
0.00491826414069357
-0.00109703701343412
0.00220947270615564
-0.00179564769069899
-0.000772876604445946
-0.00170427017052057
-0.000306565654519471
-0.00275039270254168
-0.00329589134280115
-0.00465089984116224
-0.00116754058235774
-0.00266305794090775
-0.00236861160591056
-0.00161545152477513
-0.000504237338562744
-0.00218143852925346
-0.00286948231811818
-0.000481447411143314
-1.89105965429968e-05
-0.000370128987823047
-0.0205746403646688
-0.00418638529227616
-0.00130395947533667
-0.00707948984154228
-0.00071455217222688
-0.000613938179239002
-0.00197872682287783
-0.000581781307573178
-0.00144248238309832
-0.00294365455441599
-0.0062810401312428
-0.00212241901284862
-0.00315747628927558
-0.00132684479055754
-0.00049647251593347
0.00106753868536055
9.1612749610548e-05
-0.00133547919312265
-0.00414500160431551
-0.000420420889922481
-0.00381054311371131
