-0.969507620474965
-0.972821681859822
-0.960499503927953
-0.865982269956375
-0.794373742929078
-0.70066742678992
-0.547229270947468
-0.431781389486499
-0.344129051747591
-0.267015625078699
-0.245672064969998
-0.0861676092013249
-0.0832090729086057
-0.197925505475108
-0.226538374719671
-0.271037043512358
-0.242405239096617
-0.132999228920228
0.0185248073687546
0.0562085741357759
0.0105138692807365
0.00768530645174412
-0.011328460516368
-0.0669649359966256
-0.061017467622826
-0.0417520717687412
-0.0466216477590653
-0.00110096700517445
0.0701044460910117
0.0568016805226795
0.0317419367303633
0.0545438746248991
0.0360807632104779
0.00313211933961417
0.00408147349846654
0.000276779371637614
-0.0188237072209077
-0.0202697861096378
0.00873795571384769
0.0224120465195965
0.0170794021051953
0.0211544062551786
0.0246161455274128
0.00764985469287122
-0.000578728682881233
-0.00512916141240293
-0.0392971209081283
-0.0393678481655722
-0.0242719334569851
-0.00811928229835003
-0.00326642150316149
0.0113946186956194
0.0205946762640719
0.0176585800946475
0.0180500790780326
0.0222052429189176
0.0579267352990053
0.0690002767754252
0.0343890688474861
0.0138529551942129
0.0023629053034429
-0.0189621348491164
-0.0287391144513953
-0.0058477678876205
0.0117985911823458
0.00215509881401066
-0.00400239006432832
-0.00931771813892138
-0.0213324107528535
-0.0203551688144165
-0.0275531310476003
-0.00886227896619998
-0.0106635654730902
-0.0195018705351801
-0.00544789417574981
0.00904531211497179
0.0104468013087669
0.0213144328549165
-0.00513513748931552
-0.0533127386750536
-0.0515971142934453
-0.0353697579390889
-0.0400315550106478
-0.0443145677970501
-0.029763504236758
0.00118234783766948
0.0108544902327655
0.00935070154182219
0.0108651086980699
0.0240512394915753
0.0185372096898865
0.013315218873346
-0.0135951783047437
-0.0415216081660632
-0.0367483932505184
-0.0360024880614098
-0.0477970487271488
-0.0277477662995565
-0.008052010234276
0.00223760789560754
0.0054711953234619
0.00824672054938189
0.0126488254426962
0.0070865724709842
0.0124580612774072
0.0294863341823299
0.0074800219236462
-0.0138302148286045
-0.0193423242334806
0.00130369249265735
0.023691350759779
0.0260146310630404
0.0502350945823181
0.0080126958783817
-0.021198665586533
-0.0117477281419847
-0.00750288654356264
0.0151623650048697
0.0222088076057576
0.000936333842283935
-0.00788251043676749
-0.0210656196313243
-0.00218805660655146
-0.00205835092075604
-0.0110078433612954
-0.0217430682006079
0.00266022772661212
0.0122464479560948
0.00779379608529775
0.0233766198032876
0.0570070958814545
0.0584105284488121
0.0109681389790007
0.0579030757097018
0.0391309679683555
0.0461433958715847
0.0553501871212755
0.0361979947993835
0.0116396564146282
0.00119075771793369
-0.0105520206059472
-0.0075177045733135
0.00856129316933237
0.0149315500652427
0.00370127021427562
5.38530248277847e-05
0.000344816201808985
0.005940497290482
0.0423952586542516
0.0638935721452983
0.0693712222574792
0.07624159663766
0.028771711809619
0.0201290353263992
0.0195207117619673
0.0161138444043577
0.0118387451345487
0.00925165734620187
0.0197628244847978
-0.00342479948738083
-0.0224117910479923
-0.00474704854155605
-0.00270541411243334
-0.0105108344464397
-0.00352450328525949
-0.00410872348044045
-0.0140965432944625
-0.0239672988121115
-0.0348303061735344
0.00511708813958463
0.0292728738391852
-0.00435880136235609
-0.020799645465051
-0.0218842268187418
-0.0282047133524704
-0.0352082638300264
-0.0378457815830459
-0.0280773729840227
-0.0268949115132119
-0.00987853764271765
0.00291288563525308
-0.00211863830620559
-0.00347805564535495
0.00855504398980148
-0.0131842699042933
0.0011769406698398
-0.00108940910703417
-0.00307972111176958
-0.0123982263687827
-0.00182683002534099
0.0224748815604401
0.0234772466551763
0.0325416265849719
0.0277338194926257
0.0209641052802911
0.0455090293917151
0.0214549330790481
0.0167984981377509
0.0151487343327945
0.0175544723897828
-0.000559685586396578
-0.00141366113803188
0.00394276107335074
-0.00774847409254277
-0.0280096919143368
-0.00935792344361209
-0.0129894555986716
-0.0227584467079921
-0.0158380997584788
-0.00438419262777196
0.00280651758551283
-6.87911458176591e-05
-0.0057588578655094
-0.0099430527122957
-0.0246497568803998
-0.0464780661345199
-0.034206956711232
-0.0305966870663875
-0.0207724647834514
-0.00242499334862452
0.00332898698466264
-0.0131335741089347
-0.0318831799478214
-0.0345249131733401
-0.024380132855863
-0.00733240321840628
0.00839401642103786
-0.00189925798630402
-0.00913208676442837
-0.00836619904694274
0.000566653311041927
0.0297354045216482
0.0495305521439986
0.0393723012070786
0.00999535208230386
0.00914792097485874
0.0117750995696756
0.00595793841908313
0.0182635939648332
0.00949653248154525
0.00979699215695342
0.0115019537871227
0.0210936273423999
0.0149019882699798
0.00253402166516723
-0.00375955314472847
-0.00962099698051176
-0.0228756725834125
-0.0132139180495796
-0.00137718601073801
-0.0109171959093535
-0.012702415511908
-0.0135492512420372
-0.00709536020357952
-2.56473544667226e-05
5.57687429765272e-05
0.00295986802711063
-0.000489987057501254
0.000982175467151688
0.00491920653903243
0.00516505865880791
0.0106640730380803
0.00465188404070908
0.00202184385617379
0.00296232245749785
-0.00734351449065
-0.00632219474436482
0.00487701003658889
0.00163102727482182
0.00353556356847663
-0.00406656949371125
-0.0117585680324209
-0.0116187335905115
-0.0020711944078511
0.00188604621934881
0.00493619365992723
0.00326610620517059
-0.00459912425235358
-0.00533506961684834
-0.00597920553609323
-0.0110300160164421
-0.0148005058898467
-0.0159374896499953
-0.0197882804375993
-0.013158231228533
-0.00320250758670765
0.00233119071507115
-0.010672815340253
-0.0157085780308612
-0.0123880973884757
-0.00842937163760279
-0.0110503373352004
-0.0131524868251053
-0.00106174576491934
0.00236614858203944
0.00314522446884732
-0.00677334075503913
-0.0130488294269785
-5.45679092593242e-05
-0.000214329517233382
0.00180742755296213
-0.000376527846037188
0.00781889819166163
-0.0180863445945206
-0.00342684001269272
-0.00663428635228727
0.00628609643941227
0.00227911919485959
6.53729330721716e-05
0.000842204665112295
-0.00148552967630715
0.00798409327296889
-0.0126094564526115
-0.0101730539749151
-0.00256953844412678
0.0196054314268883
0.00777317790635154
-0.000756017734344489
0.00137821296366303
0.0086997091738957
-0.0137693850643882
-0.0427365552424291
-0.0529553504455795
-0.0168543693969202
0.00898993723750437
0.0116462347529228
0.00593956312723197
-0.0141809029031138
-0.0204752427919722
-0.024233378269939
-0.0249845998174256
-0.0108274752204147
-0.00982892202499807
-0.00105263045859237
-0.00396736275373259
-0.00534961702498931
-0.00346912238637022
-0.00176569821255156
0.00302469218322384
0.0409200583406341
0.0681669686150674
0.0237323622154371
0.012200375815891
0.00736137504826032
-0.00480506183720811
-0.0120207821006263
-0.00359132806402241
0.00258541377207089
0.0321038455884397
0.00484773737632824
0.01839126685796
0.0381688290451778
0.027263454146693
-0.0056605483388102
-0.00909941358030055
-0.0120350381084574
-0.0213464550601721
-0.0315058149175971
-0.0203554098874597
-0.0141229200510556
-0.004109191657575
-0.00898680513458801
-0.00664740732935239
-0.0107962003310736
-0.0430375555363293
-0.0490840098749529
-0.0785067992956509
-0.0689448096994734
-0.0762860056477258
-0.0725530900179373
-0.0631787777993262
-0.0269237235813623
0.014083357038375
-0.00496380660148853
-0.00780313526497259
0.00117462485661544
0.0109747676516101
-0.0323601506234549
-0.0415725555288436
-0.0226741479152603
-0.0096563059499608
0.0102581496178106
-0.000911136731609866
0.00610143818536522
0.0115355119438471
0.00481685250345427
0.0075668658689898
-0.00133635453969649
-0.0103256790613846
-0.00527311744487168
-0.00505761795273795
-0.0117615005181653
-0.0356444933507419
-0.0265071657179657
0.011904322136789
0.0172686363757371
0.00349172365359945
-0.013183137563952
-0.0164547232178905
-0.010645401233314
-0.00872089885992563
-0.0614507449119366
-0.0277576457178429
-0.0204486290482936
-0.0199743431883656
-0.0189946400572298
-0.0179602135356006
-0.00403331231260422
-0.00128766149299903
0.00136699281263383
-0.00101000644277882
0.00185234760612651
0.00144539128190126
0.0111912867756645
0.0215921084140017
0.0157666520360911
0.00985243528730112
0.00224756243785355
-0.00349419707222594
-0.00072793126154628
0.00136346522284561
-0.00157334036502957
-0.000907086884732808
-0.00862448909806141
-0.00245626477880492
-0.00974953248531824
-0.0111273853604712
-0.000276212831441516
0.0140478564231579
0.00873257940215374
0.0107510588660883
0.00800246648388658
-0.0035212811656176
-0.000342417805456156
-0.00337397143330254
0.00111231407843975
0.0146457100836497
0.00648548411526947
-0.00391180823090598
-0.0201340048896901
-0.0137443694433045
-0.0127547190371463
-0.0110447085519593
-0.00312536908958485
-0.00329501314671513
-0.00284915553564187
-0.00219008188919919
-0.000711917111673061
0.00301371378025545
0.00333253131859537
0.00111767727297719
-0.000460122161425732
-0.000150043086168979
-0.0138198595316208
0.00664416884297651
-0.0253828703242378
-0.0355467206304963
-0.040634390063186
-0.0270811621740507
-0.000330898164576189
-0.00342958312285246
-0.0126951533268341
-0.00580935076649516
0.0070377306119913
0.00641392062552607
-0.00651791645957514
-0.0239267461201415
-0.0156011227275434
-0.00034020796765942
-0.0354998129887109
0.00171664635364725
-0.00527269851330182
-0.0372766931036827
-0.0368263713741375
0.00451282355017936
0.00750866508663842
0.0178970477052663
0.0420248869576651
0.0123873760320602
-0.00154350828611454
0.00921215933328492
0.0177719009239877
0.00105984541964607
-0.0255504709251162
-0.0227106134274211
-0.0276077688809281
-0.0322365680252322
-0.0240950686524915
-0.00418730646193236
0.00166288224480074
-0.000142630522697785
-0.00368607613887002
-0.0117552485731312
-0.0244740320045474
-0.0212992528273805
-0.0116963715193128
0.00615331452499523
0.0220883414438119
0.0141663066173474
0.0169130233732546
0.018265284413215
-0.00727977129230807
0.0083433612038231
0.0260018166517074
0.00723747993743132
-0.0116412008287685
-0.0107165523654007
-0.0207553004399969
-0.0265548062610602
-0.0158842954554283
0.0169499973311915
0.0330986430524634
0.0293917871574239
0.0228451812368554
0.0127358216408895
0.00250238542393578
0.00136047147849091
0.000846610242428935
0.0183181648303508
0.0435806367182647
0.0351780339310234
0.0213722496989865
0.0172133731422461
-0.00352732527357181
0.00463461053919453
0.0180164139855225
0.0123235656099208
0.00757063349862106
0.00212400025627625
-0.00843359329743448
-0.00610799953406901
0.0049963813845843
0.00143716100879077
0.00300192964026616
0.013869027389704
0.00406635449871236
-0.00196674041350796
0.0108970078974703
0.0185898641877021
0.0212889655250968
0.0197877210644475
0.013959323259379
0.0100440800590622
-0.00722024703748784
0.00880477118267533
0.00614725294616238
0.00626157221510255
0.00782225842421834
0.00111932615439001
-0.00224167896415531
0.00373247620360863
0.0107173284489293
0.0171931491571122
0.00964886620215682
0.0154520943981796
0.0245413173241271
0.0209779332885577
0.00795972842299991
0.00484189714686043
0.00617274777288107
-0.000390659447270699
-0.0122668805294624
-0.00737829172596515
-0.00234131029165408
-0.0016329902444877
-0.000983797001207341
-0.00259928642273986
-0.00701380663330658
-0.0123619607138935
-0.00221643152311446
-5.43132206223505e-05
-0.0115078148384227
-0.0145021364070842
-0.018943396488432
-0.0203536666699407
-0.0211186430051565
-0.0135590133663585
-0.00524280032040554
-0.0057624448078213
-0.0129663742599551
-0.000154303231522042
0.00103604291705064
-8.51748632190437e-05
0.000343837437516961
-0.0131882482800598
-0.0154418756909314
-0.0169115018858385
-0.0114460389426009
0.0110787465466015
0.0195206297039393
0.00986796427067156
-0.00983419034824591
0.000953078665214403
0.00202419041594525
0.0027366111650827
-0.00545243162731203
-0.000217961087341093
0.00537344152586933
0.00465698266504463
-0.00615714543512484
-0.00815221878152716
-0.00255607840658014
-0.00212513633394585
-0.00930200084909096
-0.00886713482782807
0.00247977097541195
0.00492808390268021
0.00298597762859915
0.00226897576125775
-0.00458032300036714
-0.00635621428386844
-0.00502010247438418
-0.00454956546602393
-0.00189033858514819
0.00295089614836422
0.0027001298792775
0.0010728850666658
-0.00165153099784955
-0.000717234139362318
0.00227792931867088
0.00284165908175234
0.00157827594941109
-0.00277959109447111
-0.00101962413872751
-2.47640011716466e-05
0.00265404051144446
0.0024967617066754
0.00795401598139551
0.0033703823488171
0.00355321427205517
0.00117255121797691
-5.45748902487393e-05
0.00382560652596665
0.00180138745076334
0.0013589457042648
0.00719946064382391
0.00869331448375116
0.00684815622949926
0.00406898504419623
0.00807169298466544
0.00487143991661825
-0.0099468530081069
-0.0124848659616832
-0.00435383213093646
-0.00807114491021499
-0.0193327110474079
-0.0134866640814888
-0.00162335904657436
-0.00252678717036682
-0.00164346549564539
-0.00708565638940839
-0.017837887526582
-0.0326150945498154
-0.0225132105661288
-0.0150629119309916
-0.000114845931007773
-0.00170625027029382
-0.00267314850311475
-0.0023560003349053
-0.00484574014031344
-0.0066440069717392
-0.00183191044857987
0.003514920069123
-0.00403718746978243
-0.00938868175624008
-0.00492251004820612
-0.000291464191510727
0.00343178866226448
0.00225328758110627
0.000309721918162193
-0.00123386651804436
-0.00202231105488192
3.53335644690444e-05
-0.000836873189572965
-0.00237726260008672
-0.00587033969799883
-0.00303749847267292
0.000278285608916554
0.00696849760915693
0.0076731062925039
0.00605390297205761
-0.00247033020265502
-0.00674420891793712
-0.00825725294466769
-0.0133675186183221
-0.0156144465767284
-0.0379145668419119
-0.0327692187695078
-0.0125123139488306
0.00450273717704999
0.00538351164132396
0.00180066294027521
0.00033043948971214
0.00072968340787559
0.00103714927820408
0.00489869344750282
0.00914182254054682
0.00427994446976626
0.000695440593791853
0.00970151024302972
0.00483559311829616
0.00932836098573381
0.0109232831370691
0.00678017275181966
-0.00478668235216449
0.00296027722923088
-0.00485981317797948
-0.0109066525648026
-0.0100456610842307
-0.00620704982907145
-0.00165425120892223
0.00416059342125684
-0.000803859874899681
0.00211625305746583
0.00788904863452884
0.00197564777344198
-0.000195683517396644
0.00469058455372768
0.00916367578560694
0.00941900201026291
0.00659685185846215
0.00560539983391523
0.00405531852904218
-0.00124376553002214
-0.00383319212082447
0.00539552389122309
0.0109475237576058
0.00900592597198076
0.00741391184607275
0.0136664701971469
0.01754534549529
0.0155748433626994
0.00914814973807757
0.00873096047925226
0.00511814161535785
-0.0115060238604845
-0.0150666866728995
-0.00213521042754981
-0.00179999469414682
-0.000205487859003431
0.0217988532493508
0.0241490977309696
0.0135007451102132
0.0154195010399483
0.0135115274597077
0.0105457467579269
0.0161361808060717
0.00276874113210522
-0.000831527177651629
-0.00088121195532283
-0.00522700076568244
-0.0119406913859236
-0.00181244405606947
0.000649149216094569
-0.00347664255327512
0.000215381306132331
-0.0015938125151596
-0.0101711543729197
-0.0294514379282354
-0.0239930192128938
-0.0149679699570114
-0.00134893894329143
0.00106239144399872
-0.00108630097181495
-0.00379111956743027
-0.00300747979771197
-0.00401558270491496
-0.000868757874451496
-0.00129664694528095
-0.00304986847946793
-0.00322028812003235
-0.0018452148583838
-0.00431526376589082
-0.00606777246988311
-0.00779286979152745
-0.00786002496427899
0.00308640493933876
0.00366604436414105
0.00870545587725913
-0.00408979992118131
-0.00443982593743094
-0.0101465052452158
-0.0067832800097039
0.00699967668245358
0.000516468125894444
-0.00282438723080677
-0.00062204706072374
0.000515144076469524
0.00158572918902538
0.00152521816352514
0.00201647300340247
0.000472106061283655
-0.00239570335572411
-0.00377861770285694
-0.00475846104000726
-0.00212699712431882
-0.00102707625047183
-0.00372220750078382
-0.00328682468873532
-0.000157814753384909
0.00190621697342314
0.00307960248755575
0.00552681541181769
0.00335416633100823
-0.000494626466231709
0.000780889754271774
-0.00142877458660589
-0.00637463130777106
-0.00020128989654208
0.000192015201196744
0.00153197318829372
0.00139306607489932
0.00086558215372956
-0.000168427947758083
0.00143588255685489
-0.00081525150312941
-0.00246077641045423
-0.00102099397197459
-0.000968104419785685
0.00459225609651042
0.00336589501831017
-0.00476795203681456
-0.00281523419895747
0.0019697631646027
0.00170329448844827
0.000386761865546583
0.00168328373955281
-0.000498935949004332
-0.00308856580450376
-0.00483812127919759
0.00104752818508962
0.00150772059934677
0.00199607844154198
0.00544994413612843
0.00735195483006843
0.00208193051823942
-0.00174404934041656
-0.00247937885237874
0.0028864910698835
0.00613674910996353
0.00504013255162255
0.00792496531371424
0.00797334960035841
0.00520947086021746
0.00104521634291932
0.0021096447774113
0.000441002954070503
-0.00109229617387999
-0.000704875979885512
0.000853637987635501
0.000471962535754817
-0.00376870779384854
-0.00408722874373009
-0.0020132127752376
-0.00342621059027933
-0.00186741938956992
-0.00171966449988514
-0.00265532279331674
0.000164005296127818
0.00506907965221536
-0.00552492102588325
-0.00596601016728237
-0.00778773850027485
-0.00460362912729976
-0.00658300304567822
-0.0061320213865084
-0.0031450875199482
-0.00243889632941518
-0.000977116729489362
-0.00166436251764894
-0.00126766809375178
-0.00135196122096654
-0.00424749139634995
-0.00341195936159738
-0.0036097485860868
-0.00271175544707598
-0.00219831273626326
-0.000609210205779805
-0.00166568752391124
0.00022410029927492
0.00244920043738915
0.000953495492869033
0.000546978865627237
0.000939256381683497
0.00335580319211905
0.00283799949497295
-0.000222916388027355
-0.000297396451231355
-0.000279815622647425
0.000528543605635694
-7.53759876346578e-05
-0.000511156748374822
-0.00116362155544635
-0.000985366780100022
-6.18823956327283e-06
5.37152761993821e-05
-0.00343295589859579
-0.0047222803484727
-0.00836953356044313
-0.00760111956480541
-0.00490493087603056
-0.00396335182420434
0.00116599570913505
-0.000950945808882822
-0.0026826173821159
-0.00805772986997216
-0.00823248377712332
-0.0101329784573999
-0.00693476418281728
-0.00463818662323716
-0.00555035485256394
-0.00577519799815328
-0.00459777962174299
-0.00789387392841726
-0.00875529069613894
-0.00361349727223814
0.00118146641937678
0.000521300005705236
-0.00146002374052524
-0.00288810931854067
-0.00500531326603247
-0.00755664184816456
-0.00891147450262089
-0.00723012293304347
-0.00405608082448374
-0.00525822531403709
-0.00660636727113783
-0.00482779294370812
-0.00463428466694264
-0.00415544557481634
-0.00129403127325292
0.00125647769170523
0.00356404435872088
0.00511874508601105
0.00438943062267359
0.00451728652231558
-0.000629794014405164
-0.00895607562458503
-0.00924618876534726
-0.00819050617177748
-0.0107948548384399
-0.0105703341309973
-0.00709313981431451
-0.00460505422731453
-0.00369680853854291
-0.00131309843529686
-7.99809930356803e-05
-0.000874637758369825
-0.00201990113012074
-0.00301968387314375
-0.00501970408616836
-0.00591992395493559
-0.00396939320058786
-0.00496110412278356
-0.00410803103191503
-0.00208388030059927
0.000403827669427468
0.00126662121859432
-0.000759235183497592
-0.0011701638300898
-0.00418266334429782
-0.0078196491423821
-0.00727487243373534
-0.00673015723859123
-0.00338961034308759
-0.00357967666824136
-0.00412132850523486
-0.00216842945236579
0.00015464456285081
-0.000690068198800164
-0.000136559287318377
-9.7557029031773e-05
-0.000186001592649316
-0.000130647633528898
-0.000419223901364089
-6.21865807639699e-05
8.50619654285681e-05
0.000451638452433984
0.00086014054079377
0.00121044924587014
0.00103809931595892
0.000401843970351636
0.000386693810835878
0.000281607575099765
0.000276546679433665
0.00033006909958705
-0.000186474721963753
-0.00158176276076885
-0.000662546915994857
0.000666253670327566
0.000280874768989948
-0.000461819261232754
-0.000243669376006032
-0.00156654602903398
-0.0023363088993549
-0.00304985813828106
-0.00308364823535698
-0.00236928388267299
-0.00259804157548705
-0.00137414253517255
-0.000101832312257098
-0.000141813355004317
-0.00338034558289965
-0.00688214142716939
-0.00766156845610636
-0.00721242841622033
-0.00742348729978727
-0.00610029114170454
-0.00563148946509969
-0.00508677341341307
-0.0064076452475042
-0.00629027590420787
-0.00550204659768697
-0.00666222724853424
-0.00640891702091138
-0.00414868447615611
-0.00194930176345852
-0.00145641686300079
-0.00217646220665383
-0.000429801965253037
0.00022998516043938
-4.99041893375044e-05
-0.000728045218783005
-0.00201487029948442
-0.00402042299350892
-0.00521705064635777
-0.00539030929301195
-0.00525504343659536
-0.00388386772967218
-0.00227387351321805
-0.00136359186569634
-0.000812007571511814
-0.00060892222736759
-0.000600471330873777
