-0.993518908037726
-0.993518908037726
-0.993518908037727
-0.996761935049222
-1.01313227962977
-1.00933366383341
-0.965595394539329
-0.852275750651807
-0.72967887461064
-0.611887410061896
-0.417334290010282
-0.209099345370444
-0.217916493149779
-0.204710496056881
-0.178258734666317
-0.298700624760997
-0.453301811504754
-0.428203650750436
-0.344045197078771
-0.224519684071205
-0.121347386333219
-0.0815296462999431
-0.00759831622107872
-0.00798941038389786
-0.0256518700574585
-0.0244096267245997
-0.0212006688717307
-0.0211824135630297
-0.0113261634755559
0.00125550341390776
-8.54736429573011e-05
-0.00892287400841305
0.000882131306345625
0.0408292178411079
0.0465719338847706
0.0823631019261957
0.0680062937744517
0.0672834213545802
0.0458137608023396
0.0212634892154521
0.049802197966942
0.0773069849018019
0.0649391288601936
0.0556612987338535
0.0488483689911901
0.0418292158806389
0.0113906686850243
-4.07272866520536e-05
-0.00341493756420423
-0.0195046360602562
-0.0397035447023732
-0.0206404148061708
-0.020056080083035
-0.0320094083810804
-0.0197357219423963
-0.0113555925165833
-0.0169152688742822
-0.0133988893914265
-0.0208910483252324
-0.025677695746073
-0.0180665460670284
-0.0226003877659162
-0.0323119170005611
-0.0167365566935805
-0.0229746970362743
-0.00636952906079082
0.0463439793017036
0.0415559698607003
0.0139008912822063
0.019804637793612
-0.0323638452249432
-0.0525674487866664
-0.0404208863335869
-0.0313991169639053
-0.0319153803075833
-0.0147352108302463
-0.0054948854919416
-0.00729096485661443
-0.0122410199196975
-0.0227722512763827
-0.0297614871711767
-0.0178495297559088
-0.0204271359043262
-0.0188095241475411
-0.0148874650381995
-0.0159299098679274
-0.0168371559530134
-0.00954823358782912
0.000568176958841352
0.00769588628790613
0.0114248599333965
0.00674749248104976
0.000568028279623706
-0.0267562294180584
-0.0446651916235273
-0.0406016335481447
-0.015257679042573
-0.000785841951390455
2.61421436408688e-05
-0.000712442425290636
0.00174577552722279
0.00647214093195702
0.00905160924099655
0.01103017929179
0.0230677710183381
0.0150519951361556
0.00483171765330325
0.00302028254907257
0.00408948347397563
-0.00615717307371591
-0.0125501857553316
-0.0117873716647743
-0.0158112949134502
-0.0121596710428002
-0.00846219729322396
-0.00295337346090237
-0.00617610875864438
-0.0136736656277059
-0.00948504850615013
-0.00339023116989775
0.00211471261845534
0.000427037501917638
-0.0014560193859426
-0.00391268399735365
-0.014606403709207
-0.0260055190261312
-0.0255598070795741
-0.0241007680604769
-0.00941465086931857
-0.00884728207923874
-0.0154487065780198
-0.0146293267681718
-0.0155047502687659
-0.0119680754174494
-0.0118994316814941
-0.00943762772015707
-0.00812282081554117
0.00679890113836233
0.00825987137200563
0.00221393436136643
0.0011338176508759
0.016807136216616
0.00414344053252686
-0.0173792051766131
-0.0117576830017739
-0.0237616096647528
-0.0347937270300393
-0.0332776799741349
-0.0335534581584228
-0.0180506413954167
-0.00531321997932432
-0.0128433989061726
-0.0140107437170543
0.0151244875627193
0.0152775037486546
0.00131344034888433
-0.00808348745458249
-0.00824313136852104
-0.0186492884739745
-0.0226409504300665
-0.0238946102319397
-0.023484818585562
-0.021283088703215
-0.00075661250436965
0.00232955995973837
0.00709645698018088
0.0239407666248831
0.0186938075744442
0.00555983408917852
0.00173963645341801
0.00590522172254129
-0.0307946651422758
-0.0672746924050002
-0.0718082504223037
-0.030431840687422
-0.0286347868287415
-0.0188193648937205
0.00386104654905138
0.00315178517494509
-0.0110793355398596
-0.0350129108330789
-0.0401320681446338
-0.00476964710600629
0.000964047299722361
0.036618154540332
0.0437875479515039
0.0172825021859735
-0.0126506292485003
0.0134360086611295
0.0460446512061263
0.11587857829845
0.0992823165489875
0.0411066286445433
0.0128846623849439
0.00884287204259771
0.00520276962595856
0.00394789437956819
0.00888344868249867
0.00352643339034197
0.00400429765072316
0.0122305948533897
-0.0154182334550905
-0.0300221474983144
-0.00517893146586176
0.00509753858763358
0.00690459981929606
0.00157565414800093
0.000180433617465538
-0.0118062480132705
-0.037234432059706
-0.00772095084907622
-0.00294527296534639
-0.0134993835304867
-0.0182767429288114
-0.0166249643957503
-0.0224026542983925
-0.003289148298762
0.0308773123306474
0.0411226580188607
0.0145972847447513
0.0118496586200174
0.0157139613210472
-0.0226087094203826
-0.0291487394388969
-0.0119231315198615
-0.0122678497487205
-0.0176099232779932
-0.0126981569204921
0.00164413454680515
-0.00961837979657832
-0.032258068800355
-0.0204948079862006
-0.00862310340044478
0.013738900110851
-0.00499123113343342
-0.00827606895760088
-0.0119216045660091
-0.0389636923286773
-0.0425978108691079
-0.0293573136243466
-0.0184619418305579
9.18805130735306e-05
0.0271455896070498
0.00160172381522315
-0.0310075639156653
-0.00919645099477404
0.0544899121338352
0.00800831741049317
-0.018546968764424
-0.0220677758664614
0.015496708359412
0.003932909535326
0.0027231693851563
0.00232917321784191
0.0065057105207766
-0.0220128078400361
-0.0356686350927651
-0.0616534347572951
-0.0947491618411609
-0.0879460558765734
-0.0584859648080663
-0.0313083018508748
-0.010807844775668
-0.034958763658741
-0.0471593439007824
-0.0469184548185266
-0.0441025585107767
-0.0202169958772423
0.017049841727186
0.0166043306514687
0.0129203738428509
0.0599334213209188
0.0345591472980992
0.0214236053584934
0.0454947006491801
0.0237771528449671
0.00418683479813671
0.00652995027377561
-0.0335781758467239
-0.0337735616992368
-0.0230695278755813
-0.0102938381844033
-0.0232214790846385
-0.00230645081464037
-0.00105597504818295
-0.00499801812881834
0.00790938942916944
0.031723970001731
0.0464367254455212
0.0122743546557286
0.00413902175744908
0.00465501495450247
0.0547194943846999
0.0904342407964447
0.0456761609434998
0.00627403778527241
0.00202476612404106
0.0183981595273225
0.0252015552172688
0.0352583208809763
0.0264740447874341
-0.0106035657735062
-0.00821661593905643
-0.00438456991082069
0.00952930510194628
0.0191497771699795
0.0179288476149885
0.0585734820158124
0.0595566808123647
0.042956924707555
0.021065761381936
0.031478717461725
0.0476806940135391
0.00350438780622758
0.0347566193446339
0.0421906707415034
-0.0373844917791294
-0.059032599162629
0.00386122625614816
0.021076292870134
-0.0273252400225347
0.0086026182757092
0.00607486124896651
-0.0133942547474166
-0.00840913652473379
-0.012712182876243
-0.0186101294080165
-0.0258612399275559
-0.0174183770520282
-0.0192821100430139
-0.023828469937319
-0.034274581940618
-0.0205652057501654
0.00471406479845191
0.00808711252203292
0.0313566898236286
0.0167204516334526
0.0136840546074525
0.0102948556065783
-0.00663530675639336
-0.0010309783252658
0.00708239536469003
-0.00326810759533822
-0.0223071645906443
-0.0127269470355638
0.0144278457316691
0.0293483076667315
0.0160668724484692
0.00304819516715225
-0.00606308051527829
0.00326234299911272
0.00487970337789018
0.00659572791377417
0.00315393235612558
0.00409655082051538
0.00528280717451498
0.0018245344271887
0.00723965227418757
0.027542798606073
0.0327696508387029
0.0264465978845659
0.0221425451486993
0.00872998762164918
-0.00922561193509456
-0.0186883644269115
-0.0145309449101106
-0.0141699866261073
-0.0101123548652034
-0.011636330730315
-0.00490727353683153
-0.00190613089319064
-0.0182914549099581
-0.00803902494815999
-0.0148343581481421
-0.0251931302282302
-0.0141090317633236
0.0187378381250009
0.0195299842730544
0.0147528368685618
0.0251980362014677
0.0333027647135672
0.0349897277545713
0.00587004620739881
0.0152037059770031
0.00758391983412695
0.0164475941565178
0.0237920212994168
0.0364868150903324
0.0156604274249063
-0.000805472483860205
-0.00317617488924348
-0.00852968529754392
-0.0150823483523074
-0.00134162855468687
0.00123797434485253
0.00357735040494431
0.0131135283561715
0.00948497532029333
0.0184860367150041
0.014562679698522
0.0118226485811997
0.0165650350661365
0.0123835318036048
-0.00299014927948705
-0.00192983971813978
0.0179677597701801
0.0346903484695668
0.0281991524379551
0.0122618311721349
0.0066774162088399
-0.000557507532470177
-0.00119970324897918
-0.00177291996409129
-0.00931920639954918
-0.00475848076660026
-0.00254453952258135
-0.00381829906706584
-0.000370559552897994
0.00290640491844107
0.00752741731490334
-0.00384926488199141
-0.0166260090897409
0.00367062516621962
0.014139690511789
0.0082980088067223
0.0153442262304722
0.0114330171789627
0.0101709829564568
-0.00596720547367896
-0.00792307974337082
-0.00503925152870026
0.00306576969917093
-0.00513565977680631
-0.00292709282004175
-0.000287997592689264
-0.000733803213987013
-0.00193203814179771
-0.00146270515442198
0.00324322407773947
0.0142478508255914
0.0213469337440669
0.00842275216531034
0.0197935592313042
-0.00326616034763972
-0.0244069926933349
0.00104819203610421
0.013113297903959
0.0164664500418298
0.0174444628247427
0.0135531071366607
0.00157213815991194
0.00923405366198232
0.00931710105583117
0.00928501052186386
0.00971030802535098
0.000254019669647105
0.00182573270315511
-0.00364121118364473
0.00415593285689011
-0.00483343002034846
0.00261701711628181
0.0421318796969662
-0.0274080234172692
-0.0286582197465083
-0.0249017915316912
-0.0319752500602051
-0.0131631033785124
-0.00586820689260039
-0.00380993469551209
-0.00280070158109633
0.00340175050915687
0.0015641162104196
0.0042544519604776
0.00346098953978282
0.0102680581154256
0.017973265875396
0.0287875134554504
0.0306099129518971
0.0175158798707544
0.0172693605522759
0.0117043391580624
0.000215135565480071
-0.0157163983368121
0.00188916934787403
0.0144299956063768
0.00526577231072036
0.0106969578060669
0.00153039226169602
-0.0258799645043344
-0.01292780492704
0.00405717746886965
0.011262111945637
0.0183112278758108
0.00406439960232351
-0.00510543305027818
-0.00819527837532329
0.00363134387767681
0.00174943965185042
0.00516877335809408
0.0105012069309808
0.000805797216290114
-0.00788111466766071
-0.006498679824943
0.0031183462734182
0.00430733131691257
-0.00426740872366663
-0.00805878042064659
0.00292642899178545
0.00262252108732018
0.00403703384962836
0.0113699958293158
0.00482668607125593
0.0128440241090294
0.018812040924277
0.0169670379732985
0.0195497321223595
0.0297860749433209
0.0246179880635768
0.00279982541057193
0.00148298418213203
-0.0130323982826029
-0.0118218712399479
0.00162150376011651
0.00107601244617051
-0.00672635910022182
-0.00919497991810167
-0.0234578640616696
-0.00824502297655663
0.0142575039269951
0.0266947823638041
0.038895800263093
0.0268802382736989
0.0053387152823602
0.00410906349179002
0.00105329714555105
-0.00597516635504022
-0.0137637666261758
-0.00911821931331563
0.0011424023363394
0.0103728071279459
0.00392278941854456
0.00178001819998695
0.00206488010652841
-0.0089877534993056
-0.0203783711784731
-0.0144231965025855
-0.00975873981390784
-0.00750477052953429
-0.00747602968075275
-0.00177072743388502
-0.000219731090537921
0.00406519179753283
0.0129046365071614
0.0061771990061492
-0.0116510344176076
-0.0179538310780413
-0.015312819525523
-0.0178276290881216
-0.017618805281252
-0.0013497601621273
-0.00377510887488606
-0.015290713715115
-0.0221312857432696
-0.00256863891285328
-0.00808081531254473
0.0093497072837444
0.0374955939197885
0.0208144939782744
0.00209743933969141
-0.00520322976782124
-0.00496854354325703
-0.0173872570812978
-0.00937642776379036
-0.00552282416054086
0.000705555245628432
0.00306994503082378
0.011390759627509
0.00576260583043906
0.00470513190986965
0.000287692260693149
-0.00314772057357657
-0.00367791410829072
0.00184042448983249
-0.00500682692057399
-0.0133156331349508
-0.0150358719350015
-0.0143703231242771
-0.00221212120112447
-0.00915404314430499
-0.0037396224668095
2.92186102100571e-06
0.00222987953347017
-0.000289292731912864
0.00544567522045525
0.000562320814560986
-0.00607231477834944
0.00691197717617084
-0.00037393409890803
-0.00631404338595336
-0.00484803672103762
-0.00741978642039836
0.00248042854078024
-0.0109757160111925
-0.00554505994768756
-0.00530052927935779
-0.0060861215345244
0.00457947030278807
0.00601536992373026
0.00583655607211995
0.00238434570486332
0.00666830910739928
-0.00462656474989643
0.00431562431178649
0.0111828705043586
0.0209735658761715
0.00768841076968933
-0.000466221221042667
-0.00113169703576329
-0.00400844092767222
0.00233350892497303
0.0131787253629424
0.0228006449776119
0.00703844591603924
0.00618036489019242
0.00143177698649186
0.0056674905854812
0.0166925632053633
0.0319929790687714
0.0413214894707287
0.0669384458131037
0.0302735631469232
0.00545623820707554
0.00678046419116318
0.0225581686909509
0.0124020686632927
0.00337877711918801
-0.00272398246934629
-0.00290100795396239
-0.00253647046164287
0.00114464154874251
-0.00616725638043714
-0.0147681904207527
-0.0220597126063926
-0.00463623679461782
-0.00997741758127906
-0.0149952434741402
-0.0119117953341796
-0.00269588525272585
0.00323101549566208
0.00344498945406648
0.00227125361434084
0.000836948632902613
-0.00015692154534803
-0.00149137619113302
0.00418141665789413
0.0106561504476637
0.0181230726216541
0.0123755186066743
0.0109087545855263
0.00711251237920693
0.00677683918538183
0.00243220690921852
0.00189364633090857
0.00736227278759307
0.00365558970208741
-0.00142953355260225
-0.00957168048256818
-0.00105704942834799
0.0030046492053773
-0.00310418301638964
-0.0077873095877921
-0.00489662775302546
0.00137534300677584
0.00162266925808587
0.000827134252569727
-0.000133762440726174
0.0057341378558204
0.00572083256581673
-0.00300292583365444
-0.0113331085783205
-0.016619868160927
-0.0122203275118479
-0.0123663249235771
-0.00579491889976515
-0.00825635083959224
-0.0158766178819612
-0.0118963371330201
-0.00390524968175139
-0.00222475664671486
0.00254818558214988
0.00785912023451314
0.00970906312716358
0.0112614080174621
0.016908479929499
0.0231224253646208
0.013898222809697
0.00824045493238791
0.00530130052080434
-0.0048540335161069
-0.0044860197386945
0.0100059891164338
0.01224341108176
0.00460850572758546
-0.00323905152401853
-0.00355215350288539
-0.0115676279138549
-0.00423816205073316
0.0015771217236473
0.00245504647860841
0.00119874229554289
0.000953363020570747
-0.000465642905899542
0.00161827286347081
0.000615158372329336
0.00681441164048523
0.0310960728973823
0.0294679811173706
0.0230536547817092
0.012416574756556
-0.0100137185483288
-0.041095313283087
-0.0545906341690245
-0.048362501652239
-0.0753131274865755
-0.0578808700302072
-0.0201124324005708
0.00882740307436992
0.0104753865527008
0.021706426867787
0.0327376784617108
0.0296560648273962
0.00673005798478009
0.00626110215292012
0.00604146835306139
0.0113686239504988
0.0114839497079915
0.00863712966418476
0.00502562768240488
0.00471862165507506
0.0114949251937827
0.0220352464111737
0.0236364398986925
0.0147517878597699
0.00754230811392834
0.0057986761840454
0.00320100532716075
-0.00081803201637464
-0.00136738703616455
0.00151979996791903
0.0010659227068649
-0.00210654151545546
-0.00618999633423805
-0.00717905220909455
0.0107300011760074
0.0125759699282528
0.00336096121866454
0.0108832269702709
0.00907842865050787
0.0113683065157269
0.0187233048927855
0.00885781506541406
0.00655385976033261
0.00549664765582497
-0.0126516451419472
-0.0100969356305751
0.00287502997935051
0.00203425662030154
-5.04626516194602e-05
-0.00339996537721284
-0.00829639284742589
-0.0249335652313859
-0.0355133648954537
-0.0106044069442677
0.00799402167226215
0.011877402974206
0.00420282245833374
0.00176468167248678
0.00248269919951518
0.00117164087695436
-0.000357548924098696
-0.00203048409120771
-0.00289829337904405
-0.000705213288151893
0.000290605547635971
-0.00303778982123913
-0.00176509524095906
-0.00277547149380615
0.0041642147621924
0.00123219623077805
-0.0022216971437189
-0.00504347903187181
-0.00313556281627408
-0.001062272314064
0.000238315179773576
0.00164898932687787
0.00159559957663526
0.00116467193956118
0.00453774304334719
0.00752678136349274
0.00938003809938838
0.00176248381322521
0.00431077506320009
0.011099889399193
0.0112932709824842
0.0116652359586475
0.0113244123334265
0.00255706574984299
0.0016716824122373
0.0126937868893296
0.0137263604254434
0.00930866805722181
0.00846904863654111
0.00226644035289367
-0.00346933306822967
-0.00663378971741775
-0.00729879014043571
-0.00976523566886446
-0.00819316547284796
0.00318127877982799
0.0102844944393799
-0.0084615198362216
-0.0107705363014441
-0.00594114731055052
-0.00146562649037468
0.000456579658498203
-0.00175059957406408
-0.00156269886891918
-0.00256623275877918
-0.0129298376098622
-0.0278462659857921
-0.0187244538735091
-0.00481608408260974
0.00152278538355779
0.000540942428001909
-0.00242221971093335
-0.00392575777625462
0.000448734520982044
-0.00405764254959866
-0.00722959412070213
0.00104150479661369
0.00177764308051842
0.00228954541465573
-0.00142565287030384
-0.032794936931304
-0.0535511742696152
-0.0398932475740784
-0.0298861111792798
-0.038400392236467
-0.026478359564861
-0.00108700057052377
0.00593436969158919
0.00203088418903643
-0.00377027802517005
-0.00402854079959605
-0.011184335163721
-0.0193033330697815
-0.0154948562199871
-0.00855657939746905
-0.00430314879997995
-0.00731052409202752
-0.0126405422784948
-0.00719522966811217
-0.00427484599471763
0.00446973595183176
0.00634796480797304
0.00191738899689633
0.0021270529565147
0.0025358698664828
0.000927293132397192
0.000123175218537714
0.000806795758792714
-7.7324510170542e-05
-0.000340595292354738
-0.00236573267730711
-0.00399289729569256
-0.00163630616549019
0.00128047429116563
0.000553481896675289
2.93899160054749e-05
-0.000424865040303495
0.000611502539198397
0.00333898425740897
0.00571999029268228
0.0061939678858068
0.00675134660141345
0.00259799486355473
0.000759607819284654
0.00144216127073877
0.00254214008202563
-0.00648233875812368
-0.00517558212215718
-0.00240759698080148
-0.00144544573921773
-0.00400144499383622
-0.00408745555276112
-0.00289307665160276
0.000650309467995278
0.00145013334621657
0.00310079687815686
-0.000270838995571199
-0.00377610802514006
-0.00253002498519342
-0.00220331864481096
-0.000461542818893625
-0.00107446416756348
-0.000965154288030547
9.29995437411477e-05
0.00116541688979112
-0.00119524607245455
-0.0011677958149768
-0.00202135940962045
-0.00242103153700646
-0.00438796026083903
-0.00441188943629743
-0.00524089662845761
-0.00551288695221319
-0.00462966230278175
-0.000688645478881891
0.000360338455782219
-0.00030492209828186
0.000280570275481075
0.00240983015799434
0.000902870607623108
-0.000134390359006221
0.000265668547172136
0.00033313428460373
-0.000610781024761361
0.00203753844295035
-0.00238395277384832
-0.00579700069817338
-0.00703039749904702
-0.00929395853835764
-0.00958920577963475
-0.0039689397105333
-0.000504901091927617
-0.00129124556305807
-0.000939118640749708
0.000549700474778789
-0.00143214409389904
-0.00577104888236181
-0.00671104135866813
-0.0093010748910343
-0.00900565648435972
-0.0125291178337044
-0.0149984010052865
-0.019168903576542
-0.0222098247728887
-0.0282996708166838
-0.0264222069415131
-0.0140974435802869
-0.00950746523398348
-0.00667171302555838
0.0036133368264108
0.00856326954816058
0.00257636841448666
-0.00155043209090524
5.07656714881942e-05
-0.00216359350836044
-0.00410488997989959
-0.00434303139902512
-0.0029741037755304
-0.0024043981039433
-0.00434947621321789
-0.00551454631046311
0.00120906345678113
0.00258034794805684
-0.00165226104667519
-0.00224311406651492
-0.00108859234722356
-0.00311161874269082
-0.00333698420849655
-0.00115385594149507
-0.000478190569340412
-0.000499542426172403
-0.000226763430009158
-0.000456573335017342
-0.000472474226767779
0.000896856883005587
0.00106517762393094
0.00132088894431731
0.00148511313894663
0.00174760030931044
0.00101206645637474
0.00121783958271812
0.000242107571373872
-0.00104347040731955
-8.69902565350346e-05
-0.000764188867740236
-0.00210151133971381
-0.000153974798704291
-0.000400222247624207
-0.000727683451337981
-0.0014498429465646
-0.000743812893537463
0.000488503731012884
0.0012698657074613
0.0012680030589707
0.0011509602763733
0.000646568456692259
0.000298558263492771
0.000944638645272985
3.09679542395171e-05
-0.004097452136931
-0.00404452997465156
-0.00311652506447621
-0.00667231725137067
-0.00545050709271814
-0.00317909165045584
-0.00382909779378391
-0.00530251645786264
-0.0062063948807052
-0.00579616781143613
-0.00340845770759483
-0.004974992843035
-0.00440249285644557
-0.00147695545555229
-0.000483317349341968
-0.000875657860639655
-0.00101524819756256
-0.000993950130603699
-0.000700182708754481
-0.000606125351077979
-0.000772825925157123
-0.00161026385868322
-0.00175711178832839
-0.00140840750705157
-0.00131101986384357
-0.000860073946829174
-0.00023798188404393
-0.000165242445649327
-0.000354825541386522
-0.00083938283920726
-0.00112668665309649
-0.00112668665309649
