-0.971643246109766
-0.980299970358103
-0.967802108959804
-0.914827641754182
-0.834380620666086
-0.721159392546282
-0.571631309043945
-0.449782087793727
-0.348826252332593
-0.163041731227576
-0.0863159336815265
-0.198611431578204
-0.343989368959683
-0.41234884173566
-0.443265455382447
-0.388435780816414
-0.248900021378769
-0.127710967492374
0.0426338882712672
0.0827196513117181
0.0133135192202697
-0.033058574871627
-0.0731212291514468
-0.129458393257622
-0.151450081167917
-0.0904955279318232
-0.0457483517156945
-0.0255407894759625
-0.0196402246970102
-0.0104761623463958
-0.00103481248823774
-0.00141894606873923
-0.0139538698385696
-0.0190625826634386
-0.0277319717024463
-0.0291683680660256
-0.0322687427572728
-0.0511409353787734
-0.0584798764242684
-0.0372065652872576
-0.0208406759574306
-0.0152092023408033
-0.00416478172160629
0.00133735687416484
-0.013303433266828
-0.00584228870302282
0.00660183947180051
0.00656911085353829
0.0226425717258849
0.0344761964513304
0.0119110090926651
0.00468405183211148
-0.00256927851426796
-0.00740415252477131
-0.0170848104306321
-0.00932111712830656
-0.0169948286812156
-0.00570099979772059
-0.000188435267205247
-0.000418351994719677
-3.91051679912284e-05
-0.00263939171016914
-0.00166502785736975
5.92620374730623e-05
0.00711788260955505
0.00695075593375886
0.00571686852015313
0.0147041867935144
0.0143506401966665
-0.00430611543764208
-0.00219125958400862
0.0040363996386812
0.0249393970796368
0.0847174573152317
0.0798496950568456
0.0436282995707504
0.0198877504760767
0.00179378410170161
-0.0118284543662993
-0.00392987023167529
0.000764501471192272
-0.00936164039640049
-0.00490852836288948
-0.00268867640001622
-0.0161554772390093
-0.0254445569976748
-0.0228261852128848
-0.0212840492316537
-0.0224944916910604
-0.0268632040569821
-0.0171632140791184
-0.0122271056566615
-0.00268130192029366
0.00532493202496596
0.00637858769086736
0.000839596467439273
0.0105088602013045
0.0175706396679598
0.0255029415757335
0.00297631804757661
-0.0311018496616662
-0.0265444244771529
-0.0143307546991726
-0.00429679995125922
0.0179324034684273
0.00544337741862208
-0.00598190131282642
0.0431128049055972
0.0244524889255776
-0.0096192605934825
-0.0244715544740082
-0.0104025780116122
-0.0108825686454058
-0.0286312027579047
-0.0438346625722516
-0.00140102971919214
-0.00404990621231426
-0.00497440957348245
0.00350947701056588
0.0181713070360966
0.0132481150794607
-0.0098893753433888
-0.0249793414400199
-0.0426077563786509
-0.0315965470849723
-0.0140706158696733
-0.00944584954607232
-0.0195176095625333
0.0023413796885778
0.00366255466182355
-0.0129773488412303
-0.0140169983754405
0.00356351172966131
0.00880647597721209
0.0144501453971997
0.0117973984866712
0.0173037906523343
0.0132665077064603
0.00334055285222734
0.0101894493894689
0.0101078439015699
0.00198652589446205
0.00804585717547539
0.0127844660244045
-0.00172798087618783
0.00164543762110091
0.028188755755004
0.0381428892531409
0.0832776393372632
0.0372623952808794
-0.0341145910177474
-0.0265517628287987
0.00735161805758278
-0.0010935996299477
0.00331073923038791
0.0186314893258901
0.0333813821497457
0.0452950180031165
0.0746044743484419
0.0614314761396571
0.0590807748114011
0.0309623303036977
-0.00269358912901696
0.00365596888577831
0.0167526898266016
0.0255651119164983
0.0210247140437956
0.0399674283677304
0.026934736976352
0.0199868303370794
0.0183657402052038
0.00465122202371924
-0.00143573555453709
-0.0187482025406971
-0.0109973501403545
0.0165995806397942
-0.0046310346205678
-0.0288547396980237
-0.00812981530242636
-0.0240283375876681
-0.00676280792127848
-0.00308303704246435
0.000648068560560001
0.0107626156853728
0.000877714579553556
0.000316940821666944
-0.000564186634808864
-0.0026855733910656
-0.00291057340246802
-0.000282002603825413
0.0037591739847368
0.00139074004163093
0.0209611058216829
0.0133553186491512
-0.00168970231279872
0.0051043154039579
0.00994777153375271
0.0154986693294851
-0.00201329795989657
-0.00650185371869011
0.000950432053249562
0.00623338118739323
-0.00430275765928529
0.000168338505545752
0.0123575865888898
0.00865727296013863
0.00016083157879066
-0.00390230248200021
-0.0120048042572487
-0.0311677067865709
-0.0165859872631002
-0.0137731648651737
0.0138956487677052
0.0115774090219243
-0.0211825558210353
-0.0300112179735143
-0.0396278551588509
-0.0336237347392304
-0.024792792531128
-0.00757332912210487
0.000669578324864691
-0.00588539120294097
-0.0129654251317773
-0.0232905657336349
-0.0342473166609745
-0.00671567216861073
0.0027615022374134
-0.0121723790475524
0.000917523172761441
0.0048279649565618
0.0190268508423704
0.00226822692638065
0.00858697084632522
0.000757264017992554
0.00997901118314948
-0.00180944677759376
-0.0064684420150606
0.00932837680934036
0.00919245077433925
-0.01488940691286
-0.0144764947768871
0.0296876256706353
0.0517601418631569
0.0426496238003909
0.021393058195991
0.000756373153504327
-0.000714259904210262
0.00466412444831583
0.00027946838434605
0.0225064238458017
0.00753252437221514
-0.00406876048011928
0.00128413106977696
-8.61917222340193e-05
0.0183897923748583
0.0396076249487052
0.0448547179136805
0.011884886678618
-0.00124868373106288
-0.00521858932998886
-0.00181068106437987
-0.00595775247679652
-0.00296136376723176
0.0100632697471813
-0.00923494666160551
-0.0132256258786217
0.00609768212633216
0.0146690578000923
0.0144316472802501
-0.00159367225401233
-0.00044450499444812
0.00875212280847736
0.0306844551273257
0.0114036219909842
-0.0191600339320128
-0.0176542923272704
-0.00177700744640518
0.0401767551851954
0.0650769146847396
0.0950162712413779
0.111341365777053
0.0441425669400589
-0.00807757845510691
0.0771255027560944
0.0355836664332664
-0.0209278375456343
0.010816557303356
-0.00524752198009814
-0.017676174856482
0.00490668881711159
-0.00641498586712774
0.00830017067199281
0.0540643594003152
0.0633664196415897
0.0709171715210087
0.0432437287240883
0.021315829089238
0.0264356947643083
0.0150767417070192
0.00489831227633202
-0.00135238449286564
-0.00733868411939951
0.000992438982599198
0.0363365588987559
0.0277812047038018
0.0160116396565372
0.0137122292354681
-0.000715690484046627
0.00247853503560154
0.009261012125203
-0.0252416237606662
-0.0519241720788948
-0.0500625687990992
-0.072301623330096
-0.0626301137116901
-0.01827207596357
-0.0122286223577587
-0.0272562299673504
-0.0223666720290827
0.00092333412682824
-0.00360499034459768
-0.00618429705947542
0.00480164274310536
0.00450839022147162
-0.00237417154809829
-0.00213776434617564
0.00259562408079901
0.000360717619094723
0.00800109697257332
0.0165871602473665
0.0117093430615514
-0.00127494592599594
-0.00015050245758045
0.000855883759349877
-0.00612561434533421
-0.00902198815922551
0.0116657458724406
0.0148576151787949
0.0224513843910026
0.027827215752561
0.013850291863154
0.013372966448189
0.00501041824103887
-0.00417708421890796
-0.0109032854132921
-0.0202977580180787
0.00715563316686086
-0.00365377270041576
-0.00183612171886599
-0.00451869106210611
-0.0218249864738754
-0.0155748002803537
-0.00457461906539518
-0.000146709063297914
-0.00335784538179463
-0.015670335944028
-0.0261129713985266
-0.0163185682794837
-0.00881524697954533
-0.0130061354386456
-0.0152720307122726
0.000820516584377361
-0.000913220127562283
-0.00190399811254908
-0.00382992182190856
-0.00564509509834206
0.00415349561261134
-0.00223125002516025
0.000428172335103808
-0.0145610532391836
-0.0259985869046994
-0.0331759389844549
-0.0191117229475397
-0.0381668815197794
-0.0210301023145689
-0.0116080087277876
-0.0126753463428317
-0.0125356003452483
-0.00155469384148524
0.0123660884786717
0.00848548784334906
0.0018396669702582
0.0122723632331282
0.0150931883647023
0.024266960509663
0.022087841838438
-0.00261919981954982
-0.00315757963223585
-0.00761691117721836
-0.0591539218338984
-0.0884218923987027
-0.102695920527992
-0.0734403410457967
-0.0814635311609116
-0.0714459060890514
-0.0411188029727263
-0.032651844510937
-0.0213538661383803
-0.0123598747980763
0.00332414392667802
0.00381984869329192
0.0139618239928571
0.0125491009148148
-0.00572860583799136
-0.00990568129754621
-0.0116670979736651
-0.00350630914233331
0.00445129900020265
-0.000832571544304813
-0.0187703548233066
-0.0235217216782079
-0.00433801653497598
-0.00396690392360761
-0.000533024053441643
0.0107500330041417
0.0126694112002496
-0.000307176208754784
-0.00730883957234406
-0.0119491494809969
-0.0381235145966225
-0.0316158457452083
0.00308362459778082
0.00157217627456452
0.00557294724635853
0.00428661328463442
-0.00796099439736943
-0.0121731175657337
-0.0120037149783054
0.00839000282153276
-0.00684318553862604
-0.0100435243855991
-0.0135290584467031
-0.00799645766160475
0.0152697157955101
0.0156772303289578
0.00121060122710565
-0.0117773657671965
-0.00105331773807695
0.00995260770495822
0.0031412727463194
-0.00741413726097647
-0.00292724198183661
-0.012809517340726
-0.0189748757585247
-0.00445538822438346
0.0110320916400171
0.0358481935141878
0.0355986562402886
0.0292555883770093
0.0159618503986417
0.0236660103529269
0.00531044025052965
-0.0126115364053497
-0.00431806919846859
0.00937810209464717
0.00860497438134704
0.00275734867884266
-0.00582685085987135
-0.00448770968213115
-0.00597975936506601
-0.00215848449941028
-0.000116614044984467
-0.000229072638327067
0.00332407858712211
-0.000136718243085306
0.00255884473927087
0.0114225771551578
0.0105997548858077
0.0150238518543143
0.00182093367781344
-0.000707372813115441
0.000179664894952243
-0.000597643078639038
-0.00320694089424632
-0.00285091375850403
0.00225362102842408
0.0122528091494676
0.00109685178131008
-0.000272099437136141
0.0116169250245852
0.0234121224194782
0.0252004700102409
-0.00926346331359675
0.00076451164837305
0.00640361552163022
-0.00802620257661379
-0.0323082543140838
-0.014079495231537
-0.00569359899983787
0.00148348496384906
0.0047581458541556
0.00150110388093385
0.00926829050784574
0.0216019645428219
0.0257146259585132
0.0149612251633843
0.0109395832862201
0.00580881481597122
-0.000371545885579915
-0.0106383529345193
-0.0244152124630145
-0.0117229636987822
-0.010182101944587
-0.0120849899880628
-0.00553391107913997
-0.00411326788879678
-0.00828082840768742
0.00818762037395077
-0.0108903412649104
-0.00565200688782694
-0.00238432165001916
0.0115159194927912
0.0142573178923331
0.00809468649519107
0.00846174240644819
0.00776172971394114
0.0101649223682478
0.014352895866579
0.0127806895936849
0.00378001576849351
-0.00526327593375443
-0.00388591453825657
0.00056777557061634
0.00527930786932646
0.00898906066616594
-0.00544481853412732
-0.00965637613720664
-0.0152409915300404
-0.0061597995403929
-0.00345561874502518
0.000785171468415994
0.010468474088834
0.00807380988285311
-0.00284672502558257
-0.00893481104139972
-0.0110880882414585
-0.0254932854748355
-0.0315103685830839
-0.0276769687373792
-0.0114600739111098
0.000257111375600682
0.00162581560301871
-0.0143035500118652
-0.0393228681149742
-0.0445516742774494
-0.0459172427591467
-0.0330637684487835
-0.016955156193375
-0.0127143838340127
-0.00975699697367646
-0.0226082174805922
-0.0128120454206114
-0.0117640678734445
-0.000529005018444257
0.000368740659474174
0.00168029345185775
0.00104337690572356
-0.00249845246496516
-0.00912226875790923
-0.00746150421683876
-0.00410136064503016
-0.0101773411371903
-0.0164963964258089
-0.0212612872635841
-0.0163445175693173
-0.0135031342535095
-0.0168733663174435
-0.00895435006654472
0.00510249598966004
0.00620923785752648
0.0113295419797379
0.0123270279208337
0.0198201002518279
0.0156414120305807
-0.0157309835848915
-0.00406844272762602
-0.00436623320595435
0.000235168362879495
0.00802338727247557
0.00291726975658104
-0.000107120981888454
-0.000437352776513265
7.16487117652395e-05
0.00740325109433523
0.00152534945260591
0.00429186314058442
0.00723808414574682
0.00759349097682936
0.00597609826048883
0.00375204640367743
0.0207871683309279
0.0402312284099228
-0.00152464192996811
-0.0155100772254556
-0.00898184627529646
-0.0256160240381018
-0.015371780478017
-0.0157710424208383
-0.0321419456407453
-0.0362610220559276
-0.0199761160254916
-0.0113051708012801
6.61357213602671e-05
-0.000531011718113943
-0.00621186806645745
-0.0168114432581279
-0.0198751117591515
-0.0141315902902535
-0.0101196494208973
-0.00713768957394978
0.000289352893396121
0.000253849650686416
-0.000248224171864309
2.08617746578427e-05
0.00965214246164393
0.00392004508559969
-0.001531189274331
0.00355943711448145
0.0134103937636767
0.0125706280571794
0.0073205602057904
0.00826556308372055
-0.00432829704541007
-0.015509460929212
-0.00563155950847113
-0.00523942576927492
-0.00312310456338675
-0.0105649090398617
-0.0188356378168393
-0.0188610079001937
-0.017700709317357
-0.0079495816065374
-0.00130059236502701
-0.000710405746153399
-0.00386203326335957
-0.00361103010786293
0.00512618968314886
0.000833171028184728
0.00587536185658434
0.00665951902459593
0.00488898878437596
0.011362638482868
0.0100176639876895
-0.00644269897594076
-0.0109464600281312
0.00569620753665415
0.0057530604933022
0.00256900694254597
0.00219248431830716
0.00078487879170122
-0.00379303026548659
-0.000852987956449835
0.000255524749291393
0.0053368701182352
0.0192379894492548
0.0208615191426346
0.0109340460616256
0.00121946971460252
0.00224794281011389
0.00766121356940442
0.0104497773847122
0.0179329346824852
0.0124225951662175
0.0025318899040552
-0.00598931356495515
0.000683281869774332
0.00838394368327377
0.00670149636610625
0.00704706436306936
0.00140294402334155
-0.0109001720949576
-0.00373973822982876
-0.00506230617850665
-0.00351695259395815
0.0137955956731615
0.0107081840196614
0.00321093926382239
0.00312274667377808
0.00139165662875892
-0.00531027697066348
-0.000270500605995186
0.00193973583303052
-0.000159811477878865
-0.00253354685236774
-0.0105625607299943
-0.0139614162786551
-0.00841266891145788
0.00689299258357408
0.000502638812198913
0.000243652477917933
0.01312325910724
0.0213803050637711
0.0120878539806584
0.0184812289296744
-0.0068048019077153
-0.00785449715847001
0.0075207962471236
0.00183613931973476
0.00486981462261157
0.00171989123572369
0.0022201423760996
-0.00168761297999911
-0.00137313577200496
-0.00200669161857353
-0.00146380905764354
-2.20703109287193e-05
0.000798076072206361
-0.00102392490010523
-0.00404756679979478
-0.00215618811343477
-0.00294620993177385
-0.00594217745575799
-0.00272952372831911
0.00574170189939921
0.0117259323772597
0.00941820902228269
0.0137463659499574
0.0199970709554985
0.0152313785898053
0.00569839126114607
0.0117374422099511
-0.00221522505716893
-0.0160993838410366
0.00129082563764083
-0.000118083055075982
-0.00825872876806116
-0.00762987690253642
-0.00225915851694608
-0.00288649474713822
-0.00706354298498055
-0.0195474295852442
-0.0347750292259337
-0.0111664170418395
-0.00187517347469728
-0.00576912476326387
-0.00121373834635739
-0.0053656283598678
-0.0139268339934151
-0.00908091987227791
-0.00946958592899393
-0.0110842023013086
-0.00131883191795767
0.00247981122669025
0.00364658966868068
0.00719160832454531
-3.55015398447282e-05
0.001774299055448
0.00239466036148331
-9.37967824345808e-05
-0.00222477124247807
-0.00713315702770596
-0.00827331382625108
-0.00483705274209887
-0.0135783425016302
-0.0159644042811486
-0.0173943057175237
-0.0140957790345343
-0.00800610777298824
-0.00222942730169442
-0.000240183903867831
-0.000421821523933999
-0.000531124308070329
-0.000850324867071412
-0.000749780089485465
0.000386535717955241
0.00491509269399609
0.00701756949889617
-0.00473547167959022
-0.00823605983470178
-0.00984295409096186
-0.0104888426795012
-0.00144444955789193
0.00166671015034347
-0.00342657070015272
-0.0017908013149705
-0.00196153604811442
-0.005250719833936
-0.00104467518866147
0.00873104614306208
0.00965256273430811
0.017700494169628
-0.00353485228745312
-0.00691504108592763
-0.00218000824769558
-0.00486585699553337
-0.016483906079328
-0.00721232028321939
-0.00781563004030224
-0.00351186593894157
0.0001274968817617
0.00087403200108981
0.00500290239010037
0.00275980288599207
0.000552882422053256
-0.00111378486497078
0.000426972755124787
0.00445861730162366
-0.00280742521960613
-0.016142257983781
-0.0249032929577693
-0.015734177074826
-0.00263373152834606
-0.00517366437842504
-0.00605280056706355
0.000243371220532588
0.00130886178310499
-0.000132393277812474
-0.000376439572848014
0.000496374558821296
-0.00254452658465466
-0.00606662342673978
-0.00960132961938064
-0.0135764685198576
-0.00851176298763548
-0.00108097864358438
-7.52042458857108e-05
0.000138276183050563
-0.00255823590842225
-0.00868788168561796
-0.00718074548615196
-0.00045478840532655
0.000729088665752682
-0.000393286581358721
5.65459576847406e-05
-0.00163258842052065
-0.00423110943932159
-0.00394942480904189
-0.00960280505797106
-0.00513792239989646
-0.00837293640428652
-0.00183615557204001
-0.000986647133162137
0.000342756960033105
0.00699063030056347
0.00592931132018332
-0.00245300582644443
-0.0052647338727154
-0.00277583312161246
-0.00364340738733263
-0.001987410895739
-0.000959369584462399
-0.00187275458982974
0.000774244606832413
0.00425821962368875
0.00560928267849097
-0.00502997576297375
-0.00728219671466121
-0.00782704163265004
-0.00284912886573033
-0.000694887401975193
-0.00781704772630239
-0.0136762726963327
-0.0116035570715689
-0.00656179013279521
5.70329765308493e-05
0.000386287204908816
-0.00178220948345317
-0.00345140055133329
-0.00319614730988087
-0.00442372321081655
0.000760464861638769
0.00214874954305537
0.00161741966888265
0.00229940196050485
0.000900911048234843
0.00390943674370596
0.00626124573006843
0.00626592412254324
0.00545302601850914
0.000807427683062412
-0.000547968285665531
-0.00111284138041913
0.000139494544830004
0.00213250964510442
0.00232176094831122
0.00108864355229578
0.0018116069158578
-0.00101692926503031
-0.000270904213672069
-0.000207997919057357
0.000958843142588941
-0.00218500760704705
-9.68529468764279e-05
-0.00421164107090497
-0.0123730781768541
-0.00503300946788579
-0.00643020861708746
-0.000728110698800832
0.0070115637912376
0.00435120912806187
0.00356753442449498
0.00259092743060612
-0.00146691719411687
-0.00859168378145185
-0.00952383709660065
-0.00500765643071992
-0.00168128212467144
-0.00118082025029936
-0.00218237026240669
0.00055763056997434
0.00363159187613526
0.00506604371362521
0.00735113798424735
0.00739795154173046
0.00407779950188455
0.00490053070146498
0.00255522764215594
-0.00661736104040573
-0.0116833595140558
-0.0133209521174121
-0.0229159670229645
-0.0164420820322357
-0.00356929841490318
-0.000946898746692317
0.000302299835711055
-0.00155071332362254
-0.00154176870818012
-0.00188982290226757
-5.95982165166719e-05
0.00205341804138234
0.00406543270187657
0.00176744948908785
-0.00207175089724233
-0.00190056916349634
-0.00161391508943479
-0.00255655451695104
-0.0017358254677584
0.00042384914946744
0.00101803902691688
0.00171306544474582
0.00267469530775049
0.00289839313827103
0.00152433177738011
-0.000312999590416168
0.000754363680005641
-0.00224507907421359
-0.00560612462477363
-0.00895744338293861
-0.00255752375922776
-0.00166398549219655
-0.00282203565877111
0.00113838704591565
0.0047279011227098
0.00244611087914005
0.00173398861003696
0.00116424796698126
0.000738685315229045
-0.00118451569206184
-0.0016126555470692
0.00116186318053362
0.00144722342014546
0.0038524801103935
0.00421131013647139
0.00289502904769824
-0.000195795482917884
-0.000993408138302247
-0.00225454735746265
-0.00258823091297306
-0.00100458656537905
0.000663642167725074
0.00062957761215337
0.000734681617306455
0.000870926613136967
-0.000691393974781344
-0.00196068119425786
-0.00472876220738853
-0.00447541348678084
-0.00392165015331472
-0.00190484762999492
-0.00244934941819673
-0.0010421515580208
1.83817318573237e-05
-0.000810276629683709
-0.00154118650037924
-0.000497490127034249
-0.000957726728944045
-0.0038708895979841
-0.00590412878404471
-0.00404503119963891
-0.00200842004773659
-0.00241606970113814
-0.000918781515753353
0.00146798901325261
0.00190348258850078
0.00211989288151373
0.00138602803530745
-0.000124311948817994
-3.64772089160468e-05
0.000245599521587932
-0.000496189142711833
-0.00068513557090898
0.000153831620781325
0.000816807032849937
-9.5965910073572e-05
-0.000198414976941405
-0.000364097161152105
-0.000217481553027933
0.000303485046829547
-0.00068053506051833
0.00140205647134893
0.00134569328276124
0.00125827586647841
0.000417996878521554
-0.00235693473654952
-0.00143808878271366
-0.000734115531120202
8.51506931075697e-05
0.000533192587889789
0.00143688967448432
0.00251688690485974
0.00264861145070559
0.00114486889982446
5.77002715160986e-05
-0.000883985959316976
-0.00128581105464505
-0.00145255994183924
-0.000144165311604102
0.000138209583241549
-0.000399888470677883
-0.000619368276825934
0.000154114242641792
-0.000257422663423785
-0.000987795260993576
-0.00199789490286985
-0.00221055654843503
-0.00319895536233343
-0.00263294701594132
-0.00243930911279605
-0.00161336012240239
-0.00125418028877705
-0.00106102130942925
-0.000337131851428594
-0.000562364594430418
-0.000562364594430418
