-0.994057085642514
-0.991640090258577
-0.979389322583779
-0.964196434229531
-0.874169904553959
-0.809426848592498
-0.71659270910472
-0.525773707719908
-0.403905821688797
-0.272368808700493
-0.241754315683768
-0.236231423853245
-0.186392792339646
-0.205664085361385
-0.216979068804915
-0.126088927943617
-0.114544505048646
-0.136950813773052
-0.2180311979204
-0.164418110020482
-0.108890916030464
-0.0835217895644059
-0.0167740207365539
0.0292371476536022
0.0149649680120099
0.034402469403378
0.0372299241057843
0.0276942431004744
0.0485589068192012
0.0706700033396396
0.0367549141264088
0.00777302961657751
0.00441752438416061
-0.00779337151119133
-0.022094133195549
-0.0231302099534293
-0.0316588358688852
-0.0274776777899363
-0.00987455595036485
-0.00663171747487755
-0.00856063206302954
-0.021240958428548
-0.0174877651650366
-0.0188419007951162
-0.0088139890494927
-0.0078034473226265
-0.00985619114823094
0.00213054248852038
-0.00278070417177573
-0.0140423393236198
0.00791680044259506
-0.00258032449738656
-0.0121879003330631
-0.0141776269703681
-0.0161438235966997
-0.0190582274289102
-0.00920319738123105
-0.00341172020552075
0.00502076002957379
0.0167278435002514
0.00385562351971735
0.0223674149972581
0.0184549452581455
-0.00240114261165902
0.0124002250598243
-0.00242925917861577
-0.0034694818581399
-0.00231088090878785
0.0118956669037799
0.0246667993968164
-0.00116251790253514
-0.0105791430844009
-0.0333597446694041
-0.050293185833324
-0.0427702344938782
-0.00079456361534791
0.0267182589095986
0.0024525934611389
0.00244102648771166
0.0124547782071004
-0.00156533619017126
-0.00667539702992767
-0.0218101535178054
-0.00277832148375204
0.00635559842991977
0.03508181430281
0.0387278362443234
-0.00824787718706215
0.00244132051710963
0.0200510706414783
0.0142002065322351
0.000727726524202908
0.00413179179816527
0.0136433809405757
0.0195389089748923
0.0204649213404426
-0.009032895284788
-0.0298041487674075
-0.0310445950555598
-0.0281957218678434
-0.0214353190874603
0.00570004748247973
0.0112196105389519
-0.00545449114492356
-0.0196038200819929
-0.0216487711830307
-0.0216505743666062
-0.0227496175360398
-0.0201771013589952
-0.0121985906335109
-0.00725178401089837
-0.00993579395826727
-0.0168889350900694
-0.0212816266209309
-0.0354443673212769
-0.0457115005604542
-0.0686126901573435
-0.0779543090301683
-0.0867951415310274
-0.0750436115211762
-0.0404188034626662
-0.0233570610756937
-0.00895044855012643
-0.00499586419096264
-0.00565521485708659
-0.00594234418034914
0.000172757582690551
0.0117350432541087
0.0148861571556903
-0.00222548731489031
0.00944634285203297
0.00528823160134415
-0.0246009411966313
0.0132501214978433
0.0395457912937849
0.0606387800747444
0.0214719227337789
-0.00533890909159673
-0.00626077627039345
0.00938437154234024
0.00159921692580229
-0.00917517903055209
0.00260217520205072
-0.0023844104407647
0.0035536101277256
0.00507870868277136
0.00262374731192862
0.00890217934935688
0.00351617138870867
-0.0165816663518578
-0.011765858025579
-0.0189994377223518
-0.0204775077233022
-0.0120403269483285
-0.026362714345483
-0.0251607855332983
-0.0103627963763922
0.00542003648721918
-9.76356096116654e-05
-0.0167705065428188
-0.0573059664851132
-0.053840699279205
-0.041401116891012
-0.0749897039606085
0.0161905627670325
-0.0137328338237222
-0.0159101862348725
-0.0389300221602221
-0.0420479083158764
-0.0538973008931834
-0.0432379037709221
-0.0457578590302342
-0.0152361239014413
-0.000951583992726341
-0.039971211684368
-0.0370534771335407
-0.0317281392216937
-0.0442442853908366
-0.0045923521864826
0.0918091176383203
0.115481272341798
0.0661628589011975
0.0415590259595747
0.0188057228605848
-0.0451417295196569
-0.0817019282369258
-0.0575676621161209
-0.0332295518886734
-0.0285010177510572
-0.0245693315967758
-0.0116062979095923
-0.00609554513470492
-0.0350435915472516
-0.0111185449831302
0.00649297854949402
0.000198412472563337
-0.00225528270303722
-0.00635884563566079
-0.0171265152586675
-0.0129763646868406
-0.013496683648175
-0.039230222213909
-0.0327417733406806
-0.0249935008532457
-0.0257741714659377
0.00805935344700448
0.0359544693378926
0.01897108774832
0.0131080615788022
-0.00407289033234842
-0.051779200148502
-0.0836293830111052
-0.060091263565142
-0.0406090376780118
-0.035783283906512
-0.0166587105434967
0.00452137040551205
0.00435142558395123
0.0194744182304789
0.0210382928055813
0.0194446052855522
0.0034128425100654
-0.0128474164819484
-0.0078717138359575
-0.0272142898679577
-0.0379568091828523
-0.00323230757140079
0.0172162566471269
0.0124236431615859
0.0158015341498258
0.00765846660081806
-0.001378719608553
-0.0024649722839464
0.00295074710157629
-0.00425499464183374
-0.0212265027968552
-0.0136330330807533
-0.0239925440557605
-0.0146434822423022
-0.00273909822411511
0.0202973373470014
0.0124544637185724
0.00423249200456536
-0.00368975762420878
-0.0165478453683484
-0.0164152755363268
0.000499590271651065
0.00253495493238823
-0.0125000882614932
-0.0118326562266121
-0.00569209964936421
-0.0124078521069704
-0.0100907558192524
-0.00795445986534279
-0.0208043596918821
-0.0292121203145214
-0.0187000099274712
-0.0110759632061665
-0.000596996136015683
0.00373704961822134
0.00874089528352213
0.0218594057045504
0.0143208188952092
0.0163800702026479
0.0192118254122747
0.0255384107934272
0.00553617382679638
0.00109308710721612
0.00382122498182949
0.00293984744171572
-0.00650655859429737
-0.00860288234757554
0.0262404755124408
0.0227298133217923
0.0205010703097144
0.0101766729120191
-0.00295877257445837
-0.00920775354998293
0.000893937688791172
0.000106320767347588
0.00218829225435718
0.00663496976076008
-0.00980242316155583
-0.041690644790426
-0.0251940391200052
-0.0132899921767432
-0.018766112009026
-0.0191899587032119
-0.00685025435997127
0.00139885825586106
0.000644334405980759
-0.0272183496506985
0.00805293861295465
0.0362690496865759
-0.00552244239330091
-0.0114608878723147
-0.0159496839660611
-0.0060894967802577
0.00417990662728806
0.00378791821189364
0.00736471299519206
0.0114443762345658
0.0132885073603818
0.0147808211125468
0.0145719387328655
0.00753954469010877
0.000926451447531821
0.00435792544119401
0.000851313960293253
-0.00258487200931014
-0.000236740923446692
9.81382839350085e-05
0.00541528177791466
0.0139226495128077
-0.000141394575208823
-0.00453862117541122
0.00679392564570049
0.00489198323223441
0.00351465343725667
0.000498439929522408
-0.00483194728674237
-0.0129690000657904
-0.0132411136338187
-0.00195993370261479
0.00150763204390828
-0.00856260285696294
-0.00879751297485327
-0.00756281439684658
0.0146594505890408
0.0321037730337166
0.0141917497986452
0.00447262496482313
-0.00476748076486183
0.005395972716989
-0.000894228500587836
-0.0143568916436176
-0.0133520472781787
-0.0259118095570267
-0.0395022171144729
-0.0269194986283663
-0.0109199207950486
-0.00197073808866796
-0.00108717358699134
-0.0110686871950498
-0.0167117750305864
-0.0092568014738244
0.0016893262947781
-0.00450179386453191
-0.00998198200426964
-0.011436347687781
-0.00144493783168742
-0.000812085227891124
-0.00227066175167188
0.00393294017245643
-0.00107244744543467
-0.00269941179729418
-0.00520724302224951
-0.00271593404781676
-0.000144029191846928
0.00150083858020939
0.0214081685262738
0.0175027341042061
0.0188160819137139
0.00149158572855471
-0.00379781157006017
-0.00946039884245324
0.00318402749324587
0.0187285022925126
0.0231582842513819
0.0301223331879961
0.028855027346975
0.0277972601635916
0.0174241355533913
0.00361690874037844
0.00573335946275967
0.0333950417977491
0.0313173653927604
-0.00297408165934381
-0.00526540165015102
-0.0015859880684313
0.00668435969868454
0.0235125236297011
0.00823726951355714
-0.00612411423773307
0.00608552637995926
0.0088166558548686
-0.00586211695293834
0.00376471294698555
0.0041309199207722
0.00945426874969749
0.00360147461642466
0.00803259412840493
0.0255272425831889
0.0274319224478421
0.0524362634904836
0.0243776338622521
-0.00723583612104754
-0.0201949989854224
-0.0225056334267333
-0.00371565678913975
-0.00418654399481969
0.035205178410965
0.0189835681414082
0.0117809928218545
0.00735732276779774
-0.00186457780306414
-0.00577574433584904
0.00444724105868679
0.00434324957623151
-0.0119743531479251
-0.0131078496251865
-0.0266897678069598
-0.0227552643696994
-0.00203072100741654
0.0193862311540512
0.0394716401213118
0.0525386676765469
0.0350914654732858
0.0202175721413524
0.0167543815067261
0.015703808248449
0.0258762599806152
0.0145755219085345
0.00517776279738246
-0.00580451429358292
-0.0336853568261865
-0.0399283789130427
-0.0375095589940258
-0.0407920919971751
-0.0453093655079273
-0.0433581713857304
-0.0165500446060292
-0.000261742006193205
-0.00100305816177912
-0.00343398685853022
-0.0041959740088179
-0.00845853905232927
-0.00304847389103816
0.00157752256970144
-0.00462765378883971
-0.0270452991332285
-0.00833196784157151
0.0097298949647684
-0.0027469814114919
-0.00947947893595753
-0.015660925648719
-0.0139377967574268
-0.0105414515858526
-0.00687342961438326
-0.00628732945960507
-0.00572929013333846
-0.000388498571408692
0.00786262923385201
0.0180670142369125
0.0164815628986175
0.01291572125733
0.0128444451621644
-0.0128384938234034
-0.00566641598371055
-0.00294176715449493
-0.00305969540071177
0.00265518321673511
0.0100494612701578
0.0129294717715134
0.012556085397618
0.0107046629610321
0.0137717561998262
0.00390198165871714
-0.00726087877473371
-0.00728674174327078
-0.00546105423353443
-0.00866425756061854
-0.00776822060279684
0.00733379958354364
0.0040870149982138
-0.00449069018348018
9.40973450856762e-05
0.00169788919395003
0.0207836955300807
0.0127059817915402
0.0184647850517957
0.0160471700773843
-0.00101400349078066
-0.0101764106822103
-0.0125357621280235
-0.0236092595130937
-0.032660495639561
-0.0543537537263005
-0.0200249414019138
0.000461360565424026
0.0102911858991126
0.00773970166433909
0.00277324249590161
0.000524920557389844
0.00288205114992563
0.0197448729053116
0.0198965771812123
0.0131924441180988
0.0140580255153738
0.00326433907208556
-0.00614793916138541
-0.00561366282416995
0.016224348273694
0.024224144253308
0.0196704382483756
0.0221900173931539
0.00258162350567687
-0.000249077004279121
0.00357790021564488
-0.00180556464536762
0.00491707349040051
0.00373787475328613
0.0127308630659548
0.0172703234477625
0.00905121807735357
0.00121017690946978
-0.0130764454559883
-0.00824993021495703
-0.00097461087971241
-0.00138344831737328
0.0173621089604218
-0.00037047315186838
-0.0103610454609436
0.00520596366730507
0.00180063563754622
-0.018275514517273
-0.024449212358934
-0.013730565061212
-0.0171210808950077
-0.0149393722607256
-0.00882235470179716
-0.00812293499377075
-0.00160243364041494
-0.012401688393872
-0.0488474046709517
-0.0220783492942124
-0.00397848277086436
-0.00490607054561561
0.00140587491181889
-0.00121937597126751
-0.00804048038150546
-0.00488634190082581
-9.22803964349128e-05
-0.00265011950878829
-0.00285853764007992
-0.00341583848016549
0.00309452170067432
0.00316880470851772
0.00130477118616083
0.00474844411393807
0.0151505386911647
0.0319094782223378
0.0427530904396418
0.03084915266782
0.0168195917635556
-0.00444477774688555
-0.00750938696053533
0.00523181009459013
0.0085453009039094
0.000116555272594327
-0.00140605971589927
0.00123248743767662
-0.00345617060771508
0.000334088975152006
0.00058772408211061
0.00251792670775567
0.0274602746034472
0.0223890305127488
-0.0157649147904136
0.00397774479823893
0.0214910112825897
0.0346582566224765
0.0375494230066327
0.0174607418905941
0.00832064451304292
0.0094837898745876
-0.00958385478359167
-0.0113583100106337
-0.0209044395031111
-0.0276009675303515
-0.033754125115716
-0.0392901996472883
-0.0201494021777339
-0.00046227059455985
-0.00827152269287439
0.000407392100933296
0.0043089021803529
0.00419179256083978
0.00298763847218646
-0.000983369558032899
-0.0024630664548131
-0.00291242930127162
0.00582993079062552
0.0090474647599531
-0.00582138345623311
-0.0226934006830456
-0.0335062507707982
-0.0377770029811831
-0.0361338522815441
-0.0122591359311487
0.00352384304293739
0.00969138135320679
0.00589371280012036
0.0124369019897442
0.0173941238267266
0.028833753213543
0.0328140209519814
0.017403833850039
0.0222919755173274
0.0221452042999415
0.00904056147999484
-0.0094235477253191
0.00106190487643858
0.00936902259882223
-0.00311272606196764
-0.0189824440872206
-0.0109932657555072
-0.00931728476786801
-0.0324259149223156
-0.00658448072453944
0.00070588784830539
0.000409451103277225
0.00571841054088628
0.00673232638803446
0.0133785396709472
0.0141610685437051
0.00774150221598407
-0.000946700517192972
-0.00109928483600135
-0.00574226755810219
-0.0118710932700241
-0.0037884067761208
-0.000399617002132494
-0.00388104754651588
0.00120532000332549
0.000909142121680145
-0.00066465271780558
-0.00240474850749078
0.000480109354064057
-0.00100908180320469
-0.002069125437395
-0.000320325768543658
0.00559236081874759
0.00269189579634813
0.00132144657224703
0.000624828918664183
-0.00140506533185294
0.00680237705437221
0.000687603975947927
-0.000454778501924269
-0.00241945099323507
-0.000972768635334858
0.00123067832365831
-0.000407283999589618
-0.00238054032382994
-0.000496804535659835
0.000444870223801026
0.00303337517999603
-0.00100052091939942
-0.012057098654989
-0.0186472840445387
-0.0275951815455124
-0.0249727982354346
-0.0154006942841599
-0.00485707603699356
-5.81583551184659e-05
0.00045217915062829
0.000823752364057806
0.0151057978996235
0.00521860855851442
-0.00820620650575589
-0.0069378361053815
-0.00248741957691589
-0.00368562098045467
-0.00395184271283837
-0.00578945144151076
-0.00346459138408466
-0.00213437430220769
-0.00865429629545506
-0.0102586665925127
-0.00851819633636558
0.00908375411035984
0.00869477026046201
-0.0064247691783215
-0.0220646800268538
-0.028498730794328
-0.0398203595444426
-0.0259430064051211
-0.0166317626127485
-0.00778696786196476
-0.00598347190589927
-0.012765241321868
-0.0159326507452184
-0.0163903191626264
-0.0037027716705176
0.0115821664972913
0.00962586903683059
0.0025419494814168
0.00561618325263933
-0.000539015022061736
0.000193521235093088
-0.00485174765293333
-0.0149083892028716
-0.0160084420846766
-0.00902076662441953
0.00525045350456622
0.0193886294910214
0.00435670339637232
-0.0128444143467594
-0.00106914212519829
0.00807194709498891
0.00729031860163688
0.0103024738889366
0.0114081675050044
0.0143140711573267
0.00186737100724749
-0.00611694414703187
-0.00087545270266796
-0.00442222239448439
-0.0180918121229077
-0.00867161678817101
-0.00472961749180274
-0.00957888640468979
0.00305977121113478
0.0186147908227763
0.0064709301812093
-0.00872012162012128
-0.00883350740511683
-0.0117573763457932
-0.0240763492707007
-0.0130728769764603
0.00440142574295952
0.0197313964757161
0.015578890062479
0.00315479581549845
-0.00414426562796066
-0.0223636765540754
-0.0251555460333339
-0.0303163031701106
-0.0239610626746786
-0.00614874569048622
-0.00978810572882896
-0.00639310278617795
0.00414847358428007
0.00106866909261537
0.00112068948741126
-0.00105346101074744
0.000585966435866355
0.00100369275328847
0.000481158026783302
0.000239781413131387
0.00200809279139174
0.00452631471681953
0.00499719845696353
0.00368263854618514
0.00482124009221614
0.00588667353809752
0.000835364789002812
-0.00452002330532193
-0.00445690131238407
-0.00285581489057056
-0.0075916421263111
-0.0107020560523743
0.00520538646323864
0.0100715580919062
0.0129267058805486
0.00757818469395409
0.00112810698725606
-0.00380940093195623
-0.00189967244794434
0.00415698252784556
0.00990405280545896
0.0131373857625693
0.000755668717499988
-0.00665665262237324
-0.00470636717598756
0.00765910115102409
-0.00567931461947682
-0.0200716472126436
0.00183124675638097
0.00260193398862651
-0.00959538645030562
-0.010476612027754
-0.0067419893550229
-0.00952484383791269
-0.00669375275306203
0.000859364865362677
-3.63698587125989e-05
-0.00942309725462989
-0.00630682843829432
-0.00211440864009335
-8.65728559640328e-05
-0.00321016729013881
-0.0023597248564703
-0.000579482277441083
0.000191310129605224
0.000922366586406325
0.00112067661614186
-0.00493970997703569
-0.0120881636554774
-0.0182357391893516
-0.0102363511840076
-0.00630474345927974
-0.000771253526603798
-0.0138435213477307
-0.0140770201755762
-0.0160141544265634
-0.0107386955143501
-0.00349372312756859
-0.00309178972619832
-0.000833847664557778
-0.0104212233877427
-0.0121944320659086
-0.00965549375206517
-0.00278350940730437
0.00205398231844673
-0.0018296676360074
0.00615492940485505
0.00168838272966786
-0.000782640552451818
-0.00216623797532764
-0.0115043850918182
-0.00792515888440052
-0.000738324617917105
-0.004003669416262
-0.00491800520237454
-0.00680103555805887
-0.00677329669957658
-0.0100359917655388
-0.0149419257309397
-0.0146983000283945
-0.0111732511480442
-0.00797959674704681
-0.00411298980139064
-0.00201955991319709
-0.000721089300664511
-0.000628243911415627
-0.00255452408906836
-0.00499186306060147
-0.0124685894755266
-0.013983044238588
-0.0101872576027639
-0.0105890486794649
-0.0128846122504383
-0.0136774239799951
-0.00913238433899636
-0.00525705167154313
-0.0067074931731274
-0.00935200934910274
-0.00877617397360906
-0.00378686212183059
0.000283859284230672
-2.08641316634933e-05
-0.0010855907395215
0.000931401675354237
-0.000163180979422785
-0.00202389756085601
-0.00125263123238214
0.00077004070224432
0.00265857291389137
0.00111023885650279
-0.000681817726657132
-0.000327395710041829
-0.00105689344715988
-0.00288992817422873
-0.00216087338529281
-0.00530410713762359
-0.0132633295938592
-0.0150864065301869
-0.00880061809707463
-0.000871874430593823
0.00187659007770913
-0.000830894458348197
-0.00379516770458391
-0.00550984391098889
-0.00507746645929392
-0.00756787602237159
-0.00659671178423392
-0.00143285845002742
0.00332619801825573
-0.00420306949627685
-0.0083148699844388
-0.00453466973276925
-0.00416053133530129
-0.0025700785192558
-0.00333262808844274
-0.00190696891390675
0.000115674537125439
-0.000384206313787684
0.00121345505852744
-0.000400645167414933
-0.00678889518562778
-0.0104487334178178
-0.0122561737448989
-0.0118442169714809
-0.00608793546013442
-0.00427150291707842
-0.00588652187922981
-0.00109686111104033
-0.00179925276306422
-0.00045007302186864
-0.000648702009217331
-0.00522746592345982
-0.0026362201261643
-0.00216350931631572
-0.00394604891908353
-0.00294664727854695
-0.00558332167881838
-0.000975762825896126
0.000236010834934476
6.65807826794144e-05
-0.000378411586175241
0.000921408957163679
0.00217782596709796
0.000450306768403286
-0.00550910916181687
-0.00369238413364399
0.00262349495345333
0.00190593867428027
0.000470585169954846
-0.000457828536105423
-0.00110672329372338
-0.00394339593900881
-0.00349192806496914
-0.00182037369513268
-0.00208330101606016
-0.00209426853608099
-0.00219540389610897
-0.00155060393369085
-0.00188549341010456
0.000948601384515213
0.00145601922991385
-0.0013679787572332
-0.00258032164943799
-0.000721083128436035
0.000319005292665818
0.00379749493118591
0.00691041680570645
0.00279219678018138
-2.68775969111514e-05
-6.55563083290381e-05
-0.000315273482831121
-0.000781724901763078
-0.000462335303143725
-0.000143822018568618
0.00130542358830026
0.00120445089411329
0.0014553045606627
-0.00034801011035966
-0.00251598414226603
-0.00279705034140966
-0.00175275612769176
-8.65466837502507e-05
-0.00316820777282592
-0.0102138018677527
-0.0111927820442479
-0.0132922271139264
-0.0162509050496527
-0.0100309640044726
0.000471718226839312
0.00486852766960844
0.00227028652879144
0.00154388910677968
0.00259241056753536
-0.00316199901838264
-0.0065689192720176
-0.00518109204667596
-0.00548686897250855
-0.00761102715315094
-0.00703803364332531
-0.00767692487464904
-0.00528291376332077
-0.00215712438397274
-0.000271657732340914
0.00134014737971422
0.00100982377783404
0.000942130481845279
-0.000447371687260134
0.000410241796645439
0.000674484625997479
0.00029852132347516
-0.00095963687976085
0.00116499526814752
0.000489051371817719
-0.000873499125611068
-0.00125673467714561
-0.00315931852421348
-0.0037579063169721
-0.00240004267858226
-0.00143400508234357
-0.00131572628120464
-0.000399915012891297
-0.00067132144298946
-0.00106057451500683
-0.000447771140300497
-0.000186907686722216
-0.00115839449471168
-0.0016828837841481
-0.000882620885128106
-0.000810705273375892
-0.000772972712438002
-0.00112751313943677
-3.33140390652747e-05
0.00121496537502249
0.000436591276577255
0.000301561194254415
0.000160166709286374
-0.00146476381410227
-0.00169002720733363
-0.00192904031484343
-0.00281064813165572
-0.00149823509507678
-0.000858011596300908
-0.00101070940984896
-0.000714251191695387
-2.9978387674353e-05
-9.83592002033211e-05
-0.000641255043243923
-0.000710733944038115
-0.00229326195701987
-0.0017034813858126
-0.00277800810728708
-0.00401256713022036
-0.00102936842320931
0.00141783049503655
0.000613950582824962
-0.000646218305995218
-0.000759242531921027
-0.00162034688289568
-0.0037735361284568
-0.00404809900364872
-0.0040038237342763
-0.00521917172290432
-0.00587008130146868
