-0.96152740571937
-0.967999294369011
-0.997276484036496
-0.97400872005623
-0.881139757962447
-0.792581521760289
-0.71650926865173
-0.580065552575881
-0.427549480964397
-0.402494287496544
-0.415900244106929
-0.46089063544979
-0.489234317597555
-0.496726574155474
-0.445666805567207
-0.367177967942853
-0.273062361981787
-0.217637088465148
-0.227720836233336
-0.174041641035313
-0.145073388539283
-0.147808246055519
-0.131720863120017
-0.0800199662018025
-0.058975208076712
-0.0748682625997154
-0.0607660976227707
-0.0224527849138661
0.0588728500443427
0.0932832998982857
0.0467951757925864
0.0396451445103552
0.0161857022005231
-0.0363722170081987
-0.0569832772906026
-0.0680445363397785
-0.095562587659064
-0.13820963644552
-0.140633519196554
-0.0828251735953437
-0.0199615491197132
-0.000547402425111603
0.00211579718802143
-0.0126987597234866
-0.0131512522695643
0.00547508496233707
0.00628321958714021
0.00389127776782249
-0.0143141738295259
-0.00928917810435066
0.000228417014687388
-0.00284365168527435
-0.00599856216888799
-0.00340820102426665
-0.00369766150186479
-0.0523684121875478
-0.0330664704787164
0.00125005892723896
0.0532284793437053
0.0632156560962086
0.0796149476416319
0.0646586102584032
0.0222202098168636
-0.0103083832541368
-0.0276524274557436
0.00643140201421589
0.047737908594253
0.0385683521613563
0.0802647005104606
0.0765759611780601
0.0240771137729635
-0.0104427406543614
0.00617260809428243
-0.00507529799466748
-0.000770528624963936
0.0274753665595735
0.0551531233312217
0.0712000415987637
0.0525163632754535
0.0261496733589424
0.0120945612571404
0.0269102671378704
0.0235520899239843
0.0403740710613433
0.0195602607627707
0.00536534238319774
0.00600922475392262
0.0275869720596411
0.0431627395639549
0.0371419935865041
0.0355295772985997
0.0229164806803502
0.00853833769518207
0.00349309713288516
0.00498176281330515
0.0249794509675742
0.00857923411486619
-0.00318469421235728
-0.00796406150987958
-0.00194142331592713
-0.00112546842663679
0.0121786323624284
0.0254111165894778
0.00990655506051216
-0.00123261670394869
-0.0170936924564972
-0.0191132817324928
0.000910257762583737
0.00326938584367997
0.00313978426543544
0.0200383389993779
0.0300069498344734
0.0340301022217563
0.035268881084593
-0.0014859184273067
-0.0371051652050493
-0.0239958970019787
-0.0188369736098587
-0.00753654384932017
0.0143139199785966
0.0332506067819583
0.0111280695708595
0.00496214747908852
0.00712587886180618
-0.0807073692073555
-0.108019166419207
-0.0582749954687769
-0.0281566825697372
-0.0164822119150039
-0.0244749986115424
-0.0123288188577348
-0.00202574444781487
0.0400210142707776
0.055581100572536
0.0194047471301721
-0.0130343570675672
-0.014652856313436
0.00554578299148542
-0.0425255503189719
-0.0480017208427202
-0.0503494788457406
-0.0660478805881232
-0.0656989740543247
-0.0696443590592895
-0.0921804773070176
-0.115111224404542
-0.0675508031693258
-0.0965340595440195
-0.0757435886859635
-0.0695991669109759
-0.0564488306898463
-0.0209088910798015
-0.00221106783579339
-0.0141170981509656
0.0237134204010367
0.0322834864719749
0.00995388349022659
-0.0115562457146463
-0.0122588766137675
-0.00931991878094946
-0.00567527005927923
-0.0044685168889047
0.0199225992698808
0.0394609554022441
0.133584326212769
0.138559027763229
0.05564965611581
0.013477099853402
-0.0064515403020907
-0.000744083195476749
-0.00384784813871223
0.000736168724042913
-0.00878328313086102
-0.0132714407152471
0.00393384903113997
0.021969322036882
0.0142514037972125
-0.00878117387842927
-0.0158039704098564
0.00910673294406779
0.0265920823896297
-0.0106581255314987
-0.00545482018015749
-0.016043402916887
-0.0263406534606313
-0.0164768320166276
-0.0195961629077932
-0.0121538913103006
0.00862759936647198
0.00716786203177481
-0.0197527346292722
-0.0350118843181626
-0.0393361179157091
-0.0392322243369077
-0.0278807524632119
-0.0193718180709156
0.000501135346877212
0.00273602837433899
0.00383001356888383
-0.00488288425284003
0.00170488811860204
0.00513929545940607
-0.00130527883411735
-0.00174649283824318
0.00672729088230305
0.0174122026677291
0.0074339885312383
0.00717259747745972
0.00233770552788863
-0.00266417432968434
-0.00535636362911097
-0.0264304612852177
-0.0186888640588959
-0.0309831814896453
-0.0457954046077992
-0.0712828029902023
-0.0447211922170674
-0.0306304128791854
-0.0364453121902737
-0.0261476407281141
-0.0205995699271409
-0.0196667376247463
0.00404855717031131
-0.0168027514758489
0.0165471694397295
0.0392649809222508
0.0357704652895755
0.0263408924459734
-0.000344482798076216
-0.0123172798627503
-0.000794003594658147
-0.0126745712269146
-0.0167651477528769
-0.0204735941771609
-0.00916711373438512
-0.017195567998887
-0.00227921913010612
0.015552473720733
-0.00479153651123849
-0.000493896405336048
0.00581103119675427
0.00113674091704714
-0.0116489218166848
-0.00910552546300317
-0.020876396271217
-0.020554385490095
-0.0136555608197021
-0.0136471841762123
-0.00412772355849541
0.00102250103167915
0.00541900917029352
0.0179003289875787
0.0632179888919091
0.047339075140925
0.0318366765394026
0.0408775606382764
-0.00203544364205906
-0.0264238797878902
-0.00948416230573987
0.025300510929521
0.00199786571846361
-0.00740351776919255
-0.0173694902661214
0.00847667433346163
-0.00125784179375541
-0.00380181223174615
0.00164606939681516
0.00282279760103309
0.0198851793061252
0.0325887229455552
0.0124045329438888
-0.00624750210696357
-0.0156343159336194
0.00135283117446067
-0.00658737262585834
-0.0470436488346475
-0.00290297746100461
0.0147585791161336
0.0305472802777742
0.0137199112765456
-0.0498487133123042
-0.0241879851509044
-0.033277651876152
-0.00919951727033714
0.0197683693981411
0.0258813731719122
0.0115303487472001
0.0186555014907148
0.000936330681092604
-0.00437026201106959
-0.00474647254190427
-0.00566080955947165
-0.011736673186159
-0.00379709945126194
0.0114755162377144
0.0184017268389298
0.0120851812751312
-0.0034170628005638
-0.00770199399466996
-0.00759236108653479
-0.00655805782277024
-0.00970403891222542
-0.0229912860972307
-0.0123709823788594
0.00279301520833523
0.0272211211916843
0.0286130642651078
0.0214493337162152
0.027323171913271
-0.0042156076224034
-0.0333678713120169
-0.0110997733104135
0.0337255273428445
0.00898629522083943
0.00775110981392208
0.0281289567100833
0.00328372213772651
0.021274938621325
0.0168227670154529
0.0239340813195746
0.00415736398718836
-0.00490070819450588
-0.0183221865979899
-0.028977881129251
-0.014025587721348
0.0061862584928215
0.00960033558446628
0.000775126344903818
0.00793739708498497
0.0035130772935012
0.00445802957880935
-8.98580796531712e-05
0.00361838696621974
0.00300199270879036
0.00967922734176277
-0.000639612421567568
-0.022096222675952
-0.0103789636953598
-0.0154932390015372
-0.0154820459090659
-0.00840068527843621
0.0217016521638828
0.0384725273543374
0.0167482475775518
0.00403577713607166
0.00335295572933121
0.0125948564224937
0.0133356314279243
0.017885716558542
0.0215820680036349
0.0121855866079225
0.0119616686448324
0.0113563379548489
0.0140757820479458
0.00445474033412181
-6.46328174458552e-05
5.08121721575629e-05
0.00562828172447944
0.00208673337500385
-0.000729335767789926
-0.00315522125165839
-0.00291296219195067
0.0290711433923868
0.00739296279391535
-0.0106316378476467
-0.020315367074985
-0.00464571433611824
0.0184524071774453
0.00766374225940462
0.0153314291537294
0.0176594249149049
0.00729237993531036
0.0243507305261704
0.0302480706565407
0.0264210786052939
0.00863470463124561
0.0106973942337893
0.0317933438697203
-0.00940107994960352
-0.0220283845271888
0.00595805573227437
0.00975573549426217
0.00368874506206403
-0.00254925526736866
-0.0173629745715108
0.00479263930155621
0.0293405260213295
0.017569825567073
0.00612880370811573
0.019513509569484
0.00336587821246954
-0.00227293574138426
0.00628135632800022
0.0599490610654118
0.0440593193888301
0.0192753372841048
0.0157497216410612
0.0613206185283009
0.0492574066186583
0.00637941490265935
-0.0199075636406494
-0.0551809778797204
-0.0723841056596548
-0.0453106292971989
-0.0153504737378416
0.00439312721288177
-0.0236982427373991
-0.0694931992681155
-0.0586930668902406
-0.0470027606723734
-0.0461369775055944
-0.0264076241171961
-0.00223276806882809
-0.0116622780942843
-0.00305661495484971
0.00266044500746014
0.00761298520396599
0.00246158358878577
-0.000888000871339241
0.00298338218684354
0.00695585970829066
0.00887806296980729
-0.00232012833886021
-0.00471717566325872
-0.00664432274424533
-0.000448316476871799
-0.00270507307880208
-0.0109864575444362
-0.0245104929292109
-0.0307397696422607
0.00406468059604592
0.0204422496507122
0.018615749288461
0.0316545274175081
0.0551741237899301
0.00404604536501293
-0.0236971945083224
-0.0424953001040637
-0.0104141970914438
0.00748819911569834
-0.0378099523413905
-0.0064660124669507
-0.0127119766945701
-0.00591260333011804
-0.0138875170926736
0.00103458937875886
0.0134208233468189
0.0119507856289251
0.0257040112333477
0.00921163551920393
-0.0117210270635913
-0.00564053652266376
0.00103326780341568
0.00530222470619863
-0.00175391687712684
-0.00923041558254478
-0.0312414739834997
-0.0113443344629574
7.01177949163504e-05
9.99810382875927e-05
0.000679500723259048
-0.00657639016193754
-0.0153208271190259
-0.00907626578060722
-0.0124262203561263
-0.0126608579500978
-0.00826144424645237
0.00237148688045992
-0.000417283166633974
-0.00764462690558091
-0.0136415820396235
-0.024429681543249
-0.0142605443728919
-0.00675393311374843
-0.00345608838231627
0.0112893290308772
0.0368841484333704
0.0157462664665181
-0.00669230942651785
-0.00622194654597069
0.00144373409277857
-0.00391178644002243
-0.00406880288620246
0.00207693540494974
0.00482587258954937
0.00484494666078177
0.000241075927241707
-0.000252343101963528
0.0051354962163207
0.0105763359281776
0.0044024175797784
0.00271143093707809
-0.00571576209086976
-0.0133142462706363
-0.00641370574183847
-0.0035818678437569
-0.0058651125697735
-0.0045275742831743
-0.0123076513877284
-0.0198976900783693
-0.0187568785431277
-0.0123818537233966
-0.0038313111132857
-0.00144055920742364
0.00375945846108742
0.00175364018435509
0.0026371095629715
0.000331337344161998
0.0031179573379757
0.0150108915588797
0.0155884123551708
0.0383641117190192
0.0253687709733108
0.00794256053834492
0.000365934252769673
-0.00714780913369939
0.00184109540732928
0.00226079420600335
-0.00340182995451118
-0.00454259441843073
-0.0034128714415603
0.00407737326782067
0.0182761768415386
0.0324977141002247
0.00353870308269811
-0.00939042921217215
-0.00513917002951091
0.00144186900975661
-0.00478349160618453
-0.0063418651066494
-0.00120755825291677
-0.00438377773134111
-0.00605091984364514
-0.00314702872729375
-0.00519144645619034
-0.00302470893796005
-0.0132650275403036
-0.00465821903558861
-0.0164998314646088
-0.00298991084714398
-0.0052447309510729
-0.0170064486805099
-0.0135609206971954
-0.00752049518742114
0.000524628827486403
-0.00387963214296442
0.00320534002260898
0.03029800350958
0.0210402758960158
0.0109786602201599
0.0209907318061421
0.0116101901577428
-0.0069183576517835
-0.00880622737986502
0.00618783498080828
0.0451463749965632
0.0378772836864768
0.0192528438670118
0.0341229961223923
0.00885817769933642
0.00185564429704975
0.00333348700320961
0.00128299658577641
-0.00256515124862014
-0.00163978209869161
-0.00224179856962285
0.000992115609966298
-0.00150359437128054
-0.00333925765475276
0.00194508941600465
-0.00174060744358649
7.10150115902915e-05
0.000206532696276998
0.00160298448132587
0.000127498192725235
0.0039103110852336
0.00753169162702933
-0.00991260254500909
-0.0151180100653346
-0.0208241188146055
-0.015188820086003
-0.0115586260501486
-0.00442668082832523
0.00365262484322483
0.0205334034292694
0.02900407841626
0.0272296208509661
0.0222573094967244
-0.00155702223300724
-0.0327583839008486
-0.00388796975733346
0.00824008254809805
0.0158225027392141
0.00705388168505509
-0.00695881694501149
-0.0106026176714104
-0.0128248057886129
-0.00962383076571018
-0.0113935709343892
-0.00144856492371981
0.00533056016535811
0.0226467271158622
0.0602156303958435
0.00586494479021879
0.000404328489970935
-0.00651350904200091
-0.00565597948922902
0.00613525825405607
0.026544734385992
0.0256236848371568
0.0194189196063932
0.0161237747370784
0.0114365035075017
0.00440328879116651
-0.000826786617148663
-0.00489541984104083
-0.0036360667224044
0.0173341961039302
0.0293956013331404
0.0165821820226397
0.00802595085457871
0.000276248677434528
0.00467521933982788
0.010749023178788
0.0117455714724674
0.0164490062408023
0.0101653681116995
0.00292697679359918
0.00375319425516801
-0.00387626884789603
-0.0209848028976166
-0.0284810539763928
-0.0125438154368815
5.54537971993369e-05
-0.00153729811472349
0.00518365923125823
0.00817479725618881
0.00197009939399295
-0.00271176822386309
0.00289702271997835
0.00405715929895412
0.00786540563612617
0.0100241894465063
-0.00797725659691645
-0.00458155370479941
-0.00588248543435545
-0.00492448105707927
-0.00281797570045885
-0.000214825004094091
0.00474522506197585
0.00308746755410839
-0.0050196328193339
-0.00585519120415208
-0.0112293624065353
-0.0140085374900696
-0.00558508810627437
-0.00116176703142675
0.00335096839313268
-0.0154952123165276
-0.0120589014566839
-0.00422520808169037
-0.00316116881182486
-0.001941887333775
-0.00078181903171141
0.00125662877270077
-0.000177379065463457
0.00012413323307916
0.00119802271800833
0.00077229049132878
-0.000619206149227843
-0.00136843526585808
-0.0010286993246393
-0.0015425153897664
-0.00550099366031465
-0.0029793340675943
-0.00489378363198897
-0.00962468677341684
-0.00853734667015209
-0.00891609052950058
-0.00199651203705321
-0.00466250533849066
-0.00387833923570129
0.00661416095534297
0.0085392946481574
0.00656570500363527
-0.00497679621359177
-0.00779814141894014
-0.0100734817500442
-0.0124461424224409
-0.00810902535148311
-0.00120776880834053
-6.79370454929291e-05
-0.00137960909268654
0.00407409462461737
0.00972183683115941
0.00949436248570226
0.0140355794156033
0.0410167215503714
0.0267345674317413
0.0116311982025202
0.0128180865613508
0.0222243785205006
0.00856192656055855
0.00248700928827492
0.000412493543653192
-0.00593457134984809
-0.00667791321801653
-0.000780670605800528
1.65491762214311e-05
-0.00160146302788377
-0.00354948206310299
-0.00400110580785108
-0.00303056052330412
-0.00264991950345428
0.00244089771666278
0.00142135572353712
0.00783945859377231
0.00388636991567124
0.0120192833912888
0.0199575613060471
0.0244795931183418
0.0294908220942552
0.0224157506721002
0.000325104509534472
0.0019405582872723
0.00121572153147908
0.00230249011670337
0.0011424926252818
0.000944700340318694
0.000416592091058585
0.00250767998069969
0.00218621977500168
-0.00183518294659075
-0.00439299808584
0.00739337352300896
0.0115090689267324
-0.000888522062406135
-0.00363826253223698
-0.00025974976759615
-0.000354591909895046
0.00764802384938059
0.0205914674378793
0.00687288477330318
0.00204498431143753
0.00550870605993163
0.00522468115843446
0.00105797488859809
0.00387711200492486
0.00254626239036006
0.00190646760386254
0.00354091174080857
0.0040646523315206
0.00123749337822949
-0.00198077891863133
-0.00294524047668825
-0.00347017350489785
0.0020281163264241
0.00341138474896248
0.00948809640997629
-0.00155847773476924
-0.000962711012486703
-0.00393647157013455
-0.00515015754844338
-0.011798358206759
-0.00503551621383234
-0.00244148773908709
0.00681835865548789
0.00523294727787828
0.00286441576948339
-0.00451555685876548
-0.0230267256712593
-0.0155174557123201
-0.00340339545508887
-0.00579357185058353
0.00727431155012957
0.00815586714165344
-0.00089830794517688
0.00206413286475365
-0.00631695851435462
-0.00795697853160293
0.00173481784612026
0.0121265439661097
0.000977053221947147
-0.00218401773002222
0.00117880658031174
-0.00013666513840632
-0.00775061617511789
-0.00609369498104637
7.33063718088576e-05
0.00137828043299738
0.000755736666288961
0.001102047725053
-0.000199046544681789
-0.00592127598582731
-0.0120192462462915
-0.0147678921332089
-0.0181408525659224
-0.0154603424649781
-0.00446810522634122
2.0925219220356e-05
0.00304239596185122
-0.00114582467245681
-0.00177062133863883
-0.000318201751991932
0.00432103210069956
-0.00433923892291169
-0.013814528600776
-0.0145410927784723
-0.00740273944380594
-0.00473683060902904
-0.00173550823194529
0.00257644454575316
-0.00202135615458347
-0.00434169658044303
-0.00320303767018586
-0.000529469201243099
-0.000901353432064812
-7.45412696886076e-05
0.0002240536188353
0.000340642584648851
-0.00187682809358668
-0.0028439885827977
-0.00188573014532656
-0.00290849078483474
-0.00146254650475385
-0.00120533511812057
0.00181113698894799
0.00081022348409034
0.000235412484608074
0.000539819030809738
-5.62294719691129e-06
-0.000316429369433847
-0.00037730128006321
-0.000872140376103234
-0.0011282958835462
0.000570572062159946
-0.00136347674931532
-0.00151597208022467
-0.000672964317831582
0.00168314895422393
-0.000520802120324225
7.06718947856254e-05
0.000979820165016752
0.000556808968361213
-0.00079787328532242
-0.00317083626113839
-0.00542022868643422
0.000686506696180466
-0.000239824043428982
-0.00273067106986582
-0.00794402809772705
-0.0139850191249636
-0.00956234591210632
0.0011697186882768
0.00436141880553559
0.00507969839971164
0.00540964719774026
0.00122903796456407
-0.00187749925027134
0.00141075731947405
0.000733010772496815
0.00336949504366378
0.0011837222928964
-0.00184693212747433
-0.00115111754483178
-0.00270309067184224
-0.00144948604006547
-0.0104876144686229
-0.014653753793935
-0.0198628265930782
-0.00544489124621023
0.000918838528074482
0.00653669475886656
0.00429716695325555
-0.000800468513227631
-0.00202637423135331
0.00130777562303051
0.00964957928750313
0.00689977982574994
0.00188904493064408
0.000944667640868735
-7.84515220607087e-05
-0.00430134328898591
0.0078472973954198
0.0264189309659802
0.0211858530121987
0.0117056289067689
0.00263670178882254
-0.000963277792819428
-0.00619672970118782
-0.00400141449996337
0.000591650541344972
-0.00339843665837819
-0.00764536591360154
-0.0112721453426145
-0.0141584431434634
-0.0143071973684225
-0.013892193296713
-0.00863735731958069
0.00645908278666727
0.00323611041279728
-0.00106261645680411
-0.00450250407683123
-0.0143613090362234
-0.0246125918437143
-0.0155341018954534
-0.00251112186680825
-0.00244577049188123
-0.00304456499343014
-0.00322415505284519
-0.00209056678668473
6.60912197147873e-05
0.000796847281248653
0.000353250176206294
-0.000531301431801772
-0.000983090080802931
-0.00258556165338433
-0.00315763357260075
-0.00022039300786692
0.00102221325782094
0.00286311392524903
0.00745821457712996
0.00643096994609978
0.00223098448464673
0.00230163978497095
-0.00323723718884384
-0.00574606354902767
-0.00526237561034629
-0.00496770960584877
-0.00583361831049279
-0.00548918837698938
-0.00132945791664156
0.00044697643434982
-0.0027853811770291
-0.00736859937313287
-0.00871947281213342
-0.0111292705142446
-0.011102679344463
-0.00453303645188776
0.000380700029663229
0.000304009979670261
0.000183039518727608
-0.000344343868926834
0.00098770844711094
-0.000646972265424911
-0.00284824441852528
-0.00663705447597057
-0.00734161146797687
-0.00650658856682409
-0.00338211670533604
-0.00306874595690928
-0.00518544370406086
-0.00153271647256604
-0.000858152716699475
-0.00215502737718953
-0.00227776994337299
-0.00164220929598209
-0.00254527187391863
-0.00244817370629827
-0.00173155062047736
-0.00312354768511708
-0.00434645081929969
-0.00392110624044695
0.000677614504744231
0.00502521242259101
0.00386546761868607
0.00361325046932239
2.70554471831141e-05
-0.0019406803951528
0.000215967068027198
0.00165016622720224
0.00115377144445195
-0.000992442599523697
-0.000517742733716717
0.000727075606703062
-0.000507711368583883
-0.00503754744337586
-0.00180774277304263
0.000571167195561616
0.001676101729857
-0.000413892789663764
-0.00160171442041454
-0.00117638235635739
-0.00244956304890663
-0.000919119923211816
0.00169632991109934
0.000574113852089739
-0.000187097302219102
-0.0020747515588474
-0.006024600497539
-0.00368192117816343
0.00116992039481728
0.00230444753574673
-0.000345901939897283
-0.000230571122450985
-3.03235226565722e-05
-0.00370696690330912
-0.00284113938613547
-0.00399583119007642
-0.00543354339543419
-0.00620352772278892
-0.00414397514213432
-0.00241813608583525
-0.00195749822904342
-0.00027954128376694
0.00294649235128321
0.00235549385929381
0.00154313870692505
0.00393502369040644
0.00304489068081324
0.00140624263445996
4.83672811236028e-05
-0.000561587107920764
-2.46841963877019e-05
-0.00052996239596743
-0.00171524524940541
-0.000924723851116499
-0.000198735615746332
0.00170877961697807
0.000583826730441602
-0.000233267632665765
-0.000946862347564945
-0.000140773730458842
-0.000992786976508196
-0.000697637069457102
0.000238109254123566
-0.000452312136238645
-0.000945115010459257
-0.00107444731388858
-0.00123758949717821
-0.00149767317364271
-0.00141416209653288
-0.00112616935126356
-0.00101750081579308
