-0.985145560828526
-0.990734473054029
-0.967068494728903
-0.929112135799728
-0.806248960582948
-0.596392477965184
-0.52611698681532
-0.435899405926418
-0.172552972597364
-0.173211811844777
-0.430815396212783
-0.555744169248683
-0.567238520903039
-0.685572275182204
-0.541518057155233
-0.266856746259899
-0.183204999025591
-0.127098566642353
-0.103150362973621
-0.0581654443496166
-0.0730757827538247
-0.111691110138521
-0.134375335435295
-0.133369997567229
-0.116347426013605
-0.0900307640323282
-0.0313052438161103
-0.0129928677179061
-0.0728456297040735
-0.0933121236617245
-0.081806576314295
-0.0807893763994278
-0.0737798262837097
-0.0399333071579164
-0.0176246144063009
0.012625243244597
0.0198061056066872
0.0191280077692343
0.0154976378949616
0.0206015449917243
0.0199002185427525
0.0282843101469119
0.0238192342687195
0.0320897485000217
0.012066175916366
-0.0412690553804262
-0.0254956086728173
-0.00707269411968955
0.00523755913176564
0.00347342887040505
-0.0151311371597926
-0.0126455804997002
0.000197635391708374
-0.00623198513732063
0.0359601446685482
0.0437322780185804
0.034310563298194
0.0299780794330603
0.0144527324396416
-0.00805306545299714
-0.0214057201407925
-0.0242302798756237
-0.0279949300907808
-0.0212801142360332
-0.0226484503199833
0.0082145223679345
0.0115915171821637
0.00967388657054005
0.00551583795379756
0.00322713038043906
0.000222047867837582
-0.0162601189316095
-0.0239279041085614
-0.0293845833906651
-0.0601856154212008
-0.0811725192704547
-0.0619405436667349
-0.04981366702523
-0.0209900367556376
0.0131086061000689
0.0288524767022367
0.0255926073415968
0.0382832565731166
0.0318677863603165
0.01472691186945
0.00421599958638864
-0.00283398463093007
0.000822274071654449
0.00282626431713032
-0.0050514456449178
-0.000605855419051818
0.0112415475370729
0.00259666238679081
-0.00214061259751563
0.00584017417044267
0.0177682564814337
0.0140464817835746
0.0110453614967579
0.00383791555228682
0.00254016116497588
0.00345457547330219
-0.00120389994125066
0.00616298074447388
0.00111564740731343
4.37147930165971e-05
0.000273511120005274
-0.000819113530175344
0.00367196875111377
0.0116289233892387
-0.0423259024825136
-0.0219561146762631
-0.0318869197402288
-0.0279810279484222
0.0291767579278523
0.0433466560695725
0.0165351024386731
-0.00343749621834036
-0.0195782730756858
-0.0481819203431167
-0.055689220815792
-0.0476393831990837
-0.00660678256959222
0.00389131351426015
-0.000457031529542811
0.00978421746600106
0.0216132222811617
0.0207115537396739
9.99209374592646e-05
-0.00767722691547794
-0.00855793428447241
-0.0346280113644639
-0.0593655693120003
-0.0504749664376436
-0.0176966252227648
-0.0116086532931121
0.0100184590518465
0.0129671005317871
0.00224836139851539
-0.000873428890140026
0.00297113704688787
0.00201888225929807
-0.000845159542751873
5.19232327705426e-05
0.0058918699707532
0.0170761246897111
0.0215036323882015
0.0297053280438539
0.0360827472349291
0.015947363459429
-0.00617437202769159
-0.000497351751697966
0.00491194045445614
0.000328041704287908
-0.00163258581808175
-0.003836609218309
-0.00622214077007965
-0.00537209386955346
-0.0178263270353473
0.00632308740784888
0.0114755106705346
-0.00309022144457675
-0.0076569928198287
-0.0240277565936101
-0.0203992716523685
-0.0120307255774962
-0.00455798633374158
-0.0128765611566649
-0.00182627550870685
0.0167930710036647
0.0175580639464478
0.00683654408117026
-0.0040878242615274
0.000398608452856072
0.00614558182581449
0.0061235380696735
-0.0161016108119693
-0.0210132024060723
-0.0102824249832707
0.00202120509941582
0.0170372830568726
0.0131271789959785
0.00242354331192414
0.0160448803371119
0.00853611849768926
-0.00269274023366131
-9.25822571707091e-05
-0.000576848920275824
-0.00183940233438473
-0.0215723330888838
-0.0524653363779845
-0.0759323632256777
-0.0629176694790855
-0.0175106610876946
-0.0178434333320584
-0.0355408542454802
-0.0275786304714282
-0.0103209680201878
0.00116454877938447
0.0049078541272188
0.00399403144958786
0.00527948441905499
-0.00793094981012301
-0.00598956365228884
-0.0163705811424241
-0.0179003449046808
-0.016380558531826
-0.0252730613062125
-0.0182539953598358
0.00903955269729592
0.0141751784497926
0.0345574195004369
0.0265755753497518
0.0109636375859785
-0.0132009823298658
-0.00530626317508772
0.0113033645303553
0.0185105013591561
0.0119224509595237
0.0307901547387849
0.0493173156745593
0.0353657867302775
0.00969751523425433
0.0103178816320312
0.00785319134127509
-0.00291233243654058
-0.00193141311308726
-0.0024598240683111
0.00733274250095678
0.00385833347797458
-0.00261767133088551
-0.00273068820624461
0.0023080130772748
0.00144835679183557
-0.00593985513452808
0.00281555442113973
0.00901293887642443
0.00665583128824534
0.0107728643161083
0.0117969077069306
0.0223626360725078
0.0381609131851028
0.030477420123569
0.0219208318544193
0.0236795963981274
-0.00631350477365459
-0.0143950928078337
0.000664740060984804
-0.025061280536307
-0.0140749163979982
0.015835856244009
0.0650500036087259
0.0540148750562916
0.0369623021290612
0.0381068286929129
0.0102585701125092
-0.0168245271068713
-0.00932172614446843
-0.00553411219447254
-0.0034921758788389
-0.00249584232111285
-0.0114949934095205
-0.00545308570017461
0.0048688671046767
-0.00954390258952111
-0.00031481587696354
0.000670844718973409
-0.0200939302475637
-0.0215193363144945
-0.0228320434762867
-0.0144188575953418
0.00747811970382828
0.013730648358551
-0.000641021656556939
-0.0124877528899909
-0.00502479535748001
0.000684217544893043
-0.00694687152083921
-3.29604105816957e-05
-0.0395654626408536
-0.0525894119123969
-0.0521293394518205
-0.073650647941858
-0.0539528248237655
-0.0184146604746104
-0.00969018823121341
-0.013360534101292
-0.0144679173767609
-0.0191844786432038
-0.0316885044135115
-0.0430564092562734
-0.0360447121096839
-0.0268705923934793
-0.013745920419832
-0.0131436801704099
-0.00815448052150828
-0.00905245349981141
-0.0089406860848406
-0.0277875290780061
-0.025906791909332
-0.0238892073871267
-0.0384956027319993
-0.0269925818755544
-0.0121833890486914
-0.0134159434180381
0.000743860525392698
0.0131055287322096
-0.0388149463919555
-0.0371703318691878
0.0706676573288526
0.0844631045768406
0.0419234574324227
0.0409083169520547
0.0379148561105666
0.0212241659524201
0.0186680959593485
0.0311257975774149
0.0294772656369133
0.0341938175916717
0.049777418079074
0.022594037287538
0.00469809046210776
0.0148759035438634
-0.00220590357313537
-0.000906727085413405
0.00401978699251851
0.010690044688242
0.0170262740711703
0.0380389772360954
0.0319088071689587
0.0544247899936118
0.0841836009785437
0.0626166001860595
0.0142826309959688
0.0085986440422544
-0.00312121797657492
-0.0144642051293154
-0.0196835769726685
-0.00255111032134511
-0.00691666943616137
0.0323589060267596
0.0174249277111396
0.0187069619772862
0.0397026886841997
0.0244953797036698
-0.0194045013390489
-0.00971431764113481
0.00746202193103421
-0.00735386483229918
0.00145724643322456
0.000632522859976924
0.000531869109290677
0.00195092395064587
0.0069274176933915
-0.000459343435778867
0.00200015535803791
-0.00991739099917711
-0.0175133483432049
-0.031927323957121
-0.0162928603281827
-0.00666275897849726
-0.00148051383034199
-0.0165398194437896
-0.0334781598538923
-0.00810060466880213
-0.00364382713911442
-0.00428767300143772
0.00901415997922567
0.0223750806532842
0.00264810937856692
-0.0396487383017954
-0.0307882176064317
-0.0126776627361979
0.00932417973774174
-0.00201102972940548
-0.0588776323274989
-0.073973567027644
-0.00952970683327416
0.0305848069507504
0.0411087180442985
0.0687958841829334
0.0425764233037881
0.0311803188456912
0.015996068010666
0.0191882786746605
-0.00301414299311258
-0.033125187397696
-2.66521743200535e-06
0.0235935078395967
0.00090741103075403
0.000359157110463184
0.00889603682988276
-0.00793723229125252
0.00681549791053799
-0.0221606177143105
-0.060268825673609
-0.0414874689035898
-0.0318601235456808
-0.01065257739434
0.00289602228817153
-0.00453493073999088
-0.00213607966502376
0.0011547668317134
0.000942018582258897
0.00523723367438487
0.00643919042718132
0.0157360427855594
0.0269143544889786
0.0222600105703775
0.00684128207554666
0.00786920727226009
0.00717458988899552
0.00713655862325051
0.00513378905869301
0.000687449837616397
0.00199198956183516
-0.00783113460553286
-0.000810451533164575
-0.00211113653980609
0.0159968217790319
0.0648470254374805
0.114550109642786
-0.0215130233246532
-0.0869888808176771
-0.0152352554856067
-0.0478392061351521
-0.0468520781492875
-0.0513190609561096
-0.000852720612801776
0.0096661109704429
-0.0209631553834917
-0.00579283518093259
0.00115496957620833
0.00882824248501498
0.00759570405302723
0.0165077219104875
0.105883350815986
0.059697961310208
0.0646208306270568
0.0393557186294139
0.0225954510969427
0.00958269654273572
-0.000681445863125367
0.00549194186357485
0.00343249138338945
-0.00135376497782041
-9.42037614783155e-05
0.0138942546451223
0.0497259246691288
0.0435921007233949
0.0358854639530742
0.0393827295601501
0.0224115945399719
0.0139250928250682
0.0244844590935166
0.0244080246973814
0.0207593834290837
0.0117157635338624
0.00911564185646169
0.00946478724562344
0.0212893392829208
0.0106622735956162
0.00745985198085831
0.00378520029757434
-0.00464967074449112
-0.0225623953888484
-0.0110977209170465
0.0050809704347229
0.00268802645805917
0.00170370604834733
-0.000680200470113021
0.00537070617776757
0.00880407558148996
0.00937309788183202
0.00442958209267142
0.0116783645783223
0.0140284916297133
-0.0202538010776162
-0.0299858207690024
-0.0245231901967281
-0.017974193068982
-0.0112793928409652
-0.00215961292221027
0.000754970842088116
-0.000626658592178587
-0.000142657667616817
-1.5910520791979e-05
-0.00251930377658241
-0.00710091096966908
-0.00836630118077135
-0.00460776747523366
-0.000754819231907197
0.0010218836967536
0.00316761049003638
0.00652740198974588
-0.000934253873381903
-0.00136109756495527
0.00873796051458106
0.0182943129907573
0.0271968692346411
0.0313496878199542
0.0196077052465227
0.0203614563026488
0.0128952219675035
0.00129659287140127
-0.00144907144166779
0.0110093976790682
0.012389168406147
-0.00444693527759347
0.00273987663225983
0.000661948261943247
0.00797987869201396
0.025334326222291
0.00907222334880778
-0.00489603567723336
-0.00144449445159997
-0.0155238629529418
-0.0134731200966046
0.00602969122985853
0.00989571075083835
0.0155921777681652
-0.00268026345611693
-0.00105731402973198
-0.0143692300407174
-0.00834975695759776
-0.0107853767899674
-0.00274052931071313
0.00316899391658716
0.00737035488406593
0.00740998687034895
-0.00912655420628154
-0.0116055498434909
-0.00957117005705967
-0.0022351973048356
0.00291531436672424
0.0046056777219071
0.00325840665980971
-0.000193478304594014
-0.000524323186759986
-0.00368948865777068
-0.0195233813506082
-0.0214518732849971
0.00135286259935679
-0.00401872082112311
-0.0113404234560157
-0.00458508746596881
0.0112695701032189
0.00550691734798395
0.00366188791714251
0.00235268767373207
0.000323129678878099
-0.00797595084987447
-0.0140062025485349
-0.0234579332022511
-0.0208369555060784
-0.0205134904728435
-0.0325856096593301
-0.0209459328989184
-0.00558830702614282
-0.00887309163110882
-0.00145798780046209
-0.011710838914913
-0.00123607603170645
0.0111966507041031
-0.000271460099701762
-0.0106426071113016
-0.0333799760239334
-0.0872478566986041
-0.106818879043832
-0.0707017750536899
-0.050195814931564
-0.0321664996375902
-0.0154060540294852
0.0330375343045864
0.0159440895077595
-0.0142742712037371
-0.0369882404805374
-0.0503443358236069
-0.0556051523955413
-0.0578943638999345
-0.056134297845415
-0.0446635460785115
-0.0269956602742643
-0.048474124364534
-0.0354865882706858
-0.00420474484267595
0.00747511005901865
0.0153512959901138
0.0177846020737739
0.0204412403571412
0.00119240651227883
-0.00155086914619331
0.00863995297392051
-0.0131150767452962
-0.00916555453141206
0.00254075854501051
-0.00168590680215577
-0.00423129374899099
-0.00314624633678756
0.00019024824958118
-0.00417089164633126
0.00450905079939276
-0.00663525878303797
-0.00488478985044384
-0.000712669770981715
-0.000895998918325557
0.00992956038344489
-0.00552197405717416
-0.0183186642286709
0.00795223037435035
0.00509436750158775
0.00284419550206541
-0.000446050159334806
0.0121961918100923
0.00497288665797592
-0.00151553243895155
0.0128849386583266
0.0316838200385394
-0.00817783380124376
-0.00333985373129561
0.00155038356332931
-0.00767671780975732
-0.00749308344638397
-0.00422275105341259
0.00103945248224655
0.00128091184013591
-0.00479636415531227
-0.00403776020441663
-0.00713767188798313
-0.00216994136676844
-0.00586054540604343
-0.00729280510734733
-0.0158117235660726
-0.00308183257741771
-0.00318440823192424
-0.00175891728988889
-0.00564759629663964
-0.00479262046465448
-0.021965331416804
-0.0299341792248661
-0.0220899233198011
0.0150255257380406
0.0290266841622325
0.0130496845597808
-0.0128211335365871
0.0146624452241524
-0.00163661151832954
-0.0185798574485463
-0.0323311867022152
-0.0368350937883543
-0.0151835552147704
-0.0070166665900355
0.00122865928749578
-0.00256496183187345
-0.00699009944060935
0.0107120917292539
0.00742763986785847
-0.000532852855132507
-0.00599159190733247
-0.0394435701179982
-0.0431068259673413
0.0127255666397227
-0.0132641098951435
-0.0223691635171913
-0.0100185280953537
-0.00523661703439289
-0.00849503170188856
-0.00981475524600377
-0.00160719383908417
-0.0102862639749045
-0.0280651342658947
-0.0283758221969376
-0.014749861171545
-0.0496237089850676
-0.030516266706797
0.00768456511521592
-0.0118077566794044
-0.0114599932415009
-0.00576280971676319
-0.0024266992432401
-0.00131995389442071
-0.00698210068648114
-0.00760820591072979
0.00800275721878622
0.00243397882987295
-0.00657459953132682
-0.00591313035151823
-0.00674088213813799
-0.0112464915353823
-0.00836280452047822
-0.00647617523353676
0.00468471622473109
-0.0156367313564597
-0.038765444353808
-0.017789449429856
0.00495394517061405
0.0215185526823866
-0.0144562469572065
-0.000883278519969825
0.0403457561767286
0.0508899482498399
0.0280900195618804
0.0294283219525849
0.0316722844892259
0.00276741804656904
-0.0137248698643805
0.000537197076132026
0.00695095724345092
0.0229618559756493
0.0186570396832939
0.00406225219971614
-0.063170652137913
0.0228041251244155
0.0514125748868926
0.0616945527035422
0.00441047104385417
-0.0126497569912168
-0.0197727994568803
0.00836414749952424
-0.00843365674187878
-0.00140361507629631
0.0278620578920586
0.00473959037434505
-0.0103555065785152
-0.00695780942060405
0.00200017032218385
0.00230029637803953
0.00649246202916447
0.0140408694922686
0.00937727140568109
0.0223878484173296
0.0167189429022021
-0.0140818280376303
-0.0316916264796888
-0.0272457937598592
0.000301126544609207
0.0199709279715213
0.00165876620948679
0.00127618584994337
0.00417182282765723
-0.00117541156929012
-0.00579793521123094
0.0130017891444556
-0.00190459618301329
-0.0053131042092526
-0.00623038420809266
0.00962969734703113
0.0317951651438585
0.0105394458850253
0.00660492135825372
0.0116918959938176
0.000748514268468496
-0.00100725861941018
-0.00169451091662036
-0.00394615653264242
-0.0319462973850976
-0.0451010657975043
-0.0319081882760209
-0.0215447400039376
-0.0193487603351424
-0.0200932795434747
-0.00821092449587773
0.00110004912531524
0.0099428465169608
0.00843259012853429
0.00705306541419891
0.00281729390878954
-0.0019396005001793
-0.00255464674281567
-0.00351625665288837
0.00195804303605403
0.00178082778670155
0.00217056825350767
0.00209345008367965
0.00208601633831505
0.000158280973600942
-0.0114678602266493
-0.014315509533811
0.000480980852527858
0.0024207378346398
0.0138481530951639
0.0195138471788677
0.0169828263072394
0.0135671374460491
-0.0132270955429992
-0.00799896895912605
0.00293331544681189
-0.000685834584366865
0.00019924752301152
0.000413197529548279
-0.018317891181721
-0.0274036904798378
0.00414341069548499
-0.00289274606056233
-0.0140143012144727
-0.00339296385591295
0.0142252709162913
0.0150914488698106
0.00391929389798453
0.00622531273260628
-0.00498303364381075
0.000830570735342553
0.00860898554597529
0.00397066034311752
-0.00798244151753057
-0.00478303320476055
0.000759371103227047
-6.54089330991068e-05
-0.00171290510242211
-0.00641454109580933
0.00829730683746696
0.00303824888596655
0.0031868195368018
0.0140892167371595
0.0203559402931612
0.0128143387545714
0.00452260840498913
0.0121876070511635
0.00331385271566683
-0.00671156383143756
-0.00778427706647895
-0.00193920397106767
-0.00533807258574659
-0.00801407965011426
-0.00325045268952743
-0.00202753636076627
-0.00351886964633745
-0.00568319642166454
-0.012080348609908
-0.0123501837341674
-0.0135541574365374
-0.0110168934407314
-0.0135796807173042
-0.00746885121464833
0.00542016905798606
0.00787093523803764
0.0131978832286803
0.0135200929628245
-0.00327975826127927
-0.00799243960741304
0.00270493243412342
0.00131933660493744
0.00332576708104609
-0.00746457850060755
-0.0084641311647461
-0.00883488483202956
-0.00521140728801106
0.00232930596542681
0.00339177418000186
0.00261179824830017
0.00148045340237987
-0.00274356327509432
-0.00676404420750999
-0.00322121107208882
-0.00162998102251774
0.00169810595532383
-0.00163075971472361
0.00148573216716857
0.000407909356743501
-0.000681644569939712
-0.000458439988301709
0.000563477633646187
-0.00276679952294365
0.0028338943919291
0.00644516127503861
0.00596968756953801
0.00593749349537736
0.00404205121640743
0.000705201065427451
-0.00822420950833871
-0.0180227869506436
-0.0189282745775548
-0.0214519744167765
-0.0138092901638155
-0.0129652858877352
-0.00954443551358474
-0.0119274891956589
-0.0144790821167782
-0.00358196886229309
-0.00405942179143845
-0.00943172727435368
0.00113480120339741
0.00237047133652334
-0.000737501631617368
-0.00118394005878154
-0.000316063091758651
-0.00259152142437378
-0.00624878224151174
-0.00738749150045299
-0.0198965012012215
-0.0239616130733606
-0.0290996668287413
-0.0189489741175997
-0.0059662386146946
-0.00353845820446329
0.00250355372802812
-0.000807870751379312
-0.0136132639845637
-0.0144091234311444
-0.0248097601753872
-0.0395918813052208
-0.0347332399439282
-0.014023930790441
0.000898851616611882
0.000567092436009322
-0.00478555080707456
-0.000290275398065996
-0.00263723619175157
-0.0175205907041291
-0.0198969440852003
-0.0256697009537934
-0.011214344600647
0.000224454891009582
0.00115945599814706
-0.00195294418836215
-0.00121638554671904
-0.000488536754400301
-0.00453956231421254
-0.0092657995392096
-0.00458817680621695
0.0125525818419621
0.0153761418530372
0.00566435518996988
0.00410750252510081
-0.00079865640325045
-0.00545761952057156
-0.00050532117131607
0.0122320641679393
0.020905973678851
0.00613226903166606
-0.000352374028289654
0.00758424454858473
0.00707959360299728
-0.015404327209863
-0.011377584776768
-0.00729843489732289
-0.00220634755997075
-0.000955254392755232
-0.00193866585655249
-0.00621290437045594
-0.00844175412687511
-0.0129275664881474
-0.0143269679132146
-0.0214214491882335
-0.0146017491983336
-0.0064439493187996
-0.000818480597980301
0.00064489533441588
-0.000454259838742961
-0.00251302335272096
-0.012302251526327
-0.00975870928820802
-0.00434571600716489
0.000925306071304647
0.013684477384192
0.00991505002625214
0.00358590410824033
0.00066243937075093
0.000556489673085806
-0.00183632366456679
-0.000355323121436841
0.0010212808920074
0.00240792359640376
-0.000629569724642709
-0.00199232616058085
-0.000569301525031813
0.00088243079683289
0.000763282881204511
0.00363089182813692
0.0013340607451324
-0.000208601609325032
0.000275452294199493
0.00203047826139588
0.00508134099889418
0.00494844468342591
0.0035148976087299
0.00330350882202197
0.0054999526885371
0.000720456110630244
-0.00446364551377734
-0.00477119642697302
-0.00596501115336523
-0.0039120493744567
-0.00271766688346714
-0.00386461044309763
-0.00661448692592078
-0.0127421712801899
-0.00969759087667239
-0.00761176913070503
-0.00816622864048955
-0.00123357732817835
0.00644904583918898
0.00376576621751859
-0.00122792258928487
-0.00182654096054637
-0.00257945518118821
-0.00308154614169132
-0.00585263597044129
-0.00949002904033202
-0.00979242721311391
-0.00707525047900787
-0.0040428150399941
-0.00525094949685215
-0.00566694864243247
-0.00547397314152268
-0.00541319294961159
-0.00231259632577557
6.4818458874333e-05
-0.000185129171195016
3.97401932915359e-05
-0.00192047848047659
-0.00472696196626822
-0.00266387437973109
-0.00118619107833635
-0.000462338197628032
-0.00122351173676954
-0.00110169696519779
0.000287454933351965
-0.000280223595370035
-0.00135492321553396
-0.00168052548673909
-0.00291043870721616
-0.00224414038505883
0.000316108567812519
0.000789640001683756
-0.000647219856564857
-0.00241346797271709
-0.0027608604159825
-0.00414740703860983
-0.00540028049241383
-0.00584395010258528
-0.00587655411181426
-0.00609783753996646
-0.00648810056391538
-0.00632161860538889
