-0.978426664726446
-0.91537474972129
-0.51139341842217
-0.375556956476777
-0.322183715701094
-0.122066822920756
-0.0658829378811921
-0.0951092201785659
-0.00291681335152798
0.00301389385377165
4.29392476984161e-05
-0.00651004841398807
-0.0983392929693552
-0.0117061404054706
0.00944816259657516
0.0446346719292756
0.0110746334986027
0.019595754502264
-0.0212296725749728
-0.013303314475842
0.065994158091028
-0.0158250165690791
-0.00876036086848824
-0.000527013841328908
0.0174876573458395
-0.00897433929839442
-0.0214543212008073
-0.0146216621392488
0.00491210118195252
0.03491291764768
-0.0442758121362834
-0.035435099406306
0.00497612306608663
0.0124995200862872
-0.0155615495120222
0.067270984124681
-0.0474115484629613
-0.012610824547784
-0.00831869304372564
-0.00277850964631604
-0.00896821569045804
0.00179501322596273
0.0145153918029127
-0.0337496135744315
-0.000611051514981546
0.00410903716213426
-0.0177305088024347
0.0113257033194011
0.00328990611910916
-0.0022021863530869
0.00337264169081017
-0.00279075412920582
-0.0181000954276705
0.0180249100180665
0.0347682716244775
0.0044767478323604
0.0159457447361643
0.0357327871292208
-0.0110482205026805
0.017466561768777
-0.0208130301945356
-0.0655580628538416
0.000790482603376339
0.00154533797161742
-0.000551022103629527
-0.00423087348037579
-0.00813726100416448
0.00493318387708607
-0.0429609647412119
0.0122193204538521
-0.0253922463178918
-0.00935867544876454
-0.00296573842089627
0.0122961898736147
-0.0101954651603594
0.00425780840377869
-0.00270890785964194
-0.0041144947586869
-0.00328992683239082
-0.00946515391875303
0.0268785440061973
-0.031038837202945
-0.0062001936528735
0.0108319902423323
0.00849520897787946
-0.000984887140778254
8.90511947680998e-05
-0.014137798651505
0.00737357586483581
-0.00234101575422218
-0.00114024994044073
0.00287442254767001
0.0412325068432863
-0.004087347619562
-0.0376125168761606
0.00614288918797458
-0.00699774264136417
0.0326647787290827
0.0102322259360215
0.0043433974312012
-0.00520857567769961
-0.0145209380499967
0.00230876076495381
-0.0138901380111828
0.00104089953849701
0.00142834324476218
0.0297630744041859
-0.0104216345286477
0.00602021327038453
-0.0322398977513172
-0.043768002007216
0.013718385334544
-0.0235670758602724
-0.00361997987531924
-0.000613168101527336
0.0225849566186148
-0.00617426093246053
0.00962995997878855
-0.0171027420185894
0.02187260261892
0.00886060406192984
-0.00654274065644827
0.00320163700997055
0.00202490807026209
-0.00245457555984248
-0.0206554568953456
-0.0062344140387562
0.0200330786513267
0.00325392702435968
-0.01344692915045
-0.00992806722806835
-0.0142795283690224
0.00735153714028263
0.00183805639844141
0.00266866596078602
-0.0365775396355966
-0.00209783660449304
0.0116610835335119
0.00348509071031798
0.0157035701172435
0.0155488520699983
0.00287623177427258
0.00534034969471247
-0.00574150355627875
-0.00199340041107836
0.00414582981553894
-0.00403741005993394
0.00166553513180821
0.00308450719102811
-0.00405774535053568
-0.0183280209640053
0.00164108602872101
0.00764263175970355
0.00230249312216872
0.00103449156849174
-0.0205663690687108
-0.00739673081906287
-0.0138875420857407
0.0428803322576577
-0.00259912937070601
-0.00247346964215279
-0.0060819049574792
-0.0219462783907858
0.00296461479623075
-0.0273400835686364
-0.00144087304068902
-0.00120024409929014
-0.0148486488273164
0.00868624719408469
-0.0104491484372281
-0.00291576334155282
-0.000926110713497361
0.00734572905831853
-0.0018060845746777
0.000837867992005496
0.0111480707655583
-0.0011302003342175
-0.00657779120345886
0.00494980753788485
-0.0124661601323849
-0.0225594972170416
-0.00421949500105454
-0.00555962394953126
0.0140307597664217
0.0150661198559232
-0.00135714467780357
0.00656837839290724
-0.0104189043198066
0.0103459609520796
0.00306105439355178
0.000104072074205732
-0.0108113005682743
-0.0202240070831909
0.00249776519725747
-0.00176769299684548
-0.00172683422802007
-0.0184150541214825
-0.0159589708320019
-0.0154091917886238
-0.00862093539637486
0.00865441057065806
-0.00398161559019647
-0.00380272900280002
0.00535933178877478
-0.0428856364347244
-0.00219154855712667
-0.000250097687202463
-0.00455103886765775
-0.0166302163872061
-0.00467574791331728
0.0016048001457519
0.00486144612482476
-0.0217648202985418
-0.00350497748773461
-0.0064978643639057
-0.00127490705459744
-0.0329426420262451
-0.0352854610454293
-0.0031367667588345
0.000713701006292238
-0.00619010610831441
-0.00164891453925625
-0.00133917288000957
-0.00893401794360326
-0.00254446641126167
-0.00262307218430495
0.00131847762508402
0.000489250372422908
-0.00211336082296337
-0.00237837796351019
-0.0268529466039016
-0.00492360669387077
-0.00644685239793811
0.00064676721534221
-0.0089809406606876
-2.4819805344013e-05
3.24450510328121e-05
-3.30607756660623e-05
0.000153800515060338
-0.00513183213441728
-0.00566430982181792
-0.00443063933804766
-0.000631726155777893
3.051011561124e-05
0.000646590895862437
-0.00024283403571052
-0.00415355187821582
-0.00128095545941558
-0.000918072933177456
-0.0064642004146639
0.000173513151484107
0.000472052196101295
9.98739738437673e-05
-0.00155374339469535
-0.00175840749470226
7.54367938916569e-05
-0.00705180074287945
-0.00241235822789511
-0.00122710889559157
