-0.986541317129303
-0.936681467978266
-0.580123562999481
-0.546178895552687
-0.383877703956785
-0.187922478029228
-0.162806657293553
-0.0516390376108428
-0.0125265461504132
-0.0111561922946032
-0.00301005337989573
-0.0197315803625899
0.00389217041484126
-0.011075554104919
-0.0144506427786922
0.0166484419666759
0.0300116039112033
-0.00159347839003352
0.00995854310770531
0.00333348212064841
-0.00536676538924466
0.0148778660357537
-0.0239218323825608
-0.00250926885460806
-0.00787932939088509
-0.00804190485346735
-0.00181991267212253
-0.019915372520781
0.0258296673409761
-0.00257383004116094
0.0260938794195538
0.020879094748661
0.0170695091295816
-0.0109996060869228
-0.059831952302077
-0.00552671178156574
0.0257972734244902
-0.000236952664698285
-0.00392545447895943
-0.0236710041351924
0.0305052906209646
-0.00466092372421737
-0.0230891248782304
0.023237326087082
-0.000826326676263828
-0.00428781144535644
0.0112430655252995
-0.011437369513949
0.00351588782290755
-0.00378301007736655
0.00710379005763213
0.0228891654612449
0.00889597348937314
-0.000440287021657458
0.00110349538913105
-0.0329244445434038
0.00700931966622793
-0.0029338646909478
0.00257710514001726
0.0122625844869647
-0.00558811031848645
0.0133235664118601
0.00857551067642276
0.00823717144584326
-0.0139921224456865
-0.010087215658677
0.0408326861947879
0.0204509981894806
-0.0025084040595756
0.026099347624454
0.0272908119673878
0.021613084770102
0.077744362447047
0.0206301997857819
-0.00636924837462574
-0.0206475836650347
-0.015782834276061
-0.00582170838595738
-0.0102099658407814
-0.0137183094045512
-0.00026539540834787
-0.0114495091581527
0.0114166715406705
-0.0017323318241441
0.0105737912439412
0.00070568363219922
0.0467475721310714
-0.00569640598023875
0.00408999217956421
-0.013183785334535
0.000570469347212782
-0.00170974823025736
-0.0115544023475486
-0.000198432006665978
-0.00466235637205615
0.0473221680293679
-0.00149070821439937
-0.0101495799542844
0.0163766670318151
0.00782787739254999
0.00042135509415179
-0.0119817554760395
-0.00224500450945273
0.00238974804922129
-0.00212421087541964
-0.0159565966084613
-0.00441866188404415
-0.00232258619103367
-0.00868397245537834
0.00162062882911182
-0.000366346342754261
-0.0107210128837961
-0.00794586675097283
-0.00665147901918287
0.00122257993784127
-0.0248204688660942
0.0304051260602104
0.0252522738126083
-0.0111259891726751
-0.0185752604261584
-0.00681309961481868
0.00953273174654877
0.00123143080999878
0.00785019899619504
0.0146472191912359
-0.0081753946477445
-0.00782496154032289
-0.00509280663714548
0.00529302347544652
-0.0359429805313565
-0.0113456784047148
-0.0034512752991559
0.00688602783574822
0.0198503852044877
0.00311271605739433
0.0485682804719691
0.0151522988292047
-0.00453859847497443
0.00595586765157497
0.0057212775666178
0.0204646400510998
0.0055028648293329
-0.00812253158792404
0.00493309165990446
0.00252557135562299
-0.00524775913719401
-0.00157789390405034
0.00274778982595871
-0.0182731550399818
0.0209492403030287
-0.0094135349120755
0.00341057979687423
-0.0138518894962741
-0.0140977910868785
0.0201631166795957
0.00148033331969619
0.00063337824262355
0.00735451967562629
-0.000850872289026172
-0.0111184782412892
-0.000114956493794727
1.85105992342345e-05
0.00791672407635761
-0.0107337559364256
-0.00323033500520109
0.00185347655712595
-0.00222063472159105
-0.00634429557152763
0.00298716949562037
-0.00176154609423421
-0.00928029062237211
-0.00943418665691092
0.00153371558102026
0.00613672925787047
-0.00400383543998865
0.0200876294158142
0.0199363093131248
-0.00876606241112173
2.39363687577661e-05
-0.000767759114767055
0.00011553229883599
-0.00188276468748993
-0.000294300328416047
-0.0101226074074721
0.000310029682462476
-0.00196574330151684
-0.0016472345423337
-0.0120569559009962
-0.00556829302356527
0.000107877459718783
-0.000667639395442211
-0.00220186382744255
-0.00154957635483068
-0.00407136090667834
-0.011459362847231
-0.00715765051219581
-0.00222248066827927
-0.00267547722314813
-0.000355450381013364
0.00059577557979444
-0.00234450043900136
-0.00155999809458648
-0.00249538182360523
-0.00294227298731539
-0.00622674102862315
-0.00152435185902456
0.00290633957447221
-0.0116464877984715
0.000252327230087288
0.00059845560821655
0.00906883992052858
0.00100098775593149
-0.0194003054393041
0.000742455275206595
0.0035108769829201
-0.0049795929039535
-0.0103543479466521
-0.00642049181009413
0.00168302734695813
0.000843961320935577
-0.0105109730438043
0.00302477457377065
-0.00569685425698378
-0.00247697392974982
-0.00284621655666703
-0.00272073051470846
-0.0115514657202993
-0.000304892210562836
-0.00817109442157215
-0.00645448488135566
0.000783454868988135
0.000140979522526081
-0.000790437185045035
-0.000152165799046338
0.001049355412845
0.00259369040744397
-0.000279716826297562
0.000812193111240344
-0.0090341852655293
-0.00286578152558195
-0.00134991753392818
-0.000620625923589729
-0.0120206983441869
-0.00397096769656591
-0.00862768661745646
0.000924482467008267
-0.000373883799087443
-0.00085512501480161
-0.000772647753504763
-0.000746029810360338
-0.000792116399734941
-0.00288267829408797
-0.00236429683567786
-6.68078599421774e-05
0.000373407834171982
-0.000418540582833974
-9.48604588801276e-05
-0.000984567850204255
-0.00141988677509314
