-0.970232306126416
-0.954113160336066
-0.978170795217951
-0.732376018096121
-0.477585797133919
-0.249433960483906
-0.212523402122429
-0.0147543676297083
0.0012883543036851
0.00211276227361872
-0.00912494248673666
0.0217150412902215
-0.00938183189243594
-0.00341546352078456
-0.0048628769965947
-0.0183130542548035
0.0109424887436242
0.00106566314392144
0.040865046654393
-0.0109743748199391
0.0296832459055575
0.00736467529365177
-0.00439889804122007
0.0186977551023488
0.00952219290827512
0.00433851867923667
0.000224556713751117
0.00562639806232445
0.00770728610090794
0.000946192521396261
-0.0149696666070525
0.0104213060392658
-0.0303705708534152
-0.0248138892775694
-0.0185084022337987
0.012895752618281
-0.00884444792235772
0.00633275825784678
-0.00739617125666332
0.0410054966275665
0.017489931054643
-0.0239056172234415
-0.00818636405180008
-0.0411377381997176
-0.000759469970207871
-0.0126543662951179
-0.0079492138357309
-0.0144144216792936
-0.00554013250170919
-0.0221613997593595
-0.00543399838971808
-0.0841047885472562
-0.0082455637617393
0.0032012185974531
-0.0617774593362514
0.057472669316846
-0.0188998160158852
0.0132760388944249
-0.00837133730284631
-0.00642241347550618
0.00788268655841617
0.0080145005072451
-0.00854735636425148
0.0145635640784786
-0.0144340155491479
-0.00218249135567659
0.0219894397148536
-0.00955542702935879
-0.0257570276284081
-0.0018499527551145
0.00194239382639874
0.0049922597311712
-0.0290339679178368
-0.0025826873550411
0.00234227843875864
0.0127605322048849
-0.00467229761154795
0.004293952212184
0.0119226648066467
0.0170994911312684
0.00208109661049121
-0.0197250542624337
-0.00226403451973412
-0.0167924401026973
-0.00436267844157156
0.0320271590999681
-0.00120875320265409
5.71415236560596e-05
0.00664830201728162
0.0391505634204443
-0.00666750549554284
-0.0149116032260955
-0.00302749917421164
-0.0133983204789828
0.0350587337475114
-0.00828808950707702
0.000878056607091154
0.00367550765817252
-0.000970941838682131
-0.00235321184751449
0.00438407244404255
0.0113246748378332
0.00725954433258415
-0.00299526846095481
0.0168316687559424
-0.00687951440221321
0.00912201945617343
-0.0046800321106608
3.99943942506076e-05
-0.0108759077420899
-0.0115297221466221
0.000162325009779952
-0.0545078388667876
-0.00118703303384906
0.0129664319339523
-0.036658655029456
-0.000190307999661469
-0.0118276021159877
0.00278467388349875
0.00544720129065518
-0.000177078265865513
-0.0340004299075515
-0.00983539488761598
-0.0129930183664053
-0.00575402985341673
0.00479800656443306
0.000667996621250977
-0.000104387433235726
0.00505702094469095
-0.0200940338352276
0.0111386501547768
-0.00199446788339812
0.00286154225217478
0.00184949588081015
0.0182449133659362
0.00518240514734943
-0.0214990621065172
-0.0242404226729444
0.00478927351345961
-0.00231008276208465
-0.0161610289350836
0.0189335159086805
-0.000648908501314167
-0.0158820121364973
-0.00880319654117552
-0.000638058856673233
-0.0055274776908032
-0.00799034217728986
-0.0121366060781999
-0.00973428558980983
0.000850141311459955
-0.00676902250541514
-0.00849343367668415
-0.00173592565446096
-0.0414462512845472
-0.0225440189498678
0.00939346540918954
-0.0157062824652289
0.000268193605363357
-0.000866905998213701
-0.00233978129971093
0.00219389009818648
0.00385188939989049
-0.000846188598208129
-0.0187398037618588
-0.00517443476352461
0.00731629766321974
0.016756006620945
0.00786295103837314
0.00613307688438866
0.00344640318482299
-0.0153914976985224
0.00181847316803225
0.00368688350216176
-0.000548931097303744
0.00434609380846547
0.000602642476920941
0.00136403736978797
-0.00869848579035503
0.006488015122021
-0.000484184278147235
-4.71376053493537e-05
-0.0316486453869414
0.00743467885977886
-0.00600040581936045
-0.00142814577384262
-0.0308135434860045
-0.000201858760672742
-0.0088169764629112
-0.00531668501160939
-0.00504225754030151
-5.15255133202961e-05
0.000452624942385218
0.00209577981235201
-0.00522880698794913
2.90562219845305e-05
0.00563044490822676
-0.00903456907373517
-0.000789022406501845
0.000204452465332541
-0.0063195969178974
-0.00707483936927416
0.000550209760831713
-0.00269167702664297
-0.00161299518801738
-0.0189253215620645
-0.0201481735840427
0.000638806891068367
-0.00119173655419461
0.00383476181400029
0.00107892195555238
-0.00238809004011617
-0.0203735924087108
-0.00736729653082961
0.000829529375229582
-0.00308840224526664
0.000764085399827201
-0.00470283770412731
-0.000420225461111274
0.00211425456965337
-0.0058445242513081
-0.00172152293511668
-0.00220964591091316
-0.0047533251201425
-0.00175305188650417
0.000562456699625504
0.000710703355406681
-0.00138387464772125
-0.000808243300192602
-0.0016703881977344
-0.00752431506183389
-0.001020175318144
-0.000672293925569742
0.00376460459134402
-0.00291669708446195
-0.00243223399840563
0.00110416102709781
-0.0023739907270213
-0.000174949417916025
0.00071110360605857
-0.00471757027006935
0.000966432491109902
-0.00660571667902568
0.00121326139421351
-0.00553783427826331
-0.000388566378698642
-0.00113249195197935
-0.00367334059438085
-0.00641695081756374
-0.00462819675028752
-0.00421735798739445
-0.00463691254516413
9.42166699337971e-06
-0.00120811146058921
-0.00157237795344224
0.000665685051969578
-0.000891698142611955
-0.000424432025440025
-0.00259553875817471
