-0.926311622107303
-0.772686119128299
-0.351730573323118
-0.126886510421645
-0.205919498263446
-0.0484437865722383
-0.0116402035961884
-0.056911666209789
0.0040827938287509
-0.0320664410022626
-0.00762820783040849
-0.0961520604164111
-0.123727777188551
-0.0531576346867222
-0.0116877580551224
-0.048208395989495
-0.0433102290932191
-0.0345745210567026
-0.0583790817701336
0.0080940091175259
0.0061924199612678
0.0109927392209211
0.00322537422762316
0.00144813549062473
0.00728872051087221
-0.0120590769552405
0.0206720802195353
-0.0241708311561027
0.0183015983230742
-0.0216231102396029
0.00621648385279753
-0.0171870435162294
0.0158450810194123
-0.00813262572733205
-0.029185243092094
0.0212114930709257
0.0121508476354813
-0.0217254758948406
-0.0411210537117669
0.00138274696503205
0.000522186649392752
0.0224810732994021
-0.0138519617275417
-0.0092416356193361
-0.00841041569422735
0.0079237479124013
0.0225910268226101
0.00801859903259492
-0.0204147080130874
-0.0257596108440741
-0.0141326325776099
0.0229433663082797
-0.000102612942679118
0.0157229289158264
0.00335372026845942
-0.00588332688028986
0.00746410594540415
0.000386945732796771
-0.00102072061453477
-0.0107953663896909
-0.0107034299352286
0.0189837590226186
-0.000217252581811523
-0.00201940968366848
-0.00450761043893139
-0.0175804513600322
0.00826185236384024
-0.00965453795544839
0.0218058752741841
-0.0238612429726825
0.0122417878680958
-0.00710556094418341
0.0269947923511037
-0.0106873134347709
-0.0065589038722603
-0.0208373962471005
0.0245270730862102
0.00378604805280373
-0.024215739516747
0.0104390978020468
0.00247866581742407
-0.00233439504576499
0.0212451124587394
-0.0193308325832946
-0.0154225253546544
0.0305900657179516
0.0421350191353486
-0.0104234390053664
-0.0093840387373251
-0.0196315451951932
-0.00654977482024498
-0.00238134142018084
0.0067720124262189
0.00539075699840259
0.0263929172408882
-0.00220359567779024
-0.00414028577144776
0.00360397162661752
-0.0100841625837517
0.0131830059472318
0.00252111020695544
-0.00758799674293692
-0.0300933303866888
-0.0119233691782187
-0.0142090064478444
0.0236976395303771
-0.0171262143355726
-0.0105385901598391
0.018066756659486
0.00663908255584452
-0.00983846103675077
-0.00237593644449212
0.0171616313512379
-0.0044461596313579
0.00977912842548395
-0.0216565663127882
0.000790550505876812
-0.0198500970016529
-0.00253003708762996
0.000581077318807557
0.00896765637703115
-0.00179784753499169
-0.0153779282955197
-0.000156262647868641
-0.00869707210020832
-0.0257876290449153
0.00185370324928202
-0.0222542501948262
-0.00193349443709883
-0.000556488652789552
0.004418904612129
-0.00193877843564483
0.00035186129502752
-0.0107947186505383
-0.020507975493855
-0.0072148559975763
-0.000356503486722514
-0.00323215483484347
-0.0179872175455512
-0.00263982109457118
-0.000127218532211411
0.00965818275729044
-0.0018769253425803
0.00564030433996523
-0.00310774674186322
-0.0142849618527026
-0.0141522262012101
0.00134275729944936
-0.00776304153651776
0.00714472922567791
0.00731373721005231
-0.00134333063903412
-0.0225124990756781
-0.00209568329470125
-0.00626134051187176
-0.0169475151328617
-0.0141739417672703
0.00416792574690857
-0.00961989822793473
-0.0137457016467224
-0.000467727322192802
-0.00279723705607609
0.0108991427567682
0.00046661056619688
0.00145128276028064
0.00874515559334477
0.000269128048697267
-0.000594380636054086
0.00239865793798976
-0.00904844494263826
-0.00867584682126292
-0.00878040487079164
-0.0126747471189644
0.00347719558798861
-0.010525115134387
-0.00240022899484223
-0.000271024787362585
0.00706058038104607
-0.00139731003031612
-7.94865625409454e-05
0.00791078865679057
-0.000857078163713974
-0.000296344301976416
-0.0041085643585822
0.00461535799168606
0.0032116143089928
0.00191804626996795
-0.0100851229666066
-0.00723822083078486
-0.0108543146157658
0.00199494326417836
-0.00308272064474499
0.00489407335838122
-0.00281600518971907
-0.00835326683527175
0.0045096621883449
0.004555653566754
0.00216560189631963
0.0013293286432447
-0.00197314887875595
-0.00120269726531391
-0.00909269973554038
0.00765729920188491
-0.000911464156519859
-0.0102080955551602
-0.000168296493661592
0.0047652402975854
-0.00701697756471866
-0.00101471969622868
-0.0118484433151435
-0.0220935938802759
-0.0124799647439225
-0.0121739877833264
-0.0124495533028127
0.00099230379427075
0.000569899693899106
-0.00461745774043693
0.000506279246097263
0.00156811501394495
-0.0126372640131812
-0.00395271459459388
-0.00095332169535291
-0.000346752790043387
-0.000264967337867267
0.00106013721205563
-0.00394944315992632
0.0011607625858329
-0.00084695048736469
-0.00336808562788269
8.74010117470026e-06
-9.62649142868191e-05
-0.00807321630945357
-0.00103407452851684
-0.000516047556953015
-0.00116141346166272
-0.00511667688911245
-0.00266195149278243
-0.00161667315067287
-0.00456564996114637
-0.00804684151425574
-0.00717822376016976
4.91158781049389e-05
-0.002207607596517
-0.00116436759623479
-0.000447279770221162
0.00106468837432485
0.000548726896645976
0.000722227996980333
-0.00317416517170932
0.000805303536097251
3.69490050384756e-05
-0.00178509409736219
0.000398254477179296
-0.00372558050783728
-0.00114659722281092
-0.00415769405642889
-0.0031216172298935
-0.00560276903195945
-0.00369904733601328
