-0.998751711261117
-0.791111044095308
-0.274856678131172
-0.472420977041367
-0.0945414972890963
-0.0228500387909904
-0.0244360802871919
-0.0494822805308039
-0.018324402239431
-0.0106490053318842
0.0130720786791684
-0.0233735598867027
0.00736386006830094
0.0404806068735113
0.0325355541946586
-0.0128210284608775
0.016420235284231
-0.0133931208991311
0.00939506699479935
-0.00610089166404028
-0.014827121294402
0.00390312399086317
-0.00677953133242421
0.00154209238519029
0.0480476083288121
-0.000485982222286919
0.00430712840357704
-0.0163788186525152
-0.0153296690873716
-0.0161834327771642
-0.00870221969998903
-0.00694613138702322
0.0474610557698214
0.0038612757813179
-0.00661171840445696
-0.0277994989430958
-0.0037339226212575
-0.00123115907775914
-0.0024985807556473
0.00779127594229671
0.0563433174945052
0.0176006519643657
-0.00684123481787311
-0.00702782104410043
-0.0100388927691578
-0.025715901872178
-0.00250423132170459
-0.00534107266045059
0.019563088779243
0.037004904067637
0.0128966500800369
0.00268454941418926
0.0175775042241322
0.0403567812136679
0.00686651259860778
-0.0160441736871118
-0.0123261212818999
-0.024380566310194
-0.00247138740695086
0.0180185607108529
-0.0196687709964754
-0.00682771528564754
-0.00592871317178989
0.0122277145185946
-0.00821555857198814
0.0230264536811907
-0.00219590681230935
-0.0691799433416351
-0.00612965147897399
0.0347282630384858
-0.00345673928103032
0.00176170086730854
-0.00305365485087339
-0.00987098675882135
0.0104178040707134
0.0569394624798435
0.00310020433919869
0.0336998025158768
-0.0125420187559365
0.000561657147365183
0.000957900455652306
0.000621944845087553
0.018352344628681
-0.0202783088084179
-0.00392837057753234
-0.0176411664602263
-0.00798994421952928
0.0207763274611235
0.0239666842687651
0.00254006367435507
0.00432338380539463
-0.0284456683934863
-0.00893091925065966
-0.0510604594905357
-0.0185838135657842
-0.016870693703461
0.00259145856405949
0.0429947052796349
-0.00458232404184823
-0.0217604282124249
-0.00843922524165138
-0.00807636900202424
0.0443080863556213
-0.023192205181158
0.00414702819858746
-0.00524063761279746
-0.00774025708786128
-0.00446683813919441
-0.0195159470947763
-0.0238677438938658
-0.00142378656426015
0.0139966664148646
-0.0116907754734151
-0.00213733427369486
-0.0830728421716359
0.00348256169673775
0.0149738433038497
0.00370987539716226
-0.0109498732212925
0.0161292658304518
-0.00183696456547645
-0.0101865679932029
-0.017666883670165
-0.00494984850727835
-0.0145310712043156
-0.00795760972233648
0.00823124394464847
0.00223884374495501
0.0166324177897138
-0.00177139716566338
0.00685315928658984
0.00755429996068843
0.00282329257016414
0.0067109880247749
0.00294657672439933
-0.00244733159434241
0.00250585994983393
0.00574297579937929
0.000399252341411985
0.00274366202673261
0.00183939782698308
0.00864568000627628
-0.00257692759775165
-0.0046811567842503
0.00299655140362029
0.00419119250719015
0.000997974986981346
-0.0256994426851125
-0.00536577935349962
0.00222233531069608
0.0112857044617794
-0.00278038109745512
0.0146248538807969
-0.00291493351570323
-0.00769157109256871
0.00266308365762665
-0.00196903735043567
0.0184681856215103
-0.0078569726341834
0.00772467859890722
-0.00735754988253583
0.00832571739295929
0.00313933005210456
-0.00086849651450488
-0.0083055491231698
-0.00218900950389556
0.0165035261866576
0.0267830638827249
-0.0468512746977642
-0.00884041071356497
0.00928196937430553
-0.00609201982379561
0.0247868609639501
0.0119637013190651
-0.00151680722945663
-0.0133679516654306
0.00112575671716681
-0.00259920056902597
-0.00130501859761852
-0.0119861438758507
-0.00847449354875699
0.0133708285453232
-0.00399690877669552
0.0113688681899254
0.000301282573080146
-0.000580630589612964
0.0201879541423333
0.00652590965405829
0.000106667201262728
-0.00697024186897189
0.00325079608858889
-0.00814646914839596
-0.0056711890001827
0.0205621078846002
-0.0141862378813509
0.000225702838638621
0.00204036976089828
-0.0138526381978161
-0.004306767205576
0.00527744700011446
-0.00395508535263342
-0.00249683175180898
3.58376155273855e-06
-0.00130899935781988
-3.70808033005763e-05
0.00313566697508725
0.00152071361587074
0.00499375056921838
-0.00524364021909926
-0.00689639338169358
0.00910323760304717
-0.0175235172356513
-0.00321092896797577
0.0034803342496279
-0.000920667486528679
0.0014302998130929
0.00196886301459207
-0.00335443455349004
-0.00190042337748455
-0.00428553478975588
-0.0423861467896184
0.0106762235916519
0.00080206433052691
0.0134894685443805
0.00356974890029159
-0.0075519582236607
-0.00960054063501625
0.00231946362161383
-0.00340061443996065
-0.00714012407580553
0.000238319953475801
-0.00652621094462301
-0.00152364928154492
-0.000103038489204659
-0.0127266465282153
-0.0106208640730026
-0.00456599285035386
-0.00359638048733211
-0.00163521952544451
-0.00881003443546349
-0.00111510239045423
-0.00221257451352538
-0.00206468556848821
-0.000539019987621968
-0.000508725406651883
-0.00284956915070478
0.00118945437279489
-0.000428888591156472
0.00165411025051568
0.000231944432095454
-0.00502613391904639
-0.00124044738369662
0.000439012987405035
-0.000902096479460131
0.000309425403621093
-0.00662187117068255
-0.011571137823723
-0.00801571761876545
-0.00491959061376947
