-0.999108340287369
-0.999108340287369
-0.99910834028737
-0.99910834028737
-0.999108340287372
-0.999108340287372
-0.999108340287373
-0.999108340287373
-0.999108340287374
-0.999108340287375
-0.999108340287376
-0.999298876595651
-1.00316750233213
-0.960084108197147
-0.86009368278386
-0.73768941963919
-0.666498735435137
-0.605712278432772
-0.519074157706407
-0.451070248337703
-0.425341208903466
-0.39672072337388
-0.338142903950024
-0.336711240350427
-0.321457181279903
-0.242297548563641
-0.194161333712301
-0.192067469996731
-0.136790653411242
-0.0809496385375115
-0.113170386707747
-0.155633176178011
-0.146615405682075
-0.15366846344441
-0.172085237610445
-0.133561384353242
-0.0961174243664501
-0.10509211169781
-0.108130701081991
-0.0783385376343727
-0.0854214674835686
-0.105097394310316
-0.0901171065611653
-0.10330049791379
-0.146873368761218
-0.139124853054919
-0.0635830054199944
-0.0235390265058193
-0.0233535075375232
0.0037509551431059
0.0141269614236191
-0.0229391345191438
-0.0371849752563123
-0.0247957868302456
-0.0274592851836763
-0.0273745452835932
-0.0189928393312389
-0.00701211534828924
-0.00572394716877802
-0.00412206995661468
5.08522501888771e-05
0.000362297629367915
-1.60300884066225e-05
-0.00395420780866759
-0.00792940495910076
-0.00696414461146373
-0.0108947788619259
-0.0103328578877008
-0.00449727893500079
-0.00245802691850071
-0.00296524616501436
-0.000943959114329393
0.00063169982303781
0.00117210198935812
0.00430274564035942
0.0220139306135246
0.0422333222934261
0.0389215269665797
0.0354537484617719
0.0253004093299109
0.00795334102887863
0.00370563010072709
0.00740296710857022
0.0154102636553359
0.0186414408128879
0.00927634555897037
-0.00703428653486537
-0.00745916857162852
-0.00202049024716992
-0.00422634755291241
0.00290004149269536
0.0237994950351609
0.0202558342184517
0.0144278770165573
0.0171225439090203
0.010309938322752
-0.00937447739709319
-0.0189041109564702
-0.0240020566473695
-0.0339446666272291
-0.0203796177898887
0.00127907289418638
0.00484569797363824
-0.0101977179746568
-0.0101570216440876
0.00345389699605183
-0.00425177493545322
-0.0146587480669437
0.0108799240923221
-0.00594128998351668
-0.0112241253457879
0.00398420367852947
-0.00149191883928544
-0.0167818433800061
-0.0155868442002459
-0.0248499530460931
-0.0259680381078777
-0.00947212627286902
-0.0115783026191137
-0.0149488735895393
-0.0101662118680169
0.0025158925168815
0.0107288432594176
0.00762160422591932
0.0104676826088022
0.011518946306448
-0.00612254524554013
-0.0148026751278144
-0.000155080935121286
0.0113481204305585
0.00909527477297672
0.0194352185550913
0.0327735170112107
0.0287751111334827
0.0252818617823697
0.0239902197296416
0.0169535567269084
0.00754752218524433
0.00100692744406351
-0.00104371109041622
0.00412902582225464
0.00792898082450097
0.00445520298159254
0.0292441097559166
0.0356771825810394
0.0215333283542285
0.00755267328797739
-0.00203678977816692
-0.00861580519482993
-0.0124709704967901
-0.0181927477896419
-0.0221155513175314
-0.00519861855594103
0.0155075379435508
0.00561803061444307
-0.00297618152707118
-0.00408434240659632
0.000158671760426377
0.00307218985919065
0.00044753393972744
-0.000808110179305981
0.00156901736289478
0.00497147608445769
0.00374796875408973
-0.0118580567707901
-0.0110663761706973
-0.00475636396677142
-0.00431033012111188
0.0153004355535103
0.0188386427712836
0.00193081917186602
-0.00551526943910007
-0.00931087854223548
-0.011362076987804
-0.00768254830440014
-0.0027025193345528
0.00188162830037283
0.00399981329396962
0.0060204391960946
0.00482069682307991
0.00115562881557991
-0.00112104527432123
-0.000889165072524648
0.000627741192956382
0.00161438583751825
0.0020972811373336
0.00289975224093054
-0.00445223384009202
-0.0145715300760131
-0.00860548265125295
-0.00775302242932813
-0.00667830064208136
-0.00181611970196075
0.00223135849540115
0.00132346025943099
0.0045949639642779
0.00450310205753945
-0.00581132761614484
-0.0166943773483923
-0.0193399633755275
-0.0271050933173596
-0.0276882658024167
-0.016421669617997
-0.004800440598212
-0.00566390189282501
0.00141133755151598
0.00717961763364614
-0.0102216487204766
-0.0301552436035257
-0.0340512528778331
-0.030844792675382
-0.0255995994286264
-0.0109010896902204
0.0079974395956611
0.0103794635435653
0.00593715148604506
0.0127373508556996
0.0107414337439341
-0.00241634201105989
-0.0146127217653932
-0.0156143553178386
-0.0131961684273406
-0.0237834759779145
-0.0248224416757256
-0.00847449256965569
-0.00585080937380013
-0.00819373457380963
-0.00209811516205873
0.00507034233387165
0.00555081306341482
-0.0150929816392696
-0.018721648920116
-0.0215248971900049
-0.0257530992837071
-0.0173052581857443
-0.00649978066076592
-0.0104042667852678
-0.00573469027426609
0.0166493843114749
0.0116507619249746
-0.00271388315009086
-0.00694636421911378
0.0149092546576904
0.00997885211210397
0.00880170432089494
0.0112125742595754
0.000710940872080456
-0.00347886336596605
-0.00132001678726882
-0.000141688318810422
-0.000397825228116365
-0.0048796966220405
-0.0236033324962011
-0.0280849831831342
-0.0281048302484851
-0.0319806977842421
-0.0250185984437565
-0.00794245522297571
-0.00082302155380562
0.000458892593682384
0.00256115587678134
-0.00455400761929579
-0.0147151240550133
-0.011461204611853
-0.0055858751979312
-0.0105697109830233
-0.00367512947588216
0.00858846406572777
0.00957395295549566
0.00678311267867213
0.00889852199623534
0.00862640439003215
0.0022965694268314
-0.00125575266834019
-0.00373626756000052
-0.00280288591134986
-0.00393074638643202
-0.000129099347899841
0.000611705536697121
-0.00150838370916868
0.000729233525415808
0.00112188640356725
3.01577529150416e-05
-0.00228391351291861
-0.00122034211205669
-0.000950619483330471
0.00126737889433823
0.00431098254194191
0.00222760218539143
0.00464616759437387
0.00892562260994333
0.00235338960113631
0.000231440653130041
-9.14215108200576e-05
-0.00211408656371629
-0.004011667736279
-0.00239826523612186
0.00131779647997004
0.000319803157966585
0.0033438509226091
0.00178710691500071
-0.00350157623740016
-0.0130335147066206
-0.00679170676272938
0.00682084290122565
0.0101500566541775
0.00406190100900201
0.00157527191949372
0.000460472915059669
-0.00619974052384134
-0.00432551056064098
0.00149933529519903
0.0017269784607801
0.00228981262541557
0.00711462649708205
0.00837329763778024
-0.000624985908936283
-0.00531013785137587
-0.00887793826869963
-0.0153221577035489
-0.0147063499883143
-0.0172050250528419
-0.0132818561401053
-0.0013393690758281
0.0174093678864738
0.00891647914722061
-0.00472245565198387
-0.00667769786995166
-0.0161766982731653
-0.021444022521192
-0.00842829699919889
-0.00269113120572498
-0.00553629451511234
0.00570157217872705
0.0111505623185182
0.00994631876981293
0.00720576903511701
-0.000872600063955056
-0.00585454730445651
-0.00262587744192401
0.0152097719618651
0.019989118583072
0.0191721312726494
0.0335439045337847
0.0385213860370998
0.0101701583863335
-0.002178413251374
0.00479265786786277
-0.00589460047352085
-0.00352766511782471
0.00790526544167943
0.00880052000621708
0.00934828131126779
0.0173139162443135
0.0133290223595823
0.000293317098109342
-0.000581553242496277
-7.00467784530414e-05
-0.00484782372798726
0.000522442440518927
0.0104090865190882
0.0130269329085207
0.00987065755666704
0.0149636045078261
0.00952962637414521
-0.000275141760299458
0.00424996149964524
0.00925696554340856
0.00417893905407574
0.00343565985629212
0.00802662995331191
0.00411756716548677
0.00254220133452699
0.00954155916644267
0.0105827490986104
0.00338456946011806
0.00677689445598954
0.00475426576912094
0.000521315790673696
-0.000885420746123016
0.00137627119032301
0.00109586526829284
-0.00487193252309422
-0.00779786416300338
0.00408575042598017
0.00536982034458257
-0.00123371787177894
-0.00164316452219431
0.00311783902945
-0.00119039485604219
-0.010926282442954
-0.00614336209882537
-0.00314024499829595
-0.0125466011758046
-0.00923362695542903
-0.00336608811518362
-0.0124615176217883
-0.0248688494171818
-0.0144996266338052
-0.00797871305365717
-0.0277598164239554
-0.0281010867358397
-0.0182417167153521
-0.0149425351933667
0.00773006680774574
0.00935170967114767
-0.0135025812590511
-0.0113702560557366
0.00219368447370318
-0.00371649064274648
-0.000810061695702063
0.0157461041256365
0.0311687000971789
-0.000136299648753328
0.00497553553546699
0.0154274225973416
0.00850581331326789
0.0106982052787778
0.0117789542795745
0.0107706506678598
-0.000723268879519644
-0.0140173352308601
-0.0150711203135859
-0.0102721031345237
-0.00978286284212362
-0.0127208266625384
0.00278450021538686
0.00527731622369078
-0.00706963501558411
-0.00428064575849957
-0.0012621544351967
-0.00766240791162236
-0.00955120005817687
-0.00394667735664317
-0.000225964994053499
0.00239446704076584
-0.0019725121068812
-0.00526005848341394
-0.00195435578066442
0.00347277929268689
0.00285177080115366
0.00951071686542257
0.00262448016506523
0.00212015866027014
0.0032454149314005
-0.00239071571126155
-0.00985999191155745
-0.00653384856593846
-0.00292986144162377
-0.00597520719033107
-0.0118203289645636
-0.00966598426069111
-0.00011321628487228
-0.00093388723729246
-6.76645428265088e-05
-0.00196160582846865
-0.0117823556346712
-0.0194252175822988
-0.0195123906436453
-0.0167471938575532
-0.0122702770238441
-0.0122457967157917
-0.00750249457456778
-0.00883835256796705
-0.00986739651021255
-0.00864412836665242
-0.00465865374657335
0.00291091071170087
0.00104820499597175
-0.0186459323836165
-0.0327654624006881
-0.027370374411571
-0.0212605906348979
-0.0266240988367688
-0.00877380251255932
-0.0019030432165616
-0.0086968658367174
-0.00700114119994586
0.00232962650773662
-0.00174408638991854
-0.00847179096654991
-0.0083538613518219
-0.00673765088761399
-0.00627454930600018
-0.00191424602847615
0.000967257893205509
-0.00188867954204251
-0.00557264556364548
-0.00461250584805901
-0.00450267528312424
-0.00752257608714287
-0.0112694689582642
-0.00623281549248481
0.00139715263750141
0.00255557434684286
0.00573235819445078
0.0091257558975659
0.00615210974526673
0.00189944216954946
-0.000222926211169508
0.00069678979622552
0.00834607646532661
0.010044760934628
0.00453568927985929
0.00360131872184428
0.00539656614352916
0.00133305108719908
0.00177782056075203
0.00942371471948429
0.0107828814091819
0.0140957824372636
0.0218679124658535
0.0272092308084792
0.0258656140818595
0.015612054187623
0.00550460674672614
0.00320643702556769
0.00351537241607456
0.00440551909344645
0.0132073302069807
0.0158818564649004
0.00584692362216555
0.00141096557261479
0.00875081076590447
0.00745065014245026
-0.000238809222146913
0.0093305890361827
0.0201130167810008
0.0180209350623009
0.0212966432936545
0.0214402222998648
0.00725261392363765
-0.000767623294008705
0.000977191027652919
-0.00127498415619109
-0.00986277059431848
-0.0010813568959786
0.00448266504167629
-0.000663202157769541
0.00215597646886505
0.00105294854253919
-0.00354807678118525
-0.00267632099722586
-0.00349423497949326
-0.0134020558890579
-0.00885136900233229
0.00592603869501654
0.00861181666336515
0.0103842094073277
0.0179288368527993
0.0109327052349907
-0.00978040264121369
-0.0174355997980804
-0.0167910706699603
-0.0277917586986472
-0.0273399489508229
-0.00448745097343004
-0.0019896178954065
-0.00243575395200406
0.00518665881184735
0.0121788845582792
0.0110232366318153
0.00715917807875191
0.00946033201316027
0.0175970522548147
0.0117578629081853
-0.00523201182120558
-0.0095117384969942
-0.00718442543071405
-0.0101343894232107
-0.00823932387202663
-0.000353947162527681
0.000456911464775814
-0.00170151232184231
-0.00210293687982363
-0.000636818185782708
-0.00300187182737987
-0.00726410769639241
-0.00558703682051159
-0.0030596186949573
-0.00394565129791812
0.00109633233659292
0.00348909802901148
0.0013520045462761
-0.00390255781926473
-0.0138657984212529
-0.0147071756528615
-0.00659531106032389
-0.00485318575161274
-0.00882810519665597
-0.00511751071108923
1.1545456721889e-05
-0.000292337606841252
-0.00723917209858491
-0.00712480270866606
-0.00592205544948875
-0.00796471878828892
-0.00677735796823883
-0.00314829686254269
-0.00269165745155992
-0.00235237306398239
0.000762803762763504
0.00217264156039759
0.00103628579598477
0.00141727699042673
-0.00107079797093133
-0.00116407891160431
-0.00285055005640622
-0.00728389375759725
-0.0149184321133549
-0.0168514964671327
-0.0117511574131821
-0.00830802009270944
-0.00561488968845264
0.00138184789520109
0.00485540217541319
0.00120124202280013
0.000151785687269256
-0.00404751762991826
-0.0052896878960594
-0.000170567511206631
0.00440617354779889
0.000358900169140806
-0.00213439502603473
0.00635489459751426
-0.00209842782629182
-0.0195360231633086
-0.0267842196042699
-0.0226015313447663
-0.0180816067640228
-0.00743946863902063
0.00778973425096312
0.00444164777511931
-0.00369752450918957
-0.000664363576061627
-0.00208999475366907
-0.0101486812514677
-0.00832947681717363
-0.00634174111299536
-0.00752793913030464
0.00582287699104869
0.00752219247883693
0.0118183758146894
0.00975704345445493
0.00926507038538931
0.00898530141827371
0.00453155749503061
-0.000401059303444373
-0.00049464194583494
-0.00197817235296718
-0.00197152633605118
-0.00130522723979794
0.000204330666119803
0.00014850482365612
0.00126822372412745
0.00037374900060015
-0.00370173421395364
-0.00326219950464409
-0.00125834922465242
0.000988074965833454
0.00252346832527564
8.12078326310746e-05
-0.00422337341731705
-0.00648837921210998
-0.00837596057081333
-0.00925539671362053
-0.00685678875845968
-0.00394597023388935
-0.00174205677148658
-0.00226884415342575
-0.00348701441657475
-0.00184675113491097
0.000551847565068141
0.0013797332669614
0.00187687699243013
0.000352157398894985
0.000553489745419491
0.000218330779273741
-0.000195017722744095
-0.000377848474996363
-0.00011086416075785
-0.000274810372326844
-0.00121087921801043
-0.00012494812724065
-0.000551939982415407
-0.0066887452454808
-0.00914029202510147
-0.00656296501224416
-0.00593757955628655
-0.00306244324715535
0.00381056792497387
0.00882251875933297
0.00397285239104529
-0.00262174891762997
-0.00198101676246716
-0.00423922954652584
-0.00772404450726497
-0.00400575831627665
-0.00208678147302308
-0.000314970821396806
0.000158596920416029
0.0030140724881105
0.00324468127585486
-0.00185192505167031
-0.00640313930320712
-0.00198743487706525
0.000587325908670164
0.00130975588504625
0.00117567763073189
0.000255762598236515
-0.00221831412894613
0.00111771213629289
8.35294692349922e-05
0.000243787056724097
-0.0012515466051673
-0.00348448346437219
-0.00185802415650632
0.000196944939600292
-0.000940065175806003
0.000206135142367674
0.00317454839832518
0.000528584479081464
-0.00437732333726262
-0.00483964509316393
-0.00515177807835463
-0.00791794396559182
-0.00468157166682947
-0.000520164875988466
0.00225373533160244
0.00845673342374373
0.0127156044566145
0.00115906641333734
-0.00373337543405015
-0.00113426876214539
0.00448907525976879
0.00736960596715426
0.00343704103070644
0.0037575801520789
0.00263240013879367
-0.00521917060639029
-0.00536213730964605
-0.00391711962941356
-0.0029927008829585
0.0028253240593708
0.00692878191969145
0.00396466059009867
0.000660001664891387
0.000423930957567571
-0.00181179702983558
-0.0014922876591811
-0.00028066308721561
-0.000468007724351063
0.000286589258865904
0.000318726274992931
-0.00147450418629261
-0.00165778882040843
-0.00151620286775286
-0.00691902624129544
-0.0108025696223439
-0.00880095330815044
-0.00919974612819604
-0.00725201177922743
-0.00805920948916464
-0.0113048933856593
-0.00918673484116072
-0.00891264110491198
-0.0144017729683423
-0.0154356758570395
-0.00300823350059973
0.00105815423189611
-0.00588744478484331
-0.00718446529544059
-0.00844333172383597
-0.0124918151060466
-0.0102933340666871
-0.00613725199323636
-0.00522585203898231
-0.00613583719100018
-0.00489474274184995
0.000478060293400795
0.000369694410007523
-0.00110206699308545
-0.00126751805990511
-0.00455044503247563
-0.00434387936638098
-0.00624305255475707
-0.00454780672935775
-0.0024402244532726
-0.00157949543208308
0.000824493483855012
0.00140953708956426
-0.00136347789230474
-0.00282433640742219
-0.00295468319290595
-0.00267881064711743
-0.00180194783995357
0.00087534778218483
0.00292337014200144
0.00237909684141334
0.00340941242523657
0.00173738876705877
0.000935595858621064
-0.0010058695570026
-9.087745221976e-05
7.94209154901928e-05
2.28657152161403e-05
-0.000740990137835276
-0.000969793686499443
0.00113351398681303
0.00287501710574246
0.0032085539861948
0.00179084364212519
-0.00106046232613358
-0.00267803058881945
-0.00213134213037937
-0.00165192193385253
-0.00114241585290086
0.000654148751876854
0.000415303327368021
-0.000144794954825099
-0.000332418423206569
-0.00111808659344135
-0.00330349646036358
-0.00213315104832438
-0.000605255151941572
-0.000663354942488703
0.000164611206969633
0.00105334520518563
0.00229568976439576
-0.000484070378716675
-0.000198396561595217
0.000130304733984735
-0.00204387603482728
-0.00453637067908104
-0.00556800801318724
-0.00360531423939513
-0.00278599677830727
-0.00582680604456878
-0.00806139494314222
-0.00773334257792221
-0.00896651092513651
-0.00671233202372675
-0.00225512166121516
-0.00260196588589203
-0.00505111613661078
-0.00624792624328528
-0.00874741991505666
-0.012187030064212
-0.0119327047044594
-0.00326649456342476
0.00170448138150972
-0.00385541193748919
-0.00530508462130036
-0.00204094429872343
-0.00299876584880922
-0.00428735764120166
9.56667154611802e-05
0.00252829848028348
-0.00126529847869955
-0.00332446977513038
-0.00339466075040362
-0.00768666242529673
-0.0110570490920059
-0.00768497539951588
-0.00498611438203827
-0.00543230693938899
-0.00452545842637004
-0.00224064133879549
-0.00136368890143922
-0.00341697573287065
-0.00315400602942769
-0.00511863553478786
-0.00604570240011985
-0.00616914984687851
-0.0109157190294001
-0.0146124210189106
-0.0114879314859881
-0.0103068078461203
-0.0134295166068825
-0.0106432887341006
-0.00630451366142497
-0.00775579450928367
-0.00926455024059041
-0.00629996036513809
-0.00710468609818939
-0.0100576933562942
-0.00711770710174897
-0.00184943294995239
-0.000572104098750814
-0.00125938973568984
0.00111558367736735
0.00268726985310527
0.00173243198764509
0.000825858619063675
0.000487275022525731
-0.00227233827188916
-0.00266474095434718
-0.00379923325308889
-0.00747207516793139
-0.00689077659940783
-0.00455739699614863
-0.00257024703006601
-0.00267792481071615
-0.00310699678639343
-0.00232603389357303
-0.0024214286689345
-0.00390141285074405
-0.00336249957735453
-0.00568692475539977
-0.00761817938091226
-0.00548750758115179
-0.00239785908917502
-0.00253686336810878
-0.00170006696427929
-0.00180275986282914
0.000117182599052607
-0.00185103122493683
-0.00388210393072923
-0.00342126050144234
-0.00350632689826832
-0.00386976208002742
-0.00312457062230865
-0.000947392669675966
-0.00082879638973292
-0.00242467878750917
-0.00272915788954918
-0.00186421631770414
-0.0027791881115002
-0.00325563951866391
0.000228993573216455
0.000402670595758377
0.000181186671707183
0.00019431106941999
0.00042395346787841
0.000164380420671147
-0.000569597863394927
-0.000156071035893006
0.00162625142126734
0.00267367120945958
0.00235848835465236
0.00318506177385839
0.0050437050245079
0.00314514486085579
0.000983658992233453
0.00101250781609359
0.000538507637349137
0.000231667120147414
-0.000788438836465177
-0.000204096489821475
0.00184202178898092
0.00255588931232512
0.00165842786657621
0.00313944202664809
0.00357447861358513
0.00266625445183342
0.00328515125011551
0.00253282025080954
-0.00128361279547957
0.000115476285838408
0.0033739740846072
0.0028983533945112
0.000997947867770795
0.000931505346725819
0.000407152476762576
-0.00136465138225591
-0.00143843116122385
-0.000671218678075235
-0.00103268872762543
-0.00146827498978467
-0.00164405421069783
-0.00122173770160594
-0.000788596116476535
-0.00028917896573029
0.000213414235997454
0.000109543190205502
-0.00136746424342428
-0.00348942943882424
-0.00583885802140284
-0.00766591562025417
-0.00416679621955593
-0.00386344835208418
-0.00413442136623423
-0.00688383877490085
-0.00856441171368837
-0.00895684887833118
-0.00747295324134444
-0.00565216723344219
-0.00450756146167881
-0.00306806804021513
-0.00180095188810001
-0.00307386558998615
-0.00547741095059793
-0.00641870936481137
-0.00646916756356573
-0.00527051464670231
-0.00319862810149771
-0.00106051276181163
0.000226080089151509
-0.000139709339116051
-0.00219571617888376
-0.0029724435790611
-0.00326120992199024
-0.00464560847654039
-0.00380141318473538
-0.00234198673449133
-0.00178439226522037
-0.00156273279239514
-0.00172393679316406
-0.00198994788902776
-0.00209441108814828
-0.00196452319264426
-0.00219953989587357
-0.0014201455444405
-0.000132033125112883
8.19310108463404e-05
-0.000255299534030734
-0.000495632770766266
-0.000745728524288135
-0.00229018686300834
-0.00330668702185426
-0.00255556485950354
-0.00168834196243509
-0.00121974306258362
-0.000326794194915501
0.00016931473386267
2.16945527129223e-05
-0.000906715126694622
-0.00149842961960158
-0.00215916348468834
-0.00298468573764584
-0.00403085266446542
-0.00472744780881912
-0.00497015900669818
-0.00497015900669818
