-0.927379339493879
-0.930114881909354
-0.948475435536921
-0.88486263493647
-0.722759083365656
-0.624655624373064
-0.561194964305654
-0.469763512957295
-0.431448820910565
-0.476883427895395
-0.506713027360238
-0.486322768734145
-0.508487428287832
-0.508132876154742
-0.43515081274344
-0.380482823072416
-0.376157583152785
-0.347193916175251
-0.318860823232823
-0.360507544122958
-0.409321811921484
-0.404953021474012
-0.409613747886467
-0.43182460354657
-0.399625506656248
-0.362319205344533
-0.349322038607789
-0.347165564345123
-0.309143832859166
-0.258946079344203
-0.241987064019576
-0.198348059955422
-0.148508411377355
-0.173799804010524
-0.207287678896696
-0.210243889956725
-0.230527348443602
-0.266905451043578
-0.256544273783388
-0.215735798259889
-0.199697901842662
-0.174158676486273
-0.132537179119792
-0.136745470079541
-0.173191082409901
-0.188766752796824
-0.191625098059112
-0.22049011190208
-0.204124152789543
-0.138646787134158
-0.125592646796262
-0.0917716726406241
-0.0478057163109918
-0.0439539068699627
-0.0506852707625983
-0.0444762535800663
-0.0574821828935934
-0.0815422611796198
-0.0814922961533938
-0.059328165579071
-0.0518213512754382
-0.0276699396882922
0.00499617793992634
0.0145315472265233
0.00844925078243401
0.0100988917098747
0.00302869053097721
-0.0178169988254302
-0.0258066583703614
-0.0217556180383497
-0.0206111545015409
-0.0171106811848962
-0.0066904020279857
-0.00807141249127865
-0.00164107871542038
0.00415117089597567
-0.00467869343137134
-0.0123410732987024
0.00168002325200386
0.0176013692300003
0.0082225671932713
0.00817551898346857
-0.0149039499528483
-0.0481628455610357
-0.0513894567112326
-0.0476139255989668
-0.0411189878385861
-0.037374484878391
-0.0288220348633743
-0.00439711503611985
0.00107318474031959
0.000924129077077703
0.0135646593393314
0.0043179438582313
-0.0329905369955384
-0.0415792132793546
-0.0344718765078638
-0.0417792260994989
-0.0388612953529253
-0.0267380481806554
-0.00194825186851891
0.00838785746005452
0.0135833323062866
-0.00404788546358423
-0.0186808572499328
-0.0162532926255302
-0.0246711008151386
-0.0391463619072034
-0.0285045275227213
-0.0112274732451804
-0.014854984121954
-0.015625713289512
-0.0175876373976686
-0.013344365820793
-0.0257256939302048
-0.0286357897072092
-0.0242004487682801
-0.022132524337337
-0.0133331655617981
-0.0212042867453949
-0.0214704341022448
-0.0216379584661172
-0.0297204345888431
-0.0362597305732654
-0.0348341546751157
-0.0378479683052126
-0.0359803653508127
-0.0144567772331275
0.00685829030954711
0.022708338492748
0.0420953192965114
0.0128803329433856
-0.0108534224011055
-0.0169639544897852
-0.0366179996023042
-0.0461572819339074
-0.0243646397824445
-0.00198885361815498
0.0107249570177829
0.0184963894377074
0.0305537760729382
0.0176250890023702
0.000886367743135308
0.00682041015259406
0.00936292265089046
-0.00669880590718455
-0.0166121908665557
0.00607632126730818
0.0231195587670884
0.0195303293039476
0.0241394346880947
0.0244447304636355
0.0161678956222229
0.00963300724821092
0.00636894122594718
0.00283893771737621
0.000466715168097044
0.0038599488445501
0.00917491125506778
0.0120135008637289
0.0138698735767254
0.0111857656585006
0.0117121898045645
0.00456039983465061
-0.0120892988749243
-0.0103257541639694
-0.00696206050658354
-0.0145135005570905
-0.0259798452102288
-0.0149699450650585
-0.00928558872173586
-0.00896131840533882
0.00101815769506368
0.00773463209811247
0.00424178125507947
0.00364218255146049
0.0155859374120321
0.0274513587745627
0.0202925549815242
0.00756695303997319
0.00513923981882012
0.00138121717489304
-0.0106069808240139
-0.00964492447144077
-0.00342978181403302
-0.00181186567455725
0.00950677086855337
0.0137305862015643
0.0114884566435779
0.011705563921997
0.0237991630814452
0.027643080162685
0.0192509743851694
0.0101427677209095
0.00386125232409094
-0.00104297594585139
-0.000172196518215339
0.00631228840174728
0.00618775473924498
0.00277303157668983
0.00508157587242926
0.00711695018124373
0.0044078108246644
0.00449889204159169
0.00435582140797683
-0.0022522330944914
-0.00301037161636338
0.00102145198412076
0.00176165482904816
0.00139126713222759
0.00240117158365755
0.0107453563106556
0.0105402839164596
0.000697884271375986
-0.00131436976902023
-0.00248534513266638
0.00475059057496028
0.00677143967409926
0.00646964866172878
0.00759880926498968
-0.0057349634412118
-0.0121428880644565
-0.00747379331454111
0.00112701980352325
0.00198487897581883
0.0120596706085164
0.012264400369363
0.00562668725190968
-0.0047667484474813
-0.0052562525921858
-0.000384412278958655
2.85597183822765e-05
0.00122006382775489
0.00706788905550306
0.0126601638731822
0.0066817427690559
0.00182910374517633
0.0033636414973992
0.00264702443052613
-0.00121954319461926
0.000658366896837331
0.00413900858856471
0.00561967360158067
0.00235326531807969
-0.00207867276976691
-0.00255772413696139
3.19602057430382e-05
0.000637923575332382
0.000338995791326664
-0.000343905299133812
-0.00258557419438106
-0.00495451279108572
-0.00781587311461981
-0.00709162437667151
-0.00626747303879938
-0.00838883046539114
-0.00846686323609855
-0.00654038088801628
-0.00505749960871246
0.00280803035654886
0.0105467749763439
0.0104617005005428
0.0116659577196499
0.0141720773082131
0.00967315073317486
0.00784468034144476
0.0109463656181388
0.000958892131834661
-0.0056885185003873
0.00233067675275835
0.0111830836931495
0.0112814363051845
0.0210384557366679
0.00294483426844447
0.00178588420216103
0.00158489920955888
-0.00379788563511132
-0.00608425288808295
-0.00633995732636873
-0.00644262391992054
-0.00697445940193125
-0.0017107270669793
0.00310652198716949
-0.000589547157207486
-0.00798655964475494
-0.0105744515602839
-0.0128854349046243
-0.0162169440808089
-0.0134006488378007
-0.00239958649842724
0.000246985864047122
-0.00222022067067891
0.00110125679949277
-0.00380082136775713
-0.0114642323219834
-0.00135333722078682
-0.00468211484829522
-0.0043787322275214
0.00278495615041033
0.00251273646492128
0.00235459107818166
0.00410774527148561
0.00152700574568209
-0.00534135833596101
-0.0074342458672608
-0.00449450298716195
-0.0033304346745728
-0.00173633620397494
0.00339483121368139
0.00638999048021262
0.00396999322525796
0.00115790868878235
0.00147431522023006
0.00218084535646075
0.00259020862932908
-0.00991642397194504
-0.00372581946575033
-0.00161850071143017
-0.00253578654071253
-1.58420596011988e-05
0.00267069242033705
-0.00372225436833673
-0.00131851743588678
0.000518375822490968
-0.00141130253762966
-0.0045968010071423
-0.00374290731335921
0.000362654090670096
0.00124515779249254
0.00101426617451255
-0.00148739581298867
-0.0103114926014934
-0.0128724541377168
-0.0083517910468774
-0.00886669461275981
-0.00795142503320104
0.00144389315126156
0.00390704499542846
0.00311759765323824
0.00173946015883677
-0.000629808729184817
-0.00875782834457499
-0.0132658684507085
-0.00948513777870933
-0.00578079416167872
0.00597671217717527
0.0219425758122489
0.0482000179475026
0.0663485411020467
0.0435996848515805
-0.0110005514089167
-0.0226719709204032
-0.0183540466077685
-0.026669645472615
-0.00650813986525056
0.0433920093143977
0.0565096482882232
0.0441161988110135
0.0457051789841814
0.0121637614524565
-0.0324098809340402
-0.0311115390025299
-0.0106117716547756
-0.0124815091001847
-0.0095277157412791
0.0307587223795155
0.0253160070727959
0.0275638641620446
0.0181687838683195
0.0162940200139932
0.0192666008082578
0.0180716433727948
0.0171685668000571
0.0180532139276609
0.0121553699890492
0.0294030716914941
0.0241020715239857
0.0160904121271623
0.00686904253732675
0.00599076568306291
0.00856208410852865
-0.00137175052252535
-0.0166631138049498
-0.00799269084626567
0.00485332904810583
-0.00203469508414294
-0.013887902482089
-0.0131435458254323
-0.00762980147343844
-0.00792103239197204
0.00353637663598128
0.00396813594645737
0.00740888717063277
0.00472974851868559
0.00461919459271509
-0.000987256198271784
-0.00842581035949042
-0.0018312505994227
0.00303589410401997
0.00602893971866812
0.00074705294216235
-0.0167970483117854
-0.0123781913128057
0.00130243898202022
0.00630884849800812
0.00459933352961109
0.0158170393499588
0.0137496489714718
-0.000186052345999941
-0.00757418043183725
-0.0136528279310253
-0.0323667710448139
-0.0335878180641173
-0.0181684357553458
-0.00685048120972241
0.000963697928901244
0.00957671766268666
0.01417646063013
0.0112082294920683
0.000469521979256155
-0.00419606103820532
-0.00397922855243697
-0.010284665966459
-0.00881099144317098
-0.0121565979341481
-0.00866993551965167
-0.00327362420637986
-0.000769638451986718
-0.000228313984937307
0.000531660669941795
-0.00737017920785698
-0.0240391426531276
-0.0301150156021531
-0.0291274645499089
-0.0301161196512454
-0.0218120601506721
-0.0077057911354511
-0.0092763368900095
-0.00845468115249944
-1.99958046903335e-05
0.00794774792594961
-0.00274719598962683
-0.0100103341440107
-0.00289431480512149
-0.00752428954871091
-0.014339570809334
-0.00430048915090071
0.00463123272192877
0.00233635827232851
-0.00277030216901364
0.000822846593509335
0.00058755585352293
-0.0032895625982274
-0.00378034945288993
-0.00435297009853947
-0.00765315142178795
-0.00666307350973661
-0.000919891994407564
-0.000254140576966092
0.00296539511048007
0.00400651134727156
-0.00245355746503014
-0.00441925641193372
0.000956693827910318
-0.000415821159169893
-0.0116318107488214
-0.0159877439783998
-0.0123322230198187
-0.014422099171978
-0.00936660149101379
0.00672173367190839
0.00547977110104564
0.000693057593111737
0.000528903547390626
-4.74819074327243e-05
-0.00459469348152181
-0.0044121326066975
0.00318824996577788
0.00529151480720342
0.0036543788692806
0.00654279620283539
0.00126668546329986
-0.000475051183621224
0.00225425986840119
0.00625842861232518
0.00658447405928187
0.0125402004774241
0.0055385993826574
-1.72868082551326e-05
0.00356379313994215
0.00405592688337427
-0.000147588017480397
-2.7508364911534e-05
0.00085867186780036
-0.00518415734172078
-0.00401042856843184
-0.00468792902068668
-0.00316608229041315
-0.000435407112736383
-0.00292957249858744
0.00303551108871015
0.00514659021041377
-0.0124709109174581
-0.0261097186782516
-0.0184972264812189
0.0166260428484529
0.0123679624226973
0.0102175415861263
0.0126642709438562
0.0046205548400672
-0.00967320549658193
-0.0110087527144366
-0.01024336173682
-0.0128637575896895
-0.00911569134787465
-0.00137769778131213
0.00080166632603418
0.00259240089987772
0.00136263030211352
0.00215931657035365
0.00522040922806758
0.00210644506665588
0.00764554709364972
0.0212518666822354
-0.00681051241123177
-0.038143526808157
-0.0319621826764501
-0.0184748888133641
-0.020952014328746
-0.0113200646399617
0.0080813595554951
0.00410314726992834
-0.00193830839493739
-0.000596764622573033
0.00235147521242081
-0.00434108422352767
-0.00595811015968986
-0.00708924146727853
-0.0101390540954269
-0.00383257673973843
0.0015040624658957
0.00102333602454898
-0.00048926261840937
0.000782106373476903
-0.00121360748833676
-0.000954442262365711
0.000877719585749535
-0.00151159168312821
0.000897939362429261
-0.000575017679023172
-0.00475493490609519
-0.00611986021326303
-0.00362098633479206
-0.00489501083017548
-0.00310278575381218
-0.000263367779404683
0.00106328100766125
0.00134226385923223
0.00402554661207371
0.00639202428702725
-0.00095707519865571
-0.00591820586194345
-0.0049938216634107
-0.00702571425948557
-0.00965991962624227
-0.00557400572264486
-0.00516541645771762
-0.00980707747538917
-0.00109635650526506
0.00474383530696936
0.00476481330257992
0.000439825364546405
0.000739693439172777
-0.000888833117553506
-0.0043734820075852
-0.00249047132824852
-0.000290900233378498
-0.00177279902998277
-0.000961387555266455
-0.00114367687743794
0.00155360105832715
0.00906570958938518
0.00704947464028152
0.00869252272359031
0.0148099058273561
-0.00046582375142369
0.00381356271208072
-0.00102161507838597
-0.0232069734712128
-0.028030293273628
-0.0139210259374786
-0.00867952968241013
-0.0115170608079436
-0.00521812839838776
-0.00782717040031793
-0.0141997996840018
0.00123398488441515
0.00590986329847792
0.00484201684052798
0.00351834658406232
-0.000390538889045155
0.00611365012776863
0.00773192030668001
-0.00377730586496014
0.00309255034379163
0.015060782759493
0.00163052120467846
-0.00691029344483671
-0.00593420717646938
-0.00710456841664261
0.00260927214642707
0.00952711398626692
-0.00265907971152181
-0.00630653402063847
-0.000891049482416766
-0.000429761149840462
-0.000879598393911548
-0.00165681880239938
0.00102928488900472
0.00177781799897378
-0.00421735199391833
-0.00347867070689382
-0.00895960242455347
-0.00677364529225048
-0.00165708037670895
-0.00828686618254763
-0.0175378246090869
-0.0151186548794756
-0.0135277293245374
-0.015626840868954
-0.0114564929247464
0.00372919447200447
0.000881280133059017
-0.00180235223344202
-0.00180895061465113
-0.00466315552203863
-0.00506173771983822
-0.00247699448102888
-0.00837679075513703
-0.00499365134329785
0.000483772452430831
0.00257825180146129
0.00967424503215129
0.00700447782143386
-0.00563807318465955
-0.00837304960601927
-0.00091195457931041
-0.00335424202101553
-0.00590401930473893
-0.00509874247450449
-0.00473904696541753
-0.00295469713181212
0.000997392318952139
0.00225159464240713
-0.00118019612511496
-0.00683626086067823
-0.00873778831141468
-0.0124211937192531
-0.0136145660932969
-0.0188201481004914
-0.0101776995086086
-0.0125883398506059
-0.00604397498585919
0.00023705822955546
0.000920333371411427
0.00277920419746483
-0.000678478485907026
-0.00298412053124882
-0.00334479775161379
-0.00840323137293621
-0.015131254826094
-0.0155508872194531
-0.0122493972943211
-0.0120875886534201
-0.00909377365669188
0.000661605993107065
0.00637030115969646
0.00394254496372355
0.00565963956726769
0.000937550407267668
-0.0126475491487744
-0.0178530185568934
-0.012264157072131
-0.0157560338878271
-0.0136823268692678
-0.00631928838155828
-0.00242878092171556
-0.00205362470902544
-0.00263539182965718
-0.00263956645782426
-0.00328317268040571
-0.00545354300881342
-0.00594078134053474
-0.0044556429240965
-0.00429796410839076
-0.00485783768185573
-0.00775505500069646
-0.0116212308020041
-0.0108841656050163
-0.0106556758441062
-0.00925297099086725
-0.00719562384000819
-0.00414365807113083
-0.00256914203450737
-0.00108968327013908
-0.00196227898799008
-0.00478922287243827
-0.00675314455899957
-0.00708354296283857
-0.00733812103854981
-0.00708578228599871
-0.00628882677761461
-0.0052601203880028
-0.00230723036364461
-0.00195163457202025
-0.00454296962823931
-0.0123277204171941
-0.00699344503477997
-0.00189140780323633
-0.000972038699454427
0.000262206741760809
0.00262737045656388
0.00117292793833834
-0.0030990242459737
-0.00160698166435264
-0.00142813823741069
-0.00106101900638704
0.00308375417919928
0.00606365413729615
0.0043551541283371
0.00223623335961431
0.00196941375571064
0.000245520724358894
-0.00204699499984148
-0.000777239840615068
0.000590542935953938
0.000183645929569159
-0.000179955783261384
0.000665847281386435
0.00194647564886998
0.00177535127010733
0.00317931929360521
0.00679706158245797
0.00700472310269179
0.00891041860599306
0.00697461349840452
0.00207963444588003
0.00108499422666883
0.00160762505128632
-0.00284729211488384
-0.00411887645235135
0.00317913124309026
0.00601716726125276
0.00683109451244554
0.0104669939755887
0.00835579166257961
-0.00114691177172712
-0.00562114376934946
-0.00585373292732518
-0.0132691251119499
-0.0174643386621145
-0.0153033114428092
-0.0153795008524593
-0.01349817157563
-0.00345207779456214
0.00362820527391703
0.00275667565957546
0.00106565379253233
-0.002740982036918
-0.00521724556783587
-0.00535440926857976
-0.00275112366146024
-0.00122967480695978
-0.000189600083243863
0.00107569676158971
-0.00092903929550994
-0.00527831957857043
-0.00738107988976886
-0.00928041168436875
-0.0126633737349754
-0.00938800334823182
-0.00407966243564397
-0.00208949048841784
-0.000370074096646278
0.00294126756333662
0.00504058865781464
0.00802332084127039
0.00566477969466403
0.00579284134789594
0.00771026981572507
0.00514954153402024
0.00340424463200552
0.00307373192706675
0.00220621931300736
-0.000156992671508445
7.917492387928e-05
1.9716165254627e-05
-0.00480279742699591
-0.00569618336001191
-0.00604137253867663
-0.00626829443244792
-0.00511215380750832
-0.00420066764602134
-0.00484885600539231
-0.00238283859420468
0.00122728111056522
0.00150346665788379
-0.00123765663097645
-0.000351141285018071
-0.000540869105380292
-0.00440277359225619
-0.00439395558726282
-0.00601374417554534
-0.00798759920820644
-0.00567406690351299
-0.000295083563748155
0.00182057013935838
0.000911298266654066
0.000241302147070293
0.000712578744817065
0.000926681993465611
0.00108034044792084
0.00275368353031844
0.00209355042099623
0.00239517998047794
0.00402514274196216
0.00326369735815185
0.00135728122841832
0.000953789233022069
0.000825378413712642
-0.000473059471448529
-0.000789272295430661
0.000641592811363428
0.00219764306005289
0.00290422410416909
0.00668900334779066
0.0073846457418626
0.00448132062173075
-0.000392165603278519
-0.00193248326272768
-0.00224794176951289
-0.00468778961933971
-0.00359358655394613
-0.000739421170170919
-0.000411990181340047
0.000155565944147867
-0.000227344814523749
-2.22944130864277e-05
0.00127075900479423
0.00176581906699304
0.00178738428944928
0.000958438517898308
-0.000134563575995347
-0.000295540153043349
-0.000188664266302056
-0.000434493132720971
0.000333571659075659
0.00163548537282154
0.00236960981493332
0.00140199571451875
0.00152430743766139
0.00105652376220812
9.29725072693929e-05
-0.000282401651440266
-0.000106090938390795
-9.2191606770999e-05
4.31716224039753e-05
0.00034820632193016
0.000801960087386179
0.000760590606851736
0.000643663070008775
0.000276480150001955
0.000798796240557129
0.000971188829162883
0.000442593661743554
0.000571290396730529
0.000172057799847114
-0.000800100304074377
-0.00129737621947038
-0.000974738528615524
-0.000514746094312474
-0.00016147100913872
-0.000112920332476059
0.000121188489358951
-9.06469016479722e-05
-3.68185162991569e-05
0.000251943598195056
-0.000203488324816796
-0.00050559049918519
-0.000244845765636238
-0.000229877217487623
-0.000447905741711256
0.00027306800985861
0.00105946427537366
9.12099629177776e-05
-0.0011070934516971
-0.000475465020247728
0.000378135928063572
0.000946348648540766
0.00381593657420823
0.00481539434636569
0.00102805553449263
-0.00247466526953024
-0.00265296819602667
-0.00158974894374124
-0.00138143241775536
0.000711256685809507
0.00292188053242674
0.00101313555651159
-0.00273036152610188
-0.00319709669761798
-0.00238761337180534
-0.00154601006172112
-0.000950911883129314
-0.000499856659252939
-0.000575308159775881
-0.00038467311205386
0.000667406460369686
0.000631571868906909
-0.00101891678712122
-0.00189759247149382
-0.00146647718720057
-0.000704693557421052
0.000516285169208891
0.00116839414564686
0.000442424967620056
7.87984845994136e-05
0.000164658112488605
0.00113279471226906
0.00143101036391816
5.46691908202717e-05
-0.000364227783142558
-0.000268233272913446
-0.00023845503992448
-4.05611860580808e-05
-0.000364194544017002
-0.00067252898124844
-0.000110204623557539
5.08323782337469e-05
-0.000208780507499572
-0.00015013635745552
-0.000330332345323592
-0.00103783244716185
-0.00166109408601434
-0.0011503018424413
-0.00127986134628246
-0.00112875994434181
-0.000386940324893938
-8.69206301998144e-05
-0.000169070488877964
-0.000270180757249493
-0.000911052007908105
-0.00138383464978998
-0.00186477549844308
-0.00308788234362587
-0.00348059627115576
-0.00245979516526725
-0.00183906361671222
-0.00217694999034427
-0.0017164328398512
-0.00116760118829712
-0.00218584436263957
-0.00320666474320518
-0.00329630063283415
-0.00386509300470016
-0.00409040816438979
-0.00432234489081207
-0.00401203150213169
-0.00184378978472711
-0.000412697738771881
-0.000305680457715471
-0.000605819205296226
-0.000232663636155297
0.000560642011041634
0.000588239659191955
1.38446715118719e-05
0.000182941493012531
0.000286547083594454
-0.000385879529366193
-0.000769357071152053
-0.000486386674195394
-0.000455266438163982
-0.00113244170589701
-0.00145861059130184
-0.00163962204595548
-0.00218887940182947
-0.00170000113187936
-0.000429267743408439
-2.99277501102585e-05
-0.000275429217068601
-4.98102960433025e-05
-0.000783383840064651
-0.00285448702926491
-0.0044488170158051
-0.00422215973290462
-0.00402315650293003
-0.00366288928768794
-0.00245786628882204
-0.00161583311054523
-0.00193519672100815
-0.00170122458194115
-0.00165221756882026
-0.00208145247661096
-0.00147034640980914
-0.00153324680413401
-0.00095473213739241
5.03259753589918e-05
8.60033807656382e-05
-0.000231585325270198
-0.000440012801690947
-0.00108491709159776
-0.00210140352389354
-0.00240605066487008
-0.00193282991892108
-0.00140830741210514
-0.000755380783917541
0.000150265888831526
0.000317707425984998
-0.000385273486733535
-0.00100552191922656
-0.00156649046387034
-0.00279165478070726
-0.00354943726551772
-0.00377175839508506
-0.00380787906158236
-0.00390635592488055
-0.00307328191220532
-0.00184390569404482
-0.00138409127610483
-0.00102668489762412
-0.00124340381221848
-0.00132198269674687
-0.00132198269674687
-0.00132198269674687
