-0.995718210899664
-0.995902583675228
-0.993636450218993
-0.989981613207411
-0.914870928334
-0.7284043489973
-0.587553495775857
-0.536230590434855
-0.487502090396382
-0.416681311646102
-0.360185330020186
-0.317946508101157
-0.297378881558135
-0.30436595713704
-0.313823509856367
-0.305391629041097
-0.290549601335113
-0.254531356830151
-0.200165416800297
-0.157051957168267
-0.141854591006068
-0.125703634062267
-0.138841961875417
-0.19129052568397
-0.228860432511382
-0.198752571401645
-0.196436549703438
-0.198388070426061
-0.13061455498379
-0.104314458748066
-0.124678448153062
-0.0795791729064476
-0.0594936756546341
-0.0938455966178321
-0.10587371854811
-0.080372872208188
-0.0680571453851429
-0.0522622133061009
-0.0206399506421297
-0.00883782897943931
-0.00754048270667323
-0.00971327853174545
-0.017738542926051
-0.0198133898016147
-0.0169768742538728
-0.0181289746192059
-0.0146267892938207
-0.00380707850026539
-0.00090247299389945
-0.00152014981955314
0.00202109521030492
0.00184761492336849
-0.000875409450685089
0.00448264419034146
0.00650858304584889
0.0125250062002301
0.00951249152842085
0.0121001841922128
0.0150430592071361
0.0135913708684
0.00721959395167936
0.00850976922198166
0.00461145974084867
-0.00626708494236966
-0.00955666445757077
-0.00345415525895949
-0.00303530033274405
-0.00117443224735617
0.00732172221599181
0.0116278131378991
0.00914765157310834
0.00961308938640246
0.0166184771449119
0.0136529643051129
-0.00161998302169199
0.00122505251262799
-0.00564313180783253
-0.0232163415316375
-0.0280444519726356
-0.0194958064144
-0.0131831542890571
-0.0127338094285412
-0.0129052473949933
-0.00782395438793766
-0.0107969916444373
-0.0158255243816843
-0.014488679749165
-0.0139400970078799
-0.01687663191022
-0.0139258141703385
-0.00780833339616042
-0.00665428840364674
-0.00701331859970398
-0.00279013839531975
-0.00409250420124709
-0.00319935472422752
-0.0011271770251229
-0.0016477446082666
-0.000863947640563362
0.00155503087346261
0.00203804552040738
-0.00251517142400073
0.000403427423740186
0.00211056261362613
0.00167451939509963
-0.00157660853498807
0.000137622344465472
0.0051175920426355
0.00583546663410491
0.00430188659276795
0.00281116278661494
0.00026808788860408
0.000828208964820776
0.000815164561552448
0.000410578733351102
0.000361640041393036
-0.000380208269918479
-0.000214453950150198
-0.00171610986566735
-0.00116961472504793
0.0014925179417093
-0.000620685911884319
-0.00183679077259037
-0.00280004230736224
-0.00197753497822082
-0.00245086195210242
-0.00205092270564784
-0.000281332897466763
-0.00419822371125801
-0.0122438283853278
-0.0133614387296594
-0.0102017647998122
-0.00852379913011444
-0.00605113525762307
-0.000436296441170503
0.00259459449582048
0.000816527917650922
-6.88878040924425e-05
-0.0011965580942744
-0.00725002213824801
-0.0148492103425247
-0.0112670493152159
-0.00887902155974143
-0.0197253870966227
-0.0274904840219463
-0.0119930021676928
0.015124654933197
0.0311575555555187
0.0197282965226399
0.00415452565548483
-0.00249183695872876
-0.016058205754067
-0.027593777406004
-0.0149278122945826
-0.00430889212838819
-0.0100876397688921
-0.00756097617701283
0.00371672177275211
-0.00201698038612045
-0.0138552960742989
-0.0115147905710356
-0.0203345707043897
-0.0301652681005276
-0.021916346793473
-0.0104282379241712
-0.00906928287370861
-0.00646976034378685
-0.00658157346612968
-0.00622306882410636
-0.00598045315060534
-0.00539771559020421
-0.00926901055926697
-0.00990835601297006
-0.00417261779869353
-0.0115553805181748
-0.0139511740157958
-0.0105821416503516
-0.00763285933295234
-0.00489833151931093
-0.00114420930056847
0.000817405389375232
0.00255353492472842
0.000471345202006845
-0.00470658681031214
-0.002560143846739
-0.000390424104797903
-0.00170688206201027
-0.00778051368033007
-0.0110486037993152
-0.0046360213924065
-0.00180429164196034
0.0218772060486404
0.0108191502743445
-0.0135791645477065
-0.0184379472367701
-0.0133494285231786
-0.0224229273915324
-0.0340380090784963
-0.0292704243559246
-0.0168999237093231
-0.011139955674828
-0.00497688213164594
0.00396131323969308
0.00337884005028111
-0.00717671144696569
-0.0118030081844786
-0.0230660843526558
-0.039261866416052
-0.0295581758504955
-0.00856786019647357
-0.000950198254411793
0.00130511479250797
0.015583823015314
0.0113364765721568
-0.000442906033247002
-0.0108725917777128
-0.0106652607432459
-0.00981506017394985
-0.000162776112901442
-0.0145046393505436
-0.020328742821514
-0.0188243737854134
-0.0321673979236132
-0.0359397382903521
-0.0230564233303534
-0.00923908973457169
-0.00731090603845927
-0.00180559973669118
0.015949843272385
0.0145294136613526
-0.00458997437849127
-0.0147465154643938
-0.0112756201322225
-0.0230151563590794
-0.0246522215689481
0.000395529154963076
0.0054216180625986
0.00797055438092345
0.00560018605956222
0.00292371299352968
0.00473159017867914
-0.00485968530313132
-0.00958425166736426
-0.00251447651945013
0.00313534378226511
0.00212449099050637
-0.00236562407304925
-0.00368534020562246
-0.00577614118117772
-0.0095204235130648
-0.00977542311722561
-0.00788950178977702
-0.00816814120766994
-0.00811978689194474
-0.0010298919700901
0.00495989150202512
0.00409421278941286
0.000740191373468349
0.00414609822531834
-0.0118797573769239
-0.0208145472714286
-0.0247201125591466
-0.0229109563888297
-0.0236626761887355
-0.019812312954546
-0.019661405974992
-0.0192594844392779
-0.0149902977659231
-0.0133951895784468
-0.0129211603342983
-0.0108594265823805
-0.00962334677148136
-0.0158334772189931
-0.0206229042338313
-0.0145660498849441
-0.012037354473982
-0.00317462499583346
0.00448877885200172
0.0034942843251907
-0.00246633746905026
-0.00606057919300992
-0.0056335058688847
-0.00202101027747752
-0.00112478096489668
-0.00173776694842568
-0.00133892200022453
0.000403157549671664
0.00403882224039407
0.00282731591856127
-0.00142903215750214
-0.00224189109028353
-0.00195571321194605
-0.00457249890834872
-0.00539272825879744
-0.00230709033169478
0.000861272889268082
0.000163357289715244
-0.0035025826413568
-0.00575441813545769
-0.00401030438442082
-0.0025703462927697
-0.000588721235278329
0.000970093473725347
-0.000940415284865375
-0.0024578343139047
-0.00253961741897108
-0.00167782987237983
-0.000760642040678758
-0.00192551987955896
-0.000563120016635071
-0.000696160609695822
0.000917998799928881
0.00526576893435051
0.00463895060593759
0.00158095229269537
0.000860764347117889
0.000121491238044748
-0.0022004507848086
-0.00507321916327065
-0.00612092529157241
-0.00592637116346873
-0.0138451144803032
-0.0175102445788752
-0.0212250290121635
-0.0126803097525099
0.00110565501756519
0.00321500445295441
-0.000324492452949646
0.00331305362973537
0.00448136252051455
-0.00254557963920453
-0.0135687668857555
-0.00797021714611764
-0.00489576005124301
-0.00239448252458015
0.00366842235310908
0.0113253959211349
0.0145932983427413
0.0137926620984859
0.00772514971573332
-0.00167762884650176
-0.00501910183729932
-0.00419317466525978
-0.00411600505849949
-0.00150665526563343
0.000448854343110247
-0.00245910233698271
-0.00570661505163311
-0.00554345799559133
-0.00674609929829819
-0.00902133100216635
-0.00239331866134403
0.00447034531149709
0.0136351010022507
0.00928290337438364
0.00189711097274553
-0.00401082469345051
-0.0346171551763359
-0.0248837279634542
0.010788689538691
0.0118847961322534
0.0030030719142539
0.00590076935040925
0.00217946485873843
-0.0110351447970032
-0.0135362531420112
-0.0110026903767568
-0.0199666237970579
-0.0255147470858178
-0.0173848184218782
-0.0115663922305163
-0.0109670462770098
-0.00585663660812358
0.000311456397870902
-0.000773223163857689
-0.00281156576984195
-0.00970121986498099
-0.012713533076442
-0.0212776954791138
-0.0247413932401014
-0.017024399528081
-0.00762044056922497
-0.00840974805263818
-0.00829727539608323
-0.00105211475801347
0.0031829484616334
0.000910417454705232
-0.000399156329475068
-0.00397242939859773
-0.00482942405433323
-0.00557039464759351
-0.00643158401991793
0.00683352296533865
0.00732927042217574
0.00471193464686171
0.00616547368269073
0.00769290919506616
0.00739791749905202
0.00665441975531581
0.00313350008910963
0.00178740326818516
0.00270849698850361
0.00164358513169719
0.00136048333139638
0.00217817682434429
0.00180669419535304
0.00102266293153898
0.00106708214935213
0.000481797744134476
-7.5075239842373e-05
-0.00111432654141746
0.00030916903191739
0.00433001873870276
0.00453772908726353
0.00652838792874314
0.00304303400910255
-0.000874143791228682
-0.00278455437541938
-0.00484831395143903
-0.00492440451516552
-0.00451545677301688
-0.00265555291211027
-0.00234898610556837
-0.00660367656230488
-0.00785727316170081
-0.00435208209773139
-0.00159095409233314
-0.00112478820511969
0.00150148176407693
-0.00168135911905813
-0.00732320234717158
-0.00590938431309623
-0.00514529383636789
-0.00621797220272143
-0.00709408626812832
-0.00281216787425707
0.00596429679494355
0.00574900260277449
0.00441341179323346
0.0048130003254993
0.00332880074425308
-0.0022829755027671
-0.000501578728911262
0.0038292175674974
0.00791603154274863
0.0158575286009887
0.0285426927960312
0.0303717010901422
0.0202013158262296
0.0158538673401578
0.018577237526116
0.0142985705875312
0.0014842744839142
0.00123503383815023
0.00885670431013708
0.0124457980511018
0.018781934919212
0.0248641575154286
0.0185108426823542
0.00991509499485939
0.00391267836961576
-0.00551680160655496
-0.00861414282745269
-0.00348088981853819
0.00267726074013293
0.00174940012226376
-0.00165561135128473
-0.00408996734490517
-0.00381898274400544
-0.00539038446159338
-0.00409839966728664
0.00134777997570552
0.0057568203339102
0.00261896025968692
-0.00254788051696498
-0.00342791372075485
-0.00399313070341643
-0.0027761722299874
0.000448070401087515
0.00145910413592858
0.00385331900098033
0.00296918504238692
0.00749011087042588
0.00581552276601664
-0.00242377716897247
0.00237476636326833
-0.0095807577892075
-0.017698551949169
-0.0153034994527783
0.00142294432639591
0.0127040732439886
0.00865825955000704
0.00857734530036116
0.00924764933362081
-0.00481211731650116
-0.0177682275452355
-0.0134089014960329
-0.0112216254219132
-0.0147558846675658
-0.00340828107778589
-0.00476903835697561
-0.0180769991486681
-0.00468907406021005
0.00645762578754121
0.003801104257622
-0.00359047122190826
-0.00475927377562458
-0.00424392848636069
-0.0053583613052963
-0.00193274987005356
0.00205494446927463
0.000835157926074953
-0.00171733574012365
-0.00127117270591169
-0.00156671487148708
-0.00245268221525098
-0.00206180350998047
0.000499223335517298
0.00592846053413336
0.00343537837995061
-0.00443891943763815
-0.00497897651108956
-0.00302558229198691
-0.00134974080257599
0.000457355153052073
2.64116395039433e-05
0.00545555168046443
0.0056249661107904
-0.00501568012103263
-0.00973692119032671
-0.00648732921708176
-0.00999597565588891
-0.0118206284163849
-0.00561521019829793
0.000303784054167894
0.00127317398248653
-0.000453130648363265
0.000215334650766555
-0.0032028579975159
-0.00207785917075796
0.00746911938181973
0.0128848973595092
0.0131761263902192
0.0184041314193077
0.0222571124413138
0.0199082000636191
0.009443000135765
0.0014628605725253
-0.000455015776251722
-0.000658110924305275
-0.00817191520266455
-0.0065567510715023
-0.00636604230295673
-0.00628171537308457
-0.00354849721031544
-0.0045834143382761
-0.00785083850862386
-0.00671765974435305
-0.00610441793606091
-0.00722643135842834
-0.00686874453122103
-0.00640647178312073
-0.00600406746214955
-0.00469334717393815
-0.00305408630393488
-0.00322962897656981
-0.00500817348624544
-0.00721097475432438
-0.00938777185155613
-0.00924537534211813
-0.00727634275311151
-0.00572147902609891
-0.00614978298658166
-0.0064245119676127
-0.00575415193004319
-0.00162543187229529
-0.00193769814892054
-0.00276259102228203
7.12762235155055e-05
0.00239038845459949
0.000594132383102399
0.000674261013557892
0.00234785294930543
0.00518017245847592
0.00589948594140178
0.00442459466335668
0.00185809288233874
0.000686634544530226
0.000203995959324296
-0.00253845645481673
-0.00537121008219395
-0.00638335409675881
-0.00746412656238236
-0.0105264709869279
-0.00861517708673913
-0.00358527870417007
-0.00226048110579279
-0.00243342688570762
0.00179945339733608
0.00253590326989228
-0.00784333666734595
-0.0106763599562372
-0.00458580871230104
-0.00349109500502761
-0.00350498760248574
-0.000470037683284977
-0.000273007928668864
-0.00137272245135024
0.000136315846444569
0.00239940566459776
0.00207982019722903
0.0052576089247106
0.00679977204442118
0.0115917589378814
-0.0044584487966825
-0.012890468667725
-0.0171850660578597
-0.0152589874344514
-0.00201014973258191
0.0081852196688277
0.00582000425514985
0.00072045221293474
-0.00408679592830746
-0.00193172580806664
0.00190253443218051
0.00215027223855734
0.00532180954106603
0.0072287479246911
-0.00129527046539814
-0.017825249591572
-0.0216163934522352
-0.0250696236797822
-0.0290747371034087
-0.0157662388363384
-0.000601396562024411
0.00217033213101985
0.0047524982582265
0.0122097076694426
0.0163451128382703
0.0121377000627908
0.00742314083716193
-0.00178236707470565
-0.00174382695038137
-0.00117394070495084
-0.00233488909408131
-0.0073923223997634
-0.00843545234570026
-0.0145772015690927
-0.010468019806977
-0.00751439459675922
-0.00501546333621064
0.00228449109011046
0.00431486308646692
0.00160049153714743
0.00181825319198077
0.000488881754635652
-0.0137350525325734
-0.0110046564549756
-0.00131491779761088
0.00375260404589259
0.00199402002489809
0.00148599448108081
0.00319058763984915
0.00197809627275301
-0.00109374122051739
-0.00222136269021933
-0.00735700150114642
-0.0123245759758613
-0.00935394372451318
-0.00739968830781432
-0.00691730661422089
-0.0037804711077396
-0.00264249587818205
-0.00207816785161814
0.0015710430252192
0.00499693230080377
0.00232208798553382
-0.000660285412992441
0.000235142423981252
-0.00189478971151691
-0.00425778356530701
-0.0013795936995882
-0.00129032488852677
-0.00186812033491363
-0.00191336251468501
-0.000675995761177058
-0.00210480190941573
-0.00618949021011601
-0.00682730035598451
-0.00272826504625495
-0.000187706295056868
-0.00101216255831614
-0.00281071975794623
-0.00504337720291744
-0.00490753377954985
-0.00718355251390937
-0.00385245074496949
0.00160350422857439
0.00208223820483691
0.00120237832707358
0.00478270733371501
0.00289307263493448
0.00299671167536304
0.00455660201583376
0.00470636143971308
0.00260202549892567
0.000132957979354563
-0.000884476135453029
0.000554224049912292
0.00127409221281858
0.00288525587762002
0.00455557823190868
0.00204286705559424
-0.00287515342694024
-0.00958935304577137
-0.00635860053325754
-0.0091448576007146
-0.0127667839991324
-0.0112187279392085
-0.0117597375648055
-0.00236529060767247
-0.00274515542241285
-0.00391453237381031
-0.00586003865508286
-0.0115878347860724
-0.00939638715235829
0.000371272914514977
0.00472744618095931
0.00413403045602747
0.00619837618835965
0.0111644534431056
0.00692931516123628
-0.000304885478977949
0.00535320766749308
-0.00117999762440292
-0.00498065851519751
0.00920722556636142
0.00744389230004753
0.00283491842794192
0.00776832022798325
0.00638156581666533
-0.00959385945746443
-0.0251905204731995
-0.0222794937110549
-0.0123684005210892
-0.00948361968713145
0.00515101888309129
0.00756904380856121
-0.00599829028145238
-0.0119854482845818
-0.0131397348855095
-0.0270239232318176
-0.0345082489622728
-0.0127830252097358
0.00759080530577012
0.00581091832878711
0.0039979671334453
0.00165525531319963
0.00502741291949895
0.00417010198602563
0.00153154982334912
-0.000165324744639274
0.00297421346849661
0.00105032885446634
-0.0022892157968732
-0.00204911605607561
0.00060073279376052
-0.000941905245557446
-0.00448230651031275
-0.00567691895367709
-0.00441748794321928
-0.00318317859126304
-0.00217404285104967
-0.000134378552515291
0.00125581794216802
0.0011045552748347
0.000926881313145573
0.00116641099923677
0.00178363859445737
0.000981009383688935
0.00204801413021024
0.0069655514443613
0.00608197846368942
0.00188128358420696
-0.000450161883040491
-0.00235970114520799
-0.00586597584641766
-0.00532577877011982
-0.000100133905680181
-0.000271150521956972
-0.0036568919249777
-0.0118313287669954
-0.0298459624492557
-0.0240287975190917
-0.0165986129671018
-0.0110952402823374
0.000620354223405119
0.00169696065127172
-0.00119332531734983
-0.000543463613518916
-0.000651606378468152
-0.00244823146292342
-0.00260545837228673
0.000705044545244227
0.0042033852228529
0.00555596977708843
0.00315908964224849
-0.00042102131793548
-0.0010805101056163
-0.000652426988347131
0.00109305945637781
-0.000260811074320438
-0.00127788403221638
-0.00141742406656129
-0.00359067645299387
-0.00170276655087683
0.0013557403357944
-0.00120350196963277
-0.00527484476644398
-0.00603763102664257
-0.00242281759670785
0.000562944105893469
0.00115313214620251
0.00431402749482518
0.0019884193250355
-0.000522138578562321
-0.00580908709080231
-0.00322230609876581
0.00157730710529961
0.00250180760847898
0.00511116218521675
0.00763265924287587
0.00309850620227566
-0.00381412659260801
-0.00364982385074067
-0.00530622196377011
-0.0125988614500671
-0.0113121520103378
0.00155104858841923
0.00620395669648716
0.00100646011485704
0.00477696379604932
0.00110693348819058
0.00121347542509818
-0.00217911130090358
-0.000269927634740657
0.00189129188502455
0.000383674204800792
0.000633775902902952
0.00100623847095072
0.00140815781157754
0.00273890004722114
0.000572701261524993
-0.00433866175971159
-0.00717290303116272
-0.00605648051256849
-0.00297987587669777
-0.00132517612785962
-0.00161606765905838
-0.00298810525297318
-0.00380757511671039
-0.00613937312133886
-0.00811726208793403
-0.00749341114604666
-0.00332625655694135
-0.000634887708225308
0.00255944652616101
0.00582709392481238
0.00278548204857413
-0.00121346693304735
-0.00235916469063262
-0.00524246458367647
-0.00999166945748261
-0.00799545225224324
-0.00318854202789758
-0.00122003637055545
-0.000886571656368605
-0.00202740329939154
0.000597275362531039
0.00400473466710137
0.00207361190364641
0.000537444682073581
0.00220278010286994
0.00405754344572216
0.000682138367474093
-0.00268437972373705
-0.00300694023445902
-0.00534996622867976
-0.00966580333605503
-0.0115734233894583
-0.0116241723526888
-0.00968743883817608
-0.00880872442102985
-0.00459053245537008
0.000223994653726453
0.000420762106856623
-0.000426941119750032
-0.00170069756020499
-0.00350882035585751
-0.00365614451564434
-0.00470613217422177
-0.00535453665844724
-0.00569587660889929
-0.00539746999701722
-0.0092389004109953
-0.00990228835641999
-0.00796547376213618
-0.00766411756927279
-0.0087994595426744
-0.00682642737576222
-0.00505248588445082
-0.00316740710454788
-0.00295716874093906
-0.00199133137103125
-0.0016815140563018
-0.00122279501281693
-0.000473725847208371
0.00012434170242839
0.000213649057484044
-0.000742997999814896
-0.00270917789271393
-0.00363020919766415
-0.00354832422226243
-0.00355971624170457
-0.00487395957146601
-0.00188157720128786
-0.00264095107257811
0.00011673013809795
0.000127604446888321
-0.000343200099745441
-1.20127304285577e-05
0.000342130051184111
-0.000464684709257367
-0.0015224649553547
-0.00140594979054198
-0.00174254347032344
-0.00292852415063087
-0.00146635552808553
0.000755397775705662
0.00062087295859326
0.000648203201380827
0.00203933787414934
0.00147795326899918
-0.0018213730080158
-0.00304822735976881
-0.00254676624478663
-0.0029648884240882
-0.00218248126645857
3.28811749257878e-05
0.00133542310163607
0.000471662141882294
-0.000363045112350888
-0.00122509624843165
-0.00515626620814142
-0.00795253171062572
-0.00623661670679013
-0.0025412702894711
-0.00111041893852075
4.15078946689699e-05
0.00136559049329483
0.000257499997665764
0.000407781359166454
0.000181228190886386
0.000123222347505297
0.000307414904107775
0.000115863172575583
-0.000257975424647521
-0.000440916656464423
-0.000558807632401588
-0.000370064532946102
-0.000313868143952085
-0.000649481912780658
-0.000807597029219398
-0.000667076178013714
-0.000195603333891031
0.000143802551054209
6.0921890579103e-05
1.21451950744095e-05
5.95107808111226e-05
-0.000255348236273471
-0.000646612804295923
-0.000499065981112847
-0.000558858851849003
-0.000441905669696569
2.68281334539008e-05
1.38439752964833e-05
-0.000518352862955467
-0.000778755947827247
-0.00158570474353359
-0.00234470948813569
-0.00394787845197143
-0.00575370072797073
-0.00622322793965118
-0.00740386018937632
-0.00784428965252996
-0.00849126721854045
-0.00915994963030362
-0.00778782399952161
-0.00465306713301069
-0.00194157730304676
-6.8086714743289e-05
0.000102049287833713
-0.00171405153674935
-0.00352895305805638
-0.00534229039371242
-0.00655011301139468
-0.00628003082635682
-0.00535877926217148
-0.00425008495102779
-0.00216170575956508
-0.000163004180559234
-5.96051636900239e-05
-0.00138165933836576
-0.00264331907765361
-0.00444761440454701
-0.00673975245304709
-0.00717739552588676
-0.00658724730303673
-0.00535561476505547
-0.00307821212617711
-0.00119133010600237
-0.000964660066292116
-0.000669622354588652
-0.000538861314685056
-0.000851585907563499
-0.00105310902903633
-0.00112675288713549
-0.00145881693777387
-0.00177201647373059
-0.00140826897409881
-0.00102963115885418
-0.00103514870842769
-0.00103514870842769
-0.00103514870842769
