-0.969625436163332
-0.969625436163332
-0.969625436163333
-0.969625436163334
-0.969625436163334
-0.969625436163335
-0.964961668300775
-0.937827346300277
-0.933022780628051
-0.886576870014429
-0.811974032766394
-0.79608272226499
-0.71194862742171
-0.577312126978095
-0.529394428647733
-0.559839484017951
-0.524347898437791
-0.467651474623086
-0.47441095457743
-0.463273279557255
-0.415941995400964
-0.394240115277496
-0.370232713554335
-0.30752523743175
-0.283988068956437
-0.272889279295539
-0.21461477212187
-0.167468170191373
-0.171078936095947
-0.186803454865749
-0.20579367093763
-0.238593207321794
-0.262668400323053
-0.274303097370578
-0.259764101713093
-0.196293459638172
-0.159456670034197
-0.123771591902109
-0.0893311815683035
-0.101805705123874
-0.129226776990777
-0.145986615780428
-0.1446942388152
-0.12271379272574
-0.089554678472943
-0.0429820795259274
-0.0195991671760658
-0.0246831009078265
-0.0341073990576271
-0.043849260612941
-0.0629380332351087
-0.0795241814748556
-0.0770594057734371
-0.0585142425010645
-0.0366782613199263
-0.0209353535034973
-0.00851644207495566
-0.0163128069148985
-0.0554646072779084
-0.0883599249997346
-0.103442782821462
-0.124632185182336
-0.127530736125297
-0.10308783142927
-0.0767064876782888
-0.0782956121332151
-0.0645114869506726
-0.0322847835872605
-0.0351777637858467
-0.0565012917319784
-0.0479525333325971
-0.04331440602519
-0.066572696990931
-0.0652371801510269
-0.042879264257246
-0.0396995835319821
-0.0397785980458336
-0.0199487295952887
-0.00982383898066188
-0.0178652781105335
-0.0183851780573586
-0.0155328928046846
-0.0275055765333897
-0.0381327648449019
-0.0356616774086442
-0.0353810051559869
-0.0452362937357574
-0.0526682926529618
-0.0408611399695811
-0.0268434054596483
-0.018688046924505
-0.00818392216480775
-0.00327737054089848
-0.00750492541810552
-0.0132187724174483
-0.026265932671378
-0.0464342590282661
-0.0516895281512002
-0.0579042230947738
-0.0390309680670849
-0.0177736142996749
-0.00945072681214078
-4.24486135369023e-05
0.00098920563257413
-0.0114052394531135
-0.0288274531974161
-0.0409859305536352
-0.0424008052223725
-0.0380755695144786
-0.0179408272794812
-0.00109376776120673
0.0103504036105015
0.0110507761935053
0.0153106507188186
0.0122465207049145
-0.00848633826551651
-0.0247132898911527
-0.0158642156486401
-0.00291504698894375
-0.00218768920810973
0.00387681733865878
0.0144186294863011
0.00158187840677607
-0.0139799460757358
-0.0144409813678959
-0.0220596691776606
-0.0171914794812938
-0.00967104118998596
-0.010739264747043
-0.00947758132843837
-0.00514897227063886
-0.0111738124929768
-0.0206902218710871
-0.0182212819770206
-0.0161303547208751
-0.0175332014815692
-0.00499777477844076
0.012337865583029
0.0116792503827967
0.000354171611604631
-0.00011000233081851
-0.00133418425836622
-0.00421741453067026
0.00603509334408694
0.0137778385123795
0.00237422776792437
-0.0064485143301133
-0.00815790821690558
-0.0105021985247019
-0.00754577696679977
0.00181272171747428
0.0264119080140629
0.0277369653707765
0.0205829359926209
0.0194239452071557
0.0164019351431036
0.00217108323033241
-0.0117440712823793
-0.00343322506931369
-0.00147173787163568
-0.00197903486777984
0.00638134709935733
0.0165029451889534
0.0137046259518016
0.00729371267043302
-0.00107591138275145
0.0155087526117958
0.0278430227778778
0.0206377193838688
0.00961088160254048
0.0104289256743705
0.00796158279149317
-0.0177236144136382
-0.0318404650975278
-0.0248813797713588
-0.0168725141758311
-0.017294336547268
-0.00636265366975183
0.00881838912829729
0.00676697867213614
7.38034661691583e-05
0.000671329670134368
0.000443100373928576
-0.000875922370305329
0.00947033978921348
0.011298045670618
0.00501841453398305
-0.00407787971557362
-0.00635452437966697
-0.00279843833372134
-0.00781087681720491
-0.0099710997377764
-0.00297748796321886
-0.000882003719691405
-0.00427984237467368
-0.0025624193326185
-0.00419901044429619
-0.00709429072759841
-0.00275011546614929
-0.00455708493705102
-0.0167953247975576
-0.0207006737793829
-0.0180549883474455
-0.0189844203070876
-0.012806523134171
-0.00975999262184941
-0.0135716487075757
-0.0221928261875658
-0.0356812639629455
-0.0475404750590787
-0.0701408298421606
-0.065486909283512
-0.041735237657038
-0.040998510919316
-0.0414830698703685
-0.0153705716004724
-0.0167620316395505
-0.0203075724204233
-0.0253415880943306
-0.0258299657792781
-0.0308324849045057
-0.033463591086658
-0.0414648641301315
-0.0280374421452399
-0.0334982608214032
-0.036698148398145
-0.0424210194438673
-0.0529575101805061
-0.0639473334546923
-0.0442638933552336
-0.0372010030054723
-0.0203355404333667
0.00167984817956526
0.00154227658373082
-0.0037330760232516
-0.0100914411550594
-0.0199647814156965
-0.0215883823024886
-0.0268778292394645
-0.025617721543736
-0.0161155527670791
-0.0251081076012105
-0.0107332614093258
-0.000697314027521189
-0.0038116521494936
-0.00653536352906291
-0.0147953679253568
-0.023988504272497
-0.0348523894251905
-0.035120209253676
-0.0219491615049316
-0.00106564944401611
-0.000814808633100875
-0.00104783094753735
-0.000228278149793898
-0.00153033539220075
-0.00518318923357596
-0.00248584469108317
0.00338724646283949
0.00747146441829106
0.00415556020757096
0.00107598280505637
-0.00407918649201776
-0.00340463701160958
0.00694965184839709
0.0161568124010188
0.0219831694427356
0.0276195914826849
0.0261868799462468
0.0169883977667522
0.0120530099378259
0.00979429732310284
0.00350236754017806
0.00339043280065563
0.0129239590952871
0.0213602184896545
0.0271719277986034
0.0195010744764751
0.0115170546176146
0.00400712180782281
0.00504998308042534
0.00677329530814389
0.00447148337393427
-0.00146795363113891
-0.0107656680246645
-0.010556654024639
-0.0078634457298091
-0.00769979072379852
-0.00382345130149957
-0.000864556851118068
-0.00122065499079442
-0.0026402841659338
-0.00751807337900503
-0.0143633258055292
-0.0184485577903662
-0.0161070433903891
-0.0123003160641413
0.00808730016853132
0.0100027183126516
0.00347400821319921
0.00592758631869165
0.00628805214132071
-0.000822766736441001
-0.0104073657082785
-0.00367315109525659
0.00503093070931432
0.00465062054191023
0.00580222136894416
0.0135247374276364
-0.00634676972885943
-0.0218090158728518
-0.0251551501042684
-0.0359170738904831
-0.0458890966228018
-0.028138859181679
-0.00318421829693865
0.00172683044988757
0.00420701508170715
-0.0110167027638186
-0.0176341704608476
-0.0128980241628094
0.00177302419406616
-0.00405915832071888
0.00366777768119516
0.0134839589559254
0.0235548522153576
0.0166546739832314
0.00234684073713146
0.00299848978304272
-0.00595697935730275
-0.0211740844942824
-0.0145098886731488
0.00680844269104344
0.00966531203568364
0.0123989122048182
0.0275946216405774
0.032694915680273
0.00706900887289789
-0.00272690775462913
-0.000749451841286095
-0.00612016478252352
-0.0137122076847191
0.0020053305111394
0.0232970241716848
0.0214708658066997
0.0297820532595483
0.0228999306755645
-0.000872420758098898
0.000260184770434302
-0.00691381049764056
-0.00630630164177759
-0.00847342402152453
-0.00432081936202888
-0.000770240296424481
0.00347922175527848
-0.00017103492712956
-0.00112593928195922
-0.0016807906311486
-0.00576984957619901
-0.00473527985031888
0.00676638238127532
0.0119827060124369
0.00642518618361439
0.00929040848995157
0.0137544202926681
0.00915844890955168
-0.0010501458699286
0.00222533391968039
0.00228380519767935
0.00657997613348515
0.0143438423813973
0.017226518654736
0.00814321310847318
0.00256125961834426
0.00158565366964005
0.00715828418209925
0.0161727243177535
0.0182560127481919
0.00242988020398626
-0.0131140528338651
-0.0135309686962123
-0.0115350733948894
-0.00995991238022365
-0.00407013579760561
0.000943408697972509
0.000238966867039507
0.000169994107554168
0.000891886490477852
-0.000506187430762888
-0.00569468109927728
-0.00411800121951253
-0.010979119269532
-0.0200625901515158
-0.0215654588922296
-0.000322029293617426
0.00351847824679021
0.00413526584253294
0.00489599679139275
0.00323604958331547
-0.0126297656062001
-0.0205538849243946
-0.0184044841032115
-0.0242902240816813
-0.0204907841391336
-0.00212887521804301
0.00464552119316442
0.000230595427318838
0.00523850844517465
-0.00549813875591679
-0.0422174910734309
-0.0426325497810791
-0.025373847231248
-0.00599836900914102
-0.000445986242177492
-0.0011069311606018
-0.00639119129438244
-0.00626104818845495
-0.00438300855171285
-0.00206068803657704
-0.00142144577729829
0.000844526920058564
0.00493640307905095
-8.46062040657544e-05
-0.00432580015691876
-0.00722653307770243
-0.00391939705171609
-0.00580910005717411
-0.00741330098342993
-0.00808775303415385
-0.00445517265685335
-0.0093569679633217
-0.011822816117811
-0.00932855818185216
-0.0104075053782976
-0.00806088903976424
-0.00634227974764643
-0.00564109294623702
0.0127841759927193
0.0207575654534247
0.00835152142451944
0.00635632875840463
-0.0102906575360193
-0.0222695606871893
-0.0214748649886684
-0.000736267497864571
0.0109950686859702
0.00327473264971342
0.00471044213207953
0.00542866219333249
-0.000865153985485314
-0.0022705377364612
0.00063070744544521
-0.00440098038555413
-0.00961131677572105
0.00222558636151414
0.00735199376978341
0.00343029021014443
0.00186279324505356
-0.00226633615037049
0.00188022657325909
0.0015652089391873
-0.00105250108979898
-6.04818597923834e-06
-0.00113828069771953
-0.000307228191190554
0.00193616717515702
0.00110274331221032
0.000834132817301806
0.000114882332808754
8.17960136711647e-05
-6.99970128539334e-05
-0.000535202057618354
-0.000411316659453343
-0.0007887779230897
-0.0016443120253063
-0.00133786908530034
-0.00691618224995691
-0.00837257672930842
-0.000285248151942421
0.000801341607954619
-0.0066629460368068
-0.0103590707034062
-0.000798668818980847
-0.000551199378185612
-0.00150571225316413
0.0529825386099196
0.0682203216079557
0.0330995290012769
0.0229201856829995
0.015329002266137
-0.00913820573506522
-0.0330583759092454
-0.0449414309191101
-0.0215533759642883
-0.0172124146177663
0.0122866614352825
0.0609215296097998
0.0650839589090029
0.0313355442286768
0.0343285274990696
0.0168144793802029
-0.016621132934276
-0.00896051421428452
0.00437035556282767
0.00317018649191716
0.011328068720156
0.0136592734263598
0.0160790287193729
0.0253528005645947
0.0244508794132997
0.0174320709063562
0.0104225115029965
-0.00649365666036241
-0.0216786416393374
-0.0129617728707789
-0.00380382623457938
-0.000534557887142855
-0.000109866444352991
0.0131171125537272
0.0146617042367504
0.00177771453144759
0.00152889448554765
0.00568853552885593
0.00263422767458077
0.00101376887110414
0.00730714030872876
0.00559404969770564
0.00044664815805778
-0.00012826093188238
-0.000121675920654988
-0.00191983658975114
-0.00474778437419866
-0.00639014298000886
-0.000758111065600405
0.00110249409489298
0.00349358662162342
0.00926414847490137
0.00778568338462747
0.0108051953570089
0.0139544053415055
0.00617508794997925
0.00609737592693395
0.00753472038039181
-0.00119144222213042
-0.00954390755016934
0.00263521232745205
0.00874931048249718
0.00399219112166245
0.00873919552897215
0.0156445665187469
0.0136611672881626
-0.000107830290107226
-0.00236040880879676
0.000661661504273332
-0.00589759048600621
-0.00167210169548891
-0.00325318808681381
-0.00630613351001264
-0.00356855549067116
-0.00225991394681249
-0.0207031501486795
-0.0132834883122798
-0.0104151304474312
0.00189966455800484
0.000547603508074605
0.000361284378045049
-0.00337995423807626
-0.00537440168269295
0.000393644507226358
0.00475832165962704
0.0120630015650861
0.0168595415213723
0.0124385297257988
0.00596468027290719
-0.00196032349065103
-0.0209955803372703
-0.0297606250782648
-0.020596501252202
-0.00640559224263625
0.00981355699531789
0.00963447530479875
0.00466968776918205
0.000121215024002364
0.000731869118636986
0.00255801863366526
0.0122863003369056
0.0155971222604801
0.016696884626402
0.00170559779889548
-0.00151849949218244
-0.00904869081667237
-0.0153047865386296
-0.00451414414848917
0.00492011772082537
0.00508993514239077
0.0150559370747243
0.0185462602477387
-0.00578494858009493
-0.00867578264915178
-0.00602134051636468
-0.0230262629549935
-0.0248679880460695
-0.00663423302563289
0.00102446347159436
0.00215897644366668
0.00168659754455691
-0.00514009099649475
-0.0094543717564643
-0.0118542665441539
-0.0102946280162449
-0.0140543393787594
-0.0221349984493437
-0.0270057427850043
-0.0253083820895429
-0.0277973077749251
-0.0329601326308805
-0.0300805320012575
-0.0261822632390931
-0.0280039183753855
-0.0284234238968128
-0.0284579535175651
-0.0240543469178489
-0.0244571762777892
-0.0320510822761914
-0.0485849054386674
-0.0548390042193515
-0.0245863705608809
-0.00408092098043508
-0.00190292750623396
0.0104619480159413
0.0177367897341208
-0.0048697960798328
-0.0244621258980867
-0.0260869809321732
-0.0284333889809244
-0.0318570005228673
-0.0203434100995539
-0.0148372682037637
-0.0131869125755728
-0.00610925130440821
0.000565628302325306
-0.0135886892289972
-0.0190030782412403
-0.0148352220795142
-0.0190619177680219
-0.0156191476626971
-0.0085067367472163
-0.00519529484331545
-0.0037048604423791
-0.00485740848718317
-0.0101793351794596
-0.017599228496258
-0.0190135963948764
-0.02108629650313
-0.0201278052857423
-0.0118664983575308
-0.00857240514225747
-0.00630313965986084
-0.00403238022292773
0.00111526445782467
0.00396691744662927
0.00286255224274371
0.00244102386442435
0.00278085116553211
-0.000537275411570165
-0.00560244769066795
-0.00351800691765353
-0.00239755237314141
-0.00429221916025764
-0.00114543632647674
-0.00491376607902909
-0.00240470170987268
-0.00340071144837339
0.000500702509417761
0.00221731990510182
-0.000215766343863029
-0.00512588383394892
-0.00670601365412659
-0.00774937103424051
-0.0147799615249867
-0.0131205247217515
-0.00661272728492653
-0.00142853543113794
-0.001118150713492
0.000636555479072802
-0.000380469611465577
-0.0105515987374888
-0.0173023606218689
-0.0169119339850871
-0.0165517177080678
-0.0158527697738635
-0.00933838988796918
-0.00425123833539376
-0.00523629998464459
-0.00613531782051736
-0.00707145042889536
-0.0137515381193173
-0.0171341946955145
-0.0150891695950029
-0.0152789199584039
-0.0165545823109093
-0.0128865192885597
-0.0118361097555645
-0.0122743777895313
-0.01068722295584
-0.0163001259232846
-0.0234909082887452
-0.0178763192166813
-0.008949722270618
-0.00599305533386894
-0.00248652135187461
0.00208785492623734
0.00038022676974533
-0.00464386205655317
-0.00517410000002563
-0.00517162101539732
-0.00793365803930638
-0.00682751078370299
-0.00355860829147791
-0.00226764090769679
-0.00460564041577087
-0.00753589747773895
-0.0108655189394365
-0.0108370750355982
-0.0050442302105888
-0.000874439895316404
-0.00188154168670718
-0.00163421310313889
-0.00258735211598383
-0.00476627762158518
-0.0070528061327702
-0.00615854269843348
-0.00597697603401127
-0.00558972290517486
-0.00248292325684315
-0.00207137576696973
-0.0020549805430212
-0.00393025654814136
-0.00337639986400664
-0.00619842371784274
-0.00496493934194582
-0.00481722400500132
-0.00248790487254526
0.00184955564655667
0.00561668743689151
0.00464523826672564
-0.00467250023882948
-0.011192479211326
-0.0159942776212076
-0.0110112183714669
-0.0148431162683321
-0.00834704017771278
-0.00542031275658683
-0.00244061904433151
-0.00177349426650046
-0.00279145701276166
-0.00347021445094035
-0.00400393211255798
-0.00560833468196168
-0.00428284017094538
-0.00242267855898271
-0.00211809855272499
-0.000563179607473256
0.00213589336862953
0.00507527666602357
0.00346003240069484
0.00147497598403375
0.00297696071252856
0.00578957222656206
0.00847641787465883
0.0135176898238854
0.00705663030674732
-0.00265802378202265
-0.00381881113975553
-0.0109562635190179
-0.0180688959621033
-0.0137986751283066
-0.00260035583626381
0.00265096592197225
-0.00103547960953229
-0.000179404131194496
0.00438933899669273
0.00427405984560166
0.00168009443860728
0.00129570604571357
0.00221572563512664
0.00364231725614335
0.00233563534326064
0.00381064629870612
-0.000106157582716412
-0.0117631902808933
-0.0148502725733283
-0.00691043409624556
-0.00500769509035267
-0.00394329079855442
-0.0012414871150443
-0.00468287131319108
-0.0151789567390458
-0.0160265193948803
-0.0108974956354047
-0.00814484051187262
-0.00514331193523551
0.00224501143759331
0.00425160919138983
-0.000983132153967759
-0.00287406232869196
-0.00661723880992189
-0.0118272043901748
-0.0152050280734486
-0.00967868066713888
-0.00555178036668704
-0.00421198283413966
-0.000938617794826531
0.000901130098212323
-0.00105482861381285
-0.00280614156294997
-0.00327330142710177
-0.00326691661851688
-0.003633503789263
-0.0024464539672517
0.00287616480634
0.00257957825451782
0.00292500116358668
0.00331752609509276
0.00458767368455015
0.00275874671578278
-0.00233047279836138
-0.00338957598073168
-0.00134596618500153
-0.00186938528010175
-0.00209687034801406
0.00127920537368148
0.00254261508376988
0.00102237514557655
0.000289486737440966
0.000744025613640229
-0.000321546610410887
-0.00325184313011417
-0.0031705277138677
-0.00134656473227532
-0.000575886916657116
-0.0008083690389303
0.000381295715862316
0.0023530112851187
0.000935311754376395
-0.000133383936307701
0.000224184992831477
-0.0019751503006236
0.000778114256790588
0.00544913232807381
0.00690064539622821
0.00401599216402219
0.00260144641634574
0.00224564622387609
-0.00190372649728867
-0.00207692779038363
-0.000613696438105127
-0.000397285051013193
0.000393487636800145
0.00227505699678691
0.00175765808477713
-0.0014059801364408
-0.0022432064533194
-0.00448527424026364
-0.00662313101257104
-0.00506134859939835
-0.00296639770904926
-0.00272387711660206
-0.00195902337228062
8.96274106826377e-05
0.000636452478187684
-0.000711091544428889
-0.00141618637230133
-0.00137948835395767
-0.0043139575788702
-0.00358514161339724
-3.78446279472304e-05
-0.000794766427599978
-0.000614873279536635
0.000970939889391494
-0.00138847765350826
-0.000506515412521384
0.00219153918533467
0.000742818893164984
-0.00328238587393207
-0.00865436844588782
-0.00769092911938092
-0.00722233408663038
-0.00802952087897767
-0.00727014588881596
-0.00544795806489525
-0.00395038879867925
-0.00389676385159968
-0.00282552850696668
-0.00253017925062108
-0.00333987244753247
-0.00333768603525609
-0.00657347284431231
-0.00831592390455645
-0.00641248305181951
-0.00488938307417685
-0.00384091792630018
-0.00282634252618867
-0.00137311779386956
-0.000267271813004638
-0.00144185687110737
-0.00261695641676956
-0.00352497273594385
-0.00618221958268538
-0.00846192092320145
-0.00748533515563228
-0.00862131865747222
-0.00716230079673178
-0.00416611655223556
-0.00519035695292374
-0.00802435687318348
-0.00597431149644951
-0.00400253962085108
-0.00289363526516423
-0.00283509013143068
-0.00289349426449961
-0.00199507312107136
-0.00256492328218977
-0.00300368477949549
0.000783777029229296
0.0021989060867402
0.00139177335147376
0.00176048428368467
0.000870408733644272
-0.00202507816891211
-0.0030674101223109
-0.00238708181336709
-0.000981001442849416
-0.00204114708835633
-0.000699373949043645
-0.00163980306718633
-0.00130404168984022
0.000190235205975447
-0.000693516703488466
-0.00196248707135722
-0.00163552779597865
-0.00298392760246942
-0.00479755281947214
-0.0050921708098724
-0.00462343125497628
-0.00611879400792135
-0.00712536087594049
-0.00484765703319431
-0.00297250280787331
-0.000102359155776175
0.000929120845083988
6.53478354028507e-05
-0.000241744486772479
-0.00146080116152889
-0.00351632659597063
-0.00405377087879502
-0.00381721581511291
-0.00346683585098286
-0.00105399111474439
0.00154812429460904
0.00102499846529584
-0.000518968673031958
-0.000652688830194578
-0.00354990403187851
-0.00717182708478381
-0.00465956611855793
-0.00106342274479955
0.000186904816517017
0.00107866388701001
0.00392443325224858
0.00540006663813842
0.0031467308271107
0.00145241976092998
0.000447088500255092
-0.00107341674982425
-0.000762870685355543
0.000725401902176058
0.00130935692958402
0.00191320990266985
0.00205712887759204
0.000999335693810821
-7.62518779503542e-05
-0.00011043331156115
-0.000440817678728474
-0.00153195091070542
-0.0020855869317277
-0.00125381318435084
-0.00065733199964293
-0.000308319634197479
0.000436676172787615
0.000585071977405661
-0.000421797959089173
-0.000999850532555469
-0.000868461276453753
-0.00142602893909115
-0.00178849377961498
-0.00121812277664436
-0.000482783858974427
-0.000301423087744744
-0.000268833402728521
-7.26455414239562e-05
-0.000162095722441867
-0.000353236770171664
-0.000379243491234994
-0.000453187233516616
-0.000668098804511087
-0.000697867223402859
-0.000375501407040145
-0.000370055393050904
-0.00110593821687978
-0.0022276774209463
-0.00304422985971709
-0.00281041338155361
-0.00221162872295129
-0.00187436102776079
-0.00157457450146067
-0.00122836909385416
-0.000854379501411767
-0.000398296167174415
-0.00024900460299923
-0.000466111407088534
-0.000633251502327016
-0.000958340576023903
-0.00112217115694329
-0.00122870467040681
-0.00119747653362216
-0.00119747653362216
-0.00119747653362216
-0.00119747653362216
-0.00119747653362216
-0.00119747653362216
-0.00119747653362216
-0.00119747653362217
-0.00119747653362217
