-0.933999490173393
-0.950111535141805
-0.395496110126153
-0.551808374200637
-0.421357934420124
-0.0646544579740914
-0.182460184410895
-0.0245074937475445
-0.0154839411412717
-0.035122412064386
-0.0365212946433967
0.0172236007073332
-0.0312908833162548
-0.00776059174892338
-0.0474944253215089
-0.0176117977536551
-0.0362853731040261
-0.0270081962817572
-0.0028674921304985
-0.0212944863659395
-0.00801780889982496
-0.00833342203752374
-0.016741391825176
-0.00418808020019799
-0.0085928302852502
-0.00338542282681241
0.00222774469594574
0.00114979606803692
-0.0338566523169761
-0.0333992414975811
-0.00235927266906995
-0.00170003337491428
-0.013941124298681
-0.0148806649324233
-0.033850556148132
0.00952481411818983
0.0218418929074502
0.00362885283460112
-0.0205930574818863
0.0148010305796736
0.00288438279165083
0.00538589655793084
-3.2117790575944e-05
0.00119528141689982
-0.000229894536537314
-0.0120708623379241
0.00511399107174054
-0.0167622568218946
0.0124482951203361
0.000758411065185283
-0.00594243929254983
-0.0295874868881767
-0.029610178102695
-0.0180053202781876
-0.0113530197651911
-0.0579553273118593
-0.00725181842605624
-0.000259101080588841
-0.015458607927073
-0.00069106674961594
-0.00703441411862563
-0.0113118735929726
-0.0016135940771834
-0.000639048579774424
0.00931337222471987
-0.0158210191576421
0.000131122079698063
-0.0210369092294947
-0.0125417363527217
-0.00744610272720594
0.000304058560586571
-0.00460141342641836
-0.00495548723298657
0.00153573230899917
-0.000725710216199207
0.00344584579282108
-0.00207829678656739
-0.0117634129112809
-0.00721490020989554
-0.0236219720409625
-0.0278746115861552
-0.00838056961481884
-0.0305399595168544
-0.00875491385314119
-0.0129800691988323
-0.0244892169370957
-0.0064726228294655
-0.000167956839838373
-0.00626292819012514
-0.0052660909300698
-0.00741984672365965
-0.00206658518712058
-0.00585032045776318
-0.00249766218671201
-0.000265397503628094
-0.000523561121168329
-0.00803903486521003
-0.000635115641609518
-0.000275787775758724
-0.00693383377564782
-0.000347912629043034
-0.00386003996698545
-0.00587733948262479
