-0.946080006903819
-0.480238747822838
-0.270872586811802
-0.244178176688332
-0.100835217837992
-0.0625632743163203
-0.037754573821367
-0.0177104166154384
0.0178000854563634
-0.0162228632970277
-0.0173707991086166
-0.0143669723402763
0.000983503227815363
-0.00187961006476909
-0.013243293009488
0.0225801527252168
-0.0151409028993638
-0.0257115760332007
-0.00479321890041249
-0.0464579534141853
0.00433320906457515
-0.0122173901409055
-0.00925347276215754
0.0152176713928219
0.000525225743564001
0.00463920175564259
-0.0121993572757666
-0.0160935542997355
0.0041237528954088
0.00509110736286281
-0.00491675879678361
-0.00038103420878929
-0.00851867250259762
0.000782379069091651
-0.0491631092237295
-0.0101175554698017
-0.000894564865456771
-0.00748343876582365
0.0119673849366555
-0.0135956186242803
-0.0133108901571833
-0.00978459340130809
0.00487823353348682
-0.0116190005384039
-0.00746680769015937
-0.00368670203064974
-0.00190574311811735
-0.0232236903739756
-0.00605065742142932
-0.000411929215374905
0.0107120155860573
-0.00522917153057256
-0.00264531662991451
0.00771963567112712
0.000743282153558356
0.0113120410619072
-0.0066338752414994
-0.0225352780447937
-0.000461115011820121
-0.00469163435068203
-0.00771927699223487
-0.00512726733726285
-0.0235108251055681
-0.00896727300956937
-0.00442541627900143
0.0200004655248268
-0.0102323913726393
-0.000882575620536135
0.00312361735966287
-0.00408766315028846
0.000153330048500482
-0.00107666205941456
-0.00185950054674859
0.00719127728081169
0.00132107269261742
0.000878768423140656
-0.00180306209692305
0.000504979733682886
0.0015442138472513
0.00204685367959457
0.000246754089171824
-0.00038785467602372
-0.0101789170197165
-0.000363490778541154
-0.0176597301788838
-0.0188105043686809
-0.0152519297525874
-0.00972238849771362
-0.0141085161948801
-0.00610719896898491
-0.00524914228131892
-0.00946381558261993
-0.00089065976005229
0.000354578632519476
-0.0035228423985052
0.000357930164038478
-0.00995130886443402
-0.0236384595238714
-0.0134341348058326
-0.00518033507665936
-0.030471374960592
-0.0203803255142018
-0.0170835501647587
