-0.990937828811222
-0.741481779177891
-0.37809141456035
-0.52072728318452
-0.141717539077316
-0.227730901811661
-0.0232920872659017
0.0038375562566536
-0.00358226716101054
0.0138663926855529
-0.0476382532248372
-0.0184266864270238
-0.000910748134688224
-0.0127463608579751
-0.00382311072800342
0.0116319057221567
0.00335239703807792
-0.00208003873069228
-0.0192266209035671
-0.00345383326333617
0.0063116473226424
-0.00144640764276789
-0.00406049781526976
-0.0215450392282778
-0.00921923399359015
0.00187660964974289
0.00307100946224737
-0.00538586882504128
0.0247229547272705
-0.00492631514342163
0.00179452935015671
-0.0169203436541867
0.00802896774338849
-0.000919434128477468
0.00378771421437181
-0.0162943466058241
-0.0426918508836094
0.00914361935063095
-0.020415553315721
-0.00830412050866023
-0.00209353854507111
-0.00704609228819292
0.00366491894949351
-0.000979372183124028
-0.00314167307318467
-0.00935077779300665
-0.0117939700998953
-0.00832259483477926
-0.00619677933571277
-0.00526989032033367
-0.00660304986305141
-0.0153186084896051
-0.0229474668460153
-0.0116217652384062
-0.00101429734955082
-0.0555335272395572
-0.0341129589343698
0.0068003813987596
0.0370968207456973
-0.0411956375853569
-0.00424761110045217
-0.00551769143183657
-0.0150984893147122
-0.00218272874144981
-0.00652672772754136
-0.00270401716191053
0.00423127170624534
0.000161651721301405
-0.0191306253714623
-0.0025680126172299
0.000790032890342189
-0.0117759422367373
-0.021510435556657
-0.0353933001552035
-0.00701258295208908
-0.00437382242396182
-0.0588602273309879
-0.00933556538039278
-0.011207043614096
-0.0139954949651432
-0.0196296655789089
-0.00640325394537749
0.00147901238124339
-0.00598291943911648
-0.00571374206323308
-0.00542769816455175
-0.00453699645450085
-0.011169688514908
-0.00200212584881147
-0.00278004335017765
-0.0291399780631633
-0.0012120510304692
-0.0216152875424903
-0.015481397337667
-0.00119101633845986
-0.0124856452639932
-0.00954960610806537
0.00171658172554355
-0.000148625632222232
-0.00127600693120231
-0.00462241562762574
-0.00334747943880623
-0.00934336986547166
