-0.956555616744396
-0.695834889807519
-0.399266015861328
-0.230630433077051
-0.0664815903476954
-0.0231659151587257
-0.0135249847437768
-0.00884081303624418
-0.00207220162634045
0.00968196522433752
0.00973486435562378
0.0185309125064397
0.0225492812003741
-0.0115660477237044
0.0328706031373185
0.0134171988714513
0.031966830809391
0.0318038928693128
-0.00532045948825008
0.000689424103362287
0.00332951982658083
-0.00526633025567952
0.00736434241168387
0.00896681165521698
0.0062641141161056
-0.0563659700788861
-0.0712484874839726
0.00350651068333689
-0.0217747443971156
-0.022406939215563
-0.00209711807876717
0.00315556330206092
-0.0207430362102839
-0.0136823589720924
-0.0044288901802296
-0.0301446400162784
0.00514480288726945
-0.00710668749915201
0.000843965732636461
-0.00898601735484619
0.0133317334472761
0.00433110019036846
-0.00263369525357055
-0.00813764341324516
0.010280455847173
-0.0162296957401068
0.000873719877854112
0.0114604601427985
0.0066859370514789
-0.00823398104809341
-0.0142477285902125
-0.00583660730426781
-0.0074739444374011
0.000861376044038646
-0.0167389723526756
-0.00195245256079594
-0.00110067804613357
0.0045690137659155
0.00242717677280499
0.00363828626613159
0.00529591263434384
0.000596119629620509
0.00301842154094469
-0.00471930247412016
-0.0103429196123644
0.00602836896254003
-0.00887265865163237
-0.00835432564089654
0.0070083645202567
0.00114482436111946
-0.000855160359104748
-0.0118399398667425
0.00222211786100631
-0.00015821279453426
-0.0064606567354883
-0.00604175027614539
0.000201730257623323
-0.013884417631401
-0.00482274781713652
-0.00753027051207017
0.000564270455088342
-0.00257135949181285
-0.00347932839416207
-0.00264115449501281
-0.00379001543191777
0.000371138314439389
-0.00836904436424305
-0.00252977268280628
-0.0201058755971794
-0.00115024092384316
-0.00263083780734942
-0.0154394339468829
-0.00249645320286083
-0.00835161623737687
-0.00104526979599709
-0.00426068531934683
-0.00558536797342456
-0.00170087982959773
0.000551597634924701
-0.0304653688935965
-0.00213333694942722
-0.0134526772971914
-0.00706328908167826
