-0.995760208744736
-0.994221366319504
-0.899461334421671
-0.604891083591684
-0.517377850247106
-0.506226781010527
-0.500392936079875
-0.416882787803626
-0.137014111487825
-0.33257553405907
-0.223301698179345
-0.0844833169413888
-0.0144378759034375
-0.0167076260144318
-0.0244911736426495
-0.0144673947670166
-0.00494469159861637
0.0287076743908996
0.00987045633802132
0.016764930218066
-0.00791206163083642
0.0150683345490367
0.0140901196854341
0.00769814205182875
-0.0184748346575609
0.00845707124729103
-0.0073510835498587
-0.0206663217896045
0.0123330874418062
-0.0187196413367258
-0.0110342556810341
-0.014137998067239
-0.0313907051243585
-0.0636519610540017
-0.0256926066736997
-0.0123547846216197
-0.0165508358946581
-0.0241787329983717
-2.07341327371387e-05
-0.0310110784662531
-0.0159279921480313
0.00370975175172585
-0.0189047825446366
-0.00801292490228712
-0.0065190316764446
-0.00783111894144783
-0.00842688375097518
0.0236586420933537
0.00679726959211466
-0.0137043380812022
-0.0260243673951212
-0.00890469073536098
-0.00094521067954032
-0.0102532608163216
-0.00537681113819888
-0.0145536015226675
-0.0128113828710201
-0.00917531043872144
-0.00079199111567792
-0.0020692977172304
0.00509146092769782
-0.00198860577065763
-0.00577613709730193
0.0013870863200711
-0.0038372848967744
-0.00606601137917656
0.00208461218689673
-0.00880052159721903
-3.08782730888959e-05
-7.42356377975203e-05
0.000841053573036945
-0.00586375111989336
0.00431908493387183
-0.0089645773770536
-0.0167351713832911
-0.0101461539609905
0.00450418758684089
-0.00443036256156782
-0.0066774792999462
-0.0102454664835641
-0.00495697343687847
0.00129677765760512
-0.00242500380122898
-0.0170255410430048
-0.025869923678763
0.00437792531358025
-0.0145439377417572
-0.00889999705873989
-0.0141238575623633
-0.0524951931517085
-0.0122175533501695
-0.0356418914720281
-0.0266557592698318
-0.0167242555587385
-0.0140997157377626
-0.0126197383945308
-0.0138296113618725
-0.00622270770013089
-0.00601090670432867
-0.0153149687700989
-0.0049126474637851
-0.00610909451171188
-0.00701024647076888
