-0.999585254851645
-0.999554701828541
-0.511140393883867
-0.319798867208005
-0.173880793788816
-0.122198400790939
-0.0463421071883345
0.0071499481328857
-0.00628062761038058
0.00410288366447862
0.0209611419772498
-0.0591816158188666
-0.0205249321048694
-0.0251440476971522
-0.0475668940370821
0.00606263732928405
-0.00235091895296587
0.00265223945138704
-0.0185726233032002
0.00835262954030265
0.00903966521926431
0.0136558193111507
-0.00892127815148869
-0.00523849577018947
0.00129641693920381
-0.00161491167822613
-0.0259198424210475
-0.0177362569350063
-0.0144334022261559
-0.00961237340976782
-0.0165461373404821
-0.00404783413530614
-0.0381900536553892
-0.00490602585175407
-0.0800652502581955
-0.0341488491318954
-0.0939403549900711
-0.0363499688500818
-0.0431713118949418
-0.0198975671995392
-0.060480288858136
-0.0112001301386248
0.0181928436891169
-0.00805057129539691
0.0046177194376647
-0.00748150601142461
-0.0150086462473519
0.00536503502624378
-0.0284466934500567
-0.00199709849489889
0.0055025993028091
0.00110770534914475
-0.00636170044676339
0.00699688910974552
-0.00758894173706797
-0.00464160095222796
-0.00192252920957635
-0.00108722511594147
0.00261977556756981
-0.00262400410239584
0.010885575099658
0.000477572931926648
0.000480701531554256
0.00706615241019474
0.00555055504361368
-0.0022905247639503
-0.000544997083700473
-0.00342622729977818
-0.00564705540965291
-0.0206289475547399
-0.00220791192221131
0.000868155623758156
0.000565970720659059
-0.000547334635702784
0.000352933248305847
0.00180829486988744
-0.00774680371124525
-0.000649736576567111
-0.00883186510750938
-0.00810794865438746
0.00293764479407224
-0.0109491370708277
0.00100064192678825
5.59962935263404e-05
-0.00184599363982407
0.000622478748510988
-0.0018083493192028
-0.00020488512233016
4.03353905589609e-05
0.00522930068309415
-0.00127036747199152
-0.00273870889284139
-0.0109420498468497
-0.0118116683778659
0.0017730378774059
-0.00105676948543496
-0.0018565661457398
0.00126734242378072
-0.00755730244753719
-0.00164534712314599
-0.0153108965911569
-0.00154501442457011
-0.00561319864225061
