-0.99050709263227
-0.989057075233652
-0.93048888993438
-0.352187923077823
-0.615210631463914
-0.50886752844872
-0.0349372650639118
-0.0614714920060941
-0.134163662175604
-0.0354989279476462
-0.0122215890039319
-0.0416536380771657
-0.0355592585114036
0.000932283099039912
-0.0121317817312148
-0.0834796602989766
0.00357983382480698
0.0113123998033308
-0.00134687069343385
0.0243021656746133
0.00990754913323263
-0.000780077654910388
0.00387873744607335
-0.00589809838469318
-0.00404413553454888
0.000875532808267195
-0.020384373432445
3.59115011266745e-05
-0.000762848588446055
-0.00479710113923177
0.00480894866637805
0.0165801466800355
-0.00575326638812985
-0.00433074078032
-0.00753903114705762
0.000187656431659752
-0.00207084420912498
0.0348302725318223
0.00877648420509711
-0.00868164170388395
0.0104696869087045
-0.00205053653548971
-0.0015084749021647
-0.00367844983525926
0.00246092624802624
-0.0138173815296734
-0.0092880979839394
-0.000860693267925411
-0.00856655140313378
-0.033154583964954
0.00247834064050394
-0.0146525081447126
-0.0439070936473179
-0.030758519087624
0.00500583306605015
-0.016115321757323
-0.040715002934094
4.5720426478461e-05
-0.00745324886162882
-0.014124742118293
-0.000371807448341237
-0.0082489779608987
0.00529580795514858
-0.00418592849876257
0.00301272061761667
-0.0221078536201694
-0.00538011560326482
0.00313178480691074
0.00559050858180929
-0.0122143576328241
0.00397696392428541
-0.0146667905366161
-0.00440637883434769
-0.0145199224078889
-0.00480880190243442
-0.00964286965267619
-0.00546714510416749
-0.0286984260996332
-0.000894342564782516
0.0016370726375151
0.00453833224600266
-0.0028194699630298
-0.00287606971796366
-0.0011710470076838
-0.0152934878548052
-0.00802913339619352
-0.00284442481302336
-0.0136150047970611
-0.00497237619247002
8.02027998384748e-05
-0.00260079583108125
-0.00696220206091958
3.65963479426888e-05
-0.00160233566930544
-0.00216174531974662
-0.00231762142441164
-0.00195605729627028
-7.98142809014467e-05
-0.0115977645899704
-0.00116914363632339
-0.00792203646915478
-0.00801544762690663
-0.00741773734792392
