-0.991342130947274
-0.998227048408778
-0.505892201850338
-0.266651936420857
-0.112892796597705
-0.000654561434993381
-0.011765832292751
-0.0175000016106848
-0.0259355712494124
-0.00672651216116073
-0.0420809747430807
0.0107723754944972
-0.0135475115401162
-0.00933530202095952
-0.0131784701958453
-0.00126040387746426
-0.00540562398107989
0.0231217781596809
-0.00140922374282431
0.00534895358109382
0.00384046286483109
-0.00861231209171681
-0.00630184566662702
-0.00115254082851003
-0.00900664240699274
0.0100360559794243
-0.00403666175379028
0.00457741714142127
-0.0234656762893114
-0.00936370814016201
-0.0111670311997375
-0.104633543838406
-0.0364117215257159
-0.00849026243735903
-0.0271596142585264
-0.0475434909963891
0.000644062451725849
-0.00428274632477664
0.00102398853266725
-0.0210886552211869
0.0104280129628744
0.00195110937275371
0.0395060902105274
-0.0243003474049638
-0.0120781039430668
-0.0161268278030362
-0.00389864063882827
-0.0260656819205001
-0.0182927506701385
-0.020379447885628
-0.00377102951619155
-0.00171597695899594
0.00746427527873863
-0.00218183280428696
0.00425228312750648
0.00886904673507426
0.00728014635917603
0.00724010418998424
0.00314983130339156
0.00039260837100578
-0.000637127399234357
-0.00109452170691158
-0.00264058254897434
0.00363239540620705
0.00241052412273934
-0.0044309773082318
-0.00109709841180087
-0.01158942545088
-0.00366057760139474
-8.12684944289982e-05
-0.00298000812292458
0.00320233105748181
-0.00548737305562075
0.0011453293375182
-0.00262085002802227
0.00705074720160959
-0.0111716656586044
-0.0191066462880168
-0.00438630777383497
-0.00143204127442296
-0.0126259035355006
-0.0066517402407139
-0.00439313966091312
-0.00105558993276199
-0.00179641886410103
-0.00291572020830383
-0.00161700023388176
-0.00694701215077458
-0.00118251478584842
-0.00440026227506235
-0.0117510289662176
0.00161517268888052
-0.00725896342421951
-0.00394987438365172
-0.02012953582582
-8.21827561420067e-05
-0.00618233583740101
-0.00104136060821585
-4.7836956235703e-05
-0.0238014602867457
-0.00134858276050405
-0.00553962059187885
-0.00460653192063087
