-0.999395701455353
-0.999496070973438
-0.962877534026579
-0.451647553589985
-0.522247420016267
-0.532971096819246
-0.294955168020432
-0.0808472646927128
-0.147395505230499
-0.0890294831011505
0.00218250856750774
0.0103142260566157
-0.0461447429362693
-0.0200916575581636
-0.00587321947035117
-0.0756251655181803
-0.041220727389309
-0.0341610882816036
-0.0863109982370822
-0.0569023657705237
0.0377206307767263
-0.0845254985676975
-0.0254626766341493
-0.0175692679719011
-0.0168380923229673
-0.0128411769416513
-0.0610733593700568
-0.00498371851488343
-0.000934012405264947
-0.0160364953174453
0.0112744891742342
0.00102830681063496
-0.00592465867545354
-0.0202994470157453
-0.00126932547654493
-0.0104324204473125
-0.00853516396557596
-0.00335094463858543
0.00389677252190923
0.0275363444575394
0.00143028537970914
0.00224898576819612
-0.0240574202460045
-0.0540242583117492
-0.00717456254389713
-0.0112179622415314
-0.00780830275622539
-0.0322344007328159
0.00647838534998394
-0.00197698097618367
-0.00223226096353779
-0.0296940832668481
-0.0116968456073454
0.00856223796693473
-0.013926349399291
-0.00315748386363425
-0.0109515016203048
0.00520552931813079
0.0010174703730446
-0.00338800236739161
-0.00511146128586886
-0.00454786490903485
-0.00733640890554649
0.00266780632595175
-0.00621744564635877
-0.00426596867441673
-0.00128614277712311
-0.00160106883625189
-0.000676380263679416
0.0015369292912235
-0.00478369372640995
-0.00409462292678603
0.00508243744923277
0.00161303563873187
0.000711040069289447
-0.0100256333470085
-0.000670712504300261
-0.00659737682282692
-0.00421766212899212
0.00139195569418216
-0.00258229603549437
-0.0132323125210736
-0.0145487565375294
0.000391602139496278
0.00294384239928149
-0.0164195296725164
0.000753208903029751
0.00664963908750331
0.00301626775816155
-0.00732181113409506
-0.000752891735438029
-0.00106071313297781
-0.0016310706319872
-0.00108069611051776
-0.00014840193397557
-0.00469000708721357
-0.000266073285021612
-0.00463457431432311
-0.00533509632452234
-0.0172073020040443
-0.00245334220249517
-0.00620592440279976
-0.00616659696416706
