-0.999402937437245
-0.798036209237166
-0.373381175611856
-0.61827932004485
-0.12758211031991
-0.0588949119642349
0.00840376981974574
0.00117362329534339
0.00813598881581322
-0.00865433699331602
-0.00297711408972742
0.00654704197559098
-0.000316786797708653
0.00624126247185047
-0.00639717488111949
-0.0167906209558538
0.00338701922299994
-0.0028874985984499
0.0386310946490281
-0.00146364950971453
-0.00458291075384316
-0.00614745335016296
0.00344034253541272
0.0066087060118184
-0.000644902383678089
-0.00608066395628442
-0.00773072264127805
0.00477848690354269
0.0112585551850962
0.0135012329876195
-0.00189450515570617
0.00170233129267863
0.00367447788304784
0.000745567205538421
0.000994960808958383
0.00381106896546939
-0.00285492370949376
0.0106519667363728
-7.4111841926947e-05
-0.0025845813585096
0.00138485088972762
0.00427185612616721
-0.00713340316363046
-0.00231512768257248
0.0031219618182255
-0.0100366445589002
0.00897067142159408
-0.0112318321087271
0.0146106011711373
-0.00520620916976744
0.013721761217861
-0.00343777058270021
-0.0119433867912525
-0.000902547830143918
-0.0120419849540817
-0.0367143886036107
0.00171117361390945
-0.0112880423600687
-0.00144078508457389
-0.015912142720168
-0.00856839947199366
-0.00710085517131405
-0.0113800260122657
-0.000439338744121363
-0.00436910078200097
-0.00433529019752783
-0.00573027953149507
-0.0034422703734464
-0.00249872779341882
-0.0101809251918427
0.00436453527285702
-0.00475732228202338
0.00134744593331722
6.77791739734462e-05
-0.000672374811412823
-0.00584005683911758
0.00122653315860664
-0.00776503814813188
-0.00198555508573704
-0.00216083918270713
-0.00930293949052822
0.00617013729803526
-0.000634210966733984
-0.00427819965197166
-0.00485810565242561
-0.00518013334514072
0.000920189750636006
-0.000235581258473175
-0.00358278544198845
-0.00485051943076146
-0.00539009965255839
-0.00545460836843607
0.000261575696694602
-0.00177048805065517
-0.00132017774495506
-0.00346709534178602
-0.000881741128054088
0.000872589465479447
0.000140280683853645
-0.000108878294277967
-0.000232419648364986
-0.000403385958106992
-0.000155485116109159
