-0.999985431608998
-0.999985431608998
-0.999375677735752
-0.998040691587097
-0.92592565996848
-0.609399563491496
-0.319379761448233
-0.203174242310186
-0.0905491467599205
-0.0992084513558815
-0.0651393678233877
0.00348940265801559
-0.0485337105975708
-0.0432519928961297
-0.06040567108609
-0.089625463936429
-0.0967570055167557
-0.0356800444788639
-0.0558931153870812
-0.0571867534954367
-0.0368339994829701
-0.00876367581025365
0.024434961892509
0.0205734817532085
-0.013544631422313
-0.00124645740639528
0.00505672035677955
-0.00488924668949834
-0.0261920478547891
-0.00941514521996716
0.0149579609489748
-0.011369550947636
-0.0480388619234118
0.00254094295189787
0.00778888643384489
-0.00274345758138286
0.0160791102309935
-0.00588498127933124
-0.0109492578037149
0.00110325159399602
-0.00912592880931082
-0.0266692911471685
-0.00785692675971352
0.000393309356769326
-0.00853374143648991
-0.0207449924653241
-0.00518242114542981
-0.0203809038682623
-0.00872100946568431
0.000757986366524927
0.00024675284478451
-0.0211350732674783
0.0229725006411198
0.0369333430216411
-0.023218001648491
-0.045681547582707
-0.00504643205542835
0.0141201866553869
0.00368946964529231
-0.0319284890937581
6.23725529517918e-05
0.00117993748867168
0.000654942791724137
-0.00443540686962941
-0.00918681388446842
-0.0040388982152225
-0.00069483104036473
-0.00420212820434768
0.00100266529344227
-0.0289551761378759
0.000166834305199881
0.00301139809501916
-0.000235861902691569
-0.00435465035824867
-0.00490986514825511
0.00344248869075322
0.00525510824402208
-0.0142653980732734
0.00543072379291917
0.0225821077428975
0.0170890010193365
0.00240670174062769
-0.00247640985376818
-0.00650647072737926
0.00936418795533144
-0.0115365322868207
0.00581947237111108
0.00194749811899747
0.00251774908817469
0.0105805863609705
-0.00339789028133111
0.00246745098167942
0.00694939463218346
0.00150504270516207
1.72811895751595e-05
-0.000843462058383184
0.0014514142038338
0.000464871810730668
-0.00704491321742839
0.00794228555698074
0.00252465220002133
0.00626132309695352
0.00300869524378458
0.00110668531263403
-0.00015824039807419
-0.00163096364236487
-0.00256322020982016
0.00155299860715904
-0.00338120948911004
-0.000839166701399024
-0.000406761725998388
-0.000955447530834961
-0.000414745141858265
-0.0023655463829755
0.000109108947484088
-0.00359252142765139
-0.00194168328675246
-0.00537444553165985
-0.000289134698158012
-0.000253487258334475
-0.0133229254915724
0.000815177639680441
-0.0289082074851488
-0.0208386460073783
-0.00538882333096534
-0.00324077815408126
0.00528178247413872
-0.00100169233810981
-0.000924872487087834
-0.00320909087366209
-0.00303984225724774
0.00128117165304963
-0.000116809631473428
-0.000573245584605723
1.00121599424462e-05
-0.00234754929745148
-0.00707340634054306
-0.000320328447563967
-0.00541894776770112
-0.00274140733373114
-0.00761165880547117
-0.0032403950766786
-0.00134240391357619
-0.000976394138854899
-0.00214658914202418
-0.00514169423885702
-0.00878338366700081
-0.00664721275809745
