-0.982901168840036
-0.860073869871796
-0.545909405458814
-0.31783736999858
-0.472524328427941
-0.675734684791473
-0.646562185267384
-0.572019028889315
-0.212952956771674
-0.120010616064319
-0.318992713792231
-0.188619275747743
-0.150779263179645
-0.149480655046136
-0.0516907691687004
-0.027668489496696
-0.12542918672183
-0.148624329390008
0.00343431103739945
0.000291877997276112
-0.0773027418482178
-0.0898395594804847
-0.062747091946219
-0.0202529162179893
-0.0299424741371538
-0.0262809527457414
0.0379339997963023
0.0241004229515905
-0.0129065409761194
-0.00224582479245889
0.0255772616111796
-0.0143397909560797
-0.0159087513497792
0.00613757549850953
-0.0579237528001567
-0.0121654996316187
-0.0194606326189175
-0.00864925605080861
0.0081601069521462
-0.0132762238602694
0.000702914163382279
-0.00170039839653825
-0.00598951959964606
-0.0131886142553452
-0.0045313488119752
-0.00149349307026199
-0.0168727786389699
-0.0200011094289725
0.000211371622467243
0.0239572321853742
0.0110906870874697
-0.000905696904550239
-0.00563839618543309
-0.00495132794757519
0.0150705822788591
0.0114678770354408
0.0193810606463365
-0.00344102800891058
-0.00638010716209859
-0.0118150144825674
0.00252519313582794
-0.00425234501201736
-0.0118109568143738
0.00425926777384016
0.000300878532777798
-0.0102642400735154
9.25784332811378e-05
0.00644446058324355
0.00974969503951527
-0.0126371670321562
-0.0126545903734904
0.00321744147736056
0.000965551327574676
-0.000745362811598622
-0.0104047252948099
1.81036856478278e-05
-0.0043828023605151
0.00145617589692488
-0.0170681967093064
-0.0027447198352
0.00257026986633833
-0.0145924436966269
-0.00826116025682169
0.00489655004584232
0.000445847486363761
-0.00717924819957152
-0.0224201452112179
0.010537745988268
0.0146586009262528
-0.00098123183594083
-0.0108831557960086
-0.000846581683503996
0.00159829416652024
-0.0010166860558407
-0.00335272746817634
0.0036241518544085
0.00176727928949089
0.00569028380162068
0.00293979841467602
-0.00433099016546828
-0.0139252002525343
-0.00175929043998684
-0.00321620889201852
-0.00568721660998541
-0.0203980966320121
-0.0032793214739498
-0.0083181084952635
0.00437522153097879
-0.00113488168653515
-0.00342068197317168
0.00574468678225825
0.00244085201697038
0.00221436935152452
0.0189089706348481
-0.000658385897508146
-0.00221055262437381
0.00157621409206269
0.000349142479342206
0.0120546434085745
-0.0126313493342242
-0.00538399391853588
-0.00721729564306881
0.000930021166583551
-0.00448688580142936
-0.0143162432819576
-0.00337037320936646
-0.00133180072789757
-0.000659299521022213
-0.0109878947667362
-0.00261753474503975
-0.00252556366353947
0.00365808067427394
-0.00110264660497843
-0.00155075964267021
0.00102613984898779
-0.000552299580105314
-0.00277918893437404
-0.00985539816171867
0.00149026067977091
-0.00249762796758009
-0.00156520058941726
-0.00314128752191719
-0.00363889313218027
-0.0057324757886655
-0.000733833293244196
-0.000370708593332559
-0.000199497583093192
-8.12716607459649e-05
