-0.98855283805916
-0.983456264197071
-0.71985997916743
-0.292598518604459
-0.339959142078274
-0.39339722657855
-0.287039533521346
-0.398135928036638
-0.338839269277961
-0.422325625885036
-0.350139294565246
-0.277525437908537
-0.0526265309542597
-0.0658303192686064
-0.209104419289565
-0.171787654066583
-0.0284999243694585
-0.0234837808829462
-0.0442109971902667
-0.0636329327467786
-0.07049405774647
-0.0418076709404005
-0.0295429960596746
-0.0767565462266669
-0.0432540647027283
-0.0433513790362657
-0.0141683768830623
0.0172121990846362
-0.0302031416088775
0.0331391063028034
-0.0166219733128035
0.00540029877368246
-0.0104429837032504
-0.00803594206609553
-0.0450720687062081
-0.0876612145872245
0.0117811215291151
0.0126612790215798
-0.0252540624562643
0.0105173621993493
-0.00488711716313316
-0.0128198015364941
-0.00946027273490959
-0.0171758836663802
0.00458181422439553
-0.0105712465998889
0.00870316145211252
-0.00572134894368389
-0.0151984780427323
-0.00350465219408223
-0.000905725655624414
0.00273303430528786
0.00299486750602475
0.000114792577669132
-0.005721040760791
-0.00568581552020043
-0.0150126806840812
0.0260543092987212
0.000309950139762091
0.0179387654576383
-0.00618585817888085
-0.0257561370405861
-0.00333553893845103
-0.00424268133630881
0.00375453353560379
-0.0280036109578732
0.0162284007479449
0.00357170000098461
-0.0424713878884202
-0.00286184907041851
0.00105974394913043
0.00971346595244217
0.00657438614740785
0.00711136327197649
0.0135088581683673
-0.0109975683795138
-0.00703674812787981
-0.0379810708804752
-0.028197436142417
-0.00361714422986216
-0.00245545893592994
0.00297573144058066
0.0044899016100314
-0.0145179671793692
0.00866298425336423
0.00670795249911808
-0.00268165376151176
0.00468423350837447
-0.0144635497644656
-0.0480558984915693
-0.0103686435480927
-0.00658019395137958
-0.00241959166736918
0.00149296658901157
0.00242816398157754
0.00560484881020551
0.00231610385535358
-0.00303715762594815
0.0196645426921833
0.00201059035515955
-0.00517541091221303
0.00395025432710408
2.60950364924092e-05
-0.0101705261336643
-0.0152633617807769
-0.00708537669573917
-0.0118861648251227
-0.00721939059179943
-0.0152226756346466
0.00041881124081794
-0.00545604172531523
-0.0134302732851047
0.00166023225437346
-0.00253732246622024
-0.00103250808286207
0.0225705439615499
0.00783180813768262
-0.00484770263014296
-0.0232002232419597
-0.00626359950419338
-0.0285845300805841
-0.0291514732070485
-0.0103243751355074
-0.00376211872736885
-8.57767961657712e-05
-0.000191417097869954
-0.00254030702267389
-0.00347563723757488
0.00150465075580705
-0.00236904404361303
0.000848330165195302
-0.00108404286358368
0.00112479739243851
-0.000384801943797996
0.00184383234094483
-0.00192930566425987
-0.00679296576236913
-0.001231038592167
-0.0016883934179887
0.00044145743211023
-0.00447996716389216
-0.00523918396367386
-0.00379758721362841
-0.012775328247008
0.000132116465896555
-0.00543261066451137
-0.00311909443871855
-0.00202092746564867
