-0.996879212048339
-0.853287102221592
-0.488894837924621
-0.18059264917502
-0.273148939149005
-0.459975530595372
-0.303158004707785
-0.123810622550852
-0.144370334941447
-0.215679493399592
-0.183215192566018
-0.113979992251229
-0.142911246198287
-0.143876225029479
-0.0278498961719675
-0.105623377024143
-0.044119484388884
-0.0152196079877398
-0.0945823509326487
-0.0491314854192027
-0.0610914589754851
-0.0371198965822799
-0.0130781144846784
-0.017225842502251
-0.043601529224285
0.0145411378024143
0.00207336594236496
7.92358664075607e-05
0.0161983255124324
-0.00323470847003534
0.0485291077566283
-0.0126474428745146
-0.00153069529125719
-0.0166914166933978
-0.00139657526740056
-0.00384983283390128
-0.0357641756820954
-0.0300607932857508
-0.00909270525874137
0.00370729132304069
-0.0141739355182157
0.00846077398954663
-0.0305177093135096
-0.0173975004278431
-0.00318841770888758
0.00088829228529002
-1.40094536697707e-05
-0.00162664996519469
-0.0273685593939917
0.00738800723382169
0.000891956353021218
-0.0334451665526541
0.00053896105561052
-0.0206222168388005
-0.0341744893418164
-0.0242458955106604
-0.0123832060171838
-0.0328196727161892
0.00696820749442899
-0.0152435560609712
-0.00493692884569437
-0.00647525525901413
-0.004226337696953
-0.0262764876303199
-0.0047714621860908
-0.0287298793099061
-0.0568075131550317
-0.00608979136028888
-0.0133833005758893
-0.00961810711058111
-0.0161046464003233
-0.011737174881328
0.00656451704567045
-0.00668214362465196
0.00253562944561323
0.00469944851968669
-0.000837348145670637
0.000279738176138718
0.0119305908368837
-0.012617288250629
-0.00531016102513738
-0.00901725725821067
0.00814298868329068
0.0002689480044009
-0.00889219084299553
0.00936382978938519
-0.0127485067216342
0.000364294435243148
-0.00692104373849652
-0.00394151223059841
-0.00403819987084884
0.00235927031811184
0.000952349722297538
-0.000938773307489507
-0.00289012955759615
-0.000412925293449005
-0.0286033202916721
0.000352324684678621
-0.0050947142794953
-0.00224165914557003
-0.00877791870791095
-0.0077468232677735
0.00851732144573371
-0.00942879571752946
-0.000670402131159012
-0.00231378597951936
0.000410391082603846
-0.000842266394659534
0.00147618127938446
0.000328779126771342
0.000157844288235925
0.00128321788453212
-0.00398400383666107
0.000233794477786706
-0.000919191390807211
-0.00158996418527895
0.00461707329558068
0.00157466888025493
-0.00276269584546301
-0.00654538316789109
-0.000481331516248571
-0.00557082164661788
-0.0052863504579458
-0.00494025188505706
0.00538051397641403
0.00157640869565015
-0.00691405517778563
-0.00444085683122328
-0.00159520467928134
-0.00387655528898253
-0.00706782898536052
-0.00324669770000313
-0.000706195500220208
0.000235376830445157
-0.00049347603321136
7.69460525300222e-05
-0.00802027529242215
-0.0112440549274717
-0.000873802392590694
0.000247739264535111
-0.00542156589879649
-0.000248999058309201
-0.00298133639704776
-0.00118202559371021
-0.000547038933914949
-0.00361798920780091
-0.00226741435715565
-0.00280462772396041
