-0.982998277350732
-0.723300158558825
-0.410307237224187
-0.37353568602874
-0.56149067301511
-0.668883054869862
-0.566556563732009
-0.586547127344326
-0.292979531766393
-0.0973126223272906
-0.151204266300573
-0.136947338385345
-0.164625260128996
-0.161258728021237
-0.155541861556811
-0.154366048133291
-0.0466525161616408
-0.0145637447784041
0.0155679997503982
0.00328443271503402
-0.0449117415849723
-0.0521847563039878
0.0781915743857171
0.00766218206601024
-0.0231888693287394
-0.017183451685275
0.00129144285927018
0.072013035512316
-0.00757544384504504
-0.00524268014801043
-0.00167944329036534
-0.0145480095871331
-0.0295399156957014
-0.0207234931366477
-0.0364928234215375
-0.00618510009058734
-0.00300321126760162
-0.00683439398174413
-0.0297510784179721
-0.0507351524485446
-0.00716192940434129
0.0101896086506194
-0.00179774629463111
-0.0148383276743568
0.00278896751946814
0.0126646659422901
0.00704629041809461
0.00368511582832748
-0.0145632192183694
-0.0106052330462751
-0.0272257738519555
-0.00158658272886985
0.00113450916210754
0.000494670267296809
0.0036179388714353
0.0145579860881746
-0.00416243151145622
-0.0150586885863478
-0.0261876033680791
0.00789217341765489
-0.00181076884178686
0.00755516237147897
-0.00342625092506029
-0.0365837605759322
-0.0121051624031833
-0.00508347474639165
0.00734812328969395
-0.0506762194452966
-0.00709264943782881
-0.000165794150631151
-0.00209696195017717
0.00178783656336297
0.00042060445233102
-0.00983104475064644
-0.00993501463914001
-0.0174745498220482
-0.00383017460004765
-0.000214259519358885
0.00950577543846824
0.0100778595649988
-0.0136912884476661
-0.00712383403065858
-0.00611111722235091
-0.00674669816888016
-0.00515645342279278
-0.0148196002678348
-0.00532288212189061
-0.00336089801318666
-0.018050995738055
-4.95088432433502e-05
-0.00339961501770041
-0.00351088004552388
-0.00372897406485439
-0.00434758479525831
-0.00128617402938196
0.00171701839604915
-0.00416002092501934
-0.00270273045874596
-0.000331060106131291
-0.00192086105067501
-0.0189203985650439
-0.0140935214178515
-0.00219416704030745
-0.00382456073666343
-0.0232178145948761
0.0017862539576193
0.00127646686445192
-0.0054984425146824
0.00339514948259767
-0.00140735299955326
-0.00106039661494124
-0.00178720888310319
-0.00351760928717781
-0.0201013218526439
-0.00753471991680246
-0.013339838090227
-0.00905503984954343
-0.00450521918055021
-0.017268894604516
-0.00364572224854965
-0.00662025947960464
-0.0106753461713513
-0.00391866787353622
-0.00497614162988456
-0.00445788320056741
-0.00414069091150353
-0.00322237928809057
-0.0017574747552836
0.00206192681108485
-0.000494383192401447
-0.00787756108577168
-0.0100189801560791
-0.0182850651082792
-0.0100844705921061
-0.0152073775028246
-0.0103766556522074
-0.00869387640786604
-0.00862266277899021
-0.0183056744412862
-0.0125977545913193
-0.00267378409947085
-0.013038897487856
-0.0127708329986651
-0.00649837209081376
-0.000876217213886618
-0.00693099268966761
-0.0103435849274035
-0.00538308627192496
