-0.977849851066877
-0.769128742880343
-0.352482891359881
-0.181267892568842
-0.279189005040567
-0.330884432200315
-0.25042778395842
-0.193036426053932
-0.159261163488625
-0.0197423824913302
-0.112540112016852
-0.0589909868135537
-0.0915668163562715
-0.0808058242283509
-0.115401311343425
-0.0631092155419158
-0.00522268280768261
-0.0315499593236485
-0.0698557699934514
-0.0724251204960746
-0.0165192951807667
-0.0438109964181612
-0.0695389873080161
-0.0490059858745567
-0.0943991950656115
-0.077109554057974
-0.0282915004795639
-0.04422224878491
-0.062609598705593
-0.00717286889516649
0.0281197548376468
-0.0231750052398541
0.004899622395821
-0.0307491860093401
0.00506037275035906
-0.0290258558250703
-0.0647878459508122
-0.0222704176897609
-0.0237188189914571
-0.00990226828373807
-0.0219670370007493
-0.0032284168725642
-0.0169391101573901
0.000953590073202854
-0.00622874032575467
0.0277768705623117
0.0091459042763073
0.00178646970655658
-0.00922219723909497
0.016789426471854
0.0132431791338597
0.00703014500382318
-0.00482786750239753
-0.00603630535099493
-0.00406644612886983
0.0157931364381725
0.00437482328081384
-0.0182555311470255
0.00575429607849161
-0.00104038753570311
-0.0112062021801939
0.00436453557465317
-0.0180235791065355
-0.00329906947596494
-0.00761491661864436
-0.011617123067761
0.00578757710441208
-0.000277517118413746
0.00306842828061109
-0.0171090803763213
0.00510771608947753
-0.0118895673528866
0.001639830279572
0.000297563429640434
0.0249227655544732
0.000322420718852088
1.10090435334675e-05
-0.0230864190273026
0.00447874323779315
0.00256032912470689
0.00449221242188732
-0.0103869721062255
-0.01215362031276
-0.0154897386449566
0.0053751038857834
0.00338213889217256
-0.00921578219418956
-0.00597175709540811
0.00876975382102505
-0.000974863563438409
0.00201726170536004
0.00212173116910712
-0.00127248948703584
-0.00586844732574259
0.00067024956297038
-0.00842877693727359
-0.00474650442666036
0.00392494428112586
-0.00107888373959827
-0.00305804726737649
0.00771070949460965
-0.00475680835711597
-0.000567405314435353
-0.000396290957260527
-0.00985249759020476
0.00209485835978424
0.000687288314154781
-0.000781798858739896
-0.00172787781093055
-0.000329791204052268
-0.00207463763542883
0.0011966056175697
-0.00254802514078321
-0.00174925530776005
-0.000541083110901164
-0.000528342828349558
0.00052985634663442
-0.000136986286654527
-0.00141793876881687
-0.000758905748561821
0.000100105268764992
-0.0045397709901267
-0.00349569089941147
9.67816626009331e-06
-0.000831445977278065
0.00253770495281582
0.00419688940199053
-0.000669812282971594
0.000869829222551245
-0.00221456034432397
-0.000240274051601556
-0.00210263880714679
-0.00298710645683478
-0.00823445607549332
-0.00494455505029199
-0.00153063280999469
0.00041959785249996
-0.00217256695865365
-0.00666893134487041
-0.0094494293673447
0.000105445789737524
-0.00171955536839133
-0.0017956760878227
-3.02375985672295e-05
-0.000587867825351446
-0.000260891498668516
-0.00317438798547434
-0.00383335881392995
