-9.846718311309814453e-01
-8.850374221801757812e-01
-8.291319608688354492e-01
-7.540627717971801758e-01
-6.654366850852966309e-01
-5.780415534973144531e-01
-4.349422156810760498e-01
-3.777451217174530029e-01
-3.281378448009490967e-01
-2.851597070693969727e-01
-2.479974329471588135e-01
-1.883761584758758545e-01
-1.647509336471557617e-01
-1.445585489273071289e-01
-1.126071959733963013e-01
-1.000102609395980835e-01
-8.918343484401702881e-02
-7.982695102691650391e-02
-7.168939709663391113e-02
-6.456327438354492188e-02
-5.827916041016578674e-02
-5.270015075802803040e-02
-4.323769733309745789e-02
-3.919392451643943787e-02
-2.914279326796531677e-02
-2.635537832975387573e-02
-2.145545184612274170e-02
-1.930098235607147217e-02
-1.732046902179718018e-02
-1.549914851784706116e-02
-1.382423192262649536e-02
-1.228403672575950623e-02
-1.086825132369995117e-02
-9.567622095346450806e-03
-8.373308926820755005e-03
-7.277637720108032227e-03
-5.353298038244247437e-03
-4.511937499046325684e-03
-3.743138164281845093e-03
-3.041658550500869751e-03
-2.402629703283309937e-03
-1.821085810661315918e-03
-1.293007284402847290e-03
-8.142329752445220947e-04
3.623329102993011475e-04
6.788782775402069092e-04
9.624361991882324219e-04
1.215681433677673340e-03
1.641068607568740845e-03
1.817502081394195557e-03
1.972448080778121948e-03
2.107787877321243286e-03
2.326432615518569946e-03
2.412635833024978638e-03
2.485428005456924438e-03
2.546016126871109009e-03
2.595376223325729370e-03
2.634856849908828735e-03
2.665389329195022583e-03
2.687845379114151001e-03
2.703052014112472534e-03
2.714995294809341431e-03
2.706665545701980591e-03
2.696562558412551880e-03
2.683069556951522827e-03
2.666626125574111938e-03
2.647880464792251587e-03
2.626989036798477173e-03
2.604488283395767212e-03
2.555523067712783813e-03
2.529744058847427368e-03
2.503458410501480103e-03
2.476949244737625122e-03
2.450261265039443970e-03
2.423424273729324341e-03
2.397019416093826294e-03
2.370901405811309814e-03
2.345230430364608765e-03
2.320233732461929321e-03
2.295751124620437622e-03
2.249252051115036011e-03
2.227310091257095337e-03
2.206388860940933228e-03
2.167120575904846191e-03
2.132281661033630371e-03
2.116348594427108765e-03
2.101529389619827271e-03
2.087850123643875122e-03
2.063367515802383423e-03
2.052787691354751587e-03
2.043362706899642944e-03
2.034854143857955933e-03
2.027291804552078247e-03
2.020735293626785278e-03
2.015102654695510864e-03
2.010498195886611938e-03
2.006743103265762329e-03
2.003807574510574341e-03
2.001840621232986450e-03
2.000708132982254028e-03
2.000231295824050903e-03
2.001497894525527954e-03
2.003226429224014282e-03
2.005647867918014526e-03
2.008710056543350220e-03
2.012308686971664429e-03
2.016503363847732544e-03
2.021256834268569946e-03
2.026583999395370483e-03
2.032119780778884888e-03
2.038408070802688599e-03
2.044919878244400024e-03
2.051878720521926880e-03
2.059299498796463013e-03
2.066951245069503784e-03
2.074878662824630737e-03
2.083104103803634644e-03
2.091605216264724731e-03
2.100382000207901001e-03
2.127740532159805298e-03
2.137187868356704712e-03
2.156380563974380493e-03
2.166200429201126099e-03
2.175886183977127075e-03
2.185765653848648071e-03
2.195660024881362915e-03
2.205584198236465454e-03
2.215389162302017212e-03
2.225305885076522827e-03
2.235155552625656128e-03
2.244953066110610962e-03
2.254579216241836548e-03
2.264279872179031372e-03
2.273876219987869263e-03
2.283316105604171753e-03
2.292755991220474243e-03
2.301994711160659790e-03
2.311129122972488403e-03
2.320233732461929321e-03
2.329032868146896362e-03
2.337809652090072632e-03
2.346385270357131958e-03
2.354819327592849731e-03
2.363111823797225952e-03
2.371255308389663696e-03
2.379152923822402954e-03
2.386812120676040649e-03
2.394367009401321411e-03
2.401698380708694458e-03
2.408836036920547485e-03
2.422589808702468872e-03
2.429153770208358765e-03
2.435524016618728638e-03
2.441722899675369263e-03
2.447646111249923706e-03
2.453345805406570435e-03
2.458844333887100220e-03
2.464216202497482300e-03
2.469372004270553589e-03
2.474267035722732544e-03
2.478901296854019165e-03
2.483446151018142700e-03
2.487692981958389282e-03
2.491746097803115845e-03
2.499271184206008911e-03
2.505864948034286499e-03
2.508837729692459106e-03
2.511795610189437866e-03
2.516794949769973755e-03
2.518977969884872437e-03
2.521146088838577271e-03
2.524513751268386841e-03
2.527337521314620972e-03
2.528380602598190308e-03
2.529282122850418091e-03
2.530019730329513550e-03
2.530593425035476685e-03
2.531018108129501343e-03
2.531159669160842896e-03
2.531234174966812134e-03
2.531144767999649048e-03
2.530928701162338257e-03
2.530511468648910522e-03
2.528268843889236450e-03
2.527285367250442505e-03
2.526078373193740845e-03
2.524647861719131470e-03
2.523232251405715942e-03
2.521727234125137329e-03
2.519909292459487915e-03
2.518195658922195435e-03
2.516139298677444458e-03
2.514112740755081177e-03
2.511877566576004028e-03
2.509508281946182251e-03
2.507034689188003540e-03
2.504501491785049438e-03
2.499107271432876587e-03
2.496261149644851685e-03
2.493340522050857544e-03
2.490241080522537231e-03
2.487126737833023071e-03
2.483952790498733521e-03
2.480614930391311646e-03
2.477247267961502075e-03
2.470258623361587524e-03
2.466622740030288696e-03
2.462971955537796021e-03
2.459157258272171021e-03
2.455268055200576782e-03
2.451423555612564087e-03
2.447519451379776001e-03
2.439323812723159790e-03
2.430949360132217407e-03
2.426672726869583130e-03
2.418193966150283813e-03
2.413842827081680298e-03
2.405006438493728638e-03
2.400491386651992798e-03
2.395976334810256958e-03
2.391476184129714966e-03
2.386886626482009888e-03
2.382282167673110962e-03
2.377662807703018188e-03
2.372983843088150024e-03
2.363640815019607544e-03
2.358872443437576294e-03
2.349469810724258423e-03
2.344746142625808716e-03
2.335194498300552368e-03
2.325598150491714478e-03
2.320814877748489380e-03
2.316001802682876587e-03
2.311263233423233032e-03
2.306465059518814087e-03
2.292115241289138794e-03
2.287317067384719849e-03
2.282593399286270142e-03
2.273056656122207642e-03
2.268318086862564087e-03
2.263490110635757446e-03
2.258960157632827759e-03
2.254206687211990356e-03
2.249497920274734497e-03
2.244804054498672485e-03
2.240154892206192017e-03
2.235535532236099243e-03
2.230901271104812622e-03
2.226207405328750610e-03
2.217162400484085083e-03
2.212662249803543091e-03
2.199176698923110962e-03
2.194736152887344360e-03
2.190377563238143921e-03
2.185944467782974243e-03
2.181667834520339966e-03
2.177376300096511841e-03
2.173107117414474487e-03
2.168808132410049438e-03
2.160470932722091675e-03
2.148013561964035034e-03
2.143938094377517700e-03
2.139870077371597290e-03
2.128008753061294556e-03
2.124127000570297241e-03
2.112645655870437622e-03
2.108875662088394165e-03
2.105195075273513794e-03
2.101454883813858032e-03
2.097744494676589966e-03
2.094235271215438843e-03
2.090584486722946167e-03
2.087105065584182739e-03
2.083685249090194702e-03
2.076756209135055542e-03
2.073373645544052124e-03
2.070102840662002563e-03
2.066861838102340698e-03
2.063591033220291138e-03
2.060223370790481567e-03
2.057101577520370483e-03
2.054039388895034790e-03
2.050917595624923706e-03
2.047810703516006470e-03
2.044785767793655396e-03
2.041820436716079712e-03
2.038907259702682495e-03
2.035964280366897583e-03
2.033118158578872681e-03
2.030339092016220093e-03
2.027500420808792114e-03
2.024758607149124146e-03
2.022113651037216187e-03
2.019446343183517456e-03
2.011697739362716675e-03
2.009075134992599487e-03
2.006646245718002319e-03
2.004247158765792847e-03
2.001773566007614136e-03
1.999530941247940063e-03
1.995015889406204224e-03
1.992765814065933228e-03
1.988302916288375854e-03
1.986172050237655640e-03
1.984145492315292358e-03
1.980002969503402710e-03
1.978073269128799438e-03
1.976143568754196167e-03
1.974221318960189819e-03
1.972403377294540405e-03
1.968789845705032349e-03
1.967001706361770630e-03
1.965288072824478149e-03
1.963611692190170288e-03
1.961957663297653198e-03
1.958731561899185181e-03
1.955647021532058716e-03
1.954186707735061646e-03
1.952718943357467651e-03
1.951310783624649048e-03
1.949924975633621216e-03
1.948613673448562622e-03
1.947257667779922485e-03
1.945909112691879272e-03
1.944724470376968384e-03
1.943524926900863647e-03
1.942384988069534302e-03
1.941170543432235718e-03
1.940052956342697144e-03
1.938905566930770874e-03
1.936759799718856812e-03
1.934815198183059692e-03
1.933839172124862671e-03
1.932967454195022583e-03
1.932021230459213257e-03
1.930337399244308472e-03
1.929480582475662231e-03
1.928810030221939087e-03
1.928020268678665161e-03
1.927223056554794312e-03
1.925844699144363403e-03
1.925181597471237183e-03
1.924555748701095581e-03
1.923296600580215454e-03
1.922789961099624634e-03
1.922313123941421509e-03
1.921799033880233765e-03
1.921351999044418335e-03
1.920398324728012085e-03
1.919608563184738159e-03
1.918878406286239624e-03
1.917902380228042603e-03
1.917619258165359497e-03
1.917388290166854858e-03
1.917224377393722534e-03
1.916978508234024048e-03
1.916740089654922485e-03
1.916382461786270142e-03
1.916307955980300903e-03
1.915987581014633179e-03
1.915883272886276245e-03
1.915771514177322388e-03
1.915808767080307007e-03
1.915905624628067017e-03
1.915853470563888550e-03
1.915875822305679321e-03
1.915935426950454712e-03
1.916009932756423950e-03
1.916091889142990112e-03
1.916173845529556274e-03
1.916337758302688599e-03
1.916442066431045532e-03
1.916568726301193237e-03
1.916687935590744019e-03
1.916851848363876343e-03
1.917038112878799438e-03
1.917179673910140991e-03
1.917432993650436401e-03
1.917611807584762573e-03
1.917820423841476440e-03
1.917976886034011841e-03
1.918312162160873413e-03
1.918572932481765747e-03
1.918759196996688843e-03
1.919094473123550415e-03
1.919362694025039673e-03
1.919645816087722778e-03
1.919936388731002808e-03
1.920279115438461304e-03
1.920495182275772095e-03
1.920808106660842896e-03
1.921858638525009155e-03
1.922283321619033813e-03
1.922536641359329224e-03
1.922998577356338501e-03
1.923661679029464722e-03
1.924064010381698608e-03
1.924466341733932495e-03
1.924965530633926392e-03
1.925315707921981812e-03
1.926068216562271118e-03
1.926455646753311157e-03
1.926902681589126587e-03
1.927714794874191284e-03
1.928154379129409790e-03
1.928668469190597534e-03
1.929070800542831421e-03
1.929577440023422241e-03
1.929994672536849976e-03
1.930858939886093140e-03
1.931320875883102417e-03
1.931708306074142456e-03
1.932252198457717896e-03
1.932624727487564087e-03
1.933153718709945679e-03
1.934055238962173462e-03
1.934964209794998169e-03
1.935418695211410522e-03
1.936394721269607544e-03
1.936834305524826050e-03
1.937273889780044556e-03
1.937773078680038452e-03
1.938629895448684692e-03
1.939523965120315552e-03
1.940030604600906372e-03
1.940537244081497192e-03
1.940932124853134155e-03
1.941908150911331177e-03
1.942340284585952759e-03
1.942750066518783569e-03
1.944098621606826782e-03
1.944538205862045288e-03
1.945007592439651489e-03
1.945871859788894653e-03
1.946311444044113159e-03
1.947719603776931763e-03
1.948457211256027222e-03
1.948859542608261108e-03
1.949306577444076538e-03
1.949716359376907349e-03
1.950036734342575073e-03
1.950453966856002808e-03
1.950886100530624390e-03
1.951169222593307495e-03
1.951653510332107544e-03
1.952018588781356812e-03
1.952465623617172241e-03
1.953508704900741577e-03
1.954536885023117065e-03
1.954887062311172485e-03
1.955244690179824829e-03
1.955542713403701782e-03
1.955922693014144897e-03
1.956257969141006470e-03
1.956511288881301880e-03
1.957442611455917358e-03
1.957800239324569702e-03
1.958038657903671265e-03
1.958336681127548218e-03
1.958590000867843628e-03
1.958888024091720581e-03
1.959096640348434448e-03
1.959387212991714478e-03
1.959752291440963745e-03
1.960132271051406860e-03
1.960422843694686890e-03
1.960810273885726929e-03
1.961048692464828491e-03
1.961182802915573120e-03
1.961309462785720825e-03
1.961801201105117798e-03
1.962143927812576294e-03
1.962352544069290161e-03
1.962464302778244019e-03
1.962576061487197876e-03
1.962836831808090210e-03
1.963060349225997925e-03
1.963179558515548706e-03
1.963276416063308716e-03
1.963373273611068726e-03
1.963462680578231812e-03
1.963574439287185669e-03
1.963730901479721069e-03
1.963708549737930298e-03
1.963812857866287231e-03
1.963879913091659546e-03
1.963917165994644165e-03
1.964066177606582642e-03
1.964043825864791870e-03
1.964066177606582642e-03
1.964036375284194946e-03
1.964140683412551880e-03
1.964058727025985718e-03
1.964133232831954956e-03
1.964103430509567261e-03
1.964125782251358032e-03
1.964028924703598022e-03
1.963976770639419556e-03
1.963984221220016479e-03
1.963961869478225708e-03
1.963917165994644165e-03
1.963738352060317993e-03
1.963723450899124146e-03
1.963566988706588745e-03
1.963529735803604126e-03
1.963499933481216431e-03
1.963350921869277954e-03
1.963201910257339478e-03
1.962836831808090210e-03
1.962568610906600952e-03
1.962389796972274780e-03
1.962024718523025513e-03
1.961987465620040894e-03
1.961696892976760864e-03
1.960869878530502319e-03
1.960549503564834595e-03
1.960117369890213013e-03
1.959953457117080688e-03
1.959700137376785278e-03
1.959133893251419067e-03
1.958932727575302124e-03
1.958552747964859009e-03
1.958232372999191284e-03
1.957375556230545044e-03
1.956705003976821899e-03
1.956444233655929565e-03
1.956108957529067993e-03
1.955766230821609497e-03
1.955021172761917114e-03
1.954678446054458618e-03
1.954358071088790894e-03
1.953940838575363159e-03
1.953635364770889282e-03
1.953195780515670776e-03
1.952689141035079956e-03
1.952331513166427612e-03
1.951988786458969116e-03
1.951586455106735229e-03
1.951094716787338257e-03
1.950632780790328979e-03
1.950275152921676636e-03
1.949418336153030396e-03
1.948539167642593384e-03
1.947972923517227173e-03
1.947592943906784058e-03
1.947004348039627075e-03
1.946564763784408569e-03
1.946020871400833130e-03
1.945044845342636108e-03
1.944612711668014526e-03
1.944083720445632935e-03
1.943539828062057495e-03
1.942459493875503540e-03
1.941960304975509644e-03
1.941483467817306519e-03
1.940343528985977173e-03
1.939225941896438599e-03
1.938652247190475464e-03
1.937959343194961548e-03
1.937415450811386108e-03
1.936886459589004517e-03
1.936275511980056763e-03
1.935053616762161255e-03
1.934457570314407349e-03
1.933891326189041138e-03
1.933265477418899536e-03
1.932699233293533325e-03
1.932073384523391724e-03
1.931320875883102417e-03
1.930776983499526978e-03
1.930113881826400757e-03
1.929435878992080688e-03
1.928236335515975952e-03
1.927491277456283569e-03
1.926798373460769653e-03
1.926165074110031128e-03
1.925509423017501831e-03
1.924816519021987915e-03
1.924250274896621704e-03
1.922737807035446167e-03
1.922149211168289185e-03
1.921426504850387573e-03
1.920748502016067505e-03
1.920048147439956665e-03
1.919362694025039673e-03
1.918647438287734985e-03
1.917947083711624146e-03
1.915771514177322388e-03
1.915041357278823853e-03
1.914355903863906860e-03
1.912850886583328247e-03
1.912143081426620483e-03
1.910593360662460327e-03
1.909893006086349487e-03
1.909147948026657104e-03
1.908306032419204712e-03
1.907590776681900024e-03
1.906890422105789185e-03
1.906100660562515259e-03
1.905340701341629028e-03
1.903016120195388794e-03
1.902278512716293335e-03
1.901481300592422485e-03
1.899193972349166870e-03
1.896861940622329712e-03
1.896034926176071167e-03
1.895193010568618774e-03
1.894418150186538696e-03
1.893635839223861694e-03
1.892950385808944702e-03
1.892071217298507690e-03
1.891266554594039917e-03
1.890469342470169067e-03
1.889627426862716675e-03
1.888845115900039673e-03
1.886401325464248657e-03
1.885574311017990112e-03
1.884799450635910034e-03
1.883957535028457642e-03
1.883145421743392944e-03
1.881565898656845093e-03
1.879151910543441772e-03
1.878280192613601685e-03
1.877505332231521606e-03
1.875843852758407593e-03
1.875076442956924438e-03
1.874182373285293579e-03
1.873377710580825806e-03
1.872528344392776489e-03
1.871723681688308716e-03
1.870963722467422485e-03
1.868512481451034546e-03
1.866798847913742065e-03
1.864429563283920288e-03
1.862671226263046265e-03
1.861188560724258423e-03
1.860331743955612183e-03
1.858729869127273560e-03
1.857120543718338013e-03
1.856271177530288696e-03
1.854721456766128540e-03
1.853849738836288452e-03
1.853037625551223755e-03
1.852262765169143677e-03
1.851473003625869751e-03
1.849863678216934204e-03
1.849059015512466431e-03
1.846741884946823120e-03
1.845914870500564575e-03
1.845087856054306030e-03
1.844365149736404419e-03
1.842770725488662720e-03
1.841221004724502563e-03
1.840416342020034790e-03
1.839596778154373169e-03
1.837324351072311401e-03
1.836556941270828247e-03
1.835037022829055786e-03
1.834224909543991089e-03
1.833509653806686401e-03
1.832786947488784790e-03
1.832079142332077026e-03
1.831214874982833862e-03
1.829821616411209106e-03
1.828316599130630493e-03
1.827586442232131958e-03
1.826871186494827271e-03
1.825381070375442505e-03
1.823242753744125366e-03
1.822534948587417603e-03
1.821864396333694458e-03
1.821164041757583618e-03
1.820500940084457397e-03
1.819755882024765015e-03
1.819144934415817261e-03
1.818407326936721802e-03
1.817684620618820190e-03
1.817088574171066284e-03
1.816358417272567749e-03
1.815635710954666138e-03
1.814361661672592163e-03
1.811731606721878052e-03
1.811098307371139526e-03
1.810435205698013306e-03
1.809876412153244019e-03
1.809265464544296265e-03
1.808565109968185425e-03
1.806702464818954468e-03
1.806143671274185181e-03
1.805569976568222046e-03
1.804973930120468140e-03
1.803848892450332642e-03
1.802641898393630981e-03
1.802016049623489380e-03
1.801494508981704712e-03
1.800913363695144653e-03
1.800362020730972290e-03
1.799780875444412231e-03
1.799296587705612183e-03
1.798775047063827515e-03
1.798208802938461304e-03
1.797687262296676636e-03
1.797217875719070435e-03
1.796659082174301147e-03
1.796159893274307251e-03
1.795578747987747192e-03
1.795124262571334839e-03
1.794639974832534790e-03
1.794096082448959351e-03
1.793611794710159302e-03
1.793179661035537720e-03
1.792777329683303833e-03
1.792300492525100708e-03
1.790899783372879028e-03
1.790445297956466675e-03
1.790028065443038940e-03
1.789126545190811157e-03
1.788292080163955688e-03
1.787494868040084839e-03
1.787189394235610962e-03
1.786064356565475464e-03
1.785654574632644653e-03
1.785311847925186157e-03
1.784961670637130737e-03
1.784283667802810669e-03
1.783948391675949097e-03
1.783605664968490601e-03
1.783292740583419800e-03
1.783009618520736694e-03
1.782748848199844360e-03
1.782383769750595093e-03
1.782093197107315063e-03
1.781854778528213501e-03
1.781534403562545776e-03
1.781258732080459595e-03
1.780819147825241089e-03
1.780334860086441040e-03
1.780036836862564087e-03
1.779649406671524048e-03
1.779433339834213257e-03
1.779276877641677856e-03
1.779075711965560913e-03
1.778889447450637817e-03
1.778695732355117798e-03
1.778494566679000854e-03
1.778360456228256226e-03
1.778218895196914673e-03
1.778032630681991577e-03
1.777950674295425415e-03
1.777689903974533081e-03
1.777518540620803833e-03
1.777429133653640747e-03
1.777227967977523804e-03
1.777227967977523804e-03
1.777086406946182251e-03
1.776982098817825317e-03
1.776974648237228394e-03
1.776870340108871460e-03
1.776862889528274536e-03
1.776892691850662231e-03
1.776810735464096069e-03
1.776758581399917603e-03
1.776736229658126831e-03
1.776766031980514526e-03
1.776818186044692993e-03
1.776803284883499146e-03
1.776907593011856079e-03
1.777034252882003784e-03
1.776952296495437622e-03
1.777078956365585327e-03
1.777146011590957642e-03
1.777280122041702271e-03
1.777473837137222290e-03
1.777593046426773071e-03
1.777749508619308472e-03
1.778114587068557739e-03
1.778166741132736206e-03
1.778464764356613159e-03
1.778613775968551636e-03
1.778814941644668579e-03
1.779023557901382446e-03
1.779150217771530151e-03
1.779358834028244019e-03
1.779627054929733276e-03
1.780357211828231812e-03
1.780610531568527222e-03
1.780901104211807251e-03
1.781094819307327271e-03
1.782011240720748901e-03
1.782324165105819702e-03
1.782674342393875122e-03
1.783285290002822876e-03
1.783583313226699829e-03
1.784037798643112183e-03
1.784410327672958374e-03
1.784797757863998413e-03
1.785214990377426147e-03
1.786071807146072388e-03
1.786787062883377075e-03
1.787330955266952515e-03
1.787740737199783325e-03
1.788232475519180298e-03
1.788664609193801880e-03
1.789230853319168091e-03
1.789588481187820435e-03
1.790162175893783569e-03
1.790557056665420532e-03
1.791108399629592896e-03
1.791674643754959106e-03
1.792173832654953003e-03
1.792918890714645386e-03
1.793358474969863892e-03
1.793999224901199341e-03
1.794535666704177856e-03
1.795161515474319458e-03
1.795668154954910278e-03
1.796286553144454956e-03
1.796927303075790405e-03
1.797635108232498169e-03
1.798238605260848999e-03
1.798812299966812134e-03
1.799549907445907593e-03
1.800205558538436890e-03
1.802269369363784790e-03
1.802947372198104858e-03
1.803617924451828003e-03
1.804392784833908081e-03
