-9.863038063049316406e-01
-8.942964076995849609e-01
-8.375226259231567383e-01
-7.681796550750732422e-01
-6.897230148315429688e-01
-6.074394583702087402e-01
-4.535523951053619385e-01
-3.894588351249694824e-01
-3.355358242988586426e-01
-2.910017967224121094e-01
-2.543576359748840332e-01
-1.983830332756042480e-01
-1.764680594205856323e-01
-1.573918908834457397e-01
-1.256327927112579346e-01
-1.122902557253837585e-01
-1.003611907362937927e-01
-8.970274776220321655e-02
-8.019749820232391357e-02
-7.174193859100341797e-02
-6.423965096473693848e-02
-5.759958177804946899e-02
-4.656286537647247314e-02
-4.200653731822967529e-02
-3.134780377149581909e-02
-2.860086411237716675e-02
-2.402375638484954834e-02
-2.211566269397735596e-02
-2.041705697774887085e-02
-1.890055835247039795e-02
-1.754209399223327637e-02
-1.632092893123626709e-02
-1.521956175565719604e-02
-1.422230154275894165e-02
-1.331601291894912720e-02
-1.248959451913833618e-02
-1.103840768337249756e-02
-1.039831340312957764e-02
-9.806297719478607178e-03
-9.257428348064422607e-03
-8.747115731239318848e-03
-8.271068334579467773e-03
-7.826343178749084473e-03
-7.409565150737762451e-03
-6.303630769252777100e-03
-5.976662039756774902e-03
-5.667626857757568359e-03
-5.375415086746215820e-03
-4.836529493331909180e-03
-4.587776958942413330e-03
-4.351787269115447998e-03
-4.127718508243560791e-03
-3.712721168994903564e-03
-3.520533442497253418e-03
-3.337875008583068848e-03
-3.164209425449371338e-03
-2.999156713485717773e-03
-2.842292189598083496e-03
-2.693153917789459229e-03
-2.551384270191192627e-03
-2.416782081127166748e-03
-2.167515456676483154e-03
-1.942999660968780518e-03
-1.839421689510345459e-03
-1.741260290145874023e-03
-1.648247241973876953e-03
-1.560255885124206543e-03
-1.477040350437164307e-03
-1.398339867591857910e-03
-1.254051923751831055e-03
-1.188181340694427490e-03
-1.126065850257873535e-03
-1.067690551280975342e-03
-1.012884080410003662e-03
-9.614676237106323242e-04
-9.134784340858459473e-04
-8.685067296028137207e-04
-8.264556527137756348e-04
-7.874071598052978516e-04
-7.512569427490234375e-04
-6.864815950393676758e-04
-6.578862667083740234e-04
-6.315559148788452148e-04
-5.856752395629882812e-04
-5.478709936141967773e-04
-5.318298935890197754e-04
-5.176886916160583496e-04
-5.052611231803894043e-04
-4.849806427955627441e-04
-4.772096872329711914e-04
-4.708617925643920898e-04
-4.658848047256469727e-04
-4.621744155883789062e-04
-4.597902297973632812e-04
-4.585534334182739258e-04
-4.583299160003662109e-04
-4.592984914779663086e-04
-4.611760377883911133e-04
-4.641562700271606445e-04
-4.679635167121887207e-04
-4.727020859718322754e-04
-4.845857620239257812e-04
-4.917159676551818848e-04
-4.995167255401611328e-04
-5.078986287117004395e-04
-5.170106887817382812e-04
-5.267336964607238770e-04
-5.369335412979125977e-04
-5.477145314216613770e-04
-5.589574575424194336e-04
-5.707144737243652344e-04
-5.829185247421264648e-04
-5.954802036285400391e-04
-6.084367632865905762e-04
-6.217807531356811523e-04
-6.354302167892456055e-04
-6.493255496025085449e-04
-6.636381149291992188e-04
-6.780922412872314453e-04
-7.229149341583251953e-04
-7.382035255432128906e-04
-7.694140076637268066e-04
-7.851570844650268555e-04
-8.011758327484130859e-04
-8.170902729034423828e-04
-8.331686258316040039e-04
-8.492767810821533203e-04
-8.655041456222534180e-04
-8.818134665489196777e-04
-8.981227874755859375e-04
-9.143799543380737305e-04
-9.306818246841430664e-04
-9.469389915466308594e-04
-9.632930159568786621e-04
-9.796917438507080078e-04
-9.958446025848388672e-04
-1.012057065963745117e-03
-1.028195023536682129e-03
-1.044355332851409912e-03
-1.060418784618377686e-03
-1.076422631740570068e-03
-1.092270016670227051e-03
-1.108035445213317871e-03
-1.123815774917602539e-03
-1.139342784881591797e-03
-1.154810190200805664e-03
-1.170307397842407227e-03
-1.185640692710876465e-03
-1.200884580612182617e-03
-1.215912401676177979e-03
-1.245677471160888672e-03
-1.260340213775634766e-03
-1.274876296520233154e-03
-1.289226114749908447e-03
-1.303561031818389893e-03
-1.317791640758514404e-03
-1.331649720668792725e-03
-1.345500349998474121e-03
-1.359194517135620117e-03
-1.372605562210083008e-03
-1.385957002639770508e-03
-1.399278640747070312e-03
-1.412302255630493164e-03
-1.425206661224365234e-03
-1.450382173061370850e-03
-1.474983990192413330e-03
-1.487083733081817627e-03
-1.498915255069732666e-03
-1.522153615951538086e-03
-1.533478498458862305e-03
-1.544758677482604980e-03
-1.566633582115173340e-03
-1.587860286235809326e-03
-1.598276197910308838e-03
-1.608364284038543701e-03
-1.618422567844390869e-03
-1.628227531909942627e-03
-1.637935638427734375e-03
-1.647427678108215332e-03
-1.656800508499145508e-03
-1.666001975536346436e-03
-1.674950122833251953e-03
-1.683801412582397461e-03
-1.709416508674621582e-03
-1.717649400234222412e-03
-1.725681126117706299e-03
-1.733519136905670166e-03
-1.741237938404083252e-03
-1.748837530612945557e-03
-1.756228506565093994e-03
-1.763418316841125488e-03
-1.770593225955963135e-03
-1.777477562427520752e-03
-1.784279942512512207e-03
-1.790873706340789795e-03
-1.797430217266082764e-03
-1.803748309612274170e-03
-1.815989613533020020e-03
-1.821868121623992920e-03
-1.827627420425415039e-03
-1.833230257034301758e-03
-1.838698983192443848e-03
-1.844070851802825928e-03
-1.849241554737091064e-03
-1.854382455348968506e-03
-1.864083111286163330e-03
-1.868762075901031494e-03
-1.873321831226348877e-03
-1.877710223197937012e-03
-1.881897449493408203e-03
-1.886174082756042480e-03
-1.890175044536590576e-03
-1.897841691970825195e-03
-1.905046403408050537e-03
-1.908391714096069336e-03
-1.914978027343750000e-03
-1.917995512485504150e-03
-1.923814415931701660e-03
-1.926556229591369629e-03
-1.929245889186859131e-03
-1.931749284267425537e-03
-1.934222877025604248e-03
-1.936599612236022949e-03
-1.938767731189727783e-03
-1.940876245498657227e-03
-1.944825053215026855e-03
-1.946695148944854736e-03
-1.949936151504516602e-03
-1.951575279235839844e-03
-1.954369246959686279e-03
-1.956813037395477295e-03
-1.957952976226806641e-03
-1.959040760993957520e-03
-1.959957182407379150e-03
-1.960724592208862305e-03
-1.962840557098388672e-03
-1.963414251804351807e-03
-1.963883638381958008e-03
-1.964665949344635010e-03
-1.964926719665527344e-03
-1.965053379535675049e-03
-1.965105533599853516e-03
-1.965135335922241211e-03
-1.965157687664031982e-03
-1.965098083019256592e-03
-1.964867115020751953e-03
-1.964636147022247314e-03
-1.964360475540161133e-03
-1.964099705219268799e-03
-1.963146030902862549e-03
-1.962639391422271729e-03
-1.960612833499908447e-03
-1.959830522537231445e-03
-1.959010958671569824e-03
-1.958198845386505127e-03
-1.957267522811889648e-03
-1.956298947334289551e-03
-1.955352723598480225e-03
-1.954257488250732422e-03
-1.951985061168670654e-03
-1.948282122611999512e-03
-1.946963369846343994e-03
-1.945570111274719238e-03
-1.941181719303131104e-03
-1.939661800861358643e-03
-1.934729516506195068e-03
-1.933112740516662598e-03
-1.931473612785339355e-03
-1.929692924022674561e-03
-1.927889883518218994e-03
-1.926042139530181885e-03
-1.924179494380950928e-03
-1.922339200973510742e-03
-1.920387148857116699e-03
-1.916445791721343994e-03
-1.914486289024353027e-03
-1.912400126457214355e-03
-1.910381019115447998e-03
-1.908347010612487793e-03
-1.906260848045349121e-03
-1.904107630252838135e-03
-1.901909708976745605e-03
-1.899816095829010010e-03
-1.897610723972320557e-03
-1.895412802696228027e-03
-1.893103122711181641e-03
-1.890882849693298340e-03
-1.888543367385864258e-03
-1.886308193206787109e-03
-1.883953809738159180e-03
-1.881621778011322021e-03
-1.879274845123291016e-03
-1.876957714557647705e-03
-1.874528825283050537e-03
-1.867257058620452881e-03
-1.864790916442871094e-03
-1.862332224845886230e-03
-1.859873533248901367e-03
-1.857362687587738037e-03
-1.854896545410156250e-03
-1.849897205829620361e-03
-1.847311854362487793e-03
-1.842193305492401123e-03
-1.839585602283477783e-03
-1.837089657783508301e-03
-1.831874251365661621e-03
-1.829266548156738281e-03
-1.826636493206024170e-03
-1.824133098125457764e-03
-1.821413636207580566e-03
-1.816116273403167725e-03
-1.813523471355438232e-03
-1.810930669307708740e-03
-1.808226108551025391e-03
-1.805536448955535889e-03
-1.800231635570526123e-03
-1.794919371604919434e-03
-1.792207360267639160e-03
-1.789525151252746582e-03
-1.786865293979644775e-03
-1.784235239028930664e-03
-1.781553030014038086e-03
-1.778848469257354736e-03
-1.776181161403656006e-03
-1.773543655872344971e-03
-1.770824193954467773e-03
-1.768119633197784424e-03
-1.765534281730651855e-03
-1.762807369232177734e-03
-1.760080456733703613e-03
-1.754783093929290771e-03
-1.749463379383087158e-03
-1.746788620948791504e-03
-1.744203269481658936e-03
-1.741513609886169434e-03
-1.736253499984741211e-03
-1.733578741550445557e-03
-1.731008291244506836e-03
-1.728318631649017334e-03
-1.725636422634124756e-03
-1.720383763313293457e-03
-1.717820763587951660e-03
-1.715242862701416016e-03
-1.710034906864166260e-03
-1.707427203655242920e-03
-1.704834401607513428e-03
-1.702249050140380859e-03
-1.699693500995635986e-03
-1.694619655609130859e-03
-1.689508557319641113e-03
-1.684412360191345215e-03
-1.676924526691436768e-03
-1.674540340900421143e-03
-1.671940088272094727e-03
-1.669488847255706787e-03
-1.667007803916931152e-03
-1.664496958255767822e-03
-1.659683883190155029e-03
-1.657299697399139404e-03
-1.650065183639526367e-03
-1.647666096687316895e-03
-1.640647649765014648e-03
-1.638278365135192871e-03
-1.635938882827758789e-03
-1.633696258068084717e-03
-1.631408929824829102e-03
-1.629076898097991943e-03
-1.626797020435333252e-03
-1.624479889869689941e-03
-1.622289419174194336e-03
-1.619994640350341797e-03
-1.617811620235443115e-03
-1.615643501281738281e-03
-1.613311469554901123e-03
-1.611113548278808594e-03
-1.608982682228088379e-03
-1.606896519660949707e-03
-1.604594290256500244e-03
-1.602567732334136963e-03
-1.600295305252075195e-03
-1.598291099071502686e-03
-1.596167683601379395e-03
-1.594036817550659180e-03
-1.591987907886505127e-03
-1.589871942996978760e-03
-1.587927341461181641e-03
-1.585818827152252197e-03
-1.583777368068695068e-03
-1.581802964210510254e-03
-1.579776406288146973e-03
-1.577734947204589844e-03
-1.571968197822570801e-03
-1.570038497447967529e-03
-1.568116247653961182e-03
-1.566156744956970215e-03
-1.562371850013732910e-03
-1.560576260089874268e-03
-1.558698713779449463e-03
-1.556873321533203125e-03
-1.555092632770538330e-03
-1.551464200019836426e-03
-1.549705862998962402e-03
-1.547947525978088379e-03
-1.544468104839324951e-03
-1.542672514915466309e-03
-1.541078090667724609e-03
-1.539379358291625977e-03
-1.537673175334930420e-03
-1.536004245281219482e-03
-1.532778143882751465e-03
-1.531146466732025146e-03
-1.529566943645477295e-03
-1.527987420558929443e-03
-1.526370644569396973e-03
-1.524783670902252197e-03
-1.521714031696319580e-03
-1.518785953521728516e-03
-1.517318189144134521e-03
-1.514405012130737305e-03
-1.512899994850158691e-03
-1.511484384536743164e-03
-1.510076224803924561e-03
-1.507312059402465820e-03
-1.504614949226379395e-03
-1.503348350524902344e-03
-1.501962542533874512e-03
-1.500703394412994385e-03
-1.498170197010040283e-03
-1.496866345405578613e-03
-1.495629549026489258e-03
-1.492001116275787354e-03
-1.490801572799682617e-03
-1.489654183387756348e-03
-1.487411558628082275e-03
-1.486293971538543701e-03
-1.483075320720672607e-03
-1.480922102928161621e-03
-1.479804515838623047e-03
-1.478768885135650635e-03
-1.477815210819244385e-03
-1.476883888244628906e-03
-1.475811004638671875e-03
-1.474916934967041016e-03
-1.474000513553619385e-03
-1.473031938076019287e-03
-1.472085714340209961e-03
-1.471251249313354492e-03
-1.468636095523834229e-03
-1.466155052185058594e-03
-1.465298235416412354e-03
-1.464612782001495361e-03
-1.463793218135833740e-03
-1.463048160076141357e-03
-1.462258398532867432e-03
-1.461550593376159668e-03
-1.459494233131408691e-03
-1.458771526813507080e-03
-1.458153128623962402e-03
-1.457549631595611572e-03
-1.456879079341888428e-03
-1.456230878829956055e-03
-1.455642282962799072e-03
-1.455083489418029785e-03
-1.454547047615051270e-03
-1.453422009944915771e-03
-1.452915370464324951e-03
-1.451857388019561768e-03
-1.451402902603149414e-03
-1.450911164283752441e-03
-1.450426876544952393e-03
-1.449532806873321533e-03
-1.448757946491241455e-03
-1.448363065719604492e-03
-1.447930932044982910e-03
-1.447625458240509033e-03
-1.446835696697235107e-03
-1.446574926376342773e-03
-1.446202397346496582e-03
-1.445874571800231934e-03
-1.445695757865905762e-03
-1.445353031158447266e-03
-1.445062458515167236e-03
-1.444868743419647217e-03
-1.444607973098754883e-03
-1.444421708583831787e-03
-1.444160938262939453e-03
-1.443892717361450195e-03
-1.443721354007720947e-03
-1.443564891815185547e-03
-1.443408429622650146e-03
-1.443296670913696289e-03
-1.443125307559967041e-03
-1.442998647689819336e-03
-1.442693173885345459e-03
-1.442581415176391602e-03
-1.442529261112213135e-03
-1.442469656467437744e-03
-1.442432403564453125e-03
-1.442447304725646973e-03
-1.442342996597290039e-03
-1.442387700080871582e-03
-1.442380249500274658e-03
-1.442395150661468506e-03
-1.442492008209228516e-03
-1.442432403564453125e-03
-1.442454755306243896e-03
-1.442544162273406982e-03
-1.442641019821166992e-03
-1.442834734916687012e-03
-1.443125307559967041e-03
-1.443289220333099365e-03
-1.443527638912200928e-03
-1.443736255168914795e-03
-1.443892717361450195e-03
-1.444749534130096436e-03
-1.444898545742034912e-03
-1.445442438125610352e-03
-1.445747911930084229e-03
-1.445949077606201172e-03
-1.446470618247985840e-03
-1.446865499019622803e-03
-1.447103917598724365e-03
-1.447446644306182861e-03
-1.448474824428558350e-03
-1.449123024940490723e-03
-1.449532806873321533e-03
-1.449897885322570801e-03
-1.450337469577789307e-03
-1.451082527637481689e-03
-1.451544463634490967e-03
-1.451984047889709473e-03
-1.452356576919555664e-03
-1.452870666980743408e-03
-1.453265547752380371e-03
-1.453757286071777344e-03
-1.454196870326995850e-03
-1.454629004001617432e-03
-1.455165445804595947e-03
-1.455642282962799072e-03
-1.456171274185180664e-03
-1.456603407859802246e-03
-1.457720994949340820e-03
-1.458771526813507080e-03
-1.459315419197082520e-03
-1.459859311580657959e-03
-1.460447907447814941e-03
-1.461029052734375000e-03
-1.461558043956756592e-03
-1.462794840335845947e-03
-1.463405787944793701e-03
-1.463904976844787598e-03
-1.464635133743286133e-03
-1.465827226638793945e-03
-1.466467976570129395e-03
-1.467034220695495605e-03
-1.468397676944732666e-03
-1.469716429710388184e-03
-1.470305025577545166e-03
-1.471035182476043701e-03
-1.471690833568572998e-03
-1.472398638725280762e-03
-1.473151147365570068e-03
-1.474484801292419434e-03
-1.475229859352111816e-03
-1.475982367992401123e-03
-1.476682722568511963e-03
-1.477383077144622803e-03
-1.478113234043121338e-03
-1.478850841522216797e-03
-1.479655504226684570e-03
-1.480296254158020020e-03
-1.481130719184875488e-03
-1.482613384723663330e-03
-1.483425498008728027e-03
-1.484259963035583496e-03
-1.484982669353485107e-03
-1.485697925090789795e-03
-1.486524939537048340e-03
-1.487337052822113037e-03
-1.488909125328063965e-03
-1.489728689193725586e-03
-1.490533351898193359e-03
-1.491449773311614990e-03
-1.492150127887725830e-03
-1.492910087108612061e-03
-1.493811607360839844e-03
-1.494623720645904541e-03
-1.497097313404083252e-03
-1.497983932495117188e-03
-1.498848199844360352e-03
-1.500569283962249756e-03
-1.501418650150299072e-03
-1.503109931945800781e-03
-1.504018902778625488e-03
-1.504927873611450195e-03
-1.505739986896514893e-03
-1.506596803665161133e-03
-1.507438719272613525e-03
-1.508310437202453613e-03
-1.509197056293487549e-03
-1.511886715888977051e-03
-1.512803137302398682e-03
-1.513749361038208008e-03
-1.516371965408325195e-03
-1.519083976745605469e-03
-1.520022749900817871e-03
-1.520901918411254883e-03
-1.521766185760498047e-03
-1.522749662399291992e-03
-1.523599028587341309e-03
-1.524507999420166016e-03
-1.525454223155975342e-03
-1.526340842247009277e-03
-1.527324318885803223e-03
-1.528188586235046387e-03
-1.530990004539489746e-03
-1.531846821308135986e-03
-1.532793045043945312e-03
-1.533776521682739258e-03
-1.534558832645416260e-03
-1.536466181278228760e-03
-1.539260149002075195e-03
-1.540139317512512207e-03
-1.541152596473693848e-03
-1.542948186397552490e-03
-1.543849706649780273e-03
-1.544803380966186523e-03
-1.545667648315429688e-03
-1.546636223793029785e-03
-1.547560095787048340e-03
-1.548424363136291504e-03
-1.551240682601928711e-03
-1.553088426589965820e-03
-1.555770635604858398e-03
-1.557588577270507812e-03
-1.559466123580932617e-03
-1.560345292091369629e-03
-1.562140882015228271e-03
-1.563861966133117676e-03
-1.564830541610717773e-03
-1.566633582115173340e-03
-1.567490398883819580e-03
-1.568444073200225830e-03
-1.569278538227081299e-03
-1.570120453834533691e-03
-1.571834087371826172e-03
-1.572728157043457031e-03
-1.575395464897155762e-03
-1.576304435729980469e-03
-1.577079296112060547e-03
-1.577928662300109863e-03
-1.579701900482177734e-03
-1.581370830535888672e-03
-1.582160592079162598e-03
-1.583069562911987305e-03
-1.585572957992553711e-03
-1.586422324180603027e-03
-1.587957143783569336e-03
-1.588806509971618652e-03
-1.589685678482055664e-03
-1.590460538864135742e-03
-1.591347157955169678e-03
-1.592010259628295898e-03
-1.593664288520812988e-03
-1.595221459865570068e-03
-1.596018671989440918e-03
-1.596823334693908691e-03
-1.598268747329711914e-03
-1.600518822669982910e-03
-1.601308584213256836e-03
-1.602038741111755371e-03
-1.602783799171447754e-03
-1.603528857231140137e-03
-1.604169607162475586e-03
-1.605018973350524902e-03
-1.605704426765441895e-03
-1.606374979019165039e-03
-1.607120037078857422e-03
-1.607805490493774414e-03
-1.608490943908691406e-03
-1.609824597835540771e-03
-1.612469553947448730e-03
-1.613125205039978027e-03
-1.613803207874298096e-03
-1.614436507225036621e-03
-1.615136861801147461e-03
-1.615747809410095215e-03
-1.617558300495147705e-03
-1.618191599845886230e-03
-1.618802547454833984e-03
-1.619376242160797119e-03
-1.620545983314514160e-03
-1.621715724468231201e-03
-1.622289419174194336e-03
-1.622743904590606689e-03
-1.623332500457763672e-03
-1.623928546905517578e-03
-1.624412834644317627e-03
-1.625001430511474609e-03
-1.625470817089080811e-03
-1.625984907150268555e-03
-1.626446843147277832e-03
-1.626990735530853271e-03
-1.627460122108459473e-03
-1.627996563911437988e-03
-1.628451049327850342e-03
-1.628927886486053467e-03
-1.629367470741271973e-03
-1.629844307899475098e-03
-1.630291342735290527e-03
-1.630626618862152100e-03
-1.631081104278564453e-03
-1.631550490856170654e-03
-1.632727682590484619e-03
-1.633092761039733887e-03
-1.633554697036743164e-03
-1.634210348129272461e-03
-1.634955406188964844e-03
-1.635618507862091064e-03
-1.635938882827758789e-03
-1.636892557144165039e-03
-1.637250185012817383e-03
-1.637473702430725098e-03
-1.637756824493408203e-03
-1.638278365135192871e-03
-1.638531684875488281e-03
-1.638785004615783691e-03
-1.639015972614288330e-03
-1.639217138290405273e-03
-1.639470458030700684e-03
-1.639619469642639160e-03
-1.639828085899353027e-03
-1.640044152736663818e-03
-1.640245318412780762e-03
-1.640334725379943848e-03
-1.640662550926208496e-03
-1.640990376472473145e-03
-1.641057431697845459e-03
-1.641377806663513184e-03
-1.641355454921722412e-03
-1.641511917114257812e-03
-1.641541719436645508e-03
-1.641564071178436279e-03
-1.641720533370971680e-03
-1.641683280467987061e-03
-1.641757786273956299e-03
-1.641765236854553223e-03
-1.641809940338134766e-03
-1.641824841499328613e-03
-1.641750335693359375e-03
-1.641750335693359375e-03
-1.641638576984405518e-03
-1.641571521759033203e-03
-1.641653478145599365e-03
-1.641452312469482422e-03
-1.641355454921722412e-03
-1.641325652599334717e-03
-1.641146838665008545e-03
-1.641035079956054688e-03
-1.640930771827697754e-03
-1.640737056732177734e-03
-1.640677452087402344e-03
-1.640275120735168457e-03
-1.640133559703826904e-03
-1.639954745769500732e-03
-1.639723777770996094e-03
-1.639306545257568359e-03
-1.639023423194885254e-03
-1.638785004615783691e-03
-1.638516783714294434e-03
-1.638032495975494385e-03
-1.637727022171020508e-03
-1.637354493141174316e-03
-1.637093722820281982e-03
-1.636430621147155762e-03
-1.635760068893432617e-03
-1.635327935218811035e-03
-1.635029911994934082e-03
-1.634635031223297119e-03
-1.634210348129272461e-03
-1.633770763874053955e-03
-1.633346080780029297e-03
-1.632988452911376953e-03
-1.632504165172576904e-03
-1.631081104278564453e-03
-1.630596816539764404e-03
-1.630082726478576660e-03
-1.629598438739776611e-03
-1.627907156944274902e-03
-1.627370715141296387e-03
-1.626774668693542480e-03
-1.625545322895050049e-03
-1.624926924705505371e-03
-1.624360680580139160e-03
-1.623757183551788330e-03
-1.623056828975677490e-03
-1.622378826141357422e-03
-1.621052622795104980e-03
-1.619607210159301758e-03
-1.618951559066772461e-03
-1.618206501007080078e-03
-1.617386937141418457e-03
-1.616649329662322998e-03
-1.615852117538452148e-03
-1.615151762962341309e-03
-1.614332199096679688e-03
-1.613512635231018066e-03
-1.612745225429534912e-03
-1.611858606338500977e-03
-1.610912382602691650e-03
-1.610115170478820801e-03
-1.609258353710174561e-03
-1.608401536941528320e-03
-1.607447862625122070e-03
-1.606576144695281982e-03
-1.605644822120666504e-03
-1.604653894901275635e-03
-1.603767275810241699e-03
-1.602776348590850830e-03
-1.601830124855041504e-03
-1.600816845893859863e-03
-1.599818468093872070e-03
-1.598864793777465820e-03
-1.595757901668548584e-03
-1.594617962837219238e-03
-1.593530178070068359e-03
-1.592382788658142090e-03
