-9.961268901824951172e-01
-8.867673873901367188e-01
-8.530290126800537109e-01
-8.206164836883544922e-01
-7.894799709320068359e-01
-7.595608234405517578e-01
-7.031377553939819336e-01
-6.765215992927551270e-01
-6.509031057357788086e-01
-6.262394189834594727e-01
-6.024934053421020508e-01
-5.576235055923461914e-01
-5.364415645599365234e-01
-5.160589218139648438e-01
-4.964494705200195312e-01
-4.775881469249725342e-01
-4.594492614269256592e-01
-4.420074224472045898e-01
-4.252373278141021729e-01
-4.091140925884246826e-01
-3.936123251914978027e-01
-3.787080347537994385e-01
-3.643770813941955566e-01
-3.373430073261260986e-01
-3.245960474014282227e-01
-2.891885042190551758e-01
-2.782675325870513916e-01
-2.576441764831542969e-01
-2.479099333286285400e-01
-2.385408133268356323e-01
-2.295227795839309692e-01
-2.208424359560012817e-01
-2.124869674444198608e-01
-2.044444680213928223e-01
-1.967029720544815063e-01
-1.892516613006591797e-01
-1.820796579122543335e-01
-1.685333549976348877e-01
-1.621396839618682861e-01
-1.559868156909942627e-01
-1.500658988952636719e-01
-1.443686783313751221e-01
-1.388868093490600586e-01
-1.336127072572708130e-01
-1.285385489463806152e-01
-1.144448295235633850e-01
-1.101003512740135193e-01
-1.059219390153884888e-01
-1.019033119082450867e-01
-9.432224184274673462e-02
-9.074847400188446045e-02
-8.731215447187423706e-02
-8.400786668062210083e-02
-7.777647674083709717e-02
-7.483983039855957031e-02
-7.201656699180603027e-02
-6.930224597454071045e-02
-6.669282913208007812e-02
-6.418434530496597290e-02
-6.177277863025665283e-02
-5.945445597171783447e-02
-5.722592025995254517e-02
-5.302408337593078613e-02
-4.914088547229766846e-02
-4.731125384569168091e-02
-4.555235058069229126e-02
-4.386144131422042847e-02
-4.223572462797164917e-02
-4.067280888557434082e-02
-3.917014598846435547e-02
-3.633623570203781128e-02
-3.500056266784667969e-02
-3.371623158454895020e-02
-3.248120844364166260e-02
-3.129343688488006592e-02
-3.015128336846828461e-02
-2.905279211699962616e-02
-2.799622528254985809e-02
-2.698007039725780487e-02
-2.600253187119960785e-02
-2.506217174232006073e-02
-2.328707836568355560e-02
-2.244967035949230194e-02
-2.164384536445140839e-02
-2.012233249843120575e-02
-1.871286146342754364e-02
-1.804742775857448578e-02
-1.740691624581813812e-02
-1.679032854735851288e-02
-1.562481187283992767e-02
-1.507430337369441986e-02
-1.454426907002925873e-02
-1.403362862765789032e-02
-1.354186050593852997e-02
-1.306817494332790375e-02
-1.261180453002452850e-02
-1.217213831841945648e-02
-1.174861006438732147e-02
-1.134031079709529877e-02
-1.094705425202846527e-02
-1.056792400777339935e-02
-1.020268164575099945e-02
-9.510939940810203552e-03
-9.183852002024650574e-03
-8.868305012583732605e-03
-8.564291521906852722e-03
-8.270857855677604675e-03
-7.988212630152702332e-03
-7.715469226241111755e-03
-7.452500984072685242e-03
-7.198875769972801208e-03
-6.954280659556388855e-03
-6.718343123793601990e-03
-6.490787491202354431e-03
-6.271330639719963074e-03
-6.059629842638969421e-03
-5.855387076735496521e-03
-5.658274516463279724e-03
-5.468202754855155945e-03
-5.284754559397697449e-03
-4.772452637553215027e-03
-4.312319681048393250e-03
-4.169641062617301941e-03
-4.031939432024955750e-03
-3.899348899722099304e-03
-3.771213814616203308e-03
-3.647705540060997009e-03
-3.528518602252006531e-03
-3.413593396544456482e-03
-3.302691504359245300e-03
-3.195716068148612976e-03
-3.092540428042411804e-03
-2.993253991007804871e-03
-2.897350117564201355e-03
-2.804910764098167419e-03
-2.715868875384330750e-03
-2.629948779940605164e-03
-2.547247335314750671e-03
-2.467526122927665710e-03
-2.390636131167411804e-03
-2.316555008292198181e-03
-2.245364710688591003e-03
-2.176595851778984070e-03
-2.110561355948448181e-03
-2.046925947070121765e-03
-1.985697075724601746e-03
-1.926718279719352722e-03
-1.870078966021537781e-03
-1.815518364310264587e-03
-1.763192936778068542e-03
-1.664398238062858582e-03
-1.617817208170890808e-03
-1.573188230395317078e-03
-1.530213281512260437e-03
-1.489205285906791687e-03
-1.449642702937126160e-03
-1.411763951182365417e-03
-1.375583931803703308e-03
-1.340730115771293640e-03
-1.307396218180656433e-03
-1.275626942515373230e-03
-1.245064660906791687e-03
-1.215977594256401062e-03
-1.188067719340324402e-03
-1.136092469096183777e-03
-1.111967489123344421e-03
-1.088945195078849792e-03
-1.066980883479118347e-03
-1.046089455485343933e-03
-1.007376238703727722e-03
-9.894799441099166870e-04
-9.724777191877365112e-04
-9.413491934537887573e-04
-9.135883301496505737e-04
-9.008329361677169800e-04
-8.888971060514450073e-04
-8.777063339948654175e-04
-8.672159165143966675e-04
-8.574109524488449097e-04
-8.483659476041793823e-04
-8.398573845624923706e-04
-8.319597691297531128e-04
-8.247625082731246948e-04
-8.181761950254440308e-04
-8.015017956495285034e-04
-7.968824356794357300e-04
-7.929187268018722534e-04
-7.893573492765426636e-04
-7.862728089094161987e-04
-7.835011929273605347e-04
-7.812213152647018433e-04
-7.794629782438278198e-04
-7.779281586408615112e-04
-7.767807692289352417e-04
-7.760953158140182495e-04
-7.756184786558151245e-04
-7.756035774946212769e-04
-7.758866995573043823e-04
-7.772576063871383667e-04
-7.783006876707077026e-04
-7.796417921781539917e-04
-7.813405245542526245e-04
-7.831882685422897339e-04
-7.852297276258468628e-04
-7.876288145780563354e-04
-7.901471108198165894e-04
-7.989984005689620972e-04
-8.022766560316085815e-04
-8.056145161390304565e-04
-8.091609925031661987e-04
-8.128713816404342651e-04
-8.167307823896408081e-04
-8.249264210462570190e-04
-8.334200829267501831e-04
-8.378457278013229370e-04
-8.517336100339889526e-04
-8.612554520368576050e-04
-8.660536259412765503e-04
-8.710306137800216675e-04
-8.759777992963790894e-04
-8.809398859739303589e-04
-8.910875767469406128e-04
-8.961539715528488159e-04
-9.063761681318283081e-04
-9.116064757108688354e-04
-9.218286722898483276e-04
-9.269099682569503784e-04
-9.372364729642868042e-04
-9.475182741880416870e-04
-9.527485817670822144e-04
-9.577255696058273315e-04
-9.627621620893478394e-04
-9.678583592176437378e-04
-9.727757424116134644e-04
-9.826105087995529175e-04
-9.875576943159103394e-04
-9.923856705427169800e-04
-1.001922413706779480e-03
-1.006571575999259949e-03
-1.011220738291740417e-03
-1.015795394778251648e-03
-1.020310446619987488e-03
-1.024825498461723328e-03
-1.029340550303459167e-03
-1.033661887049674988e-03
-1.037893816828727722e-03
-1.042110845446586609e-03
-1.054449006915092468e-03
-1.058397814631462097e-03
-1.069931313395500183e-03
-1.073626801371574402e-03
-1.077292487025260925e-03
-1.080734655261039734e-03
-1.084221526980400085e-03
-1.087604090571403503e-03
-1.094220206141471863e-03
-1.100344583392143250e-03
-1.106349751353263855e-03
-1.112071797251701355e-03
-1.114813610911369324e-03
-1.117287203669548035e-03
-1.119850203394889832e-03
-1.122413203120231628e-03
-1.124752685427665710e-03
-1.131368800997734070e-03
-1.133499667048454285e-03
-1.135377213358879089e-03
-1.137373968958854675e-03
-1.139132305979728699e-03
-1.140965148806571960e-03
-1.142574474215507507e-03
-1.144273206591606140e-03
-1.145808026194572449e-03
-1.150039955973625183e-03
-1.151142641901969910e-03
-1.152364537119865417e-03
-1.153392717242240906e-03
-1.154391095042228699e-03
-1.155344769358634949e-03
-1.156134530901908875e-03
-1.157013699412345886e-03
-1.157728955149650574e-03
-1.158399507403373718e-03
-1.158935949206352234e-03
-1.159479841589927673e-03
-1.159949228167533875e-03
-1.160321757197380066e-03
-1.160642132163047791e-03
-1.160888001322746277e-03
-1.160992309451103210e-03
-1.161171123385429382e-03
-1.161267980933189392e-03
-1.161320134997367859e-03
-1.161171123385429382e-03
-1.160925254225730896e-03
-1.160880550742149353e-03
-1.160619780421257019e-03
-1.160306856036186218e-03
-1.159852370619773865e-03
-1.159479841589927673e-03
-1.159040257334709167e-03
-1.158466562628746033e-03
-1.157974824309349060e-03
-1.156514510512351990e-03
-1.155136153101921082e-03
-1.154331490397453308e-03
-1.152349635958671570e-03
-1.151403412222862244e-03
-1.150285825133323669e-03
-1.149250194430351257e-03
-1.148058101534843445e-03
-1.147022470831871033e-03
-1.145711168646812439e-03
-1.144578680396080017e-03
-1.143185421824455261e-03
-1.141836866736412048e-03
-1.140592619776725769e-03
-1.139072701334953308e-03
-1.136211678385734558e-03
-1.134751364588737488e-03
-1.133082434535026550e-03
-1.131525263190269470e-03
-1.129915937781333923e-03
-1.126622781157493591e-03
-1.124856993556022644e-03
-1.123121008276939392e-03
-1.121385022997856140e-03
-1.119552180171012878e-03
-1.117868348956108093e-03
-1.115864142775535583e-03
-1.113964244723320007e-03
-1.110313460230827332e-03
-1.108286902308464050e-03
-1.106275245547294617e-03
-1.104263588786125183e-03
-1.102386042475700378e-03
-1.100262627005577087e-03
-1.094093546271324158e-03
-1.091999933123588562e-03
-1.087768003344535828e-03
-1.085614785552024841e-03
-1.083536073565483093e-03
-1.081308349967002869e-03
-1.079170033335685730e-03
-1.072680577635765076e-03
-1.070460304617881775e-03
-1.065967604517936707e-03
-1.063762232661247253e-03
-1.061556860804557800e-03
-1.059336587786674500e-03
-1.057012006640434265e-03
-1.052519306540489197e-03
-1.050366088747978210e-03
-1.048108562827110291e-03
-1.045858487486839294e-03
-1.043608412146568298e-03
-1.041313633322715759e-03
-1.039145514369010925e-03
-1.036887988448143005e-03
-1.034630462527275085e-03
-1.030078157782554626e-03
-1.027917489409446716e-03
-1.025756821036338806e-03
-1.023536548018455505e-03
-1.021308824419975281e-03
-1.019125804305076599e-03
-1.016890630125999451e-03
-1.014774665236473083e-03
-1.012576743960380554e-03
-1.010311767458915710e-03
-1.008307561278343201e-03
-1.006079837679862976e-03
-1.003948971629142761e-03
-1.001892611384391785e-03
-9.976308792829513550e-04
-9.956192225217819214e-04
-9.934138506650924683e-04
-9.872745722532272339e-04
-9.853076189756393433e-04
-9.833257645368576050e-04
-9.814184159040451050e-04
-9.774100035429000854e-04
-9.755399078130722046e-04
-9.735953062772750854e-04
-9.717401117086410522e-04
-9.679775685071945190e-04
-9.659882634878158569e-04
-9.642597287893295288e-04
-9.624864906072616577e-04
-9.605567902326583862e-04
-9.588878601789474487e-04
-9.572412818670272827e-04
-9.555350989103317261e-04
-9.521152824163436890e-04
-9.504463523626327515e-04
-9.489040821790695190e-04
-9.471531957387924194e-04
-9.456705302000045776e-04
-9.410139173269271851e-04
-9.395983070135116577e-04
-9.339209645986557007e-04
-9.312089532613754272e-04
-9.298752993345260620e-04
-9.285639971494674683e-04
-9.274240583181381226e-04
-9.260606020689010620e-04
-9.248238056898117065e-04
-9.225215762853622437e-04
-9.203832596540451050e-04
-9.193029254674911499e-04
-9.182970970869064331e-04
-9.173061698675155640e-04
-9.162630885839462280e-04
-9.134840220212936401e-04
-9.118225425481796265e-04
-9.102132171392440796e-04
-9.094607084989547729e-04
-9.087976068258285522e-04
-9.081196039915084839e-04
-9.074788540601730347e-04
-9.060855954885482788e-04
-9.055566042661666870e-04
-9.050350636243820190e-04
-9.045507758855819702e-04
-9.041633456945419312e-04
-9.036194533109664917e-04
-9.027924388647079468e-04
-9.021442383527755737e-04
-9.013023227453231812e-04
-9.011086076498031616e-04
-9.008180350065231323e-04
-9.007062762975692749e-04
-9.005200117826461792e-04
-9.005945175886154175e-04
-9.005423635244369507e-04
-9.006988257169723511e-04
-9.007882326841354370e-04
-9.007435292005538940e-04
-9.009744971990585327e-04
-9.011309593915939331e-04
-9.015034884214401245e-04
-9.017270058393478394e-04
-9.019728749990463257e-04
-9.023454040288925171e-04
-9.027775377035140991e-04
-9.031426161527633667e-04
-9.036045521497726440e-04
-9.044911712408065796e-04
-9.049158543348312378e-04
-9.053628891706466675e-04
-9.060334414243698120e-04
-9.065400809049606323e-04
-9.071808308362960815e-04
-9.078439325094223022e-04
-9.085293859243392944e-04
-9.091701358556747437e-04
-9.099896997213363647e-04
-9.123813360929489136e-04
-9.131636470556259155e-04
-9.139981120824813843e-04
-9.150188416242599487e-04
-9.158905595541000366e-04
-9.168367832899093628e-04
-9.179171174764633179e-04
-9.189900010824203491e-04
-9.210538119077682495e-04
-9.233411401510238647e-04
-9.244661778211593628e-04
-9.257402271032333374e-04
-9.269621223211288452e-04
-9.280946105718612671e-04
-9.293984621763229370e-04
-9.307395666837692261e-04
-9.320210665464401245e-04
-9.348448365926742554e-04
-9.362157434225082397e-04
-9.375941008329391479e-04
-9.391289204359054565e-04
-9.420868009328842163e-04
-9.436067193746566772e-04
-9.452980011701583862e-04
-9.467881172895431519e-04
-9.484346956014633179e-04
-9.501110762357711792e-04
-9.516831487417221069e-04
-9.534936398267745972e-04
-9.569209069013595581e-04
-9.587388485670089722e-04
-9.605567902326583862e-04
-9.642150253057479858e-04
-9.660031646490097046e-04
-9.679328650236129761e-04
-9.698476642370223999e-04
-9.737294167280197144e-04
-9.757932275533676147e-04
-9.776409715414047241e-04
-9.796898812055587769e-04
-9.817089885473251343e-04
-9.838845580816268921e-04
-9.902324527502059937e-04
-9.923484176397323608e-04
-9.945165365934371948e-04
-1.003479585051536560e-03
-1.005781814455986023e-03
-1.010319218039512634e-03
-1.012681052088737488e-03
-1.015027984976768494e-03
-1.017352566123008728e-03
-1.019766554236412048e-03
-1.029541715979576111e-03
-1.032134518027305603e-03
-1.034570857882499695e-03
-1.039629802107810974e-03
-1.044748350977897644e-03
-1.047356054186820984e-03
-1.049911603331565857e-03
-1.055141910910606384e-03
-1.060498878359794617e-03
-1.065893098711967468e-03
-1.068575307726860046e-03
-1.071294769644737244e-03
-1.074088737368583679e-03
-1.076778396964073181e-03
-1.082336530089378357e-03
-1.085123047232627869e-03
-1.090755686163902283e-03
-1.099271699786186218e-03
-1.107944175601005554e-03
-1.110820099711418152e-03
-1.113785430788993835e-03
-1.116609200835227966e-03
-1.119552180171012878e-03
-1.125512644648551941e-03
-1.128455623984336853e-03
-1.131383702158927917e-03
-1.134490594267845154e-03
-1.137366518378257751e-03
-1.140398904681205750e-03
-1.143394038081169128e-03
-1.146471127867698669e-03
-1.149488613009452820e-03
-1.155463978648185730e-03
-1.158541068434715271e-03
-1.161640509963035583e-03
-1.164687797427177429e-03
-1.167675480246543884e-03
-1.170856878161430359e-03
-1.173933967947959900e-03
-1.176944002509117126e-03
-1.180043444037437439e-03
-1.183232292532920837e-03
-1.186212524771690369e-03
-1.192552968859672546e-03
-1.198722049593925476e-03
-1.201806589961051941e-03
-1.204973086714744568e-03
-1.211298629641532898e-03
-1.214442774653434753e-03
-1.217490062117576599e-03
-1.220664009451866150e-03
-1.223823055624961853e-03
-1.226967200636863708e-03
-1.230238005518913269e-03
-1.233240589499473572e-03
-1.236481592059135437e-03
-1.239662989974021912e-03
-1.242732629179954529e-03
-1.245928928256034851e-03
-1.252247020602226257e-03
-1.255398616194725037e-03
-1.258572563529014587e-03
-1.261716708540916443e-03
-1.264823600649833679e-03
-1.268019899725914001e-03
-1.271171495318412781e-03
-1.286944374442100525e-03
-1.290028914809226990e-03
-1.293262466788291931e-03
-1.296279951930046082e-03
-1.299491152167320251e-03
-1.302650198340415955e-03
-1.305719837546348572e-03
-1.308886334300041199e-03
-1.311911270022392273e-03
-1.315062865614891052e-03
-1.321321353316307068e-03
-1.324435696005821228e-03
-1.327557489275932312e-03
-1.333704218268394470e-03
-1.336788758635520935e-03
-1.342920586466789246e-03
-1.349082216620445251e-03
-1.352047547698020935e-03
-1.355146989226341248e-03
-1.358089968562126160e-03
-1.361114904284477234e-03
-1.364221796393394470e-03
-1.370256766676902771e-03
-1.373199746012687683e-03
-1.382125541567802429e-03
-1.385090872645378113e-03
-1.388026401400566101e-03
-1.390947028994560242e-03
-1.393800601363182068e-03
-1.396825537085533142e-03
-1.399694010615348816e-03
-1.408359035849571228e-03
-1.411130651831626892e-03
-1.413961872458457947e-03
-1.416860148310661316e-03
-1.422448083758354187e-03
-1.425301656126976013e-03
-1.428006216883659363e-03
-1.430829986929893494e-03
-1.433743163943290710e-03
-1.436335965991020203e-03
-1.439062878489494324e-03
-1.441797241568565369e-03
-1.444457098841667175e-03
-1.447213813662528992e-03
-1.449918374419212341e-03
-1.452600583434104919e-03
-1.455185934901237488e-03
-1.463031396269798279e-03
-1.465639099478721619e-03
-1.468261703848838806e-03
-1.470720395445823669e-03
-1.473275944590568542e-03
-1.475809141993522644e-03
-1.478290185332298279e-03
-1.480801030993461609e-03
-1.483319327235221863e-03
-1.485770568251609802e-03
-1.488214358687400818e-03
-1.493019983172416687e-03
-1.495411619544029236e-03
-1.500038430094718933e-03
-1.502452418208122253e-03
-1.504724845290184021e-03
-1.509239897131919861e-03
-1.511519774794578552e-03
-1.513799652457237244e-03
-1.518173143267631531e-03
-1.520408317446708679e-03
-1.526726409792900085e-03
-1.528842374682426453e-03
-1.531047746539115906e-03
-1.533007249236106873e-03
-1.535033807158470154e-03
-1.537052914500236511e-03
-1.540957018733024597e-03
-1.542991027235984802e-03
-1.544898375868797302e-03
-1.546828076243400574e-03
-1.548564061522483826e-03
-1.555917784571647644e-03
-1.557713374495506287e-03
-1.559494063258171082e-03
-1.561148092150688171e-03
-1.562809571623802185e-03
-1.564403995871543884e-03
-1.566132530570030212e-03
-1.569336280226707458e-03
-1.570938155055046082e-03
-1.572376117110252380e-03
-1.573881134390830994e-03
-1.575423404574394226e-03
-1.577010378241539001e-03
-1.578314229846000671e-03
-1.579729840159416199e-03
-1.581205055117607117e-03
-1.583894714713096619e-03
-1.585124060511589050e-03
-1.590138301253318787e-03
-1.591360196471214294e-03
-1.593699678778648376e-03
-1.594735309481620789e-03
-1.595785841345787048e-03
-1.596843823790550232e-03
-1.597834751009941101e-03
-1.598818227648735046e-03
-1.599757000803947449e-03
-1.600651070475578308e-03
-1.601470634341239929e-03
-1.602409407496452332e-03
-1.603206619620323181e-03
-1.604048535227775574e-03
-1.604868099093437195e-03
-1.605575904250144958e-03
-1.606343314051628113e-03
-1.606991514563560486e-03
-1.607706770300865173e-03
-1.608362421393394470e-03
-1.608883962035179138e-03
-1.609494909644126892e-03
-1.609986647963523865e-03
-1.611014828085899353e-03
-1.611476764082908630e-03
-1.612236723303794861e-03
-1.612624153494834900e-03
-1.612884923815727234e-03
-1.613168045878410339e-03
-1.613503322005271912e-03
-1.613689586520195007e-03
-1.613965258002281189e-03
-1.614039763808250427e-03
-1.614270731806755066e-03
-1.614412292838096619e-03
-1.614307984709739685e-03
-1.614255830645561218e-03
-1.614144071936607361e-03
-1.613913103938102722e-03
-1.613682135939598083e-03
-1.612795516848564148e-03
-1.612564548850059509e-03
-1.612214371562004089e-03
-1.611737534403800964e-03
-1.610746607184410095e-03
-1.610344275832176208e-03
-1.609159633517265320e-03
-1.608563587069511414e-03
-1.607267186045646667e-03
-1.606477424502372742e-03
-1.605702564120292664e-03
-1.604905351996421814e-03
-1.603243872523307800e-03
-1.602372154593467712e-03
-1.601388677954673767e-03
-1.600435003638267517e-03
-1.599451526999473572e-03
-1.598348841071128845e-03
-1.597350463271141052e-03
-1.595025882124900818e-03
-1.592582091689109802e-03
-1.591315492987632751e-03
-1.589966937899589539e-03
-1.587314531207084656e-03
-1.585816964507102966e-03
-1.584401354193687439e-03
-1.582963392138481140e-03
-1.581480726599693298e-03
-1.578269526362419128e-03
-1.574864611029624939e-03
-1.573143526911735535e-03
-1.569529995322227478e-03
-1.563964411616325378e-03
-1.561982557177543640e-03
-1.560015603899955750e-03
-1.558011397719383240e-03
-1.555977389216423035e-03
-1.553742215037345886e-03
-1.551700755953788757e-03
-1.549450680613517761e-03
-1.544943079352378845e-03
-1.542678102850914001e-03
-1.540264114737510681e-03
-1.537872478365898132e-03
-1.532992348074913025e-03
-1.530481502413749695e-03
-1.527911052107810974e-03
-1.525318250060081482e-03
-1.522725448012351990e-03
-1.519983634352684021e-03
-1.514492556452751160e-03
-1.511758193373680115e-03
-1.508934423327445984e-03
-1.506028696894645691e-03
-1.503078266978263855e-03
-1.500120386481285095e-03
-1.497199758887290955e-03
-1.494115218520164490e-03
-1.490911468863487244e-03
-1.484734937548637390e-03
-1.481501385569572449e-03
-1.474989578127861023e-03
-1.471599563956260681e-03
-1.464812085032463074e-03
-1.461317762732505798e-03
-1.454269513487815857e-03
-1.450663432478904724e-03
-1.447184011340141296e-03
-1.443436369299888611e-03
-1.439599320292472839e-03
-1.435851678252220154e-03
-1.432118937373161316e-03
-1.428252086043357849e-03
-1.424310728907585144e-03
-1.420369371771812439e-03
-1.412419602274894714e-03
-1.408351585268974304e-03
-1.404223963618278503e-03
-1.400088891386985779e-03
-1.391684636473655701e-03
-1.387348398566246033e-03
-1.383064314723014832e-03
-1.378668472170829773e-03
-1.374198123812675476e-03
-1.369779929518699646e-03
-1.360705122351646423e-03
-1.356197521090507507e-03
-1.351421698927879333e-03
-1.346787437796592712e-03
-1.342041417956352234e-03
-1.332482323050498962e-03
-1.327646896243095398e-03
-1.322692260146141052e-03
-1.317759975790977478e-03
-1.312857493758201599e-03
-1.307731494307518005e-03
-1.297501847147941589e-03
-1.292383298277854919e-03
-1.287130638957023621e-03
-1.271260902285575867e-03
-1.254921779036521912e-03
-1.249393448233604431e-03
-1.243768259882926941e-03
-1.238195225596427917e-03
-1.221021637320518494e-03
-1.215262338519096375e-03
-1.209361478686332703e-03
