-9.972373247146606445e-01
-9.059036970138549805e-01
-8.710927367210388184e-01
-8.337228298187255859e-01
-7.939003705978393555e-01
-7.520276904106140137e-01
-6.650851964950561523e-01
-6.218898296356201172e-01
-5.801258683204650879e-01
-5.405384302139282227e-01
-5.036322474479675293e-01
-4.386643171310424805e-01
-4.105201363563537598e-01
-3.850084245204925537e-01
-3.618602156639099121e-01
-3.407964706420898438e-01
-3.215501606464385986e-01
-3.038811087608337402e-01
-2.875801324844360352e-01
-2.724686264991760254e-01
-2.583994269371032715e-01
-2.452491521835327148e-01
-2.329163253307342529e-01
-2.103850394487380981e-01
-2.000604271888732910e-01
-1.722902059555053711e-01
-1.639835238456726074e-01
-1.486261636018753052e-01
-1.415295451879501343e-01
-1.347937136888504028e-01
-1.284001618623733521e-01
-1.223314255475997925e-01
-1.165712326765060425e-01
-1.111046522855758667e-01
-1.059164255857467651e-01
-1.009934991598129272e-01
-9.632219374179840088e-02
-8.768576383590698242e-02
-8.369667828083038330e-02
-7.991307973861694336e-02
-7.632341980934143066e-02
-7.291860878467559814e-02
-6.968851387500762939e-02
-6.662438809871673584e-02
-6.371729075908660889e-02
-5.585816875100135803e-02
-5.350090190768241882e-02
-5.126314982771873474e-02
-4.913845285773277283e-02
-4.520447924733161926e-02
-4.338377341628074646e-02
-4.165325686335563660e-02
-4.000869020819664001e-02
-3.695719316601753235e-02
-3.554211184382438660e-02
-3.419494256377220154e-02
-3.291253373026847839e-02
-3.169102594256401062e-02
-3.052743524312973022e-02
-2.941815555095672607e-02
-2.836029976606369019e-02
-2.735123783349990845e-02
-2.546922490000724792e-02
-2.375229075551033020e-02
-2.295023947954177856e-02
-2.218322083353996277e-02
-2.144929021596908569e-02
-2.074692025780677795e-02
-2.007393538951873779e-02
-1.942948997020721436e-02
-1.821922883391380310e-02
-1.765101775527000427e-02
-1.710532978177070618e-02
-1.658175140619277954e-02
-1.607849821448326111e-02
-1.559487730264663696e-02
-1.512998715043067932e-02
-1.468283310532569885e-02
-1.425270736217498779e-02
-1.383851841092109680e-02
-1.343991234898567200e-02
-1.268534734845161438e-02
-1.232852414250373840e-02
-1.198432222008705139e-02
-1.133194193243980408e-02
-1.072398945689201355e-02
-1.043559983372688293e-02
-1.015700399875640869e-02
-9.887639433145523071e-03
-9.375516325235366821e-03
-9.131934493780136108e-03
-8.896451443433761597e-03
-8.668616414070129395e-03
-8.448008447885513306e-03
-8.234504610300064087e-03
-8.027717471122741699e-03
-7.827591150999069214e-03
-7.633704692125320435e-03
-7.445920258760452271e-03
-7.263973355293273926e-03
-7.087614387273788452e-03
-6.916832178831100464e-03
-6.590843200683593750e-03
-6.435122340917587280e-03
-6.284378468990325928e-03
-6.138022989034652710e-03
-5.996383726596832275e-03
-5.858797580003738403e-03
-5.725406110286712646e-03
-5.595933645963668823e-03
-5.470428615808486938e-03
-5.348820239305496216e-03
-5.230661481618881226e-03
-5.116198211908340454e-03
-5.005009472370147705e-03
-4.897300153970718384e-03
-4.792708903551101685e-03
-4.691135138273239136e-03
-4.592910408973693848e-03
-4.497323185205459595e-03
-4.227552562952041626e-03
-3.981251269578933716e-03
-3.903813660144805908e-03
-3.828920423984527588e-03
-3.756165504455566406e-03
-3.685642033815383911e-03
-3.617141395807266235e-03
-3.550827503204345703e-03
-3.486331552267074585e-03
-3.423850983381271362e-03
-3.363255411386489868e-03
-3.304529935121536255e-03
-3.247335553169250488e-03
-3.192063421010971069e-03
-3.138467669486999512e-03
-3.086455166339874268e-03
-3.036063164472579956e-03
-2.987094223499298096e-03
-2.939503639936447144e-03
-2.893548458814620972e-03
-2.849061042070388794e-03
-2.805687487125396729e-03
-2.763580530881881714e-03
-2.722945064306259155e-03
-2.683568745851516724e-03
-2.645451575517654419e-03
-2.608168870210647583e-03
-2.572204917669296265e-03
-2.537447959184646606e-03
-2.503667026758193970e-03
-2.439327538013458252e-03
-2.408493310213088989e-03
-2.378698438405990601e-03
-2.349894493818283081e-03
-2.321850508451461792e-03
-2.294722944498062134e-03
-2.268325537443161011e-03
-2.242881804704666138e-03
-2.218369394540786743e-03
-2.194326370954513550e-03
-2.171125262975692749e-03
-2.148747444152832031e-03
-2.126853913068771362e-03
-2.105865627527236938e-03
-2.065751701593399048e-03
-2.046499401330947876e-03
-2.028044313192367554e-03
-2.009924501180648804e-03
-1.992654055356979370e-03
-1.959420740604400635e-03
-1.943502575159072876e-03
-1.928191632032394409e-03
-1.898873597383499146e-03
-1.871529966592788696e-03
-1.858416944742202759e-03
-1.845747232437133789e-03
-1.833435148000717163e-03
-1.821607351303100586e-03
-1.809995621442794800e-03
-1.798983663320541382e-03
-1.788150519132614136e-03
-1.777660101652145386e-03
-1.767642796039581299e-03
-1.757837831974029541e-03
-1.730132848024368286e-03
-1.721549779176712036e-03
-1.713234931230545044e-03
-1.705061644315719604e-03
-1.697171479463577271e-03
-1.689609140157699585e-03
-1.682341098785400391e-03
-1.675102859735488892e-03
-1.668270677328109741e-03
-1.661498099565505981e-03
-1.655202358961105347e-03
-1.648675650358200073e-03
-1.642730087041854858e-03
-1.636806875467300415e-03
-1.625560224056243896e-03
-1.620084047317504883e-03
-1.614961773157119751e-03
-1.609813421964645386e-03
-1.604948192834854126e-03
-1.600153744220733643e-03
-1.595485955476760864e-03
-1.591008156538009644e-03
-1.578457653522491455e-03
-1.574564725160598755e-03
-1.570656895637512207e-03
-1.566849648952484131e-03
-1.563258469104766846e-03
-1.559726893901824951e-03
-1.552868634462356567e-03
-1.546695828437805176e-03
-1.543495804071426392e-03
-1.534987241029739380e-03
-1.529563218355178833e-03
-1.527052372694015503e-03
-1.524437218904495239e-03
-1.521881669759750366e-03
-1.519691199064254761e-03
-1.515019685029983521e-03
-1.512870192527770996e-03
-1.508619636297225952e-03
-1.506559550762176514e-03
-1.502428203821182251e-03
-1.500640064477920532e-03
-1.496985554695129395e-03
-1.493323594331741333e-03
-1.491557806730270386e-03
-1.490022987127304077e-03
-1.488242298364639282e-03
-1.486629247665405273e-03
-1.485075801610946655e-03
-1.482080668210983276e-03
-1.480426639318466187e-03
-1.479055732488632202e-03
-1.476269215345382690e-03
-1.474883407354354858e-03
-1.473445445299148560e-03
-1.471955329179763794e-03
-1.470804214477539062e-03
-1.469437032938003540e-03
-1.468110829591751099e-03
-1.466587185859680176e-03
-1.465614885091781616e-03
-1.464143395423889160e-03
-1.460693776607513428e-03
-1.459386199712753296e-03
-1.455951482057571411e-03
-1.454699784517288208e-03
-1.453656703233718872e-03
-1.452431082725524902e-03
-1.451309770345687866e-03
-1.450099050998687744e-03
-1.447968184947967529e-03
-1.445610076189041138e-03
-1.443516463041305542e-03
-1.441404223442077637e-03
-1.440349966287612915e-03
-1.439340412616729736e-03
-1.438207924365997314e-03
-1.437041908502578735e-03
-1.436058431863784790e-03
-1.432988792657852173e-03
-1.431919634342193604e-03
-1.430843025445938110e-03
-1.429855823516845703e-03
-1.428909599781036377e-03
-1.427933573722839355e-03
-1.426931470632553101e-03
-1.425638794898986816e-03
-1.424707472324371338e-03
-1.421589404344558716e-03
-1.420486718416213989e-03
-1.419465988874435425e-03
-1.418475061655044556e-03
-1.417305320501327515e-03
-1.416303217411041260e-03
-1.415304839611053467e-03
-1.414339989423751831e-03
-1.413252204656600952e-03
-1.412190496921539307e-03
-1.410994678735733032e-03
-1.410227268934249878e-03
-1.409053802490234375e-03
-1.408081501722335815e-03
-1.406919211149215698e-03
-1.405738294124603271e-03
-1.404806971549987793e-03
-1.403782516717910767e-03
-1.402650028467178345e-03
-1.401785761117935181e-03
-1.400515437126159668e-03
-1.399453729391098022e-03
-1.398500055074691772e-03
-1.397494226694107056e-03
-1.396253705024719238e-03
-1.395221799612045288e-03
-1.394171267747879028e-03
-1.393120735883712769e-03
-1.392107456922531128e-03
-1.390933990478515625e-03
-1.388773322105407715e-03
-1.386683434247970581e-03
-1.385703682899475098e-03
-1.383353024721145630e-03
-1.382187008857727051e-03
-1.381084322929382324e-03
-1.379970461130142212e-03
-1.379027962684631348e-03
-1.377817243337631226e-03
-1.376748085021972656e-03
-1.375745981931686401e-03
-1.374628394842147827e-03
-1.373440027236938477e-03
-1.372363418340682983e-03
-1.371294260025024414e-03
-1.368973404169082642e-03
-1.368064433336257935e-03
-1.366771757602691650e-03
-1.365780830383300781e-03
-1.364573836326599121e-03
-1.362312585115432739e-03
-1.361191272735595703e-03
-1.360170543193817139e-03
-1.359093934297561646e-03
-1.357827335596084595e-03
-1.356597989797592163e-03
-1.355573534965515137e-03
-1.354433596134185791e-03
-1.352280378341674805e-03
-1.351177692413330078e-03
-1.349948346614837646e-03
-1.348864287137985229e-03
-1.347899436950683594e-03
-1.346580684185028076e-03
-1.343287527561187744e-03
-1.342173665761947632e-03
-1.339931041002273560e-03
-1.338828355073928833e-03
-1.337479799985885620e-03
-1.336369663476943970e-03
-1.335263252258300781e-03
-1.331884413957595825e-03
-1.330941915512084961e-03
-1.328580081462860107e-03
-1.327507197856903076e-03
-1.326344907283782959e-03
-1.325257122516632080e-03
-1.324113458395004272e-03
-1.321915537118911743e-03
-1.320801675319671631e-03
-1.319501549005508423e-03
-1.318637281656265259e-03
-1.317467540502548218e-03
-1.316372305154800415e-03
-1.315135508775711060e-03
-1.314014196395874023e-03
-1.312978565692901611e-03
-1.310814172029495239e-03
-1.309763640165328979e-03
-1.308605074882507324e-03
-1.307539641857147217e-03
-1.306336373090744019e-03
-1.305237412452697754e-03
-1.304097473621368408e-03
-1.303125172853469849e-03
-1.301992684602737427e-03
-1.300882548093795776e-03
-1.299824565649032593e-03
-1.298625022172927856e-03
-1.297548413276672363e-03
-1.296620815992355347e-03
-1.294437795877456665e-03
-1.293316483497619629e-03
-1.292247325181961060e-03
-1.289073377847671509e-03
-1.288004219532012939e-03
-1.286912709474563599e-03
-1.285899430513381958e-03
-1.283675432205200195e-03
-1.282699406147003174e-03
-1.281570643186569214e-03
-1.280613243579864502e-03
-1.278512179851531982e-03
-1.277461647987365723e-03
-1.276411116123199463e-03
-1.275468617677688599e-03
-1.274365931749343872e-03
-1.273389905691146851e-03
-1.272521913051605225e-03
-1.271314918994903564e-03
-1.269347965717315674e-03
-1.268416643142700195e-03
-1.267228275537490845e-03
-1.266382634639739990e-03
-1.265447586774826050e-03
-1.262456178665161133e-03
-1.261446624994277954e-03
-1.257717609405517578e-03
-1.255720853805541992e-03
-1.254864037036895752e-03
-1.253824681043624878e-03
-1.252960413694381714e-03
-1.251980662345886230e-03
-1.250982284545898438e-03
-1.249112188816070557e-03
-1.247394829988479614e-03
-1.246489584445953369e-03
-1.245666295289993286e-03
-1.244697719812393188e-03
-1.243751496076583862e-03
-1.241285353899002075e-03
-1.239534467458724976e-03
-1.237828284502029419e-03
-1.237008720636367798e-03
-1.236263662576675415e-03
-1.235377043485641479e-03
-1.234445720911026001e-03
-1.232732087373733521e-03
-1.232143491506576538e-03
-1.231197267770767212e-03
-1.230511814355850220e-03
-1.229699701070785522e-03
-1.228924840688705444e-03
-1.227337867021560669e-03
-1.225750893354415894e-03
-1.223724335432052612e-03
-1.222919672727584839e-03
-1.221340149641036987e-03
-1.220803707838058472e-03
-1.219298690557479858e-03
-1.218650490045547485e-03
-1.217965036630630493e-03
-1.217160373926162720e-03
-1.216638833284378052e-03
-1.215767115354537964e-03
-1.215327531099319458e-03
-1.214761286973953247e-03
-1.213464885950088501e-03
-1.212690025568008423e-03
-1.212265342473983765e-03
-1.211639493703842163e-03
-1.210931688547134399e-03
-1.210357993841171265e-03
-1.209858804941177368e-03
-1.208592206239700317e-03
-1.208100467920303345e-03
-1.207653433084487915e-03
-1.207079738378524780e-03
-1.206409186124801636e-03
-1.205850392580032349e-03
-1.205552369356155396e-03
-1.204948872327804565e-03
-1.204531639814376831e-03
-1.203846186399459839e-03
-1.202564686536788940e-03
-1.202058047056198120e-03
-1.201700419187545776e-03
-1.201387494802474976e-03
-1.200910657644271851e-03
-1.200463622808456421e-03
-1.199986785650253296e-03
-1.199666410684585571e-03
-1.198764890432357788e-03
-1.198183745145797729e-03
-1.197803765535354614e-03
-1.197468489408493042e-03
-1.196999102830886841e-03
-1.196783035993576050e-03
-1.196373254060745239e-03
-1.196119934320449829e-03
-1.195963472127914429e-03
-1.195240765810012817e-03
-1.195121556520462036e-03
-1.194756478071212769e-03
-1.194436103105545044e-03
-1.194056123495101929e-03
-1.193825155496597290e-03
-1.193676143884658813e-03
-1.193623989820480347e-03
-1.193311065435409546e-03
-1.193333417177200317e-03
-1.192998141050338745e-03
-1.192923635244369507e-03
-1.192551106214523315e-03
-1.192543655633926392e-03
-1.192320138216018677e-03
-1.192327588796615601e-03
-1.192267984151840210e-03
-1.192044466733932495e-03
-1.192051917314529419e-03
-1.192007213830947876e-03
-1.192007213830947876e-03
-1.191947609186172485e-03
-1.191925257444381714e-03
-1.191888004541397095e-03
-1.191955059766769409e-03
-1.192193478345870972e-03
-1.192074269056320190e-03
-1.192372292280197144e-03
-1.192707568407058716e-03
-1.192923635244369507e-03
-1.193236559629440308e-03
-1.193445175886154175e-03
-1.193556934595108032e-03
-1.193907111883163452e-03
-1.193966716527938843e-03
-1.194942742586135864e-03
-1.195315271615982056e-03
-1.195404678583145142e-03
-1.196075230836868286e-03
-1.196939498186111450e-03
-1.197051256895065308e-03
-1.197461038827896118e-03
-1.198161393404006958e-03
-1.198951154947280884e-03
-1.199711114168167114e-03
-1.200389117002487183e-03
-1.200485974550247192e-03
-1.201014965772628784e-03
-1.201603561639785767e-03
-1.202385872602462769e-03
-1.203019171953201294e-03
-1.203913241624832153e-03
-1.205746084451675415e-03
-1.207385212182998657e-03
-1.208063215017318726e-03
-1.208465546369552612e-03
-1.209150999784469604e-03
-1.209776848554611206e-03
-1.211147755384445190e-03
-1.211803406476974487e-03
-1.212429255247116089e-03
-1.213129609823226929e-03
-1.213800162076950073e-03
-1.214575022459030151e-03
-1.215223222970962524e-03
-1.215953379869461060e-03
-1.216623932123184204e-03
-1.218166202306747437e-03
-1.219090074300765991e-03
-1.219723373651504517e-03
-1.220617443323135376e-03
-1.221362501382827759e-03
-1.222092658281326294e-03
-1.222822815179824829e-03
-1.223821192979812622e-03
-1.224737614393234253e-03
-1.225370913743972778e-03
-1.226354390382766724e-03
-1.228217035531997681e-03
-1.229826360940933228e-03
-1.230899244546890259e-03
-1.231770962476730347e-03
-1.233685761690139771e-03
-1.234594732522964478e-03
-1.235526055097579956e-03
-1.236733049154281616e-03
-1.237493008375167847e-03
-1.238483935594558716e-03
-1.239422708749771118e-03
-1.240450888872146606e-03
-1.241590827703475952e-03
-1.242313534021377563e-03
-1.243438571691513062e-03
-1.244623214006423950e-03
-1.246672123670578003e-03
-1.247752457857131958e-03
-1.248721033334732056e-03
-1.249890774488449097e-03
-1.250941306352615356e-03
-1.251872628927230835e-03
-1.253146678209304810e-03
-1.258727163076400757e-03
-1.259926706552505493e-03
-1.260925084352493286e-03
-1.262199133634567261e-03
-1.263294368982315063e-03
-1.264657825231552124e-03
-1.265782862901687622e-03
-1.266982406377792358e-03
-1.267965883016586304e-03
-1.269210129976272583e-03
-1.271691173315048218e-03
-1.272898167371749878e-03
-1.274060457944869995e-03
-1.276295632123947144e-03
-1.277696341276168823e-03
-1.280266791582107544e-03
-1.282673329114913940e-03
-1.283954828977584839e-03
-1.285295933485031128e-03
-1.286502927541732788e-03
-1.287762075662612915e-03
-1.288887113332748413e-03
-1.291517168283462524e-03
-1.292813569307327271e-03
-1.296829432249069214e-03
-1.298073679208755493e-03
-1.299370080232620239e-03
-1.300718635320663452e-03
-1.301962882280349731e-03
-1.303274184465408325e-03
-1.304585486650466919e-03
-1.308474689722061157e-03
-1.309867948293685913e-03
-1.311171799898147583e-03
-1.312505453824996948e-03
-1.315008848905563354e-03
-1.316558569669723511e-03
-1.317735761404037476e-03
-1.319106668233871460e-03
-1.320350915193557739e-03
-1.321647316217422485e-03
-1.323100179433822632e-03
-1.324344426393508911e-03
-1.325566321611404419e-03
-1.326974481344223022e-03
-1.328106969594955444e-03
-1.329693943262100220e-03
-1.330945640802383423e-03
-1.334797590970993042e-03
-1.336093991994857788e-03
-1.337561756372451782e-03
-1.338768750429153442e-03
-1.340243965387344360e-03
-1.341510564088821411e-03
-1.342866569757461548e-03
-1.344095915555953979e-03
-1.345414668321609497e-03
-1.346562057733535767e-03
-1.347940415143966675e-03
-1.350346952676773071e-03
-1.351673156023025513e-03
-1.354362815618515015e-03
-1.355562359094619751e-03
-1.357015222311019897e-03
-1.359444111585617065e-03
-1.360628753900527954e-03
-1.361843198537826538e-03
-1.364346593618392944e-03
-1.365687698125839233e-03
-1.369182020425796509e-03
-1.370530575513839722e-03
-1.371528953313827515e-03
-1.372691243886947632e-03
-1.373957842588424683e-03
-1.375187188386917114e-03
-1.377519220113754272e-03
-1.378629356622695923e-03
-1.379642635583877563e-03
-1.381050795316696167e-03
-1.382034271955490112e-03
-1.386586576700210571e-03
-1.387361437082290649e-03
-1.388590782880783081e-03
-1.389678567647933960e-03
-1.390639692544937134e-03
-1.391839236021041870e-03
-1.392688602209091187e-03
-1.394841820001602173e-03
-1.395840197801589966e-03
-1.396786421537399292e-03
-1.397874206304550171e-03
-1.398768275976181030e-03
-1.399684697389602661e-03
-1.400697976350784302e-03
-1.401659101247787476e-03
-1.402508467435836792e-03
-1.404147595167160034e-03
-1.405056565999984741e-03
-1.408632844686508179e-03
-1.409400254487991333e-03
-1.410994678735733032e-03
-1.411732286214828491e-03
-1.412596553564071655e-03
-1.413177698850631714e-03
-1.413788646459579468e-03
-1.414645463228225708e-03
-1.415420323610305786e-03
-1.415949314832687378e-03
-1.416776329278945923e-03
-1.417335122823715210e-03
-1.417931169271469116e-03
-1.418549567461013794e-03
-1.419056206941604614e-03
-1.419704407453536987e-03
-1.420330256223678589e-03
-1.420665532350540161e-03
-1.421358436346054077e-03
-1.421857625246047974e-03
-1.422468572854995728e-03
-1.422826200723648071e-03
-1.423429697751998901e-03
-1.424115151166915894e-03
-1.424636691808700562e-03
-1.425471156835556030e-03
-1.425672322511672974e-03
-1.425970345735549927e-03
-1.426372677087783813e-03
-1.426462084054946899e-03
-1.426693052053451538e-03
-1.427020877599716187e-03
-1.427222043275833130e-03
-1.427602022886276245e-03
-1.427907496690750122e-03
-1.428138464689254761e-03
-1.428294926881790161e-03
-1.428287476301193237e-03
-1.428116112947463989e-03
-1.428376883268356323e-03
-1.428175717592239380e-03
-1.428026705980300903e-03
-1.427907496690750122e-03
-1.427818089723587036e-03
-1.427303999662399292e-03
-1.426946371793746948e-03
-1.426655799150466919e-03
-1.426260918378829956e-03
-1.425463706254959106e-03
-1.425262540578842163e-03
-1.424748450517654419e-03
-1.424353569746017456e-03
-1.423355191946029663e-03
-1.422930508852005005e-03
-1.422371715307235718e-03
-1.421857625246047974e-03
-1.421261578798294067e-03
-1.420680433511734009e-03
-1.419935375452041626e-03
-1.418579369783401489e-03
-1.417044550180435181e-03
-1.416232436895370483e-03
-1.415323466062545776e-03
-1.413691788911819458e-03
-1.412849873304367065e-03
-1.411963254213333130e-03
-1.410957425832748413e-03
-1.410070806741714478e-03
-1.407954841852188110e-03
-1.405570656061172485e-03
-1.404475420713424683e-03
-1.402217894792556763e-03
-1.398380845785140991e-03
-1.396890729665756226e-03
-1.395639032125473022e-03
-1.394305378198623657e-03
-1.393113285303115845e-03
-1.391481608152389526e-03
-1.389924436807632446e-03
-1.388337463140487671e-03
-1.385401934385299683e-03
-1.383628696203231812e-03
-1.381952315568923950e-03
-1.380424946546554565e-03
-1.376856118440628052e-03
-1.374941319227218628e-03
-1.373160630464553833e-03
-1.371305435895919800e-03
-1.369405537843704224e-03
-1.367416232824325562e-03
-1.363705843687057495e-03
-1.361507922410964966e-03
-1.359399408102035522e-03
-1.357387751340866089e-03
-1.355189830064773560e-03
-1.353021711111068726e-03
-1.350801438093185425e-03
-1.348759979009628296e-03
-1.346256583929061890e-03
-1.341547816991806030e-03
-1.339230686426162720e-03
-1.334343105554580688e-03
-1.331906765699386597e-03
-1.326750963926315308e-03
-1.324158161878585815e-03
-1.318771392107009888e-03
-1.316007226705551147e-03
-1.313250511884689331e-03
-1.310642808675765991e-03
-1.307759433984756470e-03
-1.304801553487777710e-03
-1.301687210798263550e-03
-1.298803836107254028e-03
-1.295860856771469116e-03
-1.292910426855087280e-03
-1.286540180444717407e-03
-1.283522695302963257e-03
-1.280326396226882935e-03
-1.277174800634384155e-03
-1.270633190870285034e-03
-1.267094165086746216e-03
-1.263793557882308960e-03
-1.260284334421157837e-03
-1.256849616765975952e-03
-1.253355294466018677e-03
-1.246046274900436401e-03
-1.242559403181076050e-03
-1.238893717527389526e-03
-1.235190778970718384e-03
-1.231316477060317993e-03
-1.223590224981307983e-03
-1.219753175973892212e-03
-1.215834170579910278e-03
-1.211833208799362183e-03
-1.207839697599411011e-03
-1.203786581754684448e-03
-1.195441931486129761e-03
-1.191262155771255493e-03
-1.187045127153396606e-03
-1.174073666334152222e-03
-1.160647720098495483e-03
-1.156236976385116577e-03
-1.151595264673233032e-03
-1.146849244832992554e-03
-1.132797449827194214e-03
-1.127962023019790649e-03
-1.123230904340744019e-03
