-9.928674101829528809e-01
-9.011592268943786621e-01
-8.493219017982482910e-01
-7.810999751091003418e-01
-6.977086663246154785e-01
-6.082376241683959961e-01
-4.539382159709930420e-01
-3.947974145412445068e-01
-3.444963693618774414e-01
-3.007547259330749512e-01
-2.623641490936279297e-01
-1.994985640048980713e-01
-1.743004918098449707e-01
-1.527496576309204102e-01
-1.188818216323852539e-01
-1.057133972644805908e-01
-9.453329443931579590e-02
-8.500301837921142578e-02
-7.683038711547851562e-02
-6.977052986621856689e-02
-6.362071633338928223e-02
-5.821574851870536804e-02
-4.913302138447761536e-02
-4.526434466242790222e-02
-3.557863458991050720e-02
-3.284930810332298279e-02
-2.797054871916770935e-02
-2.578340098261833191e-02
-2.374526485800743103e-02
-2.184439823031425476e-02
-2.007127925753593445e-02
-1.841741427779197693e-02
-1.687571033835411072e-02
-1.543905958533287048e-02
-1.410200819373130798e-02
-1.285864040255546570e-02
-1.063289865851402283e-02
-9.640809148550033569e-03
-8.723225444555282593e-03
-7.876049727201461792e-03
-7.095005363225936890e-03
-6.376367062330245972e-03
-5.716349929571151733e-03
-5.111377686262130737e-03
-3.592576831579208374e-03
-3.174718469381332397e-03
-2.796288579702377319e-03
-2.454381436109542847e-03
-1.870539039373397827e-03
-1.623865216970443726e-03
-1.404400914907455444e-03
-1.210298389196395874e-03
-8.900128304958343506e-04
-7.604770362377166748e-04
-6.492398679256439209e-04
-5.547218024730682373e-04
-4.755966365337371826e-04
-4.106424748897552490e-04
-3.585778176784515381e-04
-3.181062638759613037e-04
-2.884827554225921631e-04
-2.575181424617767334e-04
-2.586208283901214600e-04
-2.692304551601409912e-04
-2.856366336345672607e-04
-3.071986138820648193e-04
-3.334693610668182373e-04
-3.637336194515228271e-04
-3.975145518779754639e-04
-4.742108285427093506e-04
-5.162097513675689697e-04
-5.602352321147918701e-04
-6.058476865291595459e-04
-6.528310477733612061e-04
-7.008202373981475830e-04
-7.495619356632232666e-04
-7.990784943103790283e-04
-8.489154279232025146e-04
-8.988343179225921631e-04
-9.488351643085479736e-04
-1.048285514116287231e-03
-1.097541302442550659e-03
-1.146193593740463257e-03
-1.241449266672134399e-03
-1.333367079496383667e-03
-1.378048211336135864e-03
-1.421686261892318726e-03
-1.464273780584335327e-03
-1.545991748571395874e-03
-1.585152000188827515e-03
-1.623068004846572876e-03
-1.659821718931198120e-03
-1.695316284894943237e-03
-1.729588955640792847e-03
-1.762535423040390015e-03
-1.794207841157913208e-03
-1.824770122766494751e-03
-1.853946596384048462e-03
-1.881945878267288208e-03
-1.908581703901290894e-03
-1.934077590703964233e-03
-1.981284469366073608e-03
-2.002988010644912720e-03
-2.023663371801376343e-03
-2.043146640062332153e-03
-2.061303704977035522e-03
-2.078395336866378784e-03
-2.094466239213943481e-03
-2.109330147504806519e-03
-2.123143523931503296e-03
-2.135869115591049194e-03
-2.147506922483444214e-03
-2.158295363187789917e-03
-2.167943865060806274e-03
-2.176698297262191772e-03
-2.184491604566574097e-03
-2.191346138715744019e-03
-2.197343856096267700e-03
-2.202417701482772827e-03
-2.212796360254287720e-03
-2.214577049016952515e-03
-2.216007560491561890e-03
-2.215806394815444946e-03
-2.214852720499038696e-03
-2.213176339864730835e-03
-2.210844308137893677e-03
-2.207990735769271851e-03
-2.204488962888717651e-03
-2.200353890657424927e-03
-2.195846289396286011e-03
-2.190668135881423950e-03
-2.185072749853134155e-03
-2.179037779569625854e-03
-2.172563225030899048e-03
-2.165552228689193726e-03
-2.158183604478836060e-03
-2.150360494852066040e-03
-2.142202109098434448e-03
-2.133700996637344360e-03
-2.124857157468795776e-03
-2.115745097398757935e-03
-2.106245607137680054e-03
-2.096559852361679077e-03
-2.086509019136428833e-03
-2.076309174299240112e-03
-2.065848559141159058e-03
-2.055060118436813354e-03
-2.044204622507095337e-03
-2.033177763223648071e-03
-2.021905034780502319e-03
-1.999031752347946167e-03
-1.987371593713760376e-03
-1.975659281015396118e-03
-1.963686197996139526e-03
-1.951809972524642944e-03
-1.939799636602401733e-03
-1.927729696035385132e-03
-1.915540546178817749e-03
-1.903403550386428833e-03
-1.891259104013442993e-03
-1.879047602415084839e-03
-1.866776496171951294e-03
-1.854691654443740845e-03
-1.842487603425979614e-03
-1.818176358938217163e-03
-1.794125884771347046e-03
-1.782197505235671997e-03
-1.770239323377609253e-03
-1.746658235788345337e-03
-1.735080033540725708e-03
-1.723464578390121460e-03
-1.700732856988906860e-03
-1.678410917520523071e-03
-1.667443662881851196e-03
-1.656513661146163940e-03
-1.645777374505996704e-03
-1.635309308767318726e-03
-1.624781638383865356e-03
-1.614499837160110474e-03
-1.604374498128890991e-03
-1.594368368387222290e-03
-1.584526151418685913e-03
-1.574922353029251099e-03
-1.546915620565414429e-03
-1.537952572107315063e-03
-1.529071480035781860e-03
-1.520436257123947144e-03
-1.511987298727035522e-03
-1.503657549619674683e-03
-1.495536416769027710e-03
-1.487646251916885376e-03
-1.479897648096084595e-03
-1.472320407629013062e-03
-1.464877277612686157e-03
-1.457791775465011597e-03
-1.450661569833755493e-03
-1.443874090909957886e-03
-1.430768519639968872e-03
-1.424524933099746704e-03
-1.418408006429672241e-03
-1.412522047758102417e-03
-1.406770199537277222e-03
-1.401390880346298218e-03
-1.395907253026962280e-03
-1.390818506479263306e-03
-1.381006091833114624e-03
-1.376282423734664917e-03
-1.371938735246658325e-03
-1.367550343275070190e-03
-1.363512128591537476e-03
-1.359570771455764771e-03
-1.355860382318496704e-03
-1.348901540040969849e-03
-1.342568546533584595e-03
-1.339655369520187378e-03
-1.334365457296371460e-03
-1.331906765699386597e-03
-1.327555626630783081e-03
-1.325566321611404419e-03
-1.323837786912918091e-03
-1.322101801633834839e-03
-1.320634037256240845e-03
-1.319270581007003784e-03
-1.318093389272689819e-03
-1.316960901021957397e-03
-1.315254718065261841e-03
-1.314539462327957153e-03
-1.313630491495132446e-03
-1.313339918851852417e-03
-1.313176006078720093e-03
-1.313518732786178589e-03
-1.313943415880203247e-03
-1.314278692007064819e-03
-1.314770430326461792e-03
-1.315545290708541870e-03
-1.318130642175674438e-03
-1.319181174039840698e-03
-1.320403069257736206e-03
-1.323025673627853394e-03
-1.324485987424850464e-03
-1.326020807027816772e-03
-1.327697187662124634e-03
-1.329388469457626343e-03
-1.331191509962081909e-03
-1.333113759756088257e-03
-1.334976404905319214e-03
-1.337055116891860962e-03
-1.339133828878402710e-03
-1.341361552476882935e-03
-1.345824450254440308e-03
-1.348238438367843628e-03
-1.355651766061782837e-03
-1.358281821012496948e-03
-1.360941678285598755e-03
-1.363683491945266724e-03
-1.366447657346725464e-03
-1.369204372167587280e-03
-1.372132450342178345e-03
-1.375000923871994019e-03
-1.380931586027145386e-03
-1.390118151903152466e-03
-1.393210142850875854e-03
-1.396428793668746948e-03
-1.406025141477584839e-03
-1.409281045198440552e-03
-1.419197767972946167e-03
-1.422550529241561890e-03
-1.425910741090774536e-03
-1.429256051778793335e-03
-1.432728022336959839e-03
-1.435998827219009399e-03
-1.439500600099563599e-03
-1.442942768335342407e-03
-1.446265727281570435e-03
-1.453224569559097290e-03
-1.456696540117263794e-03
-1.460094004869461060e-03
-1.463513821363449097e-03
-1.466948539018630981e-03
-1.470450311899185181e-03
-1.473899930715560913e-03
-1.477289944887161255e-03
-1.480739563703536987e-03
-1.484159380197525024e-03
-1.487623900175094604e-03
-1.490991562604904175e-03
-1.494441181421279907e-03
-1.497801393270492554e-03
-1.501206308603286743e-03
-1.504596322774887085e-03
-1.507889479398727417e-03
-1.511249691247940063e-03
-1.514550298452377319e-03
-1.517962664365768433e-03
-1.527797430753707886e-03
-1.530971378087997437e-03
-1.534227281808853149e-03
-1.537401229143142700e-03
-1.540567725896835327e-03
-1.543711870908737183e-03
-1.549970358610153198e-03
-1.553121954202651978e-03
-1.559112221002578735e-03
-1.562152057886123657e-03
-1.565124839544296265e-03
-1.570943742990493774e-03
-1.573849469423294067e-03
-1.576755195856094360e-03
-1.579534262418746948e-03
-1.582328230142593384e-03
-1.587878912687301636e-03
-1.590620726346969604e-03
-1.593220978975296021e-03
-1.595858484506607056e-03
-1.598488539457321167e-03
-1.603621989488601685e-03
-1.608606427907943726e-03
-1.611027866601943970e-03
-1.613538712263107300e-03
-1.615855842828750610e-03
-1.618277281522750854e-03
-1.620497554540634155e-03
-1.622769981622695923e-03
-1.624982804059982300e-03
-1.627173274755477905e-03
-1.629326492547988892e-03
-1.631494611501693726e-03
-1.633513718843460083e-03
-1.635495573282241821e-03
-1.637648791074752808e-03
-1.641426235437393188e-03
-1.645233482122421265e-03
-1.647118479013442993e-03
-1.648869365453720093e-03
-1.650523394346237183e-03
-1.653958112001419067e-03
-1.655589789152145386e-03
-1.657281070947647095e-03
-1.658778637647628784e-03
-1.660350710153579712e-03
-1.663248986005783081e-03
-1.664679497480392456e-03
-1.666028052568435669e-03
-1.668613404035568237e-03
-1.669932156801223755e-03
-1.671154052019119263e-03
-1.672353595495223999e-03
-1.673508435487747192e-03
-1.675654202699661255e-03
-1.677762717008590698e-03
-1.679647713899612427e-03
-1.682210713624954224e-03
-1.683022826910018921e-03
-1.683723181486129761e-03
-1.684483140707015991e-03
-1.685198396444320679e-03
-1.685794442892074585e-03
-1.687008887529373169e-03
-1.687545329332351685e-03
-1.689005643129348755e-03
-1.689385622739791870e-03
-1.690413802862167358e-03
-1.690741628408432007e-03
-1.690935343503952026e-03
-1.691166311502456665e-03
-1.691367477178573608e-03
-1.691568642854690552e-03
-1.691702753305435181e-03
-1.691754907369613647e-03
-1.691799610853195190e-03
-1.691903918981552124e-03
-1.691911369562149048e-03
-1.691881567239761353e-03
-1.691836863756179810e-03
-1.691717654466629028e-03
-1.691695302724838257e-03
-1.691598445177078247e-03
-1.691337674856185913e-03
-1.691181212663650513e-03
-1.691032201051712036e-03
-1.690749078989028931e-03
-1.690480858087539673e-03
-1.690197736024856567e-03
-1.689951866865158081e-03
-1.689579337835311890e-03
-1.689206808805465698e-03
-1.688797026872634888e-03
-1.688349992036819458e-03
-1.687992364168167114e-03
-1.687478274106979370e-03
-1.686964184045791626e-03
-1.685459166765213013e-03
-1.684878021478652954e-03
-1.684334129095077515e-03
-1.683611422777175903e-03
-1.682464033365249634e-03
-1.681748777627944946e-03
-1.681115478277206421e-03
-1.680303364992141724e-03
-1.679684966802597046e-03
-1.678097993135452271e-03
-1.677330583333969116e-03
-1.676540821790695190e-03
-1.674983650445938110e-03
-1.674178987741470337e-03
-1.673255115747451782e-03
-1.672331243753433228e-03
-1.671519130468368530e-03
-1.670550554990768433e-03
-1.668754965066909790e-03
-1.667778939008712769e-03
-1.666825264692306519e-03
-1.665811985731124878e-03
-1.664910465478897095e-03
-1.663852483034133911e-03
-1.661892980337142944e-03
-1.659784466028213501e-03
-1.658815890550613403e-03
-1.656737178564071655e-03
-1.655612140893936157e-03
-1.654472202062606812e-03
-1.653369516134262085e-03
-1.651193946599960327e-03
-1.648966223001480103e-03
-1.647960394620895386e-03
-1.646701246500015259e-03
-1.645606011152267456e-03
-1.643326133489608765e-03
-1.642111688852310181e-03
-1.640934497117996216e-03
-1.637484878301620483e-03
-1.636315137147903442e-03
-1.635160297155380249e-03
-1.632805913686752319e-03
-1.631584018468856812e-03
-1.627985388040542603e-03
-1.625638455152511597e-03
-1.624476164579391479e-03
-1.623276621103286743e-03
-1.622039824724197388e-03
-1.620840281248092651e-03
-1.619677990674972534e-03
-1.618500798940658569e-03
-1.617286354303359985e-03
-1.616124063730239868e-03
-1.614961773157119751e-03
-1.613702625036239624e-03
-1.610253006219863892e-03
-1.606684178113937378e-03
-1.605626195669174194e-03
-1.604396849870681763e-03
-1.603234559297561646e-03
-1.602116972208023071e-03
-1.600991934537887573e-03
-1.599829643964767456e-03
-1.596402376890182495e-03
-1.595351845026016235e-03
-1.594264060258865356e-03
-1.593131572008132935e-03
-1.592006534337997437e-03
-1.590888947248458862e-03
-1.589771360158920288e-03
-1.588780432939529419e-03
-1.587759703397750854e-03
-1.585628837347030640e-03
-1.584563404321670532e-03
-1.582432538270950317e-03
-1.581426709890365601e-03
-1.580435782670974731e-03
-1.579452306032180786e-03
-1.577537506818771362e-03
-1.575555652379989624e-03
-1.574609428644180298e-03
-1.573588699102401733e-03
-1.572716981172561646e-03
-1.570809632539749146e-03
-1.569863408803939819e-03
-1.569028943777084351e-03
-1.568127423524856567e-03
-1.567248255014419556e-03
-1.566331833600997925e-03
-1.565467566251754761e-03
-1.564700156450271606e-03
-1.563880592584609985e-03
-1.563023775815963745e-03
-1.562286168336868286e-03
-1.561451703310012817e-03
-1.560736447572708130e-03
-1.559894531965255737e-03
-1.559112221002578735e-03
-1.558326184749603271e-03
-1.557603478431701660e-03
-1.556929200887680054e-03
-1.554816961288452148e-03
-1.554202288389205933e-03
-1.553431153297424316e-03
-1.552745699882507324e-03
-1.552134752273559570e-03
-1.551475375890731812e-03
-1.550894230604171753e-03
-1.550205051898956299e-03
-1.549683511257171631e-03
-1.549132168292999268e-03
-1.548536121845245361e-03
-1.548010855913162231e-03
-1.547470688819885254e-03
-1.546956598758697510e-03
-1.546446233987808228e-03
-1.544993370771408081e-03
-1.544110476970672607e-03
-1.543618738651275635e-03
-1.542773097753524780e-03
-1.542448997497558594e-03
-1.542046666145324707e-03
-1.540657132863998413e-03
-1.540351659059524536e-03
-1.539766788482666016e-03
-1.539427787065505981e-03
-1.539200544357299805e-03
-1.538697630167007446e-03
-1.538563519716262817e-03
-1.538265496492385864e-03
-1.538082957267761230e-03
-1.537568867206573486e-03
-1.537278294563293457e-03
-1.537200063467025757e-03
-1.537151634693145752e-03
-1.537002623081207275e-03
-1.536868512630462646e-03
-1.536749303340911865e-03
-1.536868512630462646e-03
-1.536753028631210327e-03
-1.536726951599121094e-03
-1.536760479211807251e-03
-1.536801457405090332e-03
-1.536779105663299561e-03
-1.536816358566284180e-03
-1.536887139081954956e-03
-1.537010073661804199e-03
-1.537092030048370361e-03
-1.537114381790161133e-03
-1.537293195724487305e-03
-1.537621021270751953e-03
-1.537781208753585815e-03
-1.537919044494628906e-03
-1.538135111331939697e-03
-1.538328826427459717e-03
-1.538440585136413574e-03
-1.538854092359542847e-03
-1.539114862680435181e-03
-1.539241522550582886e-03
-1.539614051580429077e-03
-1.540143042802810669e-03
-1.540455967187881470e-03
-1.540716737508773804e-03
-1.541338860988616943e-03
-1.542005687952041626e-03
-1.542411744594573975e-03
-1.542784273624420166e-03
-1.543164253234863281e-03
-1.543466001749038696e-03
-1.543883234262466431e-03
-1.544732600450515747e-03
-1.545205712318420410e-03
-1.545537263154983521e-03
-1.546006649732589722e-03
-1.546442508697509766e-03
-1.546941697597503662e-03
-1.547366380691528320e-03
-1.547858119010925293e-03
-1.548301428556442261e-03
-1.548845320940017700e-03
-1.549873501062393188e-03
-1.550387591123580933e-03
-1.550897955894470215e-03
-1.551479101181030273e-03
-1.551989465951919556e-03
-1.552529633045196533e-03
-1.553092151880264282e-03
-1.554291695356369019e-03
-1.554831862449645996e-03
-1.555401831865310669e-03
-1.556012779474258423e-03
-1.556660979986190796e-03
-1.557309180498123169e-03
-1.557927578687667847e-03
-1.558560878038406372e-03
-1.560430973768234253e-03
-1.561108976602554321e-03
-1.561749726533889771e-03
-1.563061028718948364e-03
-1.563776284456253052e-03
-1.565121114253997803e-03
-1.565884798765182495e-03
-1.566547900438308716e-03
-1.567177474498748779e-03
-1.568000763654708862e-03
-1.568555831909179688e-03
-1.569323241710662842e-03
-1.570027321577072144e-03
-1.572210341691970825e-03
-1.573029905557632446e-03
-1.573793590068817139e-03
-1.575987786054611206e-03
-1.578290015459060669e-03
-1.579035073518753052e-03
-1.579813659191131592e-03
-1.580603420734405518e-03
-1.581393182277679443e-03
-1.582175493240356445e-03
-1.582916826009750366e-03
-1.583717763423919678e-03
-1.584451645612716675e-03
-1.585338264703750610e-03
-1.586072146892547607e-03
-1.588501036167144775e-03
-1.589272171258926392e-03
-1.590061932802200317e-03
-1.590818166732788086e-03
-1.591637730598449707e-03
-1.593250781297683716e-03
-1.595675945281982422e-03
-1.596517860889434814e-03
-1.597225666046142578e-03
-1.598823815584182739e-03
-1.599621027708053589e-03
-1.600436866283416748e-03
-1.601178199052810669e-03
-1.601971685886383057e-03
-1.602787524461746216e-03
-1.603558659553527832e-03
-1.605883240699768066e-03
-1.607548445463180542e-03
-1.609809696674346924e-03
-1.611422747373580933e-03
-1.612965017557144165e-03
-1.613654196262359619e-03
-1.615174114704132080e-03
-1.616660505533218384e-03
-1.617465168237686157e-03
-1.618906855583190918e-03
-1.619603484869003296e-03
-1.620411872863769531e-03
-1.621037721633911133e-03
-1.621808856725692749e-03
-1.623265445232391357e-03
-1.623991876840591431e-03
-1.626066863536834717e-03
-1.626737415790557861e-03
-1.627407968044281006e-03
-1.628052443265914917e-03
-1.629412174224853516e-03
-1.630675047636032104e-03
-1.631271094083786011e-03
-1.631971448659896851e-03
-1.633822917938232422e-03
-1.634474843740463257e-03
-1.635633409023284912e-03
-1.636266708374023438e-03
-1.636892557144165039e-03
-1.637425273656845093e-03
-1.637976616621017456e-03
-1.638535410165786743e-03
-1.639693975448608398e-03
-1.640718430280685425e-03
-1.641213893890380859e-03
-1.641776412725448608e-03
-1.642730087041854858e-03
-1.644209027290344238e-03
-1.644540578126907349e-03
-1.645065844058990479e-03
-1.645442098379135132e-03
-1.645997166633605957e-03
-1.646343618631362915e-03
-1.646727323532104492e-03
-1.647181808948516846e-03
-1.647561788558959961e-03
-1.647949218750000000e-03
-1.648228615522384644e-03
-1.648612320423126221e-03
-1.649275422096252441e-03
-1.650579273700714111e-03
-1.650895923376083374e-03
-1.651104539632797241e-03
-1.651402562856674194e-03
-1.651637256145477295e-03
-1.651819795370101929e-03
-1.652557402849197388e-03
-1.652710139751434326e-03
-1.652926206588745117e-03
-1.653052866458892822e-03
-1.653306186199188232e-03
-1.653600484132766724e-03
-1.653745770454406738e-03
-1.653872430324554443e-03
-1.653950661420822144e-03
-1.654051244258880615e-03
-1.653984189033508301e-03
-1.654066145420074463e-03
-1.654122024774551392e-03
-1.654122024774551392e-03
-1.654170453548431396e-03
-1.654043793678283691e-03
-1.654118299484252930e-03
-1.654066145420074463e-03
-1.653969287872314453e-03
-1.653935760259628296e-03
-1.653846353292465210e-03
-1.653727144002914429e-03
-1.653645187616348267e-03
-1.653555780649185181e-03
-1.653365790843963623e-03
-1.653313636779785156e-03
-1.652725040912628174e-03
-1.652594655752182007e-03
-1.652356237173080444e-03
-1.651819795370101929e-03
-1.651242375373840332e-03
-1.650698482990264893e-03
-1.650363206863403320e-03
-1.649159938097000122e-03
-1.648835837841033936e-03
-1.648418605327606201e-03
-1.648105680942535400e-03
-1.647107303142547607e-03
-1.646649092435836792e-03
-1.646235585212707520e-03
-1.645673066377639771e-03
-1.645147800445556641e-03
-1.644603908061981201e-03
-1.644067466259002686e-03
-1.643568277359008789e-03
-1.642957329750061035e-03
-1.642331480979919434e-03
-1.641716808080673218e-03
-1.640446484088897705e-03
-1.639056950807571411e-03
-1.638352870941162109e-03
-1.636981964111328125e-03
-1.636214554309844971e-03
-1.635491847991943359e-03
-1.634649932384490967e-03
-1.633781939744949341e-03
-1.632954925298690796e-03
-1.632090657949447632e-03
-1.631233841180801392e-03
-1.630384474992752075e-03
-1.629497855901718140e-03
-1.628562808036804199e-03
-1.626685261726379395e-03
-1.625772565603256226e-03
-1.624755561351776123e-03
-1.622758805751800537e-03
-1.621711999177932739e-03
-1.620627939701080322e-03
-1.619599759578704834e-03
-1.618489623069763184e-03
-1.617323607206344604e-03
-1.616157591342926025e-03
-1.615036278963088989e-03
-1.613877713680267334e-03
-1.612652093172073364e-03
-1.610290259122848511e-03
-1.609042286872863770e-03
-1.607779413461685181e-03
-1.606460660696029663e-03
-1.603852957487106323e-03
-1.602489501237869263e-03
-1.601152122020721436e-03
-1.599792391061782837e-03
-1.596864312887191772e-03
-1.595526933670043945e-03
-1.594036817550659180e-03
-1.592513173818588257e-03
-1.589529216289520264e-03
-1.586414873600006104e-03
-1.584839075803756714e-03
-1.583267003297805786e-03
-1.581624150276184082e-03
-1.580070704221725464e-03
-1.578360795974731445e-03
-1.576766371726989746e-03
-1.574944704771041870e-03
-1.573253422975540161e-03
-1.568045467138290405e-03
-1.566205173730850220e-03
-1.564342528581619263e-03
-1.562550663948059082e-03
-1.556865870952606201e-03
-1.554969698190689087e-03
-1.553002744913101196e-03
-1.549024134874343872e-03
-1.547027379274368286e-03
-1.545052975416183472e-03
-1.542981714010238647e-03
-1.540906727313995361e-03
-1.538872718811035156e-03
-1.534573733806610107e-03
-1.530237495899200439e-03
-1.528032124042510986e-03
-1.525714993476867676e-03
-1.523606479167938232e-03
-1.521330326795578003e-03
-1.519020646810531616e-03
-1.516725867986679077e-03
-1.514296978712081909e-03
-1.512043178081512451e-03
-1.509677618741989136e-03
-1.507285982370376587e-03
-1.504857093095779419e-03
-1.502402126789093018e-03
-1.499917358160018921e-03
-1.497492194175720215e-03
-1.495014876127243042e-03
-1.492459326982498169e-03
-1.490004360675811768e-03
-1.487370580434799194e-03
-1.484777778387069702e-03
-1.482196152210235596e-03
-1.479525119066238403e-03
-1.476835459470748901e-03
-1.474216580390930176e-03
-1.471497118473052979e-03
-1.463275402784347534e-03
-1.460459083318710327e-03
-1.457691192626953125e-03
-1.454871147871017456e-03
