-1.087790012359619141e+00
-7.329896092414855957e-01
-6.110644340515136719e-01
-4.958054423332214355e-01
-3.914732635021209717e-01
-3.008988201618194580e-01
-1.644898653030395508e-01
-1.171951964497566223e-01
-8.156435936689376831e-02
-5.551991239190101624e-02
-3.704278171062469482e-02
-1.588851213455200195e-02
-1.050546020269393921e-02
-7.260065525770187378e-03
-5.462236702442169189e-03
-4.610970616340637207e-03
-4.350557923316955566e-03
-4.435189068317413330e-03
-4.698708653450012207e-03
-5.032844841480255127e-03
-5.369380116462707520e-03
-5.667917430400848389e-03
-5.906894803047180176e-03
-6.177306175231933594e-03
-6.210811436176300049e-03
-5.976632237434387207e-03
-5.812548100948333740e-03
-5.398362874984741211e-03
-5.160622298717498779e-03
-4.909433424472808838e-03
-4.649005830287933350e-03
-4.383347928524017334e-03
-4.115328192710876465e-03
-3.847710788249969482e-03
-3.582477569580078125e-03
-3.321617841720581055e-03
-3.066599369049072266e-03
-2.577789127826690674e-03
-2.345852553844451904e-03
-2.122819423675537109e-03
-1.909129321575164795e-03
-1.705043017864227295e-03
-1.510873436927795410e-03
-1.326426863670349121e-03
-1.151725649833679199e-03
-6.859973073005676270e-04
-5.495175719261169434e-04
-4.223361611366271973e-04
-3.039613366127014160e-04
-9.293854236602783203e-05
2.458691596984863281e-07
8.558481931686401367e-05
1.633241772651672363e-04
2.970471978187561035e-04
3.536567091941833496e-04
4.038587212562561035e-04
4.477053880691528320e-04
4.857704043388366699e-04
5.181431770324707031e-04
5.450248718261718750e-04
5.669146776199340820e-04
5.838498473167419434e-04
6.041303277015686035e-04
6.079152226448059082e-04
6.040856242179870605e-04
5.969852209091186523e-04
5.865097045898437500e-04
5.730465054512023926e-04
5.567893385887145996e-04
5.379244685173034668e-04
4.930123686790466309e-04
4.673823714256286621e-04
4.397556185722351074e-04
4.104599356651306152e-04
3.796070814132690430e-04
3.472343087196350098e-04
3.136396408081054688e-04
2.788305282592773438e-04
2.430006861686706543e-04
2.063587307929992676e-04
1.689121127128601074e-04
9.208172559738159180e-05
5.292147397994995117e-05
1.338869333267211914e-05
-6.628036499023437500e-05
-1.462697982788085938e-04
-1.863017678260803223e-04
-2.260729670524597168e-04
-2.657547593116760254e-04
-3.441497683525085449e-04
-3.828257322311401367e-04
-4.210993647575378418e-04
-4.590153694152832031e-04
-4.963502287864685059e-04
-5.331411957740783691e-04
-5.693212151527404785e-04
-6.049871444702148438e-04
-6.399750709533691406e-04
-6.742402911186218262e-04
-7.079243659973144531e-04
-7.409229874610900879e-04
-7.730424404144287109e-04
-8.352547883987426758e-04
-8.652582764625549316e-04
-8.944720029830932617e-04
-9.227916598320007324e-04
-9.504631161689758301e-04
-9.772777557373046875e-04
-1.003272831439971924e-03
-1.028463244438171387e-03
-1.052893698215484619e-03
-1.076571643352508545e-03
-1.099303364753723145e-03
-1.121334731578826904e-03
-1.142524182796478271e-03
-1.163020730018615723e-03
-1.182675361633300781e-03
-1.201592385768890381e-03
-1.219660043716430664e-03
-1.237094402313232422e-03
-1.284711062908172607e-03
-1.325942575931549072e-03
-1.338310539722442627e-03
-1.349918544292449951e-03
-1.360945403575897217e-03
-1.371361315250396729e-03
-1.381084322929382324e-03
-1.390241086483001709e-03
-1.398690044879913330e-03
-1.406677067279815674e-03
-1.414030790328979492e-03
-1.420773565769195557e-03
-1.427024602890014648e-03
-1.432709395885467529e-03
-1.437835395336151123e-03
-1.442514359951019287e-03
-1.446656882762908936e-03
-1.450300216674804688e-03
-1.453481614589691162e-03
-1.456178724765777588e-03
-1.458458602428436279e-03
-1.460306346416473389e-03
-1.461841166019439697e-03
-1.462824642658233643e-03
-1.463420689105987549e-03
-1.463569700717926025e-03
-1.463480293750762939e-03
-1.462973654270172119e-03
-1.462139189243316650e-03
-1.460969448089599609e-03
-1.457646489143371582e-03
-1.455567777156829834e-03
-1.453116536140441895e-03
-1.450456678867340088e-03
-1.447550952434539795e-03
-1.444362103939056396e-03
-1.440875232219696045e-03
-1.437164843082427979e-03
-1.433245837688446045e-03
-1.429088413715362549e-03
-1.424752175807952881e-03
-1.420192420482635498e-03
-1.415476202964782715e-03
-1.410521566867828369e-03
-1.400068402290344238e-03
-1.394666731357574463e-03
-1.389063894748687744e-03
-1.383349299430847168e-03
-1.377470791339874268e-03
-1.365348696708679199e-03
-1.359105110168457031e-03
-1.352719962596893311e-03
-1.339718699455261230e-03
-1.326389610767364502e-03
-1.319564878940582275e-03
-1.312755048274993896e-03
-1.305781304836273193e-03
-1.298785209655761719e-03
-1.291722059249877930e-03
-1.284532248973846436e-03
-1.277469098567962646e-03
-1.270249485969543457e-03
-1.263007521629333496e-03
-1.255773007869720459e-03
-1.233801245689392090e-03
-1.226425170898437500e-03
-1.219093799591064453e-03
-1.211702823638916016e-03
-1.204326748847961426e-03
-1.196868717670440674e-03
-1.189514994621276855e-03
-1.182109117507934570e-03
-1.174725592136383057e-03
-1.167342066764831543e-03
-1.159965991973876953e-03
-1.152575016021728516e-03
-1.145318150520324707e-03
-1.137994229793548584e-03
-1.123376190662384033e-03
-1.116104423999786377e-03
-1.108966767787933350e-03
-1.101724803447723389e-03
-1.094587147235870361e-03
-1.087523996829986572e-03
-1.080363988876342773e-03
-1.073367893695831299e-03
-1.052454113960266113e-03
-1.045495271682739258e-03
-1.038767397403717041e-03
-1.031957566738128662e-03
-1.025162637233734131e-03
-1.018464565277099609e-03
-1.005202531814575195e-03
-9.922087192535400391e-04
-9.857937693595886230e-04
-9.667500853538513184e-04
-9.544193744659423828e-04
-9.483024477958679199e-04
-9.421706199645996094e-04
-9.362176060676574707e-04
-9.303390979766845703e-04
-9.186193346977233887e-04
-9.128972887992858887e-04
-9.015873074531555176e-04
-8.960515260696411133e-04
-8.850619196891784668e-04
-8.797049522399902344e-04
-8.690580725669860840e-04
-8.587464690208435059e-04
-8.536800742149353027e-04
-8.486807346343994141e-04
-8.437260985374450684e-04
-8.388832211494445801e-04
-8.340552449226379395e-04
-8.245781064033508301e-04
-8.199885487556457520e-04
-8.154511451721191406e-04
-8.064657449722290039e-04
-8.020773530006408691e-04
-7.977932691574096680e-04
-7.934942841529846191e-04
-7.892921566963195801e-04
-7.851496338844299316e-04
-7.810741662979125977e-04
-7.770434021949768066e-04
-7.731616497039794922e-04
-7.692500948905944824e-04
-7.578879594802856445e-04
-7.542744278907775879e-04
-7.436349987983703613e-04
-7.402822375297546387e-04
-7.369369268417358398e-04
-7.335916161537170410e-04
-7.302984595298767090e-04
-7.271245121955871582e-04
-7.209554314613342285e-04
-7.149651646614074707e-04
-7.091909646987915039e-04
-7.037222385406494141e-04
-7.009506225585937500e-04
-6.983727216720581055e-04
-6.957799196243286133e-04
-6.932243704795837402e-04
-6.907656788825988770e-04
-6.835982203483581543e-04
-6.813481450080871582e-04
-6.790831685066223145e-04
-6.769821047782897949e-04
-6.748512387275695801e-04
-6.728097796440124512e-04
-6.707385182380676270e-04
-6.688237190246582031e-04
-6.668940186500549316e-04
-6.613209843635559082e-04
-6.596371531486511230e-04
-6.578490138053894043e-04
-6.562694907188415527e-04
-6.546750664710998535e-04
-6.531029939651489258e-04
-6.516426801681518555e-04
-6.501749157905578613e-04
-6.487295031547546387e-04
-6.474182009696960449e-04
-6.460174918174743652e-04
-6.447508931159973145e-04
-6.434395909309387207e-04
-6.422922015190124512e-04
-6.410777568817138672e-04
-6.399601697921752930e-04
-6.389096379280090332e-04
-6.378889083862304688e-04
-6.368383765220642090e-04
-6.359219551086425781e-04
-6.349906325340270996e-04
-6.340518593788146973e-04
-6.331652402877807617e-04
-6.324276328086853027e-04
-6.316602230072021484e-04
-6.309002637863159180e-04
-6.301924586296081543e-04
-6.295442581176757812e-04
-6.289407610893249512e-04
-6.282925605773925781e-04
-6.272867321968078613e-04
-6.263852119445800781e-04
-6.259307265281677246e-04
-6.251856684684753418e-04
-6.248727440834045410e-04
-6.245598196983337402e-04
-6.243512034416198730e-04
-6.240680813789367676e-04
-6.239339709281921387e-04
-6.238073110580444336e-04
-6.236582994461059570e-04
-6.235912442207336426e-04
-6.235241889953613281e-04
-6.234720349311828613e-04
-6.234347820281982422e-04
-6.235837936401367188e-04
-6.237179040908813477e-04
-6.237402558326721191e-04
-6.239190697669982910e-04
-6.241202354431152344e-04
-6.245151162147521973e-04
-6.246864795684814453e-04
-6.250217556953430176e-04
-6.253421306610107422e-04
-6.256774067878723145e-04
-6.260052323341369629e-04
-6.264671683311462402e-04
-6.267949938774108887e-04
-6.276965141296386719e-04
-6.281360983848571777e-04
-6.287321448326110840e-04
-6.292238831520080566e-04
-6.298199295997619629e-04
-6.303861737251281738e-04
-6.322562694549560547e-04
-6.328970193862915039e-04
-6.342977285385131836e-04
-6.350502371788024902e-04
-6.357356905937194824e-04
-6.365031003952026367e-04
-6.373301148414611816e-04
-6.398335099220275879e-04
-6.407424807548522949e-04
-6.425008177757263184e-04
-6.434842944145202637e-04
-6.444379687309265137e-04
-6.453916430473327637e-04
-6.463751196861267090e-04
-6.483122706413269043e-04
-6.494298577308654785e-04
-6.505027413368225098e-04
-6.515756249427795410e-04
-6.526112556457519531e-04
-6.537809967994689941e-04
-6.548762321472167969e-04
-6.560012698173522949e-04
-6.571412086486816406e-04
-6.595253944396972656e-04
-6.606876850128173828e-04
-6.618797779083251953e-04
-6.631612777709960938e-04
-6.643757224082946777e-04
-6.656721234321594238e-04
-6.669834256172180176e-04
-6.682798266410827637e-04
-6.695464253425598145e-04
-6.708279252052307129e-04
-6.721243262290954590e-04
-6.735101342201232910e-04
-6.748437881469726562e-04
-6.762221455574035645e-04
-6.789490580558776855e-04
-6.803572177886962891e-04
-6.818026304244995117e-04
-6.861165165901184082e-04
-6.875470280647277832e-04
-6.890743970870971680e-04
-6.905794143676757812e-04
-6.935521960258483887e-04
-6.950274109840393066e-04
-6.965547800064086914e-04
-6.980970501899719238e-04
-7.012039422988891602e-04
-7.027387619018554688e-04
-7.043853402137756348e-04
-7.059052586555480957e-04
-7.075294852256774902e-04
-7.090717554092407227e-04
-7.106512784957885742e-04
-7.123723626136779785e-04
-7.155984640121459961e-04
-7.172375917434692383e-04
-7.188692688941955566e-04
-7.205083966255187988e-04
-7.221698760986328125e-04
-7.271617650985717773e-04
-7.288977503776550293e-04
-7.357746362686157227e-04
-7.391571998596191406e-04
-7.410049438476562500e-04
-7.426813244819641113e-04
-7.444322109222412109e-04
-7.461681962013244629e-04
-7.479563355445861816e-04
-7.515326142311096191e-04
-7.550567388534545898e-04
-7.568448781967163086e-04
-7.585957646369934082e-04
-7.603839039802551270e-04
-7.622316479682922363e-04
-7.676258683204650879e-04
-7.712766528129577637e-04
-7.748901844024658203e-04
-7.767677307128906250e-04
-7.785633206367492676e-04
-7.803589105606079102e-04
-7.821992039680480957e-04
-7.858723402023315430e-04
-7.877424359321594238e-04
-7.896125316619873047e-04
-7.914677262306213379e-04
-7.932931184768676758e-04
-7.951781153678894043e-04
-7.988885045051574707e-04
-8.025988936424255371e-04
-8.081719279289245605e-04
-8.100196719169616699e-04
-8.137673139572143555e-04
-8.157342672348022461e-04
-8.194074034690856934e-04
-8.212700486183166504e-04
-8.231475949287414551e-04
-8.250549435615539551e-04
-8.269622921943664551e-04
-8.287504315376281738e-04
-8.306875824928283691e-04
-8.325353264808654785e-04
-8.362978696823120117e-04
-8.381530642509460449e-04
-8.400455117225646973e-04
-8.419230580329895020e-04
-8.437708020210266113e-04
-8.456781506538391113e-04
-8.475556969642639160e-04
-8.512660861015319824e-04
-8.530914783477783203e-04
-8.550062775611877441e-04
-8.569061756134033203e-04
-8.587166666984558105e-04
-8.606240153312683105e-04
-8.624270558357238770e-04
-8.642524480819702148e-04
-8.662045001983642578e-04
-8.680447936058044434e-04
-8.735880255699157715e-04
-8.754059672355651855e-04
-8.773207664489746094e-04
-8.791014552116394043e-04
-8.809939026832580566e-04
-8.828267455101013184e-04
-8.846595883369445801e-04
-8.864626288414001465e-04
-8.901208639144897461e-04
-8.937567472457885742e-04
-8.955970406532287598e-04
-8.974224328994750977e-04
-8.992701768875122070e-04
-9.010583162307739258e-04
-9.028837084770202637e-04
-9.046792984008789062e-04
-9.064450860023498535e-04
-9.100362658500671387e-04
-9.118244051933288574e-04
-9.135529398918151855e-04
-9.154528379440307617e-04
-9.189844131469726562e-04
-9.206905961036682129e-04
-9.224712848663330078e-04
-9.241998195648193359e-04
-9.260028600692749023e-04
-9.277686476707458496e-04
-9.295344352722167969e-04
-9.312108159065246582e-04
-9.347423911094665527e-04
-9.364187717437744141e-04
-9.381696581840515137e-04
-9.415671229362487793e-04
-9.432509541511535645e-04
-9.449422359466552734e-04
-9.466782212257385254e-04
-9.501054883003234863e-04
-9.517222642898559570e-04
-9.533911943435668945e-04
-9.551122784614562988e-04
-9.567663073539733887e-04
-9.584203362464904785e-04
-9.633302688598632812e-04
-9.649470448493957520e-04
-9.665861725807189941e-04
-9.730085730552673340e-04
-9.745582938194274902e-04
-9.777992963790893555e-04
-9.793862700462341309e-04
-9.809806942939758301e-04
-9.825378656387329102e-04
-9.840354323387145996e-04
-9.901896119117736816e-04
-9.916648268699645996e-04
-9.931400418281555176e-04
-9.962171316146850586e-04
-9.992420673370361328e-04
-1.000635325908660889e-03
-1.002132892608642578e-03
-1.005053520202636719e-03
-1.007892191410064697e-03
-1.010686159133911133e-03
-1.012176275253295898e-03
-1.013539731502532959e-03
-1.014865934848785400e-03
-1.016326248645782471e-03
-1.019053161144256592e-03
-1.020401716232299805e-03
-1.023091375827789307e-03
-1.027010381221771240e-03
-1.030944287776947021e-03
-1.032195985317230225e-03
-1.033477485179901123e-03
-1.034744083881378174e-03
-1.036033034324645996e-03
-1.038439571857452393e-03
-1.039691269397735596e-03
-1.040861010551452637e-03
-1.042120158672332764e-03
-1.043312251567840576e-03
-1.044459640979766846e-03
-1.045644283294677734e-03
-1.046754419803619385e-03
-1.048006117343902588e-03
-1.050271093845367432e-03
-1.051373779773712158e-03
-1.052439212799072266e-03
-1.053497195243835449e-03
-1.054681837558746338e-03
-1.055732369422912598e-03
-1.056768000125885010e-03
-1.057855784893035889e-03
-1.058883965015411377e-03
-1.059941947460174561e-03
-1.061007380485534668e-03
-1.063004136085510254e-03
-1.064941287040710449e-03
-1.065917313098907471e-03
-1.066915690898895264e-03
-1.068718731403350830e-03
-1.069724559783935547e-03
-1.070618629455566406e-03
-1.071549952030181885e-03
-1.072399318218231201e-03
-1.073293387889862061e-03
-1.074209809303283691e-03
-1.074999570846557617e-03
-1.075871288776397705e-03
-1.076705753803253174e-03
-1.077517867088317871e-03
-1.078270375728607178e-03
-1.079916954040527344e-03
-1.080699265003204346e-03
-1.081436872482299805e-03
-1.082181930541992188e-03
-1.082897186279296875e-03
-1.083694398403167725e-03
-1.084424555301666260e-03
-1.087777316570281982e-03
-1.088395714759826660e-03
-1.089021563529968262e-03
-1.089595258235931396e-03
-1.090206205844879150e-03
-1.090787351131439209e-03
-1.091338694095611572e-03
-1.091867685317993164e-03
-1.092478632926940918e-03
-1.093007624149322510e-03
-1.094013452529907227e-03
-1.094520092010498047e-03
-1.095034182071685791e-03
-1.095920801162719727e-03
-1.096375286579132080e-03
-1.097157597541809082e-03
-1.097947359085083008e-03
-1.098364591598510742e-03
-1.098699867725372314e-03
-1.099020242691040039e-03
-1.099355518817901611e-03
-1.099683344364166260e-03
-1.100249588489532471e-03
-1.100488007068634033e-03
-1.101225614547729492e-03
-1.101441681385040283e-03
-1.101650297641754150e-03
-1.101844012737274170e-03
-1.102022826671600342e-03
-1.102082431316375732e-03
-1.102276146411895752e-03
-1.102648675441741943e-03
-1.102708280086517334e-03
-1.102752983570098877e-03
-1.102827489376068115e-03
-1.102916896343231201e-03
-1.102857291698455811e-03
-1.102834939956665039e-03
-1.102872192859649658e-03
-1.102857291698455811e-03
-1.102752983570098877e-03
-1.102663576602935791e-03
-1.102581620216369629e-03
-1.102440059185028076e-03
-1.102298498153686523e-03
-1.102186739444732666e-03
-1.102060079574584961e-03
-1.101829111576080322e-03
-1.101262867450714111e-03
-1.101054251194000244e-03
-1.100771129131317139e-03
-1.100540161132812500e-03
-1.100219786167144775e-03
-1.099906861782073975e-03
-1.099601387977600098e-03
-1.099266111850738525e-03
-1.098893582820892334e-03
-1.098558306694030762e-03
-1.098178327083587646e-03
-1.097470521926879883e-03
-1.096926629543304443e-03
-1.095987856388092041e-03
-1.095518469810485840e-03
-1.095049083232879639e-03
-1.093961298465728760e-03
-1.093454658985137939e-03
-1.092866063117980957e-03
-1.091673970222473145e-03
-1.091085374355316162e-03
-1.089066267013549805e-03
-1.088418066501617432e-03
-1.087740063667297363e-03
-1.086957752704620361e-03
-1.086235046386718750e-03
-1.085512340068817139e-03
-1.083873212337493896e-03
-1.083068549633026123e-03
-1.082189381122589111e-03
-1.081407070159912109e-03
-1.080527901649475098e-03
-1.076869666576385498e-03
-1.075901091098785400e-03
-1.074932515621185303e-03
-1.073874533176422119e-03
-1.072868704795837402e-03
-1.071862876415252686e-03
-1.070775091648101807e-03
-1.068636775016784668e-03
-1.067586243152618408e-03
-1.066438853740692139e-03
-1.065269112586975098e-03
-1.064099371433258057e-03
-1.062862575054168701e-03
-1.061700284481048584e-03
-1.060470938682556152e-03
-1.059211790561676025e-03
-1.056678593158721924e-03
-1.055315136909484863e-03
-1.050017774105072021e-03
-1.048527657985687256e-03
-1.045703887939453125e-03
-1.044251024723052979e-03
-1.042731106281280518e-03
-1.041285693645477295e-03
-1.039765775203704834e-03
-1.038253307342529297e-03
-1.036651432514190674e-03
-1.035101711750030518e-03
-1.033440232276916504e-03
-1.031853258609771729e-03
-1.030229032039642334e-03
-1.028619706630706787e-03
-1.026883721351623535e-03
-1.025192439556121826e-03
-1.023493707180023193e-03
-1.021690666675567627e-03
-1.019962131977081299e-03
-1.018211245536804199e-03
-1.016363501548767090e-03
-1.014538109302520752e-03
-1.012720167636871338e-03
-1.008979976177215576e-03
-1.007072627544403076e-03
-1.003138720989227295e-03
-1.001223921775817871e-03
-9.992346167564392090e-04
-9.972229599952697754e-04
-9.951964020729064941e-04
-9.931623935699462891e-04
-9.910240769386291504e-04
-9.889379143714904785e-04
-9.847208857536315918e-04
-9.803771972656250000e-04
-9.759739041328430176e-04
-9.737089276313781738e-04
-9.715110063552856445e-04
-9.668618440628051758e-04
-9.645000100135803223e-04
-9.574070572853088379e-04
-9.549856185913085938e-04
-9.525194764137268066e-04
-9.501054883003234863e-04
-9.450986981391906738e-04
-9.425804018974304199e-04
-9.374246001243591309e-04
-9.348616003990173340e-04
-9.295791387557983398e-04
-9.268745779991149902e-04
-9.242668747901916504e-04
-9.214952588081359863e-04
-9.160190820693969727e-04
-9.132847189903259277e-04
-9.105056524276733398e-04
-9.076744318008422852e-04
-9.048506617546081543e-04
-9.018853306770324707e-04
-8.990615606307983398e-04
-8.932054042816162109e-04
-8.872449398040771484e-04
-8.842721581459045410e-04
-8.811876177787780762e-04
-8.751079440116882324e-04
-8.719936013221740723e-04
-8.688643574714660645e-04
-8.657202124595642090e-04
-8.625984191894531250e-04
-8.562207221984863281e-04
-8.497461676597595215e-04
-8.464157581329345703e-04
-8.398145437240600586e-04
-8.296296000480651855e-04
-8.261874318122863770e-04
-8.227750658988952637e-04
-8.192732930183410645e-04
-8.157491683959960938e-04
-8.123219013214111328e-04
-8.087754249572753906e-04
-8.051618933677673340e-04
-7.979869842529296875e-04
-7.942840456962585449e-04
-7.906034588813781738e-04
-7.869303226470947266e-04
-7.795318961143493652e-04
-7.757470011711120605e-04
-7.719770073890686035e-04
-7.681474089622497559e-04
-7.642954587936401367e-04
-7.604509592056274414e-04
-7.526502013206481934e-04
-7.487460970878601074e-04
-7.447749376296997070e-04
-7.407814264297485352e-04
-7.368549704551696777e-04
-7.327720522880554199e-04
-7.286667823791503906e-04
-7.245913147926330566e-04
-7.205531001091003418e-04
-7.122308015823364258e-04
-7.080361247062683105e-04
-6.996616721153259277e-04
-6.953552365303039551e-04
-6.867423653602600098e-04
-6.824806332588195801e-04
-6.737038493156433105e-04
-6.692856550216674805e-04
-6.649196147918701172e-04
-6.604120135307312012e-04
-6.559491157531738281e-04
-6.513744592666625977e-04
-6.468892097473144531e-04
-6.423592567443847656e-04
-6.377696990966796875e-04
-6.331428885459899902e-04
-6.239190697669982910e-04
-6.191730499267578125e-04
-6.145015358924865723e-04
-6.097555160522460938e-04
-6.002709269523620605e-04
-5.953237414360046387e-04
-5.904957652091979980e-04
-5.856677889823913574e-04
-5.807802081108093262e-04
-5.758926272392272949e-04
-5.659908056259155273e-04
-5.609542131423950195e-04
-5.560144782066345215e-04
-5.508884787559509277e-04
-5.458220839500427246e-04
-5.356371402740478516e-04
-5.304738879203796387e-04
-5.252882838249206543e-04
-5.200803279876708984e-04
-5.148425698280334473e-04
-5.096420645713806152e-04
-4.990547895431518555e-04
-4.936829209327697754e-04
-4.882812500000000000e-04
-4.721209406852722168e-04
-4.556104540824890137e-04
-4.500672221183776855e-04
-4.445537924766540527e-04
-4.389733076095581055e-04
-4.219785332679748535e-04
-4.163160920143127441e-04
-4.104748368263244629e-04
