-0.994071867377924
-0.911154524769611
-0.59304915381643
-0.234347386571703
-0.396534268873785
-0.640654453596645
-0.465089336523777
-0.239821652156656
-0.162013887181345
-0.114395842966419
-0.114413271339788
-0.160132957974203
-0.142000827006278
-0.113160859525496
-0.0091195352664132
-0.0662006471298121
-0.0866819890046449
-0.0783000670481885
-0.0392342640319836
-0.0754684472334324
-0.0194280521974832
-0.045107094353041
-0.0592268409396063
-0.0479620436092489
0.0156993554015265
-0.00990264976538452
-0.0218214141725242
-0.00109168934796923
-0.0208643977378086
-0.0104563616640457
-0.00370842397723745
-0.00833444231613978
-0.00581377017108195
0.0100188650921031
-0.00389214617180543
-0.00103543839415345
-0.0343557543750162
0.0170572016050284
0.0068295157790575
-0.014420133713351
-0.00495226045322407
0.00197514452625568
-0.0124471709616436
0.00379619967810576
-0.00228068395198838
-0.000780758700374737
-0.000606582955979338
0.00997873117051056
0.012569812526815
0.0287468110349086
-0.00527030173644694
-0.00955367475304543
0.00328000334324137
-0.00771653414320982
-0.0230024947893559
-0.0147323081959697
0.00606490871836567
-0.00228146687527836
-0.00443183354246888
0.00635029154987959
-0.00921541999793364
-0.0298751892168926
-0.000407679417501713
-0.00137650960089529
-0.0252649919941776
0.00254047468493737
-0.0260931420997689
-0.0010725557198614
0.00417112050329438
-0.0154514885295292
-0.00466096131574565
-0.0173879048051333
7.77244066208856e-05
0.0199161758013315
0.0118601380509567
-0.00529867599720611
-0.0136743126076715
0.0042052404031231
0.0237790728900337
-0.00190162854034661
0.00529805498808055
-0.0119650836647516
-0.00767696839747483
0.00333403545824892
0.00218329047178191
0.00657104376902253
0.0157332273948928
-0.0151198204406125
-0.0213228174356614
-0.0151100102665115
-0.00236464714822601
-0.0233116891224472
-0.0169194979768554
0.00354083222389784
-0.0254224924599615
-0.0361247142394381
-0.0229619527471354
-0.0236956815755585
-0.0116900460390247
0.000141420799925859
-0.00286743518047649
-0.00146324097393466
0.0146744428262221
0.00591915788648236
-0.00584214552673179
-0.000505585406021859
-0.00585293149996294
6.08212348519131e-05
-0.00247512413310687
-0.0105045908591522
-0.00244440381243088
0.00662103783892798
-0.00178519033780855
-0.00406075653589282
-0.0270080054079695
-0.00246257645782784
-0.00228893267520053
-0.0060647926126724
-0.00601594227323385
-0.00676507193689348
0.000922245537506593
-0.00367598038044285
-0.0253078485567178
-0.0101680240304374
-0.000533935733575975
-0.0116455419038813
-0.000921539530808334
-0.014227686949115
-0.000444571429511146
-0.00714743539829391
-0.00484479481756346
-8.96431603707097e-05
-0.00768425759753629
-0.0035262899234095
-0.00142905877556474
0.00125446464692387
-0.00291137977973065
-0.00767965494454576
-0.00532822156820605
-0.00304117406755255
-0.00255764790875363
-0.000893691237379508
9.64974619688402e-05
-0.000948219067024504
-0.000333268433529722
-0.00127956451664927
-0.00205731150571466
-0.00262262311161811
