-0.973226837511232
-0.982724187582769
-0.741268674695476
-0.394906397246435
-0.266933357288426
-0.395652442084991
-0.202435192575575
-0.0706308034412958
-0.243830279088318
-0.275689629385535
-0.21100383463331
-0.146544778619479
-0.243044658479855
-0.211089478273935
-0.0609530228041557
-0.0620749888615323
-0.0649211101500895
-0.0472226558247344
-0.0179073675147522
-0.00263878713828041
-0.00687984404005249
-0.0113365574959192
0.029595219830616
-0.111901168916632
-0.00880894469959955
0.0632404215503645
0.0118212020491649
0.00197671177350426
-0.0138674562497842
-0.0193526571120982
-0.0281437454647658
0.00306797485299119
-0.0196046761241093
0.0013877282794497
0.0275802100050052
0.0238091213519679
0.00696609714393583
0.0168954685854879
-0.0143062235714419
0.0307618347562733
0.0266694771644902
0.000542335830269915
-0.0114850591782256
-0.0399164632043888
-0.0279998989342907
-0.00424208469532057
0.000734495459609494
-0.0294209382393689
-0.00090118719370004
-0.029148336501388
-0.018586391139936
-0.0123070011758241
0.00423715654721851
0.00510215993837657
-0.0215531691702097
-0.000394187241746356
-0.00462193932396431
-0.00866602789508089
-0.00564209167991888
-0.0318875122228375
-0.014894157691958
0.0123624163859801
0.00452653120582307
-0.00217209865920775
0.00345606202851917
-0.0556189006799419
-0.0260144922895738
0.00184808829351453
0.00455521768761982
0.000419273817019436
0.0174110815131723
-0.0395917589789949
-0.0141160745165818
0.0133447786435121
-0.00058491631355328
0.00249940771917224
-0.00305567746860912
-0.00487898276401501
-0.0354191199542382
-0.00346333620016495
-0.00694421564176501
-0.0314877304789143
0.0264331610357777
-0.0572247346886073
-0.0321922958619077
-0.0105846588808124
-0.0588194595432976
-0.0284007335650069
-0.0144198272634271
-0.0384907700390304
-0.0479506669454784
0.0155242714087676
-0.0180115115227991
-0.0216150950068951
-0.0338360354818151
0.0106295278709403
-0.00543572251366589
-0.00199741669382625
-0.000798920465420563
-0.00430745950699558
-0.0147556907296966
-0.00102583937640539
0.00227528604977264
-0.000960560036409257
-0.013045814219078
-0.00224652930867937
-0.00570358235725254
-0.0192320509693399
-0.00833057671161074
-0.0134172551665009
0.000354072336359436
-0.00179512040783816
-0.000550543891702009
0.00276285250392334
-0.00303931073415887
0.00055530218031158
-0.00410585754918488
-0.000323289182805349
-0.00143852158643324
-0.00223848578402621
-0.00431881075889623
0.00467608489823437
-0.00439026142485793
-0.00680878484057606
-0.0060179070321536
-0.00131127959485237
0.00352434690170666
-0.00147091996695123
-0.00270184274709659
-0.0217308781697179
-0.00701883192278104
-0.00710792084934563
-0.00814202262486949
-0.00204775890487574
9.22759897717352e-05
-0.00228720669241717
0.000946281149494144
0.000355325829302448
0.000402551007989513
0.00115837016895679
-0.00274535573594864
-0.00248620035949567
-0.000897708025269964
-0.00134004186317654
-0.00097431830893865
-0.000451426631242823
-0.00201801363091214
-0.000719681678131078
