-0.993448941385066
-0.975296337651189
-0.454895772919423
-0.0940676052809891
-0.274857510816745
-0.319223093672713
-0.219646177180283
-0.148992478350048
-0.2313034767871
-0.280106518335294
-0.102345269058124
-0.0416360477594395
-0.0898724320927372
-0.192363406317394
-0.154850234926459
-0.130801310418998
-0.0427619332917535
-0.0565592256548607
-0.0897749754113117
-0.0772322859327549
-0.0120630601850298
-0.0639824151774617
-0.0210966923309045
-0.00821784132878381
-0.0171882960638659
-0.0369849794025866
-0.00763768327697625
-0.0198058119929014
-0.0151320833729298
-0.00691992975876217
0.00207195838008367
-0.0249645276184848
-0.0520129923088282
-0.0508208455116887
0.0112068265591352
-0.00474515434624409
-0.00849605166724905
-0.0238150361236345
0.0159209739884485
-0.000268261816147504
-0.0128393859670425
-0.012414400089355
-0.00546633234638125
-0.0110048878918796
0.0139507618123961
0.0289439009692623
0.00607803491462649
-0.00423394967257109
0.0318310813143832
0.00375676038776425
0.0133268620656761
0.00328616351026869
-0.00273095905013092
0.000835382052242577
-0.00942379958055967
0.00981646967197232
0.00773822263240535
-0.00730682362873116
0.000905767814072387
-0.00300535868883395
0.00326966010497157
-0.00624239274057808
-0.00108379607277564
-0.0139102451918585
-0.00304575115015977
0.0215022717191036
-0.00695939243135832
-0.000471189645364865
0.00303334285390241
0.000453301266557964
-0.00282048825658651
0.00127931055134812
-0.00827197599711275
0.00831541579075692
0.000307285847000446
-0.00623970230062022
-0.0135185152998639
0.00293068732658052
-0.00173861341022778
5.3030316554699e-05
0.00488372798486341
-0.00073798983764598
0.0144410527797474
0.00139578959362607
-0.00807238126987501
-0.000253379064885
0.000503413428714546
-0.00342804195076488
0.00130192289803006
-0.00377946990987946
0.00265128495550378
-0.0202937868621418
-0.00167367279639419
-0.00270249444379817
-0.00577805806466473
-0.0442782086023907
-0.0125451059748415
-0.0156431001866135
-0.00640473800699366
-0.00145873502166718
-0.00367256423930971
0.00225627536087008
0.00293063008280539
0.000997907989752276
-2.13309056009423e-05
-0.00250809556480356
0.00723177212479823
0.00257663724061403
-0.00800345697098417
-0.00351172753987329
-0.00341278627691636
0.0103038883867469
-0.011730799538367
0.00153487708535147
-0.00775789468021828
0.00138330918372966
-0.00378714591423782
-0.0117461788259681
-0.00570702865644472
-0.00756645908036625
-0.0317313564497165
0.00504302028874312
-0.00264968588897001
-0.0170360442445365
-0.00352982574906198
-0.000767002223015329
-0.0021522889437771
-0.00212175136880633
-0.00218599864869113
-0.00599151429551757
-0.0162805010016777
-0.000959782882672993
-0.000578776142014521
-0.00146609122954369
-0.00132766266094536
-0.000898877447483004
-0.00485467931560514
-0.00198988305453315
-0.00240017403877006
-0.00614880912115558
-0.00565218371728305
-0.00639046899424832
-0.00430154607121192
-0.000523472396463396
-0.00571215685722747
-0.00823951815953062
-0.00869354685399115
-0.00869354685399118
