-0.952907481069995
-0.970877392274378
-0.732120446091195
-0.467980484898382
-0.227519977469971
-0.311344672701494
-0.261810584047364
-0.217046785494786
-0.250624937528685
-0.225892867821896
-0.244109345723615
-0.30773696131047
-0.261131253753003
-0.125990400058527
-0.0892994643496889
-0.0337124500759728
-0.0288514764079149
-0.0138274390137643
-0.0401168161757114
-0.0744343440148457
-0.00952789292212353
-0.014806503683699
0.00375515841954084
-0.0115856747702995
-0.000263754338043293
-0.0229068331668524
-0.0401445855083228
-0.0969470817365959
-0.0391642171016792
0.0353762479673609
-0.0107063745153928
0.00553438777759709
-0.0188141325978467
0.0350923837328374
-0.000867202792508788
0.00658959614643854
-0.00131380669173564
-0.000696259045455268
0.000445837863248375
0.00310349740187533
-0.00123309516098741
-0.00908540306805912
0.00103467773006292
-0.00565717313105351
-0.00772612494011222
-0.0060193328378882
0.00708074703505926
0.00625266577380344
0.010640822695304
0.0214987083722506
0.0102230239286044
0.0215151699731024
-0.000239481153124259
0.0171274274965527
0.00564786349326592
-0.00453707152223093
-0.00859113374024322
0.00534824627904033
0.00880112226180472
-0.0110422523243045
0.00403840403165806
-0.00122341546438102
-0.0233587759492256
-0.00548601029472923
0.0217983887922612
0.00105829568341697
-0.0067140015616876
-0.0154664523752205
-0.00646251323112711
-0.00533204539930402
0.0109741571694696
-0.00526863271657823
-0.0234834775103715
-0.0306311555497928
-0.0131115497101693
0.0112728933067792
0.00170450814162547
0.0122636174897851
0.00879051132182871
0.00490399668889195
0.0037022934983764
0.00796151914292866
-0.00817691180066739
-6.69334127867535e-06
-0.00829996501886021
0.017428025132946
0.00592847014444828
-0.00805368170597795
-0.00485231666908607
0.00282365347870119
-0.0133565638235903
0.00395021650905749
0.00761016775643312
0.000144282753885408
-0.0114374805604989
-0.00501670394474821
0.00211588235844803
0.00448154218098668
0.00611695680993022
-0.0122683679679446
0.00525309011472129
-0.00468510482164949
-0.00238241815479839
-0.00716570143688046
-0.0023328928346324
-0.00713505089988174
-0.0194351882945056
-0.00322350616053091
-0.013716595905828
-0.00510934915944781
-0.0149164766832243
-0.00270344966082145
-0.00121175887942515
-0.0123631890030115
-0.0189523032788402
0.00209972472154352
-0.00225323335447791
-0.00627189529324589
-0.000690739021830628
-0.00497322060360966
0.00238106353455673
-0.00404826900917114
-0.000966602498988172
-0.00915225362788106
-0.0102151941218814
-0.0343583373078652
-0.00558017715363918
-0.0156499559033662
-0.0119568458231422
-0.00602633975767628
-0.00710073115608818
-0.00538603064225341
-0.014070513257588
-0.00159913614823949
-0.00108958465710449
-0.00193828922684994
-0.00249902824915289
-0.00124055133613441
-0.00281629928310064
-0.0176517424530019
-0.0189349455668687
-0.0107172481222774
-0.00997656958841302
-0.000433153445574189
-0.000633393640636936
-0.000641493229582714
-0.00150139874989756
-0.00121608594982999
