-0.968430518226487
-0.934422765050945
-0.473792023695834
-0.109594598369652
-0.426812442219369
-0.586396269233307
-0.415771587943747
-0.214012228725569
-0.102985763193474
-0.056748396481161
-0.125879637563721
-0.346182131471321
-0.323831122501668
-0.0878308222395411
-0.124330435415896
-0.180322427074228
-0.100969872555947
-0.0604970843807665
-0.0636386006048795
-0.0375482194892686
0.00798986739418311
-0.0105925499705177
-0.10913765369064
-0.106922718376914
-0.136646075529905
-0.00877613917699111
-0.137368893504565
-0.0468008305127735
-0.0305858521363542
0.000404063410108894
0.0246676558831909
-0.0199807269861416
-0.150956445120588
-0.11616619828261
-0.0250111269798715
-0.0114646594876792
0.00825192974162704
-0.0249431127737379
-0.0603551319213764
-0.0472616994961358
0.035168905748289
0.0265743156839794
-0.0633196282703587
0.0147818825138903
-0.0286127213617861
-0.0212892394711877
0.0173646130039065
0.00798040783894691
-0.040515609758979
-0.000413742247772467
-0.00647896951588413
0.00789900049158393
0.00928744575327659
-0.00622699628375013
0.00148758506215292
0.00305913173276625
-0.0194431618250873
0.033231597731814
0.0196007114395218
-0.0229248417916043
-0.0226029374636178
0.013138861781104
0.00942798307502586
0.0170838455882338
0.0244977727170452
-0.00753429710631841
-0.0560442804567468
-0.00370177742309678
-0.0119564097057376
0.00292600583444155
0.027513290633774
0.013355765810556
0.0116617153314712
-0.0348575441453724
-0.00372181889628374
0.00241938591802502
-0.00379024674865275
-0.00434959129598518
-0.00500763535730434
0.000444389097672459
0.000403652236730623
-0.00820162336431034
-0.0190289608310393
-0.0283713361218902
-0.0461202898703965
0.00656573356315795
0.0234688176207234
-0.000498329664523039
0.0210355092727405
-0.00520841627426463
-4.56448388764293e-05
0.0033026879223273
0.00122426548858411
-0.00217373510975069
-0.0136402559218487
-0.0265792859852409
-0.0180668408945508
-0.00950484279288655
0.00269513824111104
-0.00254936643540531
0.000837383286331918
-0.004075972006674
-0.00131555776050466
0.00441527232530612
0.00352998828602124
-0.00303091815565122
0.00926655673517291
-0.00263148575685801
0.00144072699067523
-0.00253887150020407
-0.006320991330935
0.00920804930759039
0.00294307610229365
0.000837053194387663
0.00120769218539719
0.00284696401085193
-0.0206425044090121
-0.00825409605256382
-0.000570181553713557
0.00196508914127843
-0.00344667319706137
-0.00282481228217505
0.000370575132633084
0.0015447662839158
-0.00105212298670188
-0.00572972046680032
-0.00110494621102544
-0.0100591701902819
-0.00504438214278699
-0.00305176585105131
-0.00179224849183592
-0.00528039363657488
-0.00750969217369371
-0.00998246297145844
0.000864914251553332
-0.00759292057803072
-0.00793511180401493
-0.00426697157079603
-0.00470494671681968
-0.000862744854851326
-0.0119624265470932
-0.00947741329419151
-0.00868504711772354
-0.0211383798964151
-0.00287845056962132
-0.0117386608193031
-0.0193902287386174
-0.0189258520451164
