-0.985910561303692
-0.971231878588493
-0.72260998037853
-0.399918658022624
-0.155405387143904
-0.0638498329459912
-0.205167301667272
-0.133486236270617
-0.195948090607389
-0.158273200329556
-0.224405250440597
-0.0406439935824298
-0.044673086805857
-0.0684696706605738
-0.0651139640205489
-0.0456325184876587
-0.00705609033112096
-0.0449671065786351
-0.0547004197779481
-0.0197320238202471
0.00212149272591552
-0.00745189521932983
0.0115989038489417
0.00912874340183749
-0.0129058947618549
-0.0255956163983747
0.0275375546284865
-0.0415069057901898
-0.0187523066314433
-0.0206350957556005
-0.0115339872198452
0.00467472634951129
0.000404676951821082
0.0040023036368781
-0.000162850482324627
-0.0207759603530008
0.015343200344531
-0.0131513958933375
0.00657051501908513
0.00792186238574864
-0.00348105912174352
-0.0052856739974243
0.00427330767784461
0.0117915576891269
-0.0127430715886798
-0.0458664622832706
-0.00228030882048482
0.00609381346071121
-0.00365998294061393
-0.00520386801183474
-0.0327836972023925
-0.032465976092635
-0.00148187678346407
0.0028807183464661
0.0248257458589472
0.0145926125650307
-0.000180962251425529
-0.00594486288335124
-0.00859618341335024
-0.00313805449943695
-0.00940564238345398
-0.0147412759356895
0.00187303783512611
-0.00462652281457345
-0.0335060260042583
-0.0119010054036462
0.0121009102749879
-9.38118628700641e-05
0.00942548733570151
-0.00448292310014899
0.00529119053995376
0.00660958640580828
0.00550708337337629
0.00899478125554956
-0.000314502727205165
-0.00713942965765716
-0.00137001460472426
-0.0072153335766558
0.00342692908572173
0.00115153617894802
-0.00242157572060059
-0.0210030512790413
-0.00453192666282851
0.00131667170022344
-0.00170000099316932
0.00468001883476099
0.000506814808275245
-0.0125411585828606
-0.0123999528235719
-0.0258739917374835
-0.00920285002784967
-0.0315716021815661
-0.0157056775402776
-6.13855021854206e-05
-0.00162309699812128
0.00127626447579458
0.00139715696471205
-0.0122577671818082
0.0179283383599705
0.000524788650362745
0.00778068156986234
-0.0164355640557929
0.00241859531840316
-0.00262966508350507
-0.00794293962888401
-0.00850877862178292
0.000909836690042679
0.012401975196887
-0.000684342560419463
0.00132143306156438
-0.0107903727301223
-0.00529738631667004
-1.66710804732301e-05
-0.00118613392262994
-8.55947490585153e-05
0.00270757195656916
-0.00448612217843778
-0.00293041980813257
-0.00207673274185994
0.000656272263034614
-0.000579467856489335
-0.00483771638501159
-0.0172974544448808
-0.0142453457118162
0.00117184394553447
0.00271479164724546
0.00074818693604104
-2.62947636840718e-05
5.57926552741039e-05
-0.000587517729681622
0.00444614676323349
-0.00470755867374026
-0.00046802629056358
0.000187462116028513
-0.000407024205104889
7.4548148789916e-07
7.56369901597561e-05
-0.00683511943001204
-0.00053333487900311
-1.25693530775423e-05
-0.00046326794556244
-0.000703552395973344
0.000369921123041966
-0.00165628643249116
-6.46056268852677e-05
-0.00258222055352368
-0.00440361716905281
-0.000188806689479569
