-0.975625009683102
-0.710693079450213
-0.236479626947207
-0.155068942836268
-0.21678171491283
-0.236928081545831
-0.151813664747353
-0.0775054936831431
-0.0531706389268275
-0.060288764500895
-0.119889796177692
-0.250143895293143
-0.197940736178196
-0.0292913920845246
-0.0283890426098503
-0.144490210446914
-0.0861701003424372
-0.00109268517309722
-0.0488005968455156
-0.0145002759090575
-0.00802239780911696
-0.0440003205759276
-0.0661568427773914
-0.0282450251294681
-0.00694785976265015
-0.0377473160093799
0.00700745011950635
-0.0100124711799613
-0.00146822097678804
-0.0392237121805076
-0.0172525489382116
-0.0105232750477777
0.0035846218746371
-0.0283173195456828
-0.0703964763677261
0.01448759854115
-0.0500389397189699
0.00485340662989792
-0.00485351894432252
-0.00342326670609324
0.0221541634159689
-0.0178114544265624
-0.0411082358637215
-0.0154812131281829
0.00827770881434831
-0.0126456378193649
-0.0613925785944192
-0.0139540109484668
0.0269390249844949
-0.025496870914358
-0.0559046412250634
-0.011547736920597
0.00573997443575363
-0.0136801275568266
-0.0147798823531645
-0.0188521341070853
-0.0463729116398105
0.00353211079406518
-0.00701146304094895
0.0174972896538823
-0.00539167457353065
-0.00427264278199376
0.00120006527412337
-0.00239436191432369
-0.00789132553554089
-0.0199221858024336
0.00168421163855362
-0.00286347852455058
0.00805955267935868
-0.0564621008816229
-0.00165446986410942
0.00712180807237833
-0.0394173111018347
0.00814028562529507
-0.0171217513334136
-0.066686878829528
-9.24073920523238e-06
0.00847996650355697
-0.0434168375568261
-0.000438176138450294
0.0051577215544096
-0.0285234086618128
-0.0271187576759773
-0.00855468026847461
0.0077578998776654
-0.00131023195761653
0.000666825130009338
0.00882819287276788
-0.00913031819088921
0.0155727320880313
0.0110350683830422
0.00378184347314775
-0.0204380730167815
2.90661058010636e-05
-0.00352162921178077
0.000408669965505363
-0.00706926441894521
0.00403502515463416
-0.0276123259060677
-0.017342771538333
-0.00954866105737218
-0.00923160728976064
0.00451261052165544
0.000251680815913793
-0.029004156313331
-0.00933662258970183
-0.000305678339678508
-0.0177378905412283
-0.00270670300527304
-0.018543734140131
-0.00575911373306029
-0.000618882225111102
0.001780881263504
0.0062388041230436
0.0050522702934426
-0.00375361976385936
-0.00855753410768363
0.00407754456042521
-0.00425670772205874
-0.0217468192297957
0.000995134649267396
-0.0148589142841342
-0.00931460392265745
-0.00161941697714972
0.0100077520109022
-0.029856887994097
-0.0260518745088622
-0.00765718965131378
-0.0012189865589637
-0.00434339123165962
9.95833479247804e-07
-0.0120985149711156
-0.0141350916110215
-0.0156357597227726
-0.000136741645764419
-0.0110397809422016
-0.0108072526866232
-0.00873518876263714
-0.00569424318480263
-0.00595280522726522
-0.00870520906030464
-0.0140165736578273
-0.00108503574477288
-0.00632477794850896
-0.00994284936796905
-0.0136863189659477
-0.014992404779235
-0.0205462971672112
