-0.975548627513281
-0.908301284504092
-0.493598876741393
-0.248528710842783
-0.578794772126016
-0.371844572834651
-0.0804350698345034
-0.0668372842036903
-0.181729143262759
-0.182278242560901
-0.0736428062248076
0.0365866374930038
-0.0714221359994738
-0.0458253336200618
-0.0553275167959443
-0.063292502007382
-0.0940279480125636
-0.0265443424790241
0.0203758464082038
0.00455971894349915
0.000951895945818487
0.00358971272625691
-0.00320648736513327
0.00213969956775475
-0.0458667857937617
-0.0327167539318289
-0.00661113171959723
0.000913270674282732
-0.0204299025911878
0.00285585959761472
-0.00266970332102548
0.000848933368694766
-0.00150994180934852
0.000332278982452115
0.00732547135425464
-0.00595606529009876
0.026762058175014
0.00746762869511825
-0.0221713085903413
-0.00289267282924277
0.00294682801433149
-0.000488365242838388
0.000803611558037489
-0.0196625979920763
0.00718834197896334
0.00512364742675489
-0.0187599527542131
-0.0161410080897683
-0.00399205380448509
-0.00555604902868477
0.00411321587730378
-0.0318518854028358
-0.0166940957726994
-0.0479556407391758
-0.0324301120342786
-0.00720904819387089
-0.0281441082729174
-0.0115367750814695
-0.057673585939314
0.000759059827865609
-0.00553298839727087
-0.0183533259854189
0.000141881697570746
0.00292092017907483
0.0112667783559715
-0.011182945594575
0.00269744142070949
-0.00592969814298513
-0.00194453231275257
-0.00977894779448413
-0.0240011547500282
-0.00094893642129969
0.0129215809122563
-0.0327954442517852
-0.0187029536126123
-0.00700815728021404
-0.0309439427497741
-0.00973953652928569
0.00298808488182898
-0.00363450816433256
-0.00266847382604424
-0.00378147144360372
0.0116558137527797
-0.0164125619811273
0.00325872974031622
-0.00797912908161023
-0.0111741665137179
-6.14090493608293e-05
-0.00364883252580822
-0.0327028953404741
-0.00228134229837329
-0.00265093806089242
-0.0286020617635979
-0.0205354070403447
-0.0280109762830836
-0.0354591632422441
0.000407288419342204
-0.00141217467949111
-0.0165431564466803
-0.0182231062076256
0.00151862233838815
-0.00376191248309961
-0.00250698149584479
-0.000842436099829395
-0.00102680881493602
0.0181923218884036
-0.00416825698861122
-0.0224219292537503
-0.0052230367634042
0.000524832141629095
-0.00425443634708259
-0.00324198486189599
-0.00349583866162481
-0.00938448023781828
-0.0240870100340725
-0.00983390494872654
-0.00718139127564626
-0.000429189235305001
-0.000564561876266308
-0.000854227754702064
-0.00218243792330972
-0.00239500132200417
-0.00359535031587845
-0.00184498207236827
-0.0178636022008286
-0.00325698340553546
-0.00123300636305998
-0.000741641231996234
0.00147820371977986
-0.00166576138318274
-0.00393804266651112
-0.00223023648173283
-0.00562973391318413
-0.00617309827702901
-0.000680081571943522
-0.0079420755620647
-0.0129726895431415
-0.00551010719406798
-0.00331472719650454
-0.0106795177944293
-0.0148963350699429
-0.00354262710359321
-0.00485018364514146
-0.00593248743962064
-0.0092026839250673
-0.00314219875721074
-0.00371120126891656
-0.00469389765405176
