-0.986359210351635
-0.952434015702911
-0.808234118131314
-0.216261767959793
-0.131405435515271
-0.263177813420068
-0.133887345093908
-0.229815545631118
-0.212091469787007
-0.110356510470518
-0.0249701864479366
-0.111514364939506
-0.149274278526563
-0.148601004440211
-0.157645452505579
-0.00633671055882477
-0.0542458281868643
-0.0579150503525585
-0.0472112252296389
-0.0270073664687869
-0.00492128475566912
-0.0280395895430849
-0.0403704220914224
-0.0579058104890293
-0.0431373334005839
-0.0225313898980383
-0.0658804337590042
-0.0299844361070987
0.00668152976523774
0.00720453950721937
0.025491865451653
0.000578615084283675
-0.00717766835404332
-0.00373417177117911
-0.00777997195998321
0.00711633985871644
-0.00290756393540571
-0.00347272573024909
0.000672067021069163
-0.0165380967134095
-0.0107644938947793
0.00890844788131136
-0.00227995220366846
-0.000999545578488857
-0.00483954004641702
-0.0093284108672257
-0.00187414045908953
-0.0133364014711639
-0.00752906561691344
-0.0075896728247562
0.0273077451594672
0.00556528732183306
0.0254233646686237
-0.00126707185027478
-0.0013406994083335
-0.000834850035205207
-0.00273238240473198
0.00211029743684702
-0.00327713469953766
-0.00991300092850509
-0.000469470655047578
0.015122502184283
-0.000300860578151308
0.00112971414349675
-0.00751389621008676
0.015818568230963
-0.00480501330241479
0.00174883981175249
0.0234197578564667
0.000452145355854155
0.00359795110760966
-0.00177336326022965
0.00369072626028486
0.00104802478007703
-0.00327459863520108
0.000629104702560991
-0.00177798879202553
-0.0174467982235522
0.000642465334178393
-0.00102956618887103
0.00633860174863117
-0.00751976668621499
0.00311130314038459
0.0062195697542844
-0.00667667294279368
-0.00643428849742092
0.0021474875226013
0.000292797003072342
-0.012266734718452
-0.000804075721509693
-0.000426399506842555
-0.00566592369943804
-0.00963535895159063
-0.0166885770940303
0.000612270498903254
-0.00609416524367374
-0.00241256934428096
-0.00333460380300359
-0.00596484300677564
-0.00581449474657833
-0.000691136333730352
-0.000745704999601477
-0.00100356186762399
-0.000196082961348967
0.0101637447080795
-0.000245303375915237
0.0054472755534499
-0.00368841617039073
-0.00278170433705572
-0.00866127784824217
4.56904178781515e-05
0.00100916357842893
-0.0122383653825419
-0.00837436081640521
-0.00124962200420344
-0.00281155231651192
-0.000181654600416695
-0.00334631088706952
-0.00358169305470075
-0.00196802598520567
0.000424146690417961
-0.00238387394328374
0.00167477488929289
-3.46384703604611e-06
-0.0038642233358191
-0.00374468741886983
-0.00973134217621155
-0.00156554374576354
-0.000201913147389555
2.23152492627666e-05
-0.000163461219404317
-1.30380946420138e-05
-0.00154608160957432
-0.00916122016210613
-0.00246115531347228
-0.000778713355616637
-0.00023133428276687
0.000701391704520657
-0.00597709586279386
-0.00319368207020903
5.80222170201063e-05
-0.00203182906753482
-0.00648449535422224
-0.00285961350455646
-0.00231649712115464
-0.011021820599985
-0.00309838480419406
-0.00268838229649571
