-0.995498415841562
-0.990155516653516
-0.974911142075769
-0.833698036177049
-0.505783734525002
-0.259866724601441
-0.298430461566002
-0.0944089117876699
-0.0681220739302219
-0.120393460117817
-0.128159056164496
-0.107715244779325
-0.138259330653304
-0.0435022641951195
-0.0154836687125861
-0.134304618463834
-0.175828666262364
-0.191631509703795
-0.129405367319674
-0.138875731035916
-0.155608472988538
-0.041102701253528
0.0525893786324748
-0.00117589409657028
-0.0228247433271753
-0.0361380549450307
-0.0469661821636055
-0.03628953803258
-0.0467999546747186
-0.00762624992076259
0.00142732923700762
-0.0243253360818409
0.0350761565951338
-0.0283780035203303
0.0188732358618741
-0.0100037422526936
0.00264890900387746
-0.0110975800872489
-0.0184062116364409
-0.00201978757102265
-0.0190589168017494
-0.0206763368527686
0.00341687290177292
-0.00889468740020459
0.0109580673338176
0.00150501544731734
-0.0136007293988738
-0.0370486122787882
-0.048726070021303
-0.0204411879145503
0.0116355262348977
-0.00226215955543855
-0.00428670638467319
0.0110410384724124
-0.0201494872129046
-0.0170589214152551
0.0210304748281308
0.00888830507275654
-0.00461485337206767
0.000482271039348423
0.020103783019281
-0.0242453479941344
-0.0201691933437122
-0.0202032734864804
-0.00102390824162811
-0.0076536764068671
-0.00765838784039993
-0.0131748391123452
-0.00258165800224401
0.00484643729532041
0.00233207090365347
-0.00652051974656321
0.00997490770138018
-0.00067944271610765
-0.00241503474574289
-0.00184544420366708
-0.0167711379318645
-0.00794717670885738
-0.0127553430261993
-0.0244634302931705
-0.0270996797775653
0.0130448702930974
0.00278677197534221
-0.0043960687417035
0.0118003624319481
-0.00262285475242971
-0.0183651295435587
-0.0158571642415733
-0.0018514098400757
-0.00186331620486575
0.00519083202983067
-0.00170286172505358
-0.00335977743505242
-0.00651263723845612
0.000397046242904558
-0.0106777809221815
-0.00129888689104545
-0.00147431413984276
0.0011906996899045
-0.00149575454609371
0.00195953109020278
-0.000926338154250818
-0.00242720024450171
-0.00903025502966122
-0.0213064690354208
-0.00729419060527966
-0.00262314895689721
-0.0109730670469372
0.0021605471398079
0.00160710528843312
0.00226691947788447
-0.0106049590238354
-0.00963567715670035
-0.00188018840861615
0.00118300881112453
-0.00839936531755101
-0.0103654569239928
-0.0354046052337705
-0.00694935765203006
-0.00866502649499713
-0.00198528699029456
-0.00250984279263182
-0.00309880780156827
-0.00416955358032806
-0.00183584213186941
0.000627178665810051
0.000215572380956362
-0.00224954365846939
-0.00258772299159196
0.000710019851135793
-0.00172401394338084
-0.00119397379122497
-0.00113809222565731
-0.000666725552367082
-0.00179527592134246
-0.00385951887376359
-0.00374596248472513
-0.000746295491571114
0.000630631548394589
-0.00643634987431953
-0.00668637655223516
-0.00310150416507381
-0.00447612547023876
-0.000266442000093937
6.83239356356697e-05
-0.00105857832458674
-0.00187919217453752
-0.00140710338290175
