-0.978370486009192
-0.875487520953989
-0.537944828433183
-0.228049140525387
-0.337937871780233
-0.501740033246027
-0.242085454883422
-0.0756122880976598
-0.0897721016275559
-0.0568246358687122
-0.162257346904383
-0.113870202266709
-0.0866941862087535
-0.0491778228004841
-0.0327018965368165
-0.0354643615459549
-0.00170279407383453
-0.0308854296286152
-0.0311787711001905
0.0057474497872888
-0.0189423039085533
-0.0803359268217555
-0.0288907558956164
0.00152253355035749
-0.0102831586120887
-0.0138279899144556
-0.0864633820468671
0.0245779230305242
-0.0138134989358297
-0.0192436494883162
-0.0186552952350379
-0.00805288186552469
-0.0400479540554727
-0.0179789294873593
0.0224061345275396
0.00562819101161136
-0.0248348217569176
-0.00046335577647265
-0.0178266343296293
-0.0388567976099704
-0.00593745411461702
-0.00453026148066785
-0.00644507923688938
0.000549901872735629
0.00605382676991969
0.0269235073360819
0.014763945836454
0.0072684235390121
0.00013755916525515
0.0171364148269113
-0.000889732376409809
-0.028683027757511
0.0149557055199137
-0.0204328002077803
-0.0108172337288952
0.00190511193287702
0.000520424824186898
0.00114706428643436
-0.0129115071748684
-0.00572225412225743
-0.0125565097213819
0.0337070528364976
0.00337136709901833
-0.000896667383047839
0.00917334894491711
-0.00310900200472285
0.00273660164170608
-0.00179407982869024
-0.0114932889299565
-0.0194543036847252
-0.00814363182830699
-0.00854424957797621
-0.00255127727662301
-0.00870972058141235
0.00729693821611216
0.00158844164022518
0.00805845142443785
-0.00426859254718325
-0.00452048162591212
-0.00851672605706779
0.00831919656087559
-0.0146895462770151
-0.0322994397784462
-0.00634007314664242
-0.00068469818223886
-0.00813198618810104
-0.000291829588136867
-0.00834035816149475
-0.000755901688866902
-0.017815582496221
-0.00748434612199545
-0.00109843509419274
-0.00082031822187712
0.0024838580449108
0.00569330008700683
-0.00180237345920566
0.00050112546424588
0.00660075486796146
-0.00634606994079533
-0.012671179773148
0.00558039025269698
-0.0129126032948918
-0.00980552867871849
0.00441133079322415
0.00388826803162502
0.0113701358192222
-0.00597353134900056
-0.00513712599449352
-0.00217602932209344
-0.0026415639653764
-0.00604125631844071
-0.000778784322804701
-0.00238506671932664
-0.0169130389011
7.84861546734418e-05
0.00302937981566254
0.000289558080380892
-0.00403710096764989
-0.00248588375112765
-0.00767292131011136
-0.00692962270245396
-0.013041726491115
0.000159556735129178
-0.00224036369733841
-0.00538336885412584
-0.00186464415579778
-0.000476253304592703
0.00115494183800038
-0.00129744647136781
-0.014145069282539
-0.00236043615441055
0.0012283472496449
-0.0023450473287535
-0.00245376656318066
0.000463508167805859
-0.00038412489847868
-0.0031541066979662
-0.0050785084296972
-0.00218391175564565
-0.0012439412881722
-0.000737873271566262
-0.00472118174839445
-0.00057784419154106
-0.000208553054639171
-0.00280011146191386
-0.00232307286632156
-0.00512649927125476
-0.00032806703767421
