-0.964525664225295
-0.964525664225295
-0.964525664225296
-0.964525664225296
-0.964525664225297
-0.964525664225298
-0.964525664225299
-0.964525664225299
-0.9645256642253
-0.964525664225301
-0.964525664225302
-0.964525664225302
-0.964525664225303
-0.964525664225304
-0.964525664225305
-0.964525664225306
-0.96436058585982
-0.957876549440069
-0.946816574266409
-0.893706915339765
-0.787332473148816
-0.681499213511214
-0.56376565111084
-0.394700381604523
-0.282222438816435
-0.29192766209385
-0.268016232746024
-0.242803177229763
-0.351208742816569
-0.436066111725757
-0.38534915049645
-0.358976663062228
-0.352807533031663
-0.254084005395098
-0.155097177780404
-0.141199196112468
-0.127874639114406
-0.0919108720986125
-0.116954608927425
-0.189505214477105
-0.218178630428792
-0.201223332019376
-0.196247849561799
-0.153010434114111
-0.0557839141995146
-0.0358893511667146
-0.0333385738867495
0.000415586151731914
-0.015348638213841
-0.0779620979501778
-0.0936803021122027
-0.0752816486849792
-0.0850470777355759
-0.0812601830438128
-0.0374287643812949
-0.0233103066511877
-0.00976249017016967
0.0145825164276966
0.00676331027523694
-0.00745566369087276
-0.0155951135166319
-0.0201804173207981
-0.0281721367096285
-0.0304710416607903
-0.019828066416366
-0.010125727134016
-0.004359412330165
0.00543456895541205
0.00580977060042572
-0.0194269535104093
-0.0354736760554546
-0.0340892818126144
-0.0306392444816583
-0.0270991818833632
-0.0107170323432737
0.00425538461870489
0.000491140331481432
0.00355024678714358
0.00406629112602348
0.000710502394667854
-0.00570309312234429
-0.00650887690734235
-0.0050788432991703
-0.00583707173097938
-0.00307457326289788
0.00342554212903795
0.00664496108336431
0.00245240668005887
0.000201597043423696
-0.0222786039955272
-0.046313627963091
-0.0197596075060546
0.00389377937598309
-0.000507721920896778
0.00998226828274808
0.0295420929539664
0.0155933189051015
-0.000140662395317056
0.000158939396940952
-0.00535397845500666
-0.0201979793903435
-0.0169433835923841
0.00361379962618581
0.00863178258302527
0.00696530587167732
0.00683565694404489
0.00355121096724006
-0.00224198286271341
-0.00320395785262456
-0.00204010417045708
-0.00404782425159068
-0.00246911306075176
0.00348219238117113
0.00527361012359517
0.00386946188409567
0.0039628251689682
0.00569426370648025
0.0059449759610095
-0.00326070385261198
0.00119582199197593
0.00914229088165164
-0.0139529683416774
-0.0154572064567303
0.00191729504534609
0.0181494976037935
0.0259769377175884
0.0265838368832368
0.0327136580100484
0.0391135994699757
0.0300841277832671
0.0203247601565899
0.0291373682944749
0.0188080902017265
-0.00985927413886805
-0.0232504132709929
-0.0129510968315543
-0.00154819288471806
-0.00222273301553003
0.00598231551172241
0.0174514872618147
0.0175881349224121
0.0128420637184476
0.0146551394551318
0.0119211177436875
0.000119930803468952
-0.000770738900601392
0.0064009865455551
0.00503513951297546
0.0021966634907011
0.00896434626434815
0.0134756626929709
0.0103523401007486
0.00893534143039473
0.018413199196419
0.0108416060851843
-0.00179511574914786
-0.00377003964435382
-0.00243563912278062
-0.00861296133684633
-0.0242350532708224
-0.0294772575662625
-0.0189679532358071
-0.00932839267060569
-0.00452636592836842
-0.00401496336237549
-0.0141513182157638
-0.0371033177067977
-0.0538093252258731
-0.0657794035629367
-0.0615665902141319
-0.0571043798001949
-0.0482650399477231
-0.0427682393812969
-0.0395290471517175
-0.0519027382747013
-0.0603252993374785
-0.050598219187094
-0.0455915421412385
-0.0479422491563282
-0.0353911014364048
-0.0233767475167197
-0.0273342176152549
-0.0231479505965953
-0.0270763858361509
-0.0269554451866047
-0.0284982038205899
-0.0310128983307796
-0.0243517257396712
-0.0188257724307313
-0.017248017683082
-0.0147356098910228
-0.0185093919109962
-0.0257880895023545
-0.0267493662573149
-0.0290824158272756
-0.0272436346667117
-0.0216867853853397
-0.0149917246435688
-0.00803144205767926
-0.00439777937992211
-0.00440197586695084
-0.0115339182978395
-0.0132135940631643
-0.00990965615447652
-0.007786280266879
-0.00109729113556667
0.004143382750952
0.00215979341724042
6.18899648507393e-05
0.000693233970698599
0.00105301230515067
0.00228772229170559
0.00144381018170607
-0.000628180263061409
0.00248412776831142
0.00453504441480781
0.00252926685326872
0.00423375789051284
0.0032022390763423
-0.00154923318427707
-0.00148940233066509
0.00145714327153805
0.00235340977247123
0.00245914600664587
0.00572725526518484
0.00769100045602004
0.00632409096219932
0.00651004586041621
0.00648530040853375
0.00193359081349434
-0.00295596952639644
-0.000412522252791391
0.00487382130184783
0.00450287465183574
0.00149666616651606
0.00494401538373219
-0.00109321843668783
-0.00903842428614248
-0.00724546441721964
-0.00557223909459681
-0.00496790102904593
-0.00697010137575872
-0.00383097299382503
-0.00069682311429122
0.000414706799431725
0.000901076754620619
-0.00405341829818525
-0.0118682752144165
-0.0179595704345272
-0.0199244393450753
-0.0206300068847917
-0.0176350292557676
-0.0124037072372681
-0.00842034848433616
-0.00598817063612588
-0.00632863120090131
-0.00920566257332571
-0.0146941629480458
-0.0219152185886648
-0.0262668289653556
-0.0248471006705746
-0.0172446798362473
-0.00804457982885685
-0.000386151071104871
-0.000122439087252501
-0.000177823157252928
-0.00494437018970713
-0.0143088825491887
-0.0177246352809168
-0.0123109265418421
-0.00730156939798907
-0.00384947577422029
0.00289123484106504
0.00457255624486758
0.000894073332621351
0.0028700740608836
0.00971973245209827
0.00553101179656484
-0.000136898022579617
-0.00408747374494556
-0.00747711636073741
-0.00619837144438409
-0.00731245574386874
-0.00338796492394309
0.000596663536497617
0.00101062105921687
-0.00124080040805344
-0.00407519526387578
0.00165943012484502
0.00663387909432909
0.00561223329273941
0.0032794176170904
0.00356301267467712
0.00274091291953731
0.00131403920884473
0.00355805660873189
0.00877420291777727
0.0054850094710627
-0.00101498298839417
0.00220238840463845
0.00192497949957558
-0.00252346220207085
-0.00438579408003492
-0.00644216266252125
-0.0117014374102001
-0.00988457551626966
-0.00688871961218721
-0.0108174310262309
-0.00930084361775619
-0.00155598107601916
-0.0173450423852491
-0.0144246969942204
-0.00779718906764612
-0.0138076463687401
-0.00549742603699315
0.012735189025208
0.0121707455205668
0.00827431240251115
0.00480272744713011
0.00247821125428807
-0.000634240296295007
-0.0031991714078534
-0.000637252375598623
0.00427770066264151
0.00475674272497783
0.00718071807907541
0.0143689009298751
0.0107198683166503
0.00489229721885368
0.00875915890940995
0.00863563560343817
0.000636405858263273
0.00334656637311385
0.0119324543266125
0.00999917297103767
0.00749729306997947
0.0124706141833832
0.0103352874259844
0.00585302800755503
0.00851168354403519
0.00844829351270872
0.00139603217924447
-0.00447821957720124
-0.00320191836142243
-0.00186539327668643
0.000841077418069602
0.0052923271070673
0.00514707021880827
0.00187985041579793
-0.00292284416193421
0.00550183581600318
0.0085460464910447
0.000439667428166822
-0.00698692285745671
-0.0152958212392389
-0.0162896380150524
-0.0181395082418457
-0.023830785980925
-0.0163531782861665
-0.00430263893094565
-0.0077874404103663
-0.012382101115835
-0.0108696468777206
-0.0153878142403448
-0.025363962308934
-0.0215507968854461
-0.00931250764248599
-0.00538077277730732
-0.00263154167495689
0.00768187548550465
0.00731631181161294
-0.00569150763118606
-0.00989127969988874
-0.00625384485292975
-0.00658260550170828
-0.00798464692905281
-0.00317650715045976
0.00113219650021801
-0.000349087667049556
-0.000743330783811401
0.000750442902599474
-0.00110363600262319
-0.00367785622915936
-0.00279040415610473
-0.00127477121595166
8.59981797494804e-05
0.00250597662482185
-0.00245431750433665
-0.00818592618379928
-0.00837820911619779
-0.0061477478992625
-0.00781257979987481
-0.0113667747499291
-0.00856135823071777
-0.00714986671277109
-0.00822849492915487
-0.00509069491792826
0.000134351066173084
-0.000440753630147669
-0.00238646454299986
-0.00159783672188641
-0.00388099970118262
-0.00854100457414218
-0.00922841185765288
-0.00636856223732533
-0.00665350033089852
-0.0100522969624828
-0.00996379132182547
-0.0136538702552825
-0.0123176448736187
-0.00991782126971573
-0.0102306281202698
-0.0211810430317219
-0.0201795173652446
-0.00673552069310436
0.00261151670924414
0.00612655155418356
0.0165386211712726
0.0213631429464291
0.0119443586201314
0.0105477871550847
0.00760525710854877
-0.0040446389651781
-0.00697231719177222
-0.00209597307268805
-0.00422733798626716
-0.00228933281547832
0.00506031607854849
0.00393449148096292
0.00885275971893084
0.0101375239692589
0.0141713739065742
0.0124315334595937
0.00587146291407192
0.0024803470886107
-0.000478063817786187
-0.00576755789126913
-0.0060134610554388
-0.00104332993533882
0.00178281243163883
0.00263777529294812
0.0105989064688678
0.0203410514369173
0.0103212128757686
0.00359764594623292
0.00493914712818851
0.00745851199756255
0.0129123595201755
0.0126271875429621
0.0109372573254304
0.0133413260124624
0.0159128774465115
0.0133194764026013
0.0141672348296129
0.01375358590139
0.0121349414312992
0.018934088895192
0.0219119606319908
0.0156293248724123
0.0114668944694931
0.010919825200381
0.00299473583855966
-0.00607255224234509
-0.00136309995339673
-0.00211869228649756
0.00208441289224706
0.00580360560531005
0.00776450518413037
0.00508795002024773
0.00660114919975032
0.00996652325062722
0.00971284493025002
0.0108021010951247
0.014643220109015
0.0144138587549839
0.011609996075772
0.0121441574749128
0.0106683685254716
0.00656119487102265
0.00811728235702084
0.00402361083188454
0.0014174134006664
0.000599369713491344
-0.000702442463827301
0.000457623277884347
0.00475081868577956
0.00388009392028903
0.00464460431969988
0.000658150822354497
-0.00251007176005325
-0.00232310877019956
-0.00299974197365603
-0.0044066838707279
-0.00151450354343645
0.0035012559610138
0.0042475651068584
0.00460564745012566
0.00660797600162351
0.00631264025342338
-0.00879522919536729
-0.0247077143397698
-0.0243006554436249
-0.0282910010341301
-0.0378243327868118
-0.0272815920264059
-0.00980935347912479
-0.0117412299602948
0.00211440997757104
0.0180535542031026
0.00872662752863205
-0.00446459320339845
-0.00375235693479182
-0.00308876008405995
-0.00653978050546439
-0.00269458445414445
0.00120901766558117
-0.00225126540719666
-0.0038645146521142
0.00488053644776097
0.0154541913410856
0.0183530987130055
0.018326818015702
0.0129819928867389
0.0052039377310336
0.00270810001385867
0.00340420370794619
0.00174090191067671
0.00488684037647923
0.00847276364217375
0.00918182825472992
0.0100754469015621
0.0116195819556633
0.00866423215784411
0.00762268506673199
0.00600911113442595
-0.00433316673865187
-0.00754198218925479
-0.00617011312876083
-0.00831117090984803
-0.00720489852949201
-4.44178188472432e-05
0.00518182329307857
0.014936086197832
0.0149480774308497
0.017361717516361
0.00638158696278205
-0.0163822703199896
-0.0280470863622433
-0.0253759611677016
-0.0243647520321344
-0.0237490577762339
-0.0104078570231559
0.000753137341426205
-0.000154323186931447
-0.001225349950716
0.0014551712769464
0.00151213275221244
-0.00389432916767652
-0.00559339173154943
-0.00376543637786857
0.000884291353218887
0.00211755623166822
0.00140195017923035
0.00236179771922621
0.00123154951764347
-0.00317475999044724
-0.00654678256517259
-0.00608436733995028
-0.00674171755097269
-0.0060037252651921
0.000804327387924023
0.00586241225340973
0.0032304061748518
0.000979405068936447
0.00170067613382053
0.000730440905558584
-0.0121944696620971
-0.010746735556694
0.000611361097666397
-0.000226725756816159
0.00373605743625925
0.00429426638250463
0.00759742599688064
0.00560737270849999
0.00359646637220592
0.00488133741577375
0.0035606242802643
-0.00326535531087415
-0.00424333179421369
-0.00141169641677076
-0.00307056677188333
-0.00905536609604378
-0.0121545472568029
-0.00432402994745162
0.00407327023051917
0.0061845726922752
0.00774134176214789
0.00542169622593984
0.00261715172551541
-0.00198556652390534
-0.00606523133340328
-0.00413237591970965
-0.00362521885135489
-0.00438153445401184
0.00470759169881972
0.00904476873855862
0.00182238970345175
-0.000926079295450227
-0.000114170501092413
-0.00285978214066832
-0.00542873833539011
-0.00405110608644486
-0.00153408252087913
-0.0016156107126978
-0.0013108906950098
-0.000348798588971659
-0.000423859455883405
-0.000664098414616544
-0.00087007578511518
-0.00317776762976557
-0.00516388350420233
-0.00367148522534178
-0.00250163098398161
-0.00126413655558423
0.00464726542807756
0.00880833104653369
0.00449419846261082
0.00161591220078634
0.00350926426956999
-0.00176901943493944
-0.00565160708372887
0.00260673785436154
0.00792742846957026
0.0101610880586004
0.016443006768163
0.015358440738095
0.0107485558928864
0.0086487693506214
0.00528347463610146
0.000725802437313593
0.00385771146220397
0.0052186172732956
0.000484406546984357
-0.0034277191648619
-0.00820163040774269
-0.0145341675461084
-0.0187649736790767
-0.0135926604465297
-0.00610051864827955
-0.00152356412155808
0.000296935968520579
-0.000828433569951419
-0.00705189201498377
-0.0096633786026714
-0.0080040084212198
-0.0105878851612552
-0.0155720508292058
-0.0113817424449401
-0.00313977728398252
0.00408964971095948
0.00254716350669958
0.00100310507766092
0.00156705681930496
-0.00140557646540502
-0.00469017931553145
-0.00363536686962428
-0.00258306828801431
-0.00318954593324517
-0.000463780420412706
0.00327331889846608
0.00207867118482091
0.000764959986577137
0.00132241619235406
0.000123204887438903
-0.00667550932554308
-0.00948212128196359
-0.014074523667907
-0.0189117886312824
-0.00987160128950174
-0.000781500732526169
0.00110714513197908
0.00047628553752335
0.000939330392672663
0.000821474585351041
-0.00140578789435198
-0.00148285781589171
-0.00308092916638713
-0.00442413468008275
-0.00324307992941113
-0.00156643456266929
-0.000555520152564679
0.000646333536158682
0.000741475644010427
-0.0007184775792842
-0.00253353681077419
-0.00209530963434404
-0.00120952870058831
-0.00227067415689313
-0.00172823073935365
0.000555812778937087
0.000938956299206453
-0.000418698286323808
-0.000347366423584332
0.00186676712819193
0.000695531038905502
-0.00143411305382935
-0.00167353660514526
-0.0028140331532437
-0.00185449689253485
-0.000566065719353089
-0.00128034377417451
-0.000736637566661781
0.000687720079490137
-0.000890449947932969
-0.00312564830438078
-0.00232038493121422
-0.00231513192999912
-0.00408993806812031
-0.0030594343519635
-0.00126791870353993
-0.00108347608497337
-0.000334260700272078
-0.000888855640689362
-0.00043982060956289
0.00173831029246611
0.0022724713468714
-0.000232976279017204
-0.00306677946137919
-0.00462143351205034
-0.00322752067856918
-0.00292241335745755
-0.00235939394275944
-0.00131107796115615
-0.00209461625588364
-0.00306171417661899
-0.00464872892156368
-0.00876837158116962
-0.0113608827356007
-0.00860707002125824
-0.00749564901054337
-0.00650505941846305
-0.00493692831052276
-0.00355915326187799
-0.00391954288624488
-0.00117645911083686
-0.00197794593312065
-0.00151235792925749
0.002474277250012
0.00497083602454353
0.00241311180785248
0.00177694331215971
8.69117938490718e-05
-0.007933255464154
-0.00896835297009577
-0.00581820630776675
-0.0100071841696849
-0.00925090537869286
0.00820891550191684
0.0171299767449513
0.008472660151813
0.00589950884711531
0.00612367281122577
-0.00779950033908317
-0.0234692838291266
-0.0209770103112319
-0.0240401327458882
-0.0272767274006237
-0.0174241231985467
-0.00912636948910961
-0.0106958032027662
-0.00945831013002826
-0.00399842783615434
-0.00359337308956106
-0.0110226799998633
-0.0139045856106052
-0.014362803100793
-0.020006614671098
-0.0197516850979015
-0.0171210908937144
-0.019041441170273
-0.0156580211313149
-0.00965817247625754
-0.011029940829812
-0.0172993766172863
-0.0175252815395855
-0.0164840592384717
-0.0216837297848947
-0.024684496197211
-0.0211477590288227
-0.0185204468784099
-0.0165553837297421
-0.00819423091433073
-0.00675427063886012
-0.00646783205596861
-0.00764329504588421
-0.00867896243218409
-0.00907204766088178
-0.00975398738846977
-0.0096584399291572
-0.00906804859671039
-0.00819964827066104
-0.0060271800290235
-0.00432241376442109
-0.00265421789974342
-0.00289866522023275
-0.00624313025495964
-0.00987287111455052
-0.0152161688959797
-0.0178219216245432
-0.0146499988326453
-0.0103769782969284
-0.00794110180145559
-0.00832418380675804
-0.00570552412993813
-0.00467943624784133
-0.00297103621865994
-0.00065404923210956
0.000979896393134254
-9.2355493819826e-05
-0.00202309013515354
-0.00207176455141568
-0.0023964573959642
-0.004042898387179
-0.00286455050740503
-0.000914442552190779
-0.000455570280193713
-0.000259872319567696
0.00251246819746767
0.003128528117923
-0.00140758960381232
-0.00556736473879428
-0.00568405146111285
-0.00709408949321763
-0.007521121498132
-0.0018067187488359
0.00231204219866687
-0.00177401972439993
-0.00197687493439426
-0.00167932522099014
-0.00250080327391829
-0.00155916139585203
-0.00185777532071409
-0.00421886304336054
-0.00518343708126755
-0.00303484013838031
-0.00644979327992447
-0.00635634922453816
-0.00245388755421357
0.000615282595730736
8.48548614331064e-07
0.00115949907295368
0.00190625300762894
0.000718319853971367
0.000849531213632712
0.00218092285552463
0.00132129269818244
0.000307762822565474
0.00135715993065029
0.00127994286836992
-0.000127599711360433
0.00139816453421051
0.0040809051090955
0.00319190877713718
0.00221425492844707
0.00281417799374363
-0.00108533062188943
-0.00473157172931296
-0.00406037523019358
-0.00421387836303437
-0.0040763094162388
0.000340676617012071
0.00301623979833161
0.00138205086105951
0.00193192686465682
0.00363537719750727
0.00135890393596508
-0.00126460515434213
-0.000896764717836296
-0.00110438678215514
-0.00209379670071636
-0.00127578604558122
0.00139693558863868
0.00222266352968279
0.00204186078330337
0.003055102672342
0.00261047792777545
0.00026279384791202
0.00036329918611294
0.00169336768471208
-0.000736044956808183
-0.00301231427283704
-0.00224663827335054
-0.00306868101208155
-0.00318858472005483
-0.00468873548833245
-0.00195284066590678
-0.00165009150979028
-0.00135333600498957
-0.0021294212803542
-0.00427582021106792
-0.00712419825725151
-0.00795631730745923
-0.00599073227671143
-0.00547753397440584
-0.00569820908519507
-0.00301674655661067
-0.000693758173125921
-0.00161586405409823
-0.00189737665634421
-0.00142468473399597
-0.00299218798536462
-0.00415949143158596
-0.00243329972584328
-0.00157394867854833
-0.00178917341883375
0.000242369538092282
0.00233038587395149
0.00243216225887295
0.00194250937425575
0.00267041704758335
0.00153460440520857
-0.000505202260853462
-0.00155443511243821
-0.00225052451818505
-0.00266605856578065
-0.00602654964824171
-0.00649795535055724
-0.00325427753062538
-0.00283014993909171
-0.00247711975789615
0.000441785111899256
0.00157927241877948
-0.00190709408602777
-0.00630619182913434
-0.00641088764158464
-0.00978112650290665
-0.0124015376027393
-0.00852478289230543
-0.00484428076458054
-0.00435312768154281
-0.00153852696865678
0.00179171962454384
-0.00156871873345671
-0.0071772327354953
-0.00897640339459073
-0.0113445078042246
-0.0148185356050101
-0.0127469176243558
-0.00771716472030223
-0.00404828609864709
-0.00265311564673268
0.000745478527692395
0.00104682719418468
-0.0026194311447445
-0.00499126692066378
-0.00631376859262279
-0.00929753362735914
-0.0102531220507099
-0.0073223928252878
-0.00575956525377563
-0.005504293115408
-0.00300083794472757
-0.00269366372183642
-0.0026506094272785
-0.00168801386364504
-0.000862444531211257
-0.000699321672151787
-0.000148742435444377
-0.000504304828670827
-0.000586514421254929
-0.000194183974453621
-0.000235941275024591
-0.000882044815300386
-0.00136473048669377
-0.00159904726396564
-0.00186461182708926
-0.00197945939141236
-0.00152094792695771
-0.00105299039085979
-0.000918922495680315
-0.000766781809376289
-0.000178116552784034
0.000179016461229167
-0.000145748367426672
-0.000527476450710374
-0.00121653718939682
-0.00113314196114656
-0.00107663556079059
-0.00132923662144571
-0.00184980089358686
-0.00199207438309067
-0.00189518785965801
-0.00192199498890328
-0.001495563634846
-0.000982915018396521
-0.000356903624061415
0.000210850914379344
-0.000182617068626952
-0.00100612332130083
-0.00164128291637347
-0.00224271951414347
-0.00283880165885069
-0.00274613823983824
-0.0018613576240944
-0.000952204501995168
-0.000391628930681662
-2.05338479847047e-05
-6.77743689945094e-05
-0.000905427597732856
-0.00197910548709307
-0.00249310781860192
-0.00271346490687113
-0.00276569818558582
-0.00193419593897338
-0.000886493055271179
-0.000418126666353932
-0.00015786576995997
-8.26561185051007e-05
-0.000139066753376539
-0.000220259063387038
-0.000328306131770904
-0.000204294260764153
-2.47537551040721e-05
-2.25192877555285e-05
-0.000421972679141237
-0.000572513750888881
-0.000572513750888879
-0.000572513750888879
-0.000572513750888879
-0.000572513750888882
-0.000572513750888884
-0.000572513750888888
-0.00057251375088889
-0.00057251375088889
