-0.9428398527698
-0.942250557728353
-0.920388595009872
-0.934125022658217
-0.904524509732845
-0.823910275022241
-0.81788007356208
-0.775220145894219
-0.646680846394354
-0.604874404041826
-0.632312334557917
-0.566069177385039
-0.525914256889937
-0.596954715746898
-0.625903553114311
-0.576993112503503
-0.604833832223165
-0.633211051905989
-0.539445326605378
-0.477363876863733
-0.515569220568509
-0.4933219677929
-0.438871986861991
-0.506936846246976
-0.581444681254263
-0.540807402756506
-0.535538430617114
-0.592849694861948
-0.547569375078065
-0.458494248897524
-0.476164999925009
-0.48810447286567
-0.430862704999061
-0.45541839068682
-0.53086785768063
-0.496366748814934
-0.448022642208603
-0.443038345306328
-0.396282579929819
-0.303170778952068
-0.271131531152575
-0.260677485655107
-0.246712217623475
-0.237681479028207
-0.185329666916172
-0.179973527946953
-0.179389608654448
-0.112269499108512
-0.0990969830605521
-0.1451284672631
-0.146551348755492
-0.142582821673338
-0.160249344860265
-0.143147689475241
-0.0822108752611823
-0.0670433639924919
-0.0734193298265043
-0.0550222202497215
-0.0595936950022875
-0.0988508769417285
-0.107726136295335
-0.092011193109992
-0.100108576747017
-0.0977026349648806
-0.054119123494779
-0.0311834603924862
-0.0443613596709602
-0.0401943184900064
-0.044589922833911
-0.0870294145531981
-0.101204948307708
-0.0698057425961692
-0.0638698933431055
-0.0395303248125782
-0.00770275572089286
-0.00406593281904923
-0.0128765499112165
-0.0259398061187911
-0.0383026798304916
-0.0296523507033596
-0.0124507791278996
-0.00184201899549035
-0.00394475137669389
-0.00429021229868123
0.00189657982448888
-0.00167321374076786
-0.00993188994610292
-0.00779247373203963
0.00920322049402384
0.0164347995327177
0.0139569397395966
0.0201323763638998
0.0228231093995026
0.00896393252681889
0.00536900315619598
0.0123778991903263
-0.000671889924119208
-0.0120526218375831
-0.00180972794004214
0.00167725816432438
-0.00491664089563105
0.00795313172823338
0.0269234001648294
0.0139947118796343
0.00285744953753684
0.0134782366172703
0.00657955040915208
-0.011122976326012
-0.0177656982273941
-0.0100671849407839
-0.000843679697869348
-0.000461979621733121
0.00180643616207052
0.00273988534093195
-0.000123574615758661
-0.000865606681032128
0.00283469991738459
0.00429227885444774
0.00185024480884936
0.000887025131552238
0.00142641435938895
-0.00172669847152847
-0.00688487539214669
-0.0081884479831334
-0.00805506034569958
-0.00828507308868573
-0.00385638858664256
0.00203641227194192
0.00260101707646146
0.000173800472143474
-7.3801073188118e-06
-0.00133367411505961
-0.0051384933598651
-0.00639417802117144
-0.000256619009332312
0.00404778001969945
0.0063337725425606
0.0130139100770373
0.0180505665180239
0.0080741857224989
-0.00284924073680293
-0.000555257414816945
0.0027522780976367
0.00208442934752629
0.0125143814730298
0.0196511150046314
0.0151970362194807
0.0180298577756664
0.0174517700539389
0.0119795781621185
0.00823800413763453
0.00875793889751615
0.00417238977604181
-0.00473015806566915
-0.00444963306394011
-0.00174770195220425
-0.00200593972945771
0.0020616915511616
0.00698491143383797
0.00954888048781072
0.00354987925703416
-0.000352236854183169
0.00858028643531924
0.0119744919320981
0.0052799876205311
0.00740786262435691
0.0054536503234219
-0.00418426403042625
-0.00723845837378002
-0.00206520864470616
-0.00265096033758514
-0.00745902326434208
0.000372338955009334
0.00873832783169301
0.000499136047357678
-0.00153797440088
0.00566111100895388
0.00579514142301908
-0.00138911035978326
0.00462592823998922
0.00534691812651403
-0.0169273873326686
-0.0221773371048037
-0.0102019672514875
-0.00956818721218019
-0.0132690839597135
-0.00350332312847377
0.0094387024245299
0.00447318906529708
0.00298430948094688
0.00533582697402843
-0.00243318175515732
-0.00907057709665927
-0.0113059970424167
-0.0132971975166037
-0.0161417346522436
-0.0246701048953915
-0.0340038851860767
-0.0339688891049766
-0.0212024099408416
-0.00301326456011889
0.0003255186579728
-0.000309859286175883
-0.00159193187846939
-0.000748021533784196
-0.0130684322112097
-0.0281225186331784
-0.0280416725331298
-0.0232579190497566
-0.0399701069495949
-0.0392804620624664
-0.015892159500185
-0.00659153323513203
0.00104690146330133
0.0137714208429385
0.0111503552819897
0.0130995988887993
0.0155756964955113
0.0128114870941461
0.00235498518149746
-0.00509600146857139
-0.00321725491958273
-0.00179455621860261
-0.0012145208340478
0.0016229711755783
0.00391529830383257
-0.00283393027949482
-0.0126318387939612
-0.00854557000356355
-0.00104003453794561
-0.0111562785560474
-0.0169095815280637
-0.0111250644494673
-0.013014020362331
-0.00734326729896101
0.000235875190158855
0.000343827183686047
0.000622372910159952
0.00405477376038796
0.00806069001300667
0.0109592598035343
0.00565304043035492
0.000851890035706147
-0.00502927956107395
-0.0122051348591727
-0.0141155981707738
-0.0134447329232345
-0.0164032679267957
-0.0153802845781691
-0.00446153063201457
0.00196237131188614
0.000504505577859875
-0.00303074575809838
-0.00447212675483701
-0.00700742626452418
-0.0190884405940597
-0.0217958897673186
-0.0151422695658756
-0.0173681326781929
-0.0205684397258313
-0.00752640605241918
0.000494879539048493
-0.00686967633400107
-0.0119649458235831
-0.0136390349406228
-0.020627694492798
-0.0290906615089239
-0.0132736112150692
-0.000505098030130692
-0.0126093915912083
-0.00641036517594467
0.00631918778326071
-0.00514321906894654
-0.0217530240645326
-0.0226943406785548
-0.0226279559975477
-0.0307373527879552
-0.0230445914966468
-0.00523939505854105
-0.00572730904834929
-0.00638205266054098
-0.00371473312305048
-0.0025798704265037
-0.00950652477233645
-0.00447368683029335
-0.00352282606004104
-0.018014627582922
-0.0181559778029457
-0.00728821469927499
-0.00273901323087203
-0.00328631487143353
-0.00104966977367
0.000861126532151196
0.00305422789837014
0.00279352798205503
-0.00112679793197331
-0.00383978254203651
-0.00378220568737686
-0.00113951079229075
0.00384475690213088
0.00781144900543612
0.00327338937813026
-0.00273017588466164
0.000827231876423472
0.00312301629101859
-0.00741123202452242
-0.0137543514394474
-0.0173460686718953
-0.0240813525341853
-0.0255064146611427
-0.0156518036313552
-0.00504314536826938
-0.00239465746465929
-0.000193112225027399
0.000970148300801619
-0.00689782109826614
-0.0134936323104426
-0.0108459788797654
-0.0130738130143695
-0.0153383985038944
-0.0121993511068595
-0.00756848576931345
-0.00225789151245367
0.0025071926701948
-0.00350951484091726
-0.0078393840025844
-0.0167176423075801
-0.0196436185459883
-0.0201214617234748
-0.0152018071310364
-0.00714500590687822
-0.00275151918419094
-0.000143617725950366
9.78983053941461e-05
-0.00132605550107595
-0.0031376350136059
0.00691176990365874
0.0144671794664862
0.0108904811688148
0.00882521548538059
0.00897890104899606
-0.000423374945181375
-0.0119291325290112
-0.0148364929697813
-0.0158990288506076
-0.0248813449295332
-0.0273447000400669
-0.0184907541138564
-0.00974577967128919
-0.00723533110494443
-0.00867589542726859
-0.010501947986699
-0.0110876372510859
-0.00963538595877315
-0.0144909208682497
-0.0131945230882258
-0.0127917118224071
-0.0238435413552697
-0.0324728707227016
-0.0354148340632528
-0.0341147476650133
-0.030994043979902
-0.0276548511028323
-0.0211967022202929
-0.0158529082531153
-0.0145733035365242
-0.00967918106649809
-0.00271654079132528
-0.00104987394365732
-0.00227381575150954
-0.00186758119657922
-0.00438290433046674
-0.00913921473470585
-0.00391560353441956
-0.000941378665900404
-0.000479665896186279
0.00787376583407185
0.0222472187830407
0.0199866967003804
0.00639398088243043
0.00177739343630929
-0.00518568280845639
-0.0238650200235336
-0.0271912421625741
-0.0180325913338433
-0.0139802860465871
-0.00751735003242853
0.0105860426369516
0.0181335019919563
0.00612756334480901
0.00364394675028534
-0.00278078246500485
-0.0219751637086559
-0.0268691911270814
-0.0141506913715393
-0.0111531521724135
-0.00864387967987967
-0.00522433270973394
-0.0080959372162608
-0.0121624420984626
-0.00746254726654136
-0.00687113522211016
-0.00793920618142023
-0.000291205504304861
0.00773860835597832
0.00696674557462184
0.00586654608389908
0.00618795105219688
-0.00193907006856771
-0.0107390994589729
-0.00799037431951807
-0.00320953831606492
-0.00341530429996505
0.00348617866262986
0.014931682061915
0.0107256655426751
-0.00250255746454243
-0.00640265819465959
-0.00771972091958842
-0.0155849840907801
-0.0126854234631048
-0.00243985860541957
-0.001368369790048
-0.00431983596236103
-0.00342202285640442
-0.00455061349081693
-0.00733556033591393
-0.0027368526666305
0.000141617659182669
-0.00281228587376011
-0.0102272119906246
-0.00834944459367034
-0.0126828353770577
-0.0164520084481479
-0.0137932491270912
-0.0122668757301736
-0.00924914399996697
-0.00523725956808588
-0.00172557639224122
-0.00121596611016142
-0.00158641727935874
-0.00366987096396487
-0.00969731446999874
-0.0162833768318483
-0.0191473132545388
-0.0167573142720436
-0.0145827686486593
-0.0141574106342488
-0.011315733191039
-0.00620195620886023
-0.00479655870435871
-0.00339003198005166
-0.00164071450129634
0.00182631181024604
0.00147072361215868
0.00462320912109555
0.0107837684323196
0.00802350912949105
0.00410410133175987
0.0067604117544298
0.00300842535846206
-0.00937755791192966
-0.0114433115233819
-0.00360182655583436
-0.00151614587293398
-0.00428498304798919
-0.0054685516079433
-0.00426520904491732
-0.00867686230544019
-0.011782831727308
-0.00981101192222499
-0.0105804079284541
-0.0123262604084334
-0.00685972637962355
-0.00232292195631388
-0.00446157503406855
-0.00329230933589606
-0.000126153186880083
-0.00323868446367492
-0.0095150489898962
-0.0081888676431206
-0.0091114824813905
-0.0205757710773671
-0.0130628348104205
-0.00259766905963875
0.00469227694530597
0.00605508203883543
0.00364607994515275
0.00331661149436232
0.00547860133569311
0.00551641827191632
0.00189021714982695
0.00102233660431074
-0.00132404445150027
-0.00640218640359672
-0.0047565403431636
0.00422539392507858
0.00982546976647982
0.00593400436099271
0.00801863579867977
0.0131488150371194
0.00782586944655575
-0.00286461795465761
-0.00421063236597538
-0.00565809251602443
-0.0101408174375775
-0.00247257845857308
0.0112333273136398
0.0152060085381358
0.0114170833592771
0.0114795264394053
0.0110518253927232
0.00339462339196981
-0.000852888964680663
0.000638135154947726
0.000544125541015018
-0.00200262099655002
0.00549519742355632
0.00779057658533531
0.00855880746477545
0.00543171918596306
0.00523375265226676
0.00611421126958661
0.0052619642847761
0.00252664177001018
0.00441051531324805
-1.01766010268973e-05
-0.00493868408969175
0.00783482703306572
0.0207766251693898
0.0176323573711238
0.0236794402642675
0.033444489042368
0.0122228876537125
-0.0130517809494488
-0.0133200605076744
-0.0165910559895807
-0.028102666708559
-0.012003458338996
0.0148590530801298
0.0165085580630536
0.0156815600382108
0.0266332741231867
0.0175831214299493
-0.0154597602769499
-0.00637905103951585
-0.0102484535311174
-0.0202117560603998
-0.0190972541375753
-0.0144927866443988
-0.010921340953179
-0.00637512238915217
0.00169181955088319
0.00123392742014622
-0.000998828265886844
0.000701063176226341
0.000432434291198847
-0.00185736613483958
-0.00136114864260755
-0.00391444163308283
-0.00657289751371531
-0.00539877103971972
-0.00446130395241801
-0.00119411475345567
0.000482926391814869
-0.000187924104278864
-0.000256953682500008
-0.000721978185674158
-0.00382146825002007
-0.00512762222022083
-0.00296194877033979
-0.00184395730929995
-0.00148946723803802
0.00115830636032447
0.00198263631958811
-0.00365764977543092
-0.00639067297672074
-0.00572264625847203
-0.00607469515569842
-0.000131665176371035
0.000375212257414367
0.000409638686701818
0.00252434849402198
0.00234537844636624
0.00132392168730487
0.00085105705057337
0.00182850006360894
0.0022920709895935
-7.67085230596477e-05
-0.00297548066513379
-0.00431459502380025
-0.00904748905696746
-0.0103007229862592
-0.00904113092279117
-0.00899307281179203
-0.00595813053606611
-0.000307517050571969
0.00118810648785481
9.06095296788648e-05
-0.000268417687819588
-0.000565229756925869
-0.00106488934239899
0.00163160824535054
0.00211972537461624
0.00231117973945187
0.00320464553114887
0.00627315560912468
0.011044703978504
0.0131520493292862
0.0126228376390731
0.011414888462336
0.00549630466359865
-0.000800348529410676
-0.00139757550651798
0.000686575650953616
-0.000578570600430039
0.000998431221783969
0.00374524690002946
0.00199097219505199
0.0016436437008055
0.00327467403905969
0.00659264562329247
0.00607765368349012
0.00157228481809675
-0.000291174927458421
0.00113446664092678
0.00306878317725082
0.00340447493612174
0.00238195195646551
0.00188101399558542
-0.000834894695855634
-0.0042332130554426
-0.00143074597059543
0.00893099873999348
0.0142289108469767
0.0106360104298796
0.00472221749052492
0.00107316575285703
0.0038814299737234
0.00510379098056259
0.0063121775003687
0.00166917081041365
0.001027561581827
-0.00132308466147106
-0.00855003621552521
-0.006530609618675
-0.000187790449043597
-0.00347006396486318
-0.00655165754865086
0.000573696488020728
0.00391206916060916
-0.00734933509814633
-0.0104328495916277
-0.00602496211317248
-0.0058113809040096
-0.00597741139474874
-0.00235505340680219
0.00915911398060822
0.00781540844503604
0.00470706801628218
0.00943229297442483
0.0050257070752005
-0.00265256237769472
-0.00326135865971243
-0.00603034829239677
-0.011419006680563
-0.00671639796302114
0.00235543157281584
0.00196686346193881
0.00151314666876058
0.00228384411575433
0.00164336604826538
0.000659862454778113
-0.00122688058250757
-0.0031687653886347
-0.00175461300770619
-0.00252931689155079
-0.00247185962468384
-0.00453455689947199
-0.00947422268760129
-0.0123577885765379
-0.0118317097603234
-0.0138383543300797
-0.0165457586707033
-0.0135505610900849
-0.010313634099424
-0.00985193366433019
-0.00869016848428573
-0.00329904761666428
0.00632465729575896
0.0054468493178481
0.00404660830282416
0.00431180234685979
0.00425384347261195
0.00418527654642519
0.00286882749549568
0.00320628168755858
-0.00179255507359779
-0.00674347610032401
-0.00550023972596462
-0.00273564549769833
-0.00320201055370366
0.00116350774187032
0.00554233388925387
0.00489624481340244
0.00396736854244668
0.00419471660465479
0.00154880436880679
-0.00260338722768942
-0.00523099178917062
-0.00593474573829542
-0.00838197888195918
-0.0123647057756554
-0.0118437359483891
-0.00833593246350771
-0.00598718726218227
-0.00508646487163892
-0.00176134931849541
-0.00159591485535012
-0.00787740811312959
-0.0141302215562568
-0.0176618035613369
-0.0194037892271802
-0.0170983551524699
-0.0129002131858083
-0.0100308482642078
-0.00727504500328442
-0.00878248898010693
-0.00633319472425763
-0.00118966453549957
-0.00443206092888575
-0.00966493721886007
-0.0144736460615501
-0.0154316504314717
-0.0188661050883822
-0.0236682273584405
-0.0105487761916487
-0.00668466999368087
-0.00541971561263017
-0.000733840181223189
-0.00205057270778351
-0.010469133147322
-0.0144972789802285
-0.0142332849954729
-0.0126953989204671
-0.0153734385615672
-0.020399191564979
-0.0146292538874095
-0.0102003737829736
-0.00490061328299174
-0.00147613075657077
-0.00162546905312666
-0.00260620674863349
-0.00638028110463675
-0.0121163617031912
-0.0139153626737243
-0.0133591377388332
-0.0140993228093546
-0.00991297478960575
-0.00478032856975247
-0.00456955705412942
-0.00327921988714424
0.000202712363383762
-0.00511223303913535
-0.014991409602222
-0.0168205408588678
-0.0166081151858422
-0.0207209070815053
-0.0179801151751225
-0.0082896025553336
-0.00546788320581233
-0.00724790642861124
-0.00493453459131234
-0.00641011467989345
-0.0183496077223916
-0.023023707291501
-0.0151111806992046
-0.0142352973720512
-0.0136799828197976
-0.0074542720547698
-0.00599098317126438
-0.0106649521061329
-0.00963216275023007
-0.00544758286749103
-0.00692701505541805
-0.0100338462974051
-0.00755343038836048
-0.00347863471772631
-0.0023909926392069
-0.00201690377458783
0.000214104119324462
-0.000937907734962228
-0.00525576302647214
-0.00605609033585643
-0.00540344095049388
-0.00709398354933644
-0.0063897758500273
-0.00166189168891833
0.000603222088924768
0.000285081018833172
0.0014356060481343
0.000698081391112963
-0.00328235086979096
-0.00517931323205443
-0.00509119751697606
-0.00610095846611204
-0.00615517909172437
-0.00688458336807268
-0.00837058091946355
-0.0101356586057542
-0.0097867689606705
-0.0082763622762544
-0.00771902427305994
-0.00824901594986969
-0.00892921667678251
-0.00909753510604707
-0.0104406796074121
-0.00985430285781349
-0.00436035564567123
-0.00162989630205025
-0.00083260034667334
-0.00301978879037567
-0.00334066061880017
-0.0058967332131933
-0.0122225713614372
-0.0131352236285497
-0.0136846332442858
-0.0115678872521505
-0.00810135986656742
-0.00493078247273866
-0.00184687624121826
0.000522459251540673
-0.000839987309781126
-0.00570734746028241
-0.00966254027334594
-0.0141338671245881
-0.0168135426330088
-0.0151952268633519
-0.0108537278348129
-0.00613325207513804
-0.000553820061151602
0.00130280138592915
-0.00124444281937859
-0.00272298902029948
-0.00299079733895116
-0.00739396997257907
-0.00926503093254679
-0.00807823907215277
-0.00719379494492249
-0.00496658677084744
-0.000552691072229543
0.000702645922185617
0.000265309707766733
0.00106694855048101
0.0033551717469699
0.00239765899142057
-0.000543852432055942
-0.000804996583668892
-0.00404316763943885
-0.0110295396373884
-0.0117484620709508
-0.0084223105248889
-0.00710387039456796
-0.0072465378140084
-0.00599560716239494
-0.00397843101332489
-0.00434535409106
-0.00565695505133234
-0.00510497386644143
-0.00639478243284386
-0.00739263633172406
-0.00570758031118184
-0.00333056030651445
-0.00193415402131868
-0.000861942353102651
0.000187146612111787
0.0004362827594465
-0.000226951920830427
-0.000177873536636212
-0.00081752872979201
-0.00183277113819076
-0.00144966447669311
-0.00190356475298572
-0.0019104655313096
-0.00120239044868673
0.00128303636274805
0.00331909807317377
0.00415826916960559
0.00266289586031403
0.00243096394284857
0.00283346719551445
0.0011622897223416
-0.000271111659165859
-0.000183461957293621
-0.000416329519921726
-0.000777774537867449
0.000418353678551929
0.00196683161652446
0.00210345635387065
0.00132801595000292
0.00130310262398645
0.000671089364195935
2.66447123666225e-05
-0.000121890629515961
0.00017900477859854
0.000990081255985926
0.000641514145531709
0.00145951335061792
0.00186625033294531
0.000910407596674222
0.000722438597860628
0.00103206599310321
-0.000596604571854571
-0.00178905148625173
-0.000453844543778789
2.1625527911973e-05
-3.37546592622649e-05
0.000334679759074123
-0.000442039782442343
-0.00394148087605691
-0.00969149697692493
-0.0172101543563485
-0.020708597022015
-0.0228511251507901
-0.0247705120107596
-0.0214442954125273
-0.0174768131519589
-0.017123526048302
-0.0163413720998608
-0.0187018990455945
-0.0160516512586804
-0.0135413694536702
-0.0114958155691881
-0.00739025784908761
-0.00336706297225639
-0.00263116538958126
-0.00442265615507642
-0.00551980851857491
-0.00563640474964088
-0.00822526735194944
-0.00975457705786475
-0.00808194925517034
-0.00823613097983507
-0.00815205519523487
-0.00467747559197743
-0.00220133276094688
-0.00177927335417565
0.000119040250021177
0.00140732719849733
-0.000232313772617858
-0.00120597976409464
-0.00114550462145712
-0.00214194062495342
-0.00269481208738455
-0.00149190683512623
-0.00054488923466737
-0.000348380704109634
-0.000234284608045179
-0.000476536412824311
-0.00122359757338844
-0.0018251075760131
-0.00254245627766835
-0.00294408083821835
-0.00420696557569562
-0.00508655021632375
-0.00555982392159944
-0.00536540753705983
-0.00445996349724386
-0.00354298094746414
-0.00279061687592265
-0.00234282230920466
-0.0040451391349449
-0.00625474058268833
-0.00614756092824504
-0.00593260910405499
-0.00648258236088865
-0.00654300693029117
-0.00833247002393987
-0.0097035080794794
-0.00971405933239737
-0.0096880524675674
-0.0104164359274703
-0.00918404727435992
-0.00751321579315954
-0.00600401310734082
-0.0074012213716711
-0.00757195639005475
-0.00629710404602246
-0.00463878624225353
-0.00449890727917078
-0.00331249761099729
-0.00170533514820319
-0.00305887662088792
-0.00637098748652027
-0.00760663776244595
-0.00850993938545113
-0.00937931124500219
-0.0077398536287172
-0.00426403422913184
-0.00220781042309301
-0.00102078408690275
-0.000123769759233952
-0.000881727014963573
-0.00307587613549373
-0.00478329249809223
-0.00590363471665314
-0.0068295572943988
-0.00642456315308505
-0.00462124515153207
-0.00303546950823825
-0.00164585977059194
7.65115645322389e-05
0.00028126618815757
-0.00192448114691751
-0.00425530981826702
-0.00600447313414249
-0.00792878270712235
-0.00823180411809132
-0.0058018767910926
-0.00337706486701721
-0.00177742784519157
-0.000649174694191012
-0.000616416483848697
-0.00134628773390761
-0.00210827334273003
-0.0027082909988092
-0.00287888894986788
-0.00293244486299884
-0.00293244486299885
-0.00293244486299885
-0.00293244486299885
-0.00293244486299886
-0.00293244486299886
-0.00293244486299887
