-0.968522807540993
-0.963725799935985
-0.965397797969003
-0.936498380011254
-0.825463939235178
-0.768697202904899
-0.743160034839413
-0.664634732521236
-0.642247601578005
-0.727892840792228
-0.787024564381607
-0.789636319922129
-0.834154741960242
-0.880377860217832
-0.816717746934267
-0.700414566938293
-0.611078501199439
-0.532462726435858
-0.444427877211791
-0.433819010317722
-0.512085540113844
-0.579789465750378
-0.630117264402189
-0.6960189435753
-0.704281257763996
-0.619941556869267
-0.53201596129651
-0.460469542448072
-0.348579632292316
-0.291551872112848
-0.337951135303292
-0.371083502030311
-0.40586243955254
-0.463935589373298
-0.4806761336327
-0.411326167808479
-0.326564360744311
-0.272708702221266
-0.20288773649435
-0.139361515565552
-0.146366670531763
-0.198327837454529
-0.22185406284175
-0.251906591288847
-0.293965915370004
-0.286507787349311
-0.235597617821021
-0.204224711554891
-0.173805768167466
-0.12527883236622
-0.130719957644739
-0.157229365689414
-0.160640938331631
-0.169502041287908
-0.203654545643931
-0.205386973761388
-0.172254968372472
-0.165614762068713
-0.173508599066245
-0.150825703348951
-0.131561209140598
-0.134389690394315
-0.136939532234277
-0.127083767929732
-0.132564189875281
-0.131235878711423
-0.115495549704937
-0.0819382329598769
-0.0307815469876855
-0.0109416497457121
-0.00164537142934671
0.00768301926301731
-0.00435716052262101
-0.0253644463615947
-0.0269492197139525
-0.0332397097930269
-0.0501132292851204
-0.0515666273143168
-0.0285237307082372
-0.0207646305183836
-0.00847954656978347
0.0158112095373715
0.00374504285761328
-0.0289527149145717
-0.0459683865138639
-0.0536166650235481
-0.0645473474483284
-0.0602115903561662
-0.0313624371666071
-0.00572968661197681
-2.78438677199953e-05
-0.000712577665665683
-0.00486661786181985
-0.0180697365558931
-0.0327772934923102
-0.0378264445764184
-0.0566720853070901
-0.0493490338156615
-0.0325263240108751
-0.0262213593321774
-0.0194521324936283
-0.00907678161772235
-0.00676041999281377
-0.00453944119351319
0.00292767490113798
0.00315565018690427
-0.00217600653185186
-0.0041344299668215
-0.00590908944587105
-0.0152426443661414
-0.0158431731048771
-0.00881590777365166
-0.00909522681942881
-0.0118841504049305
-0.00217823536684011
-0.00142077665264382
-0.0010317819879577
0.00196426338266261
-0.00190450531243467
-0.0086450939159889
-0.0104267701241801
-0.0130342285152915
-0.0184155854991671
-0.0148218247405146
-0.00639609095604495
-0.00385843603234285
-0.00297107466765477
-0.000204307534003937
0.000225671723366446
0.00381377597107461
0.00715296253153487
0.00189466404404849
-0.00657628428019187
-0.00315965757555334
0.00489854921555337
0.00442517676229726
0.00570923259230635
0.015445148167708
0.0221989987738782
0.000490710014713171
-0.00994432331350232
-0.0113353384695025
-0.0165881667325167
-0.0156976087294639
-0.00837945148118333
0.000283947893016029
0.000251704253474232
0.00138405934638589
0.00679912612848227
0.00693507511311579
0.00120761402412866
-0.000103529450909346
-0.00102882084184094
-0.0122248604574936
-0.0156472596613054
0.000746548001461456
0.00923976875909772
0.00626946891813274
0.0100403074951165
0.00227791981358829
-0.00276058282809091
-0.00393538550859546
-0.0127657305973051
-0.0157383346509062
-0.00438989093138807
0.000947771468923978
0.00611479624464095
0.00452357837468526
0.00178470359118276
0.00321703817159687
0.00254311681408757
0.00193384336102602
0.00217896924902826
0.00343599990864429
0.000622680659439005
0.000194903387161163
-0.0014164555466646
-0.00405038613154761
-0.00390974466934173
-0.00162870149677984
-0.0011786073119018
-0.000599920500800276
9.79747650169279e-05
0.000621113135999552
0.00353856402340368
0.00649236103711789
0.00184789411943486
-0.00398559850750701
-0.00437984144512557
-0.00692124669461159
-0.0109095457039357
-0.00980986012843368
-0.00532059624535504
-0.00165697247409679
-0.00343898598073697
0.00309510816473456
0.0149977970231168
0.0126654110464296
0.00894363196180669
0.0132531791936934
-0.00999124017467598
-0.0261588895987117
-0.0200620252410844
-0.022031871326186
-0.0328039653044249
-0.024605288454932
-0.00899889976517651
-0.0164493998549952
-0.0271224749400052
-0.0237238922943534
-0.035771848151191
-0.0369604975024696
-0.0206427092964638
-0.0193131181657898
-0.0102142978106654
0.00992905611147245
0.0170090652209009
0.00838322665627266
0.00697566965939992
0.00214257282154114
-0.016830427208422
-0.0254025624010706
-0.0164487417565655
-0.00885467347452468
-0.0061145279896513
0.00168187127877409
0.00912287819501715
0.00649204124425212
0.00215764402189308
0.00164646177255544
-0.00417658277795899
-0.00941948623080425
-0.00733389746885221
-0.000341132252054131
-0.000306314929168011
0.00207775161624292
0.00551702790842037
0.00256650607747996
0.00267325749713346
0.00785127841427605
-0.00331172276213082
-0.0159490794159023
-0.022985455644017
-0.0258686760247634
-0.0249525945368136
-0.00199101705323696
0.000352135029851647
-0.00833718925131471
-0.00610640161185822
-0.00176951232840323
-0.0082239754838048
-0.0162041529895164
-0.0139016134068203
-0.0119403957068736
-0.0146183385532605
-0.0118152964339324
-0.00671011186716105
-0.00675515385502715
-0.00762637687183895
-0.00575183786167822
-0.00807381699738363
-0.0136373154228899
-0.0134284306048199
-0.00955142259110493
-0.010008409242802
-0.00793144554244528
-0.00173534212923734
-0.0026965347822881
-0.00503480021350514
-0.00368076391198294
0.00954240482656193
0.0185138712485589
0.0142176566521549
0.00960149168287971
0.00675573977942362
0.00677214743229984
-0.00110725278225005
-0.000892809162229013
0.00117693550742148
-0.0021739035235744
-0.00186595231017792
0.00673200862936901
0.0114972767053414
0.00922599419133525
0.00930910530644351
0.0124014763050213
0.00978706937344838
0.0037241889312385
0.000988371659345724
0.000441984382314394
0.0016859955001217
0.0122713117220072
0.0197078606100182
0.0126917315624979
0.00920186136825999
-0.00175136065802281
-0.019367661281686
-0.0221975429211394
-0.00782332675489104
0.00328429571953161
0.00458276662595799
0.010548461637494
0.0150524492220234
0.00660940665554979
-0.00017451156669836
0.000315661764891953
-2.42012930650683e-05
-0.00223695161030465
-0.00127584642480696
0.000740333549451313
-1.78558103488416e-05
-0.00105514200424879
-0.00461812406800584
-0.008311300963517
-0.0104231213619453
-0.0109075365693605
-0.00586988194794012
-0.000359194397408465
-0.000955434810288996
0.00447593722137209
0.0113114880634747
0.00606239809305887
0.00109154610462616
0.00343446516263817
0.000490102023860597
-0.00136417345250053
-0.00328154861936387
-0.00534730377001365
-0.00465678260925721
0.00540845072593594
0.0112317784142338
0.00782975570449817
0.0105863859451484
0.000993349599631713
-0.0135485234047677
-0.0117224416908401
-0.00485151789981868
-0.00553813798963875
-0.00549093008837406
0.00199152099719845
0.00923603436708813
0.00576966184634323
0.00601029615369702
0.00825806651140563
0.00413212303860451
-0.00268138937356609
-0.00474156017859096
-0.00400984878600321
-0.00493194838064272
-0.00692519474109351
0.000866964050175686
0.00307002902754126
0.00310012937944948
0.00931244356141002
0.00460040301779423
-0.00840673148401429
-0.0137727111418137
-0.0218422714321222
-0.0267937110973304
-0.0202311625941216
-0.0142202355001012
-0.0081659343640684
-0.00649768341590672
-0.0112521968933442
-0.0122819737501096
-0.0102129427405735
-0.00806414060217937
-0.00794490458218998
-0.00520225318944372
-0.0152789393205015
-0.0270581675544743
-0.0268419360248527
-0.0290164259074009
-0.0378635288701353
-0.0281119511646277
-0.0202755096940488
-0.020697122267633
-0.011415229930444
-0.00816920734043972
-0.020905632299571
-0.0238200827049788
-0.0201531692706599
-0.0279455463962906
-0.0375810498929147
-0.0379857874384619
-0.026601294302991
-0.0133511500716245
-0.00825264624402636
0.000351793105834972
0.0147922240422534
0.00836691164113631
-0.0135479290961339
-0.0211031244473691
-0.0135120940797844
-0.0148069207659769
-0.0175702889354175
-0.0115866752223024
-0.00751779819522042
-0.0124848908055494
-0.00873301391556334
-0.00492492209335339
0.00594770157014371
0.0124154440088245
0.0049233692500372
0.00042730043185297
-0.000659733083310585
-0.00974803141364207
-0.0152183158304078
-0.00874329821411283
-0.00605049129599406
-0.00633505641023541
0.0120314298320551
0.0285585006429531
0.0234392137640058
0.0207414667024459
0.0194748500794157
-0.00636192182484256
-0.027091588237777
-0.0155052119060094
-0.00287565387628223
-0.00370051287097947
0.00623389248728175
0.0210930799205113
0.0150750603352794
-0.00334540833859854
-0.00821684518828996
-0.0119808405979911
-0.0257969646688366
-0.0228836502465994
-0.00229718579560553
0.00846696093198032
0.00690023104312621
0.0113935063093928
0.0124480843979785
-0.00442373966493887
-0.00724911982829211
-0.00674505766396446
-0.00674505766396483
-0.00674505766396511
-0.00693922707330274
-0.00925701914860499
-0.0103223528075444
-0.0145635634535928
-0.0151936050123678
-0.00454518913120379
0.00794330075222202
0.00884728948567627
0.00816656340397889
0.0125939446545928
0.00537204974063262
-0.00974001500237136
-0.0198005051397144
-0.0150830052935674
-0.0127243116436737
-0.0128360806925701
0.00121727758862466
0.0135183902861722
0.0163096144423342
0.0233895360535379
0.0238402240382814
0.0148651562978289
0.00844084870060102
-0.000133582175717926
-0.00535247166108396
0.000729526875436101
0.00581676793727929
0.00800660046005271
0.0172222571981824
0.0254583395270841
0.0240990145616757
0.025634986683252
0.0234902117635096
0.0116687319811834
0.00173282714058489
-0.00312011649624924
0.000189897689983826
-0.00216345431084195
-0.00194205352146664
0.00263079470109145
0.000681377636259922
0.00149032189524243
0.0020710619037135
0.00104863760644985
-5.51612395247661e-05
0.00156079555023348
-0.000118325700989719
-0.00163397210364461
-0.00071705624045471
0.00195581346015162
0.00237914695445868
0.0059527102490517
0.00552044358505721
-0.00522822684564739
-0.00974743407254867
-0.00458267013483291
-0.00725241744285848
-0.00914115793794165
-0.0135911701998682
-0.0164279396707952
-0.0118014527385368
-0.0073456390127191
-0.00760657693228153
-0.00618380047072203
0.00610324811602778
0.0155488098010749
0.00799377895345916
0.00810381684307928
0.00266851789910198
0.0020218171223524
-0.00603716670924906
-0.00133264100205094
-0.00516099255868277
-0.00742367104071013
0.00376401950426064
0.0103904960024872
0.00470426855271717
0.00688506235160551
0.0134433560865012
0.00348927369272904
-0.0114552556631729
-0.0114020908730982
-0.0102116799384157
-0.0154748075543562
-0.00660528092144364
0.0122580776146736
0.0166058093875719
0.0110991921389712
0.0122818149034062
0.00837230364176333
-0.00263329274856156
-0.00474769859295771
-0.0032484092219313
-0.00693429697026075
-0.00709988709298938
-0.0081809410217201
-0.0123872366287282
-0.0121509139060093
-0.0123849315401776
-0.0110004065519079
-0.0056643845423145
-0.00318748495653911
-0.00368574323214834
-0.00663788669355706
-0.0130018563753556
-0.0173875387009416
-0.01441793249308
-0.0152657364181969
-0.0142045806348048
-0.0142045806348047
-0.0142045806348048
-0.0142045806348048
-0.0142045806348048
-0.0142045806348048
-0.0142045806348049
-0.0142045806348049
-0.0142045806348048
-0.0142045806348049
-0.014204580634805
-0.014204580634805
-0.0142045806348051
-0.0142045806348051
-0.0142045806348051
-0.0142045806348052
-0.0142045806348053
-0.0142045806348053
-0.0121523138410227
-0.0048259902719908
-0.0048539070141818
-0.00616550156829972
-0.00669264042056574
-0.00644879418194953
-0.00168840908145805
0.00229797189958784
-0.00223279339913855
-0.00407130554581727
-0.000333043593425505
-0.00494292517370255
-0.0169705903661215
-0.0278250859195353
-0.030211728928306
-0.0472878123214821
-0.0508370597009453
-0.0243415870572311
-0.00638035474680142
-0.00720074250145163
0.018048408348911
0.0226407934492729
0.00374061765057312
0.00270213866073388
-0.0138447855988511
-0.0500357521338136
-0.0607189075170153
-0.0497682147275169
-0.0469359928614725
-0.0333215735349814
0.00179429713419088
0.0132238881525621
0.00210584298354224
0.00217847594160422
-0.00348918100113943
-0.0318923905254551
-0.0577352997518797
-0.0457432866656096
-0.0465138501012616
-0.0365925657126741
-0.026823245953394
-0.0144375044626383
0.00459896746106905
0.00643450770330335
-0.00149020771907458
-0.00349613839709484
-0.0237532240142359
-0.0512040895593111
-0.0380049337609254
-0.0299184249426883
-0.0211684750255828
-0.0116973244676907
-0.0204916282775451
-0.0158872140316358
-0.0261392622533805
-0.0275081964963856
-0.020200450566795
-0.021201387341818
-0.0137809135451516
0.00187059269683651
-0.00278567589057657
-0.0075584327385985
-0.00552392111189951
-0.0126530777461757
-0.0212587192440386
-0.0167565964280439
-0.0108728530512291
-0.0130078284360823
-0.00637974463807839
0.00860178162422152
0.00952915707021402
-0.000406512846896776
-0.00381438969090876
-0.00804275829810296
-0.0173732255706298
-0.0166819138442659
0.00221207617214506
0.0165426816438117
0.0225101910578032
0.0295608666165735
0.0120183233474179
-0.0142692881794004
-0.018303889346557
-0.0133455363725669
-0.0244338844223103
-0.0133530845089307
0.00816108183035503
0.0101362708805373
0.00908885049658981
0.00907784088035136
-0.0114610216776049
-0.0330803817611073
-0.0298421891987331
-0.0308854189226152
-0.0384438135542708
-0.0222079515302902
0.000532491019081528
0.00147722462293836
0.00213124824727444
0.0143612817768122
0.0094944855985616
-0.0117207583592587
-0.0182499285859713
-0.0174068677225358
-0.0280547823312902
-0.0270393805366559
-0.00737514626830058
0.00319037851895577
0.00293527571735513
0.00501536134135443
0.00818418975221458
0.00218223884201051
-0.00474904541635386
-0.0116248217420678
-0.0109654406638116
-0.013429972507339
-0.0166807579107469
-0.012832163739634
-0.00560298262651844
-0.00658643436334738
-0.017751292097899
-0.0153523110935966
-0.00992845195005773
-0.00804726980566979
-0.00627856023526647
-0.00279945719274276
-0.0023709600967769
-0.00603208148776177
-0.00878239514559333
-0.00963867441609496
-0.00897134648266649
-0.0110716405077905
-0.0107963757821357
-0.00327551845120821
-0.000296949634262294
-0.000820703199993085
0.000972299150031324
-0.00327173021758465
-0.00827018683397417
-0.00491313889251919
-0.00171345311219389
-0.00273076199761071
-0.00276351602329401
-0.000455050777426316
-0.00771952817886248
-0.00717943864253727
-0.00640147404735413
-0.0113331357421059
-0.0148624001154904
-0.0170823031483038
-0.0169303230405654
-0.0213271530767398
-0.020683964849754
-0.0122733467383355
-0.00896072842522673
-0.0110442367509865
-0.00872961062964708
-0.00941189267594798
-0.0229073386139167
-0.0315427676696859
-0.0284514403526904
-0.0296776513921812
-0.0328647693370902
-0.0218989916272442
-0.011215689660596
-0.016119021291016
-0.0129796164374204
-0.0151519728149477
-0.0200821384433715
-0.0272835497911154
-0.0322815484700897
-0.025844128720918
-0.0232457469356625
-0.0214634897332275
-0.0177096349082895
-0.00894707265416096
-0.00439730022910025
-0.00275575198403325
-0.000571290010732498
-0.00161336032903337
-0.0080880675010124
-0.012559737423861
-0.0148624421571297
-0.0201341469499327
-0.0200972653645712
-0.0097648057796923
-0.000184212861026174
0.00120287081384848
0.00441082220189379
0.000124156953738498
-0.0075378287469781
-0.0105323474210475
-0.0128989556061496
-0.017292217756251
-0.0136680487293498
-0.00450183127705287
-0.000656670053193384
0.000631340377295603
0.00392086012785447
-0.00204923396553254
-0.0123160353697949
-0.015910216081838
-0.0174738289893298
-0.0154502598898681
-0.0146257449604644
-0.0118995583681646
-0.00731822770413461
-0.00656297737405538
-0.0098803366192606
-0.0122299779556041
-0.00778944461761665
-0.00602246404611585
-0.00876442156550445
-0.00774263918131919
-0.00534665318223703
-0.0080907396638577
-0.0131548542614607
-0.0116691076337177
-0.0100509492256105
-0.0119697040693403
-0.0082787537241239
-0.00413472433122726
-0.00723714719770047
-0.00519724396000441
-0.00451097453036714
-0.00544479999300725
-0.00683248968621518
-0.00680496775855295
-0.00541091004444588
-0.00441165916016268
-0.00351464517669663
-0.00374675966924256
-0.00466712645466126
-0.00566034984752797
-0.00574670275384438
-0.00419656574921641
-0.00118670539448572
0.00213375050626923
0.00189644966970401
0.00159490060728153
0.00237184729659065
-0.000213455887489172
-0.0042095795773452
-0.00452988988637515
-0.00288266680337152
-0.00267390915447227
-0.00163486414561789
0.0014371060022576
0.00230520985328443
0.000540048088890757
-0.000587356407121863
-0.00101680586735061
-0.0024479171734827
-0.0055275177249471
-0.00744108992515858
-0.0103493315280417
-0.00776604671161997
-0.00664283515728714
-0.0091745467466528
-0.00642977853834134
0.00231521105520055
0.00642838801208106
-0.00155214504977794
-0.00690997039220023
-0.00833833787772602
-0.0112188752463139
-0.0138577446331833
-0.0113420031677305
-0.00807638139529375
-0.00486580007126673
-0.00184512663870763
0.00301387187977631
0.00140019478366022
-0.00395805947170171
-0.00515350112999726
-0.00656758896138229
-0.0101410198387041
-0.00908375692361038
-0.00357189878946467
-0.00175091352173631
-0.00119894084481735
0.00188465678640295
0.000807320977784381
-0.0065762814247458
-0.0122917987545137
-0.0131766931666204
-0.0140504229113632
-0.0110036323989215
-0.00569250061298097
-0.00168731808114744
-0.00100179193417854
0.00295689800064911
0.00419022534522924
-0.00026044219865161
-0.00435107453027494
-0.00615004482956447
-0.00850675800758629
-0.0107054238759363
-0.00903107515214574
-0.00615892275259191
-0.00457716251064465
-0.0028222779725582
-0.000543791062645252
-0.000555282011652075
-0.00352246362402604
-0.00592328157693302
-0.00700078772864414
-0.00482812054619735
-0.00396904017724644
-0.00213681869727502
-0.00138220655797451
-0.000775867122474848
-8.17220094960449e-05
0.00135737637545248
0.000602845820474279
-0.000488447456176376
-0.00113835830060393
-0.00165531558811432
-0.00337326296275205
-0.00454917595876448
-0.00319964070693943
-0.00205860189049263
-0.00182217440315647
-0.00057873066737956
0.00064802323895363
0.00218396101757967
0.00279595896533633
0.00185352225411628
0.00172856809979156
0.00127836846701937
-0.000628112110806252
-0.00124927097353352
-0.00103514684329082
-0.00178276615234902
-0.00198773528476316
2.02560365795024e-05
0.00288755764422252
0.00248221171229574
0.00137601026075179
0.000744859101303053
-0.00136322038593563
-0.0038824048979568
-0.00327992299079197
-0.00131356494150743
-0.00127310225012889
-0.000928901766103078
0.00106716045267647
0.00019777500976982
-0.00175350049637945
-0.00262030835600742
-0.00286447031221446
-0.003348815620767
-0.00363288029817617
-0.00120172258797307
0.00124228449310896
0.000468177693116232
0.000273281209116761
-1.63746001794723e-05
-0.00318628311775931
-0.00573290628609509
-0.00533893429841719
-0.00395877423396271
-0.00166791851541706
2.88255659377918e-05
0.000786212170842836
0.000301430189512513
0.00026110793185101
0.000139760442970729
-0.000693436450126832
-0.00152422342491598
-0.00156331500305917
-0.00130302195590926
-0.00170319792321506
-0.000641060799225942
-0.000189183723336459
-0.000349535344297035
-0.000690385452965066
-0.000961548138633743
-0.00131510098216621
-0.00152942862191253
-0.00127275341529938
-0.000865492818264428
-0.000623555560488588
-7.86942601359138e-05
0.000641446650664373
0.000659937646580042
3.21592899297562e-05
-0.000143363124367511
-0.000623622674267018
-0.000754829378446075
0.000335166786016852
0.000168784367081524
0.000549604596347463
0.00122355717388528
0.00206410406382596
0.00138705625070226
0.0017684372119689
0.00234210804597717
0.000664691168747947
0.00106891419742475
0.00111925784390153
-0.000677198059432915
-0.000366309866193262
-0.000442866402570228
-0.00118508259916172
-0.000861928486851614
-0.000796125391794566
-0.00133216822822049
-0.000419580133204167
8.5474535666491e-05
-0.000800488320715658
-0.00110885803535773
-0.00074833715720433
-0.001571002747779
-0.00291894451666493
-0.00204764283406205
-0.000575073738367197
-0.000714111557195057
-0.000837856167341331
0.00030680492516012
-0.000700104962525992
-0.0054725781398301
-0.00995343090225056
-0.00992085561715649
-0.00882208957025816
-0.00735217991142325
-0.00503817969972686
-0.00263299930810439
-0.00128252090083285
-0.00116913520044358
-0.000864378761247082
-0.00295696234194411
-0.0064912868240372
-0.0104045685245092
-0.0124708219733071
-0.00909897701886299
-0.0124626409340858
-0.00928042424135415
-0.00669819467123747
-0.00380186844738288
-0.000393566363577472
0.000628824403612437
-0.000785015531876799
-0.00225251489893587
-0.00428000743956959
-0.00761657888517198
-0.00920890106487534
-0.00783495518978038
-0.00636203449084395
-0.00473465607348009
-0.00144109661579032
0.000803224696781763
0.000154780904556239
-0.00135012721297301
-0.00275886925800428
-0.00520374229145775
-0.00827005228572253
-0.00758719132468959
-0.00570494093534633
-0.00498748958578213
-0.00283056692367716
-0.000249559771115502
-3.3210514103582e-05
-0.00148209677918789
-0.00221760836955082
-0.00332609508712642
-0.00579391594643634
-0.00672882241603423
-0.00670628675207761
