-0.998233910919727
-0.998233910919728
-0.998233910919729
-0.998233910919729
-0.99823391091973
-0.99823391091973
-0.998233910919731
-0.998178336790787
-0.998864550696852
-0.979602248616017
-0.94164741800218
-0.874234080657691
-0.832254794845373
-0.776874462076267
-0.686798641292324
-0.638032758210127
-0.651662949660869
-0.617586183401912
-0.575573137956851
-0.561517853183227
-0.513368305475832
-0.459447665015045
-0.436085529567815
-0.417660684939514
-0.390314506654672
-0.405496917568782
-0.394759463580985
-0.36144506941035
-0.327392816676362
-0.301248697031281
-0.259464942780339
-0.226029439852263
-0.233063443739309
-0.246704376381555
-0.234839863386793
-0.256600924886521
-0.285580321986545
-0.269505227091807
-0.213833450551447
-0.172939216449148
-0.123307513796539
-0.0754461893565735
-0.0715430694389818
-0.0962073195042437
-0.117609945860919
-0.15225240072731
-0.156095371409373
-0.162233160211255
-0.172987901217344
-0.151227451536662
-0.100110122067615
-0.0544159557143869
-0.0370232679055307
-0.0355874448822142
-0.0545552409686722
-0.0788485141796983
-0.0918931669145575
-0.0806468592562995
-0.0830829881900429
-0.0445826976536257
0.0247977067154429
0.0380504412405741
0.0226414311539167
0.0318922104096509
0.0154739402680375
-0.0391131781994571
-0.0525927148190636
-0.0290584144419989
-0.0256036493567839
-0.0182593301795102
0.0241407192132365
0.0401678025818983
0.0179698264639005
0.00735025678330527
0.00703324867066912
-0.0145482321417151
-0.0340447514356434
-0.0196017088875106
-0.00398592218581981
-0.00921601820650875
-0.00119572614284849
0.0131427733316497
0.016693900557522
0.00305008916895973
-0.00105606495829231
-0.00349056829923439
-0.0142399369457178
-0.0173856487248026
-0.00348834837831484
0.0077763451137037
0.000543770924828036
-0.00400582971996253
3.28094682581479e-05
-0.00894425969951203
-0.0132657482211844
-0.00880815492321839
-0.00501826788609906
0.00053090103560562
0.018927401143152
0.0202092975091646
0.012412246366985
0.0198433618950627
0.0165099550512286
-0.00795809490930509
-0.0109616797887663
0.00539857390707169
0.00678012498945584
0.00543275809879575
0.0225570738538012
0.0308522079802278
0.0135985924516601
0.00452999188928875
0.0073452030326775
-0.00543591567754722
-0.0187453485516797
-0.0144872021082232
-0.0015979012768407
0.00672845045661987
0.00847455069722532
0.0174293434710894
0.0170128152559829
0.0199977816827585
0.0168355593171175
0.00276774656249396
6.36683418349165e-06
-0.00333362178882194
-0.00888749855260877
0.00339490110121754
0.0195128107533386
0.0164440639189341
0.0100107952613418
0.0118178824596809
0.00187780202410221
-0.00749531516110198
-0.00834065560946987
-0.00619925765240273
-0.00704515214586623
-0.00779488583109593
-0.00751249475146382
-0.0134452270485942
-0.011212472569561
-0.00894884772310769
-0.0103423654550371
-0.00326732624521965
0.00151710821213014
0.000333404597207243
-0.0066560635545515
-0.00878148375723231
-0.0104846562455308
-0.0209792166380686
-0.0237012476618076
-0.0163937268121622
-0.00976421266520717
-0.0104494335227966
-0.0130572242107649
-0.00988345915596459
-0.00383745758599756
-0.000656399446504793
0.00245884055969286
-0.000549489033806623
-0.00102736480627473
0.00414851467146196
0.00437153623705306
0.00148158070318159
0.00351137065309374
0.00377370145862306
0.00343703144895756
0.00346013125477632
0.00691013004681863
0.017074477001913
0.0264147543903884
0.0239242186903734
0.0176965731541509
0.0148179079022757
0.0137572755862676
-0.00721502644402198
-0.000341647740749917
-0.00772725227213454
-0.0227926502641165
-0.0197026157189623
-0.011403596344044
-0.0125682645734462
-0.00738118791712074
0.0109437738757649
0.0146439723655517
-0.000984845210977708
-0.00694621334415621
-0.00672368177486389
-0.0171447694820406
-0.0230293081464605
-0.0131321274760517
-0.00885541001749955
-0.0114989331150316
-0.00509879022640517
6.54631615448382e-05
-0.00788629997151342
-0.0113970842177849
-0.0141411050372926
-0.0183450492094364
-0.0144110056664666
-0.00620915739595321
-0.00336433709543043
0.00511291267990435
0.00561711854382974
-0.000896319573938103
-0.00637506683555705
-0.0095892552899199
-0.0243731416484701
-0.0225795145741063
-0.00557582860260613
0.0121635538709551
0.00614373004604205
0.00838907132330118
0.00080622630307021
-0.00898268085135918
-0.00944795572287737
-0.00802104319285833
-0.0188556279953133
-0.0200336237869814
-0.0102533251167012
-0.00765393891182857
-0.0119136339135916
-0.00498276138171661
0.00462670651368106
-0.00449910834342495
-0.0191223853776782
-0.0233415058876409
-0.0256817050961491
-0.031407898503407
-0.0255256402757885
-0.0198824786300864
-0.0252018674719793
-0.0179351644961875
-0.006242674184911
-0.00177273956644529
-0.00183207110089072
-0.000356578716509533
0.00889738986723133
0.0116476721383928
0.00251011810627454
-0.000779843866901254
0.0052385489329534
0.0141747827890207
0.0265875246527898
0.0142175204332015
0.0106363590658964
-0.00741228285513014
-0.0284270210592952
-0.0352061494322653
-0.021244545191197
-0.0138799171227189
-0.011237473228472
0.00758853712015944
0.0127338604976798
0.000503504140281915
-0.00692711732490603
-0.014842210256005
-0.0298119290957507
-0.0320652476418607
-0.011097679816067
-0.000649958881599747
-0.00817552162145535
-0.0132800800781738
-0.0110621551741174
-0.0229854113292086
-0.0300944674968562
-0.0222762008550762
-0.0152905232727377
-0.0153462291554172
-0.00551329473365559
0.0136745902564541
0.0106939502883165
-0.000690950560070053
-0.0045972430763209
-0.00505642849615163
-0.00951992726880297
-0.00663911584177978
-0.00317395713139439
-0.00117057772190733
0.00125382829676292
0.00277895076804829
0.00303646505356571
0.00214156977839666
0.00070169263380468
0.00155847350408845
0.00236545227815703
0.00119582913592097
-0.000129298720329892
-0.000526000266999905
-0.000207690982639774
0.00337411797797106
0.00286960501456237
0.00704668443942029
0.00837071358262773
-0.000217401906613651
-0.00738474419228616
-0.0127132688644321
-0.0249648650412859
-0.0291262155854175
-0.0275651501682426
-0.0368642765502749
-0.0218775358225615
0.0180100868324679
0.0228854550498991
0.000651207890189222
-0.00102079586159238
-0.00983409245856566
-0.0204319033498483
-0.00337906858240047
0.00763884760042216
0.00408857669458406
0.00563594463224165
0.0118209349291816
0.00165325886723348
-0.0134560190764014
-0.0156431987559228
-0.0164522357505405
-0.0217004952281587
-0.020832997129027
-0.00368584019670571
0.000423641936909412
0.00245439884946025
0.0104647194177726
0.00925902766048855
0.00587419265069686
0.0068946550439332
0.00702162874370558
0.00338710681187603
-0.000423385164868686
0.00244323782361926
0.00952157183461911
0.000599880390261259
-0.00313601469372868
0.00134340679709807
0.00207224282472122
0.00760069314138019
0.0241305136325276
0.0219429218603324
0.0134793662485367
0.0117533965562233
0.00903575699254167
0.000448467019419588
-0.00288664695933428
0.000244252668706209
0.00068364691301407
0.00549521814824275
0.0225955172634689
0.0273255189292778
0.0242929496686573
0.0246300274079208
0.0215774175019002
0.00354284356476761
-0.00827941615268974
-0.00944232964472116
-0.0105789822121352
-0.0205273482745542
-0.0193654430275928
-0.0190844578370973
-0.0229911810529801
-0.0224689676544712
-0.020047898784744
-0.023163592594202
-0.029582785195544
-0.0316241574653978
-0.0360707134934435
-0.0437638717354762
-0.0432141933136092
-0.0365629089416483
-0.0274316300779604
-0.0255283750998061
-0.0248588213036973
-0.0168200339443037
-0.0224104728170798
-0.0217078659506828
-0.0126515086812583
-0.00272998930781857
0.000132847707796407
-0.00262719152344023
-0.00378487548267429
-0.00540822278040224
-0.00267238406630171
-0.00413466308438681
-0.01411601470509
-0.0126769391942345
-0.00846084121429428
-0.00940158039390964
-0.00617281471026401
-0.00390954126336457
-0.00259236072366123
-0.000898397594184674
0.00130855291405499
0.00199399884336409
0.00102271346328305
0.00123735795129852
0.000915164753475657
-0.00131465161965878
-0.0009106544213125
0.00129951813595148
0.0014809595881364
0.00125533548765184
0.004390176284975
0.00580090877702646
0.00183391005335724
-0.000233495213943804
-0.000971141362117397
-0.00221797801125552
-0.00495491074550644
-0.00812136733173808
-0.0110367519110885
-0.0144009038901571
-0.0127386442687085
-0.00503844666819343
-0.00275278381788936
-0.00564084461318015
-0.00834209785150531
-0.0087604264018834
-0.0105768990304319
-0.0113410856652284
-0.0171430372794139
-0.0293305429914831
-0.0301587211242321
-0.0184269720066589
-0.0181600055142634
-0.0217160071826956
-0.0197016490718411
-0.0196307192658782
-0.023654151432485
-0.0220392887426037
-0.0132588203358383
-0.00790644702686445
-0.00485523543765895
0.00113959102923315
0.00120851718760509
-0.01076339138131
-0.0241083145533687
-0.0296644642444051
-0.0390044281997371
-0.0529741519802153
-0.0432918805062114
-0.016676748375456
-0.00651375989942123
0.000507882977075352
0.0127099886651534
0.00790462833019731
-0.00432759362735487
-0.010694160220067
-0.0205094833470866
-0.0334568080011259
-0.0215941202204243
-0.00324766301936498
-0.00437991358353226
0.00626208666300368
0.0136475124715925
0.0155353131032669
0.00774663076303541
0.00159756609882765
0.00252019961183446
0.00443096822938481
0.00333017329765182
0.00630127863757764
0.00707688775048371
0.00446067332412103
-0.00474104289398096
-0.0125297418347032
-0.010741087193996
-0.0122369094083314
-0.0149347357229208
-0.0105460642620478
-0.00302949464726573
-0.00101332573693529
0.000242582351282532
0.00621514268884838
0.00791390022844455
0.00364662385291036
0.00296157093749564
0.00379083962168856
0.000871631298786262
-0.00922716838886658
-0.0066189860591862
-0.00540286229545454
-0.00771993305560262
0.00064020095536517
0.0116399880878985
0.00923660169158428
-0.00253234161934282
-0.00495186918982576
-0.00401385757245707
-0.00930120783417004
-0.00776314675688146
-0.000115251208820949
0.00171279362137769
0.00215279650161647
0.00894431449504427
0.0118616182269469
0.00172403590102839
-0.00817749038905146
-0.0180951381544103
-0.0167989906905754
-0.00998756335385122
-0.00432881903132944
-0.000704256686149382
0.011112142635148
0.0186590032063787
0.00817263383397083
-0.000984611403020263
-0.00197166292669139
-0.0103197785100601
-0.0194663046390345
-0.0139088802156501
-0.00614287241212446
-0.00482436442050377
0.00476378960011118
0.0132076415004955
0.0099366726750674
0.00340644039965524
0.00277660889832542
0.00362362372911355
-0.000136385729275537
0.000762011556605926
0.00161366923783579
0.00199164011243051
0.00219367130474402
0.00227138132447839
0.00215101198207142
0.000559438958118788
-0.000340939260970354
-0.000519496238770342
-0.000924466538326322
0.000500101691909201
0.000542660146259423
0.00469180986788178
0.00729013106717271
0.00706268130981577
0.00639042642775831
0.00546109550773122
0.00283566955140677
0.00227405979917681
0.000277397440349245
-0.00454804210091742
-0.00432740950769385
-0.00206204375472596
-0.00169774218318715
-0.000589952142004012
0.00368986284041961
0.0110824812550911
0.0147018804870181
0.0138122214064975
0.00819004610451418
0.00373786248798365
0.00578080724203462
0.00807835338023101
0.00826388189281207
0.0116640142454622
0.00992752064731011
0.00239895544714114
0.000398220906459105
0.000933565593621453
-0.00438776168577318
-0.00608449612541597
0.000305111087296533
0.00271909746152219
0.00177656411029269
0.00816385868259681
0.0126043198484409
0.00691869853542935
0.00564074696678183
0.00434773151671605
0.003435746890323
0.0023805096696179
0.00221887569324646
0.000839885870412579
0.00105804097043036
0.00159889465744624
0.000560403081392167
0.00146560295421265
0.00473625021912952
0.00381267389923938
-0.00197687577812609
-0.00415949905060993
-0.00186844884699102
-0.00270549641311089
-0.0076737292656312
-0.0154864603840322
-0.0140603123897399
-0.0133994001793057
-0.0148994253854017
-0.00529802286825467
0.00453972090532863
0.00434173281001841
0.00209180538346556
0.00316943906758943
0.000423081701631665
-0.00500323236658251
-0.00647685835006353
-0.00524765171005369
-0.00639813320058759
-0.00585503132804297
0.001050056880312
0.00575852735027892
0.00182769538725102
-0.00291305397504852
-0.00488316192725259
-0.00969389625977133
-0.0161758246302476
-0.0146995452309945
-0.00892082719597173
-0.00764997277827422
-0.00481741947989366
0.00217100935520151
0.00322888686029048
-0.00163557884837778
-0.00239351114367368
-0.00371864256613166
-0.0132646195148378
-0.01836800878488
-0.0144436631866986
-0.00285904041791261
-0.00285904041791261
-0.00282707327511557
-0.00320007395827434
-0.00675012506166035
-0.00332085584271745
-0.00115887336413394
-0.00684369721715071
-0.0101371471716326
-0.0129915780832241
-0.0212427661134268
-0.0180656284401397
-0.00863700664283838
-0.00405714112872406
-0.00310225326235503
-0.00581227714919491
-0.0144519608821069
-0.0217863020421787
-0.025122438523009
-0.0185683777073851
-0.00931706581979692
0.0044248884005843
0.00390944095026772
-0.00465451801716121
-0.0076468269341086
-0.0111921418116066
-0.0194659101641133
-0.0218720160997906
-0.0158939449485805
-0.0115459146639871
-0.00676734896061354
0.00268489772652843
0.0043508583349974
-0.00327441069735427
-0.0068644455795818
-0.00714689148934252
-0.0141578923692553
-0.0182798161614058
-0.0139297785909805
-0.0180405123456152
-0.0158698115121431
-0.00896207486720953
-0.00682395049876646
-0.00818566121216849
-0.00745245275210275
-0.00509646136544219
-0.0052500933728156
-0.000888893863575704
0.00085223161364788
-0.00013941272807971
-0.00240803253460875
7.17477935026651e-05
0.00444097303785637
0.00539746109137114
0.00187557251992145
0.00376432770877266
0.00100354327440876
-0.00209255903769252
-0.000241164010262642
0.0034978640427606
0.00269680864675569
0.00132417041259945
0.00210180530010885
0.00325857130825809
0.00234386338705864
-0.000211969648859093
5.99222301131876e-05
0.000460997113609354
0.000900886863789208
0.00181476908514272
0.00426293715777736
0.00663771165436105
0.00444479433316219
0.00116002630982954
0.000305492039212089
-0.000513151885995028
-0.00170111305209439
-0.00103780195190815
-0.000346510824177209
-0.000572826046882007
2.01058560139571e-06
0.00114960198404758
0.000409248967239438
0.000185353605058533
-0.000679835310231778
-0.000872960950334742
0.000149377057421352
2.37767030453212e-05
-0.0014768007395153
-0.00263763754379206
-0.00422936155732192
-0.00541480170753173
-0.00546584777000453
-0.00531962224821058
-0.00509328429788981
-0.00431400293555813
-0.00103911195876858
-0.00157811081406375
-0.00418188775116682
-0.00357060748961055
-0.00363515597597414
-0.00489289340471879
-0.00344152187278017
-4.60420147229813e-05
0.00152345819261114
0.00158633982492343
0.00199503041598904
-0.00127237025621654
-0.00200770948740655
-0.00320801364782504
-0.00536902501330079
-0.00694769125979202
-0.00327754496571922
-0.000508640773273577
-0.0036692151309668
-0.00328717012301651
0.00410012602950661
0.00876355314815551
0.000121915999453947
-0.00789767591281289
-0.0085564936154548
-0.0131621195034361
-0.0188408314202443
-0.0132273419790314
-0.00328463067347289
-0.00113773870090295
1.93073817972463e-07
0.00444842578943117
-0.000133720785191404
-0.0107772099021845
-0.0113834366919911
-0.00810062486043719
-0.011548929393432
-0.0124065706736461
-0.00413931549593668
-0.00508727399710838
-0.00746393992269751
0.00183845015590433
0.00984863963342614
0.00358684087136916
-0.000549259407699279
-0.000974068105198489
-0.000875126815620964
-0.00389539023336441
-0.00280636145213792
-0.00197303388006255
-0.000205945477804044
-0.0006946199696749
-0.00182748783482068
-0.00269606346357111
-0.00427379732145724
-0.00858342308584828
-0.0134318587529226
-0.0220645014881637
-0.0235879581919552
-0.0105579690181948
-0.00572696575690107
-0.00837429244909841
-0.0069116056532326
0.00220961158830914
0.00591945653396471
0.00442492712137934
0.011080825568565
0.0117707159757774
-0.000199758752302887
-0.0101278424685702
-0.0116974350275967
-0.0199859427087906
-0.0283959720453967
-0.0186802204728395
-0.0110466607822383
-0.00705292626441852
-0.003835206441652
0.000467014706960776
0.00301516409857321
-0.00271293042334968
-0.0114187157433031
-0.015683337951974
-0.0183101019867914
-0.0183466644341705
-0.0134886338293576
-0.00608616525916564
-0.00220549654583017
-0.000305861291345572
0.000817889648465388
-0.000231405549538647
-0.00618290727561022
-0.0138926507525943
-0.0157126887992361
-0.0155956419593049
-0.0184519684230731
-0.00941956724933727
-0.00632012595301113
-0.00627166349992683
-0.006680604222308
-0.00519826244179458
-0.00526779697120269
-0.00835022201501621
-0.0108926995474033
-0.0113532618899519
-0.0116072037242485
-0.00878715341217872
-0.00550756841233428
-0.00596146419205174
-0.00545761670148733
-0.00344901928374163
-0.00593690242961704
-0.00648092122707998
-0.00518293288091118
-0.00466560750223134
-0.00356307010994512
-0.000644656498414359
-0.00155731562853482
-0.00560460398161899
-0.00744754668255671
-0.01342585435892
-0.0224985280033291
-0.0217981133756124
-0.0168423576905075
-0.0161655686076149
-0.00925078545174021
-0.00544665797152171
-0.00569065716558605
-0.00374122559173415
-0.00161617619374533
-0.00185425166098879
-0.00182802500190532
-0.00151220259752814
-0.00333790116840484
-0.00535904731336268
-0.00526479984666794
-0.0052737968990539
-0.00598984383394637
-0.0046959565652006
-0.00284490473205602
-0.00139021706216422
-0.000874129748529179
-0.000256651498960808
0.000542994695782201
0.00115779787419312
0.00147157634212388
0.00165500584232258
0.00166254546292963
0.00116076965810401
0.0026749160164377
0.00373738932904589
0.000968991978852731
-0.000805802113542623
-9.51199817104541e-05
0.000958566655177361
0.000674602533532183
0.000359515516173477
0.000559036284094797
0.000776383643271934
0.000288667380291337
0.000103226487922976
0.000625288926277115
0.000381148046381632
-0.00025045388114386
0.000379989847953869
0.000762591890821428
-5.87700356673387e-05
0.000236577930313869
0.00200387058838021
0.00134984736416575
-0.000227297801427901
0.000887360246919705
0.00149050455078297
-0.00410549479168895
-0.00902348777204762
-0.00530256195216353
-0.00464335672139399
-0.00784731018351983
-0.00478952730847267
-6.90330693670993e-05
-0.00253423532614083
-0.00537543085689074
-0.00182882628892474
-0.000578694838129749
-0.00103364282658045
-0.000819245735324675
-0.000885725598979357
-0.000977737832840867
-0.00246840560649193
-0.00204878352670813
-0.00450137133268508
-0.0092915510560646
-0.0110813191514059
-0.00985789627943796
-0.00991207315107691
-0.00864642259099967
-0.00470135127623804
-0.00288982791435865
-0.00445539238090867
-0.00605440989689482
-0.0086146669022019
-0.0125579686380226
-0.0128939256301448
-0.00815800350911476
-0.00717376590286844
-0.00435089978167753
-0.00274753727331827
-0.00174264401313125
-0.000551653778519943
-1.7011787643767e-05
-0.00167153181143217
-0.00408328749958879
-0.00518447393718737
-0.00611382093308423
-0.00646499819467847
-0.00432730229292785
-0.00248031430819529
-0.00227865961223556
-0.00192427489433507
-0.00141755407516614
-0.0031730184756049
-0.0051344064635633
-0.00681798397182606
-0.00686300365571015
-0.00779580837339574
-0.00763830146273859
-0.00583714524354735
-0.00512990872571134
-0.00577976668422078
-0.00584727391290463
-0.00719406681784557
-0.00793428765493903
-0.00757186320490718
-0.00631107667981061
-0.00504168410157267
-0.00430778695275165
-0.00441812525614745
-0.00383881392997971
-0.00440574588111771
-0.00557935212394326
-0.00636671876549053
-0.00623141777773997
-0.0043923574487256
-0.00290967761141512
-0.00118058736126713
-0.00026146832921042
-0.00139428614762846
-0.003007690958109
-0.004189169265574
-0.00605711063497814
-0.00831169249965241
-0.00824347113752543
-0.00635057452655076
-0.00458620190290659
-0.00299242979111286
-0.00121244667994693
-0.00227486172496934
-0.00291267983049331
-0.00244613258629709
-0.00171542223055775
-0.00123611272319522
-0.00084901555791671
-0.000133908089491482
0.000159083869971425
-0.000308844585029797
-0.000759395408907363
-0.00106845095322751
-0.00129301484785388
-0.000896035755656986
0.00019626016692124
9.78405300306536e-05
-0.000835752921448775
-0.00146357642639278
-0.00113966380815736
-0.000842380816149826
-0.000478772661213758
-0.000141406972471329
1.77417631348793e-05
-9.41281587663081e-05
-0.00187272954344296
-0.00452767555552238
-0.00645060613295488
-0.00761803091636823
-0.00737119049920588
-0.00541746141310164
-0.00258804812594835
-0.000481272243733323
5.94893214301315e-05
-0.000484238649881354
-0.00142737217639623
-0.00360766175431555
-0.00567760782060914
-0.00430145928998481
-0.00225094483639954
-0.00220407507692834
-0.00221910233561482
-0.00288204348676845
-0.00561013596905277
-0.0077381535629089
-0.00784899634757918
-0.00796324032248427
-0.00726875034494254
-0.00591535950354904
-0.00544897720034373
-0.00601517571000641
-0.00638701519124977
-0.00636426966281095
-0.00636426966281095
-0.00636426966281096
-0.00636426966281096
-0.00636426966281095
-0.00636426966281096
-0.00636426966281096
-0.00636426966281097
-0.00636426966281097
-0.00636426966281097
-0.00636426966281097
-0.00636426966281097
-0.00636426966281098
-0.00636426966281099
-0.00636426966281098
-0.00636426966281098
-0.00636426966281097
