-0.919193421066431
-0.951602304786703
-0.925991718845159
-0.880384804592751
-0.87045128032414
-0.829476082536847
-0.729031502218677
-0.695910053161097
-0.731456553170362
-0.738106253190869
-0.737098641293719
-0.815513610442168
-0.853117262317908
-0.809554658578745
-0.800216429920862
-0.791319726737337
-0.696464225668615
-0.615338549271286
-0.62082197373292
-0.574581729933053
-0.528098504309836
-0.567968686088108
-0.604327047439578
-0.584288930789949
-0.606251823963203
-0.637683586877374
-0.589057805738541
-0.530355694820448
-0.536350717085502
-0.520101229362464
-0.474716719575806
-0.499465205760438
-0.531177377010001
-0.490031835498154
-0.483285399136696
-0.48525989285896
-0.439995560908388
-0.380030911377836
-0.340095590377634
-0.309230958133564
-0.283059184013175
-0.288577681311742
-0.240429833737602
-0.158457816547159
-0.142300207880651
-0.138994500629609
-0.082191092914658
-0.0733905276878674
-0.130156533406331
-0.140855655330623
-0.12743331712605
-0.148605401240138
-0.14508659517753
-0.0961814623751565
-0.0810226644959786
-0.0686992972718119
-0.0310452770031421
-0.0218487324472765
-0.0504172439828624
-0.0555350768340416
-0.0503633398815554
-0.0583254448547404
-0.0566287863408689
-0.0345603097265179
-0.022234335945546
-0.0260963414698571
-0.0204228397015564
-0.0099044815089138
-0.0231404136507436
-0.029065066721057
-0.0294530239119456
-0.0350211203989028
-0.0334813870251017
-0.0156608281510854
-0.0017935698383152
-0.00275254958181488
-0.00259665041952719
-0.00330720157720467
-0.00567643452064546
-0.00438283565441756
-0.00316262153859153
-0.00730764864005308
-0.0104814303996659
-0.0110678717566031
-0.0149980306731423
-0.0174949166335603
-0.0116471350430277
-0.00422600803254689
-0.00257244062513618
-0.00399890680402075
-0.00342427129861479
-0.00395050608972224
-0.0119129262079779
-0.0127995567708664
-0.00274841649255552
-0.00064884060402616
-0.00192018576885788
-0.00408151190791799
-0.00181555130972113
0.00150228220960211
0.00133953807902795
0.00377868969285854
0.0129812975099612
0.0156332931322845
0.00256437928553731
-0.0116318356107967
-0.014104996668375
-0.0237868379180093
-0.0342534741878141
-0.0226814306576962
-0.00770670496519178
-0.0103294962123092
-0.00125687391448552
0.00965105887887024
-0.00757167621383569
-0.0255862028035851
-0.0238887795753865
-0.0302786660878398
-0.04159159827393
-0.027971845074741
-0.00814214693021865
-0.00837591240085181
-0.005714215928824
0.00881311348356108
0.00628426699012459
-0.000258297158448141
-0.00303227833667861
-0.00306679422727387
-0.00309748472371794
-0.000681436535679603
0.000712247425438547
0.00167823350326716
0.00194534769828209
0.00256025111517474
0.00428570092126202
0.00645279147074623
0.0110311182917096
0.0132003919928171
0.0101645564924715
0.000776946035314362
-0.00157158172635112
-0.000445701814512422
-0.00371411712695122
-0.00710997890659713
-0.00318796830242566
0.00324718363903522
0.00292000426905829
-0.00162979325922468
-0.00326309896457292
-0.00220350694348415
-0.00325982188316437
-0.00165016540079359
0.00640726511494143
0.0129804450298286
0.00959219451781958
0.00563463365090367
0.00792000841302203
0.0125130022523151
0.0133560255736054
0.00770196844810881
-0.00157021947006755
-0.00567336181609248
-0.00205877912797101
0.00193100560226523
-0.000704945285157656
-0.00778577988924735
-0.0130589898698872
-0.0101339681767912
-0.00891228714188524
-0.00768105992443314
-0.00175106838568547
0.000488791283768266
-0.00199396806908333
-0.00137781606757292
-0.00497429208558386
-0.00427494775213639
0.000629235419213085
-0.000931051293717536
-0.000404313062028616
-0.00185821851528982
-0.00560338082388926
-0.00279827325985425
0.00469955294301842
0.00848918958849689
0.0106837305021195
0.0157147603599192
0.0184735225391456
0.0128987934764117
0.00511249709382788
0.00590695421181245
-0.00716140831518295
-0.0374153031593814
-0.0433131656807323
-0.0233616519269332
-0.0177391651211111
-0.00811456526946204
0.0139832338227803
0.0140891338384773
-0.00944387803876345
-0.0176450924878735
-0.0174751770548005
-0.0335034463300019
-0.0407587211715356
-0.0254748189875776
-0.0203959555929082
-0.0224104486161881
-0.00940258880865214
-0.00136394766967224
-0.00771927383385605
-0.0050615558868014
0.000748303933671955
-0.00774337255153052
-0.014145492151376
-0.0112143083887599
-0.0135114033493018
-0.0190729570873788
-0.0103601913244991
0.00386109582735703
0.00405018682924275
-0.000244499133426392
0.00343429972156214
-0.00299148120010037
-0.016651308206432
-0.00559601437746597
0.000760036131250299
-0.00447287947177155
-0.00298408437036529
0.00352073452752102
0.00560721620363266
0.00310489040099315
0.00401986460778014
0.00344445022111533
-3.02077949822224e-05
-0.00060538617826325
1.47585368710819e-05
0.000844948009421984
0.00211667543047822
0.00100971610489414
-0.000181871732669414
-0.000727286319123633
0.00228444953216192
0.00434385678070044
0.00497384718840725
0.00406450650248994
0.00274900719789096
0.00167042771192983
0.000807683719476918
-0.000421015037830798
0.000304226078686313
0.00173277442208044
0.00570241785504583
0.00837606663022933
0.0104969935092534
0.0177537573981688
0.0192076174429571
0.0125871582078633
0.0108720956882088
0.00977250045932805
0.0117431928999833
0.0155489597735612
0.0235631310270608
0.024506004558967
0.0246028712959023
0.0262279693212789
0.0240221386380456
0.0197387370907341
0.0115359078406199
0.00999443147042504
0.000833783026813362
-0.0164408052777363
-0.0279083642030486
-0.0176566007004934
-0.0142796846578362
-0.00999906434562581
0.0073971353026434
0.0160326737542652
0.011205321919679
0.00770467416564438
0.00780273719167584
6.45559519035443e-05
-0.00866556434131688
-0.00409027453102046
0.00483578940691244
0.00875322703548718
0.0143115622862088
0.0193345431645506
0.0144380725095607
0.0083822891506456
0.00929717886700142
0.00615313661783339
0.00036877479273951
0.00256137780579083
0.00485996733490414
0.00522097565391313
0.00130810108595276
0.00893993913909443
0.0100333637154626
0.00175601389182144
6.78051687744846e-07
0.0059768044718395
0.00743297251915768
0.00547583831219684
0.0183477964737639
0.0250690708950472
0.00941866409284894
-0.00430635527945078
-0.0107591021126692
-0.0115918145672847
-0.00889514127153845
0.00175707690045321
0.00243026279430046
0.0072306536345604
0.017205724907791
0.019685056301967
0.0142643948995562
0.00811732923074144
0.00708778726959244
0.00309735318282629
0.00271547927892289
0.0137430711264663
0.0231132249649759
0.0233974075528057
0.0266170015597587
0.0305749258863506
0.0213184073974423
0.00995428811606118
0.00904003321705087
0.00764911205050188
0.0033232163209019
0.00883741897349183
0.017285922349372
0.0213424394608828
0.0223485872805498
0.0239980846602734
0.0245210267610727
0.0232780563900634
0.0206117232902728
0.0202369167101418
0.0135058477674965
0.00785507805549298
0.00101286967516997
-0.0027982072757149
-0.0046002597054091
-0.00418318082717889
-0.00410941084482234
-0.0042716258597525
-0.00467728073153521
-0.00468082186952124
-0.00291581202732786
-0.0026223983549307
-0.00352640417377919
-0.00247250976062663
-0.00116982730641548
-0.00170412201767648
-0.00134303540446635
-0.000476877896832455
0.000768466261763143
0.00144058792241838
0.000659866173155225
-0.000371367397651266
0.000129866789799156
0.000333173507637949
-0.000532859418443127
-0.00057047599973101
-0.00316843515334639
-0.0011925057654452
0.000840061232291603
0.00212483790598127
0.0103948584715864
0.0176163847450126
0.0159337006810698
0.0158346279410213
0.0177154704115883
0.0091078414005238
-0.00216953568371749
-0.000378541646093088
0.00200156593352114
-0.00485214555188466
-0.00516479346360625
0.00826844946656673
0.0134590392920861
0.000802367840637728
-0.00565966624593135
-0.00179184932539468
-0.00751992895024404
-0.0135146426958675
-0.00137829031051053
0.00615115700010311
-0.00151088267109029
0.00123331534357813
0.0106338972521686
0.0078955002300891
0.00259406820577709
0.0019034800303551
0.000973185812163893
-0.00450253326576723
-0.00589445962004838
-0.0031194739736846
-0.00395453877955547
-0.00136800014947302
0.000787948673170195
-0.0057671118591866
-0.014483683244787
-0.0174946415865207
-0.0133036613030868
-0.0105872958671144
-0.00751423590922101
-0.0102226400745381
-0.0129286270466958
-0.0117406285060192
-0.00858465828474585
-0.00901223473115084
-0.00347216693077455
-0.00533457839669293
-0.00915436715609335
-0.00910787134489418
-0.00654416095571308
-0.00463234853899924
-0.00225328224679749
0.00236545667618704
0.00375546090979751
0.000115613041369536
-0.00235534737040295
-0.00286452973791099
-0.00412323937229657
-0.00496328906202974
-0.00574038481492663
-0.00570943084735153
-0.00194434784860371
-0.000307158082809479
-0.000700687070413081
-0.00238915077033422
-0.00188094826653104
-0.00199099284547105
-0.00193684906255377
0.00409371752530499
0.00304775340264518
0.00224496620884672
-0.00433967932087419
-0.0104546845537832
-0.00474105280164738
-0.00323480923474124
-0.0050891639076456
-0.000390235580946479
-0.000559153534582224
-0.00272796517176327
-0.00165282644742518
0.00257806005560031
-0.00558447529850464
-0.00690548813134829
-0.00713293148589672
-0.00990569082696006
-0.0136829563828579
-0.0142744958547015
-0.0154461859168098
-0.023209967748074
-0.0202242850008869
-0.0159303821728017
-0.00774412965936737
0.00620423824114074
-0.00423132297303905
-0.0152894843283367
-0.0193829636445234
-0.0228290004937821
-0.0387103372409366
-0.0420924158546426
-0.0315558063304059
-0.0252073075314263
-0.0174206929640943
-0.00588631396034389
-0.00728205037611806
-0.0142673471578485
-0.0183805208119358
-0.0281773218055866
-0.040504982288777
-0.0416091852968662
-0.0267790201623766
-0.0156406418555791
-0.00883715058922669
0.000463728632455727
0.000846548726396961
-0.0114204580061408
-0.0138145664638808
-0.0121146648227427
-0.0124674962238168
-0.0116020009939799
-0.00752212375261222
-0.00351212863962841
0.00527394254198226
0.0142388745903912
0.00825970955422507
0.00838970668047464
0.00692311667502792
0.010799450440711
0.0110932087668951
0.00344960990195517
0.0085366249355411
0.0115327779816253
0.0122344657906404
0.0141104219526566
0.0189097854805901
0.0226403074299223
0.0212736921632084
0.0187189180232158
0.0185985184619262
0.0218649672754109
0.0165467931525752
0.00549840411411096
0.00279296513023752
0.00353198009365182
0.00156583497957876
0.00342040706565316
0.00825569241899807
0.00893175464469398
0.00719851645886559
0.00845557754369244
0.00889455844605941
0.00513597989335793
0.00402467772452473
0.00520433827361159
0.0034026221325715
0.00300265099760773
0.00829899811155563
0.0126275901909138
0.0115285047510979
0.0102822711890842
0.0122809273341879
0.0157463748256629
0.0110825973415196
0.00741844808269375
0.00483078746686123
0.0026062238653087
-0.00052013002068925
0.000863258020165104
0.00366956770901974
0.00707142180163855
0.0152093086617247
0.0228852324932949
0.0260504619400552
0.0247994169641815
0.0163314003077054
0.00771694699593647
0.00427063957741131
0.00227560704031943
0.000264115408227178
0.000187754862277787
0.00195968633853438
0.00418620350514934
0.0069530605926061
0.00890155098552085
0.00849696413268274
0.00584191109145665
0.002737071504052
0.000176891611443313
-0.000432757502426332
0.00120979072030908
0.0011166918091876
0.00260878969162692
0.00369275816230635
0.00363797452845738
0.00818277580675911
0.0166023201774742
0.0227756707542892
0.0145781407368585
0.0113577917493699
0.010378114990193
0.00652980652651491
0.000544346468065425
-0.00200415686961051
-0.00114905353563592
-0.00122773917193111
-0.00127405771561962
0.00372368546456346
0.0026921256304457
0.000522435226090848
0.00189245958380887
-0.0018855231659633
-0.010900683581262
-0.0161004131711403
-0.0158413115795143
-0.0166356911072694
-0.00898976710380879
0.000853352536601773
0.00216113882472706
0.00287394685495834
0.00558411354163973
-0.00199437410383716
-0.0159385959019778
-0.0193522465879492
-0.0167596070378183
-0.018170618360395
-0.00809392234742099
0.0099855752335481
0.00917459714227006
0.00273080297420372
0.0064500400667191
0.00610932918084678
-0.00208056183491029
-0.00476471084083609
0.00404040814313811
0.0198373530354425
0.0117096988322929
-0.00285491552158881
-0.00601272280025431
-0.0116904881523312
-0.0273548108907626
-0.027574325343059
-0.0171728119424006
-0.0174710127626417
-0.0114902507035895
-0.00315871560650807
-0.010607238181202
-0.0203609167169139
-0.0199209047910369
-0.0176926314663891
-0.0202405613816018
-0.0164630377792122
-0.00968282254996976
-0.00680378468739864
6.73631883580522e-06
0.0120037977071586
0.0132550943256393
0.00854279121680463
0.000966200511854718
-0.00196309040585429
-0.00791376310490871
-0.0199345163393043
-0.0220820590608123
-0.0177082171440559
-0.0218769203786059
-0.0149632560131043
0.00107111418773836
0.00692440048990279
0.00227008899634358
0.00480785627359865
0.00569225525854707
0.000723802460475917
-0.00221775392873853
0.000557257932432158
0.00292520800929993
0.00379833054821444
0.0016385709455415
0.00381814524724857
0.00116453734366496
-0.00374463017598123
-0.0041080342336747
-0.00261856451471432
-0.00200234839960421
0.00076276410526773
0.00263720278751366
0.000421841975159084
-0.00239877895418152
-0.00273348204501462
-0.00386022491538686
-0.00470057081358508
-0.00369936596629704
-0.00267014849130682
-0.00312623663450217
-0.000878948063490809
0.00361515722218804
0.00654460148468042
0.00528770148949429
0.000905118701742627
0.00398507844583341
0.00920803131287833
0.00681003610125414
-0.000487262811994074
-0.00192392277827977
-0.00156482993541772
-0.000434669269088215
0.00229887707307728
0.00189304358828987
-0.000552474965734043
-0.00358218688721852
0.000583077599415622
0.000832347988265154
0.00217460822845644
0.00149316973993626
0.00104627404704623
0.000675629251114612
0.00171866902524087
0.00182900802210394
0.000247745643325839
0.000371394556448759
0.000868680404662464
0.000900219343135906
-0.000171461447563863
-0.00184741154747015
-0.00387294456699991
-0.00861634370669733
-0.0105179851800974
-0.00419100709811386
-0.000252707565791973
-0.000901284509844798
-0.00287675841019382
-0.00311880977387479
-0.00404022098890964
-0.00485650911277754
-0.00211770120332787
-0.000532784919193832
-0.00156041059948624
-0.00433827417225791
-0.00549997276029324
-0.00528232052843019
-0.00643540168395195
-0.00597267478882651
-0.000996879430299875
0.00198867606399454
0.00135450168616329
0.00272768024701379
0.00469799246723108
0.000661648267888134
-0.00436665588765942
-0.00615430561338881
-0.00956447020439369
-0.016178727093596
-0.0171124358006031
-0.016766900717668
-0.0162524271026634
-0.00671295899552729
0.00112855910348429
0.0024488826751353
0.000456442286148752
-0.00159113220098163
-0.00426997010377889
-0.0091369896825236
-0.0135313171001462
-0.0141014367806312
-0.0105973656532377
-0.00752633392971864
-0.00536669599097735
-0.00153236606879081
-0.00129530785253928
-0.00607689048343884
-0.00720403974702208
-0.00955399014217881
-0.0157444765867951
-0.015705151122138
-0.0118463581803609
-0.012539162330878
-0.00830456468043088
0.000946612374135915
0.00223455926370155
-0.00310149998196014
-0.00740265725720534
-0.0120938097234223
-0.0120798625158025
-0.0117374856123395
-0.0103614664205734
-0.00777560962816654
-0.0055051135305966
-0.000972826478042216
0.000235841378607121
-0.000737522451302636
-0.00116866460883098
-0.000324538479047517
0.000406640996909175
0.000445558418826551
0.000559321871946735
0.00087701546468161
0.000662958888757138
0.00124369535300308
0.00164361932307829
0.00138913162685059
0.00068390687787193
0.00060556046254563
-0.000455008126768116
-0.00132737334909521
0.000441099955211291
0.000793265024696324
0.000491403978810411
0.0013470530964155
0.00279261770074996
0.00288939043930408
0.00384311715627654
0.0038499864774611
0.000408504548280228
-0.00127224804358278
-0.000106175270857007
-0.00174534386773473
-0.00666613616026635
-0.00668648080546965
-0.00494926797762841
-0.0046814682665218
-0.00413430823702027
0.0010272632329788
0.00406861333543419
-5.97511815588489e-05
-0.00494612569191434
-0.00619237200687628
-0.0105798678122737
-0.0150438439208615
-0.00829576035040059
-0.00156458204972616
-2.71822387354159e-05
-0.000432903518734696
-0.00245710224064895
-0.00665445755237373
-0.00875340865018908
-0.00731117611154939
-0.0051643739437466
-0.00242971600636325
0.00125278619266772
0.00145040364858118
-0.0010911836712296
-0.00186881712042158
-0.00267505420384786
-0.00587180853760626
-0.00743751430268716
-0.00593942997280753
-0.00497343642489507
-0.00280977932386892
0.00172114434221965
0.00240572923480296
-0.000457978552840249
-0.000712196511577567
0.000140210651965526
-0.000455917626727688
-0.000555522220569181
-0.000645447548947297
0.000640689040900232
0.00153392857121112
0.00131428581298801
0.00466418736700162
0.00882639566054904
0.00208219832536086
-0.00440923203121285
-0.00387177266918969
-0.00817376882807042
-0.0174323947846582
-0.0104223005517367
-0.0026242696809578
-0.0018019578624171
0.0028630630092823
0.011591126076373
0.00994061836262781
0.00307543882237731
0.00114251452801382
-0.00272601550717869
-0.0103314802994159
-0.0114433624616639
-0.00658389811671439
-0.00401501496764003
-0.00207388897613121
0.00437840363945092
0.005685945396118
-0.000953105004037337
-0.00469704312320702
-0.00733599669335211
-0.0160153233752513
-0.0196713508653556
-0.0128954271243374
-0.010023191720786
-0.00974629313611071
-0.00491286120467539
-0.0050222007009355
-0.00527755213409544
-0.00399514978980632
-0.00348831071261691
-0.00299067174148334
-0.000711485806371637
0.000318901909030541
-0.000457155855962552
2.3586891223365e-05
0.000260481670038126
0.000284795135176534
0.00163345686982429
0.00271521489534288
0.00234084022364494
0.00185952960765075
0.00174040375267523
-0.000286265789630525
-0.000682438943909222
0.000431881086410381
0.00120865664612957
0.00287911254794281
0.0052598720524228
0.0056249705796725
0.00426067123637518
0.00273282253241564
0.00138208252654246
-0.00088037601291185
-0.00365657948706016
-0.00264089954968528
-0.000687310503604225
-0.00128169954788995
-0.000456152699980783
0.00253720201661635
0.000889116943966712
-0.000728832521324415
-0.000580833180993293
-0.000419871615174348
-0.000965406205679856
-0.000828117855818308
-0.000288090193232296
-0.000316128831509587
-4.99646393059142e-05
-9.85773962923937e-05
-3.62214243417383e-06
-6.21372679054846e-06
0.000226312232647294
-0.00039966989138025
-0.000603160997791129
0.000222367840098452
0.00086208577987681
0.00122296599422682
0.0024823526838691
0.00275441660236868
0.00229551086426861
0.000975528046030935
-0.000574144169189129
-0.00190296898340806
-0.00175384428332512
0.0017769797313667
0.00231021613096561
0.00151729890808553
0.000685457959641418
-0.000488289197057247
-0.00100013049933134
0.000112924487313439
0.00149146792676193
0.00180551950217804
0.00311816575107278
0.00424399628878328
0.00577187928114796
0.00533891332655485
0.000951861403644282
-0.000902416877026205
-0.000313600637305595
-0.000313118233489875
-0.000154745051678204
0.000210290486562162
0.000243370909472131
0.000750484663837261
0.00147724112944914
0.00149109387628098
0.000755661473683708
0.000826455826805066
0.000488017955424975
-0.000298741863066462
-5.99511369974879e-05
0.000175863664710226
0.000258485377584879
0.00135870800422286
0.000713296403022494
0.000477471539505232
0.000438326155270448
0.00101305684026935
0.000939467176723521
-0.000472724776560075
-0.000991235391188031
-0.00176005636179279
-0.00430700330809067
-0.0051782361970009
-0.00358170609876252
-0.00270471163902592
-0.0013292438052522
0.00036591129624553
0.000431682612170834
-0.000175959174997641
-0.000164422065209866
1.15216007944886e-05
0.000119772316712146
0.000113760791123932
-0.00052849823869262
-0.000759034730222486
-0.00103522002520592
-0.00158111018624138
-0.00165613654241381
-0.00114203112712794
-0.000758749146876984
-0.000786118878463914
-0.000565133217321059
-1.43092417035662e-05
9.18605798064296e-05
-0.000198184976582556
-0.0005502551846388
-0.000742648177470917
-0.000825267829581501
-0.00092794260659518
-0.000904149457827645
-0.000892386290534071
-0.00096491309608653
-0.000754072049680666
-0.000919247699888279
-0.00125518530566138
-0.00130305438011802
-0.000721920187038864
-0.00110336727010092
-0.000634346421224376
-0.000846756290165806
-0.0018412705425158
-0.00323127047062122
-0.00355105900091796
-0.00325620387217498
-0.00252680779657505
-0.00187915445479931
-0.00162065127796444
-0.00114368434322807
-0.0013789638384379
-0.00215780428033145
-0.00239861148935079
-0.00251778880000024
-0.00282035529741809
-0.00275692406858385
-0.00254313022353256
-0.00280113414058825
-0.0029637776679772
-0.00262861480988601
-0.00220028332412194
-0.00191544334677112
-0.00145777043479959
-0.000887006897344855
-0.000840560833645251
-0.00111506860784682
-0.00105384698224731
-0.00116856268864826
-0.001800115518608
-0.00169831829064792
-0.00126301565787862
-0.00121428829931524
-0.00169464142469929
-0.00274932918233253
-0.00387895658407044
-0.00493868702611143
-0.00596376400116094
-0.00624651517237071
-0.00595285976467856
-0.00555966898450095
-0.00483548417129762
-0.00452491843533663
-0.00452491843533663
-0.00452491843533663
-0.00452491843533664
