-0.968022805014641
-0.968022805014641
-0.968022805014642
-0.968022805014643
-0.968022805014643
-0.968022805014644
-0.968022805014645
-0.968022805014646
-0.968022805014647
-0.968022805014647
-0.971829628353234
-0.988954303115758
-0.98104810294114
-0.916612107520659
-0.850575070289627
-0.811006642958699
-0.750337035705935
-0.688349455706074
-0.700753932564168
-0.720287255389469
-0.70554683948435
-0.689499679381231
-0.687273777625049
-0.651141235813259
-0.590087842089887
-0.550345440029496
-0.522984482310383
-0.508512158253852
-0.526065092704058
-0.575707540460697
-0.598861100851596
-0.588180906806546
-0.573684681579501
-0.540909480179465
-0.430586108041424
-0.34645210108966
-0.34860357522616
-0.339299155632852
-0.280770937941875
-0.286883622421894
-0.350255818385669
-0.288724022637264
-0.217735717790816
-0.226257014730533
-0.173952522324792
-0.078387247615489
-0.0923222721396525
-0.143355411450419
-0.136810500213131
-0.129099122179009
-0.176229691668396
-0.148269094354302
-0.0559220826628782
-0.0457551916620707
-0.076539275003697
-0.0449204827123606
-0.0338176623178479
-0.0767807490736377
-0.078623339885033
-0.0430772187184596
-0.0572261025007072
-0.0768120280634904
-0.0396776086612983
-0.0281814977099321
-0.0637105522020699
-0.0662426174404808
-0.0512974915261621
-0.0697804240819845
-0.0648518053641707
-0.0212164987813117
0.013105356730418
-0.0056925887929508
-0.021910310129741
-0.0262303641773075
-0.0324118690042871
-0.0366642146836252
-0.0189907617583181
-0.0114227106070417
-0.0155172771322086
-0.00695779354129806
0.00761042668985193
0.00789979003499478
0.00458340029049046
0.0112387943027467
0.0123191275713379
-0.000845539261130903
-0.00722437304219938
-0.00245007568599143
-0.00435752783968655
-0.00502586726555238
0.00346274377084603
0.00635080570276225
0.00198486972772441
0.00375773524217257
0.00727573087303476
-0.00147115550895014
-0.0207224491558
-0.0143913475409601
-0.00866031423530199
-0.0108167905866662
-0.00616581793404064
-0.00134689892107662
-0.00714136982170856
-0.0113074524902803
0.00173660451573732
0.0129631678010975
0.0055184246233831
-0.00182853297650916
-0.0103083336912833
-0.0202198416545586
-0.0173229278234259
-0.00488255363447666
0.0010182520768987
-0.00059368711062832
-0.00529000643763728
-0.00683709626165159
-0.0109762334753981
-0.0149099308080471
-0.0114542739678663
-0.00837381481372377
-0.0102178739185482
-0.00826352519212713
-0.00236229475704301
-0.00439611941227603
-0.0153104454095438
-0.023220536909202
-0.0254804556615538
-0.0250317021897018
-0.0200877839571688
-0.0113107950053069
-0.0054711348923554
-0.0114802697519684
-0.0101237443920082
0.00219087129017748
0.00422216693590306
0.00231959911107085
0.00687532103745762
-0.000764747136920246
-0.0123625001334775
-0.00898689627364197
-0.00316929597869442
-0.00291097882432491
-0.00526861166669496
-0.00083380830883403
3.4747977907177e-05
-0.0138864803578199
-0.0175608765539321
-0.0202484348346478
-0.0277903586192463
-0.0373217296267213
-0.0319165984433557
-0.0209642573565986
-0.0191346444328918
-0.0165173559716657
-0.0057724976405003
-0.00721881402683339
-0.0129764849582102
-0.0148976239100059
-0.0126021295591586
-0.0224429527408019
-0.0330752878168961
-0.0234538607094075
-0.0203524491160766
-0.043590414279278
-0.0481036050646942
-0.0497498895558422
-0.0618062403629716
-0.0573588491204173
-0.0387580544886846
-0.0326753074873921
-0.0201770071504279
0.00518464521043246
0.00594407721688405
-0.0123000381009424
-0.0131516847827915
-0.0130676645049539
-0.0130535319953503
-0.00704193475911592
-0.00141157479302597
-0.00128496087487972
0.000259254182282525
0.00312500360511711
0.00110324910629617
-0.000951096303298873
-0.000536663794128143
-0.00209790331897199
-0.0112664091857187
-0.013651205439133
-0.00673283550990318
0.00150435401059591
0.00565627035983189
0.00341563667007744
-0.00457208198496915
-2.56786003590788e-05
0.00954209696850828
0.00611382448434611
0.00689755427232979
0.0183955661631495
0.0115946042301257
-0.0110931997524954
-0.0151176459130664
-0.0148095946171328
-0.0206153221733774
-0.00787539939340015
0.0159756440720452
0.0190103787390433
0.0176782191682515
0.0263031592848029
0.015523824715421
-0.0149407960080799
-0.0168929168973654
-0.0162888730105989
-0.0114966593361524
-0.00274499534368348
-0.00140503057328614
-0.00285761098995351
-0.00136560834754817
0.00344196832928632
0.00633338215173849
0.00868195327813152
0.00954351058878364
0.0130493898176548
0.017996593712715
0.0145872999893257
0.00751924317414606
0.00112090842074328
-0.00572186364539926
0.00136801340420334
0.00760214955342368
0.0138464008463579
0.0235139186223683
0.0219194429964115
0.00376411963472383
-0.000134411001552221
-0.0045496138877598
-0.0160549931677908
-0.0128126636273942
-0.00159928783195019
0.00108089809040805
0.00218106785155496
0.0052288926163289
0.00483378043127557
0.000388377156008405
0.00323849767683752
-0.000178935570383119
-0.00766545430266242
-0.00700295389444199
-0.0134234447151066
-0.00364573973759824
0.0137317515891904
0.0253516177626339
0.0230218449190331
0.0195447068311721
0.0142629654309729
0.00177978204648269
-0.00376864827876212
-5.35446167582326e-05
0.00239174410649673
0.00805302546666082
0.0153483347356363
0.0168454065687138
0.0138497710110672
0.014998956395241
0.00925815900496925
-0.00130750979914499
0.00131728817623821
-0.00125851468305399
-0.00132778713220139
0.00246049461998801
0.0031753136156835
0.00520280406457368
0.00280102304449922
-7.33163215027224e-05
0.000850109929817741
0.00186832502519566
0.000715250310682988
0.000760025894406249
0.000967640906207664
0.00086243608797526
0.00146666241474317
0.00105236054910028
0.000126474422150825
0.000282394957791488
0.000541539123006344
0.000189949416705862
0.00062151126124505
0.00151958221731272
0.000746210606290813
-0.00182034409258369
-0.00175433284898818
-0.00199332784035571
-0.00867356352184032
-0.0149881367138711
-0.0174868162996518
-0.013714408673228
-0.00196619845235032
-0.00130295168072134
-0.000165590348200399
-0.00174897296397864
0.00532735233266309
0.0126778657821195
0.0135296418671427
0.0134469415936591
0.0113263620159906
0.00414364568138072
-0.000888739837286329
-0.000186679382298944
0.00125083671248009
0.000883543649643962
0.00507790505093908
0.00958221830391697
0.00310781233007621
-0.00209954823284271
-4.59943768664158e-05
-0.00027481076299508
-0.00262168986516854
0.00272052757031127
0.00688688444222846
0.00599250383280397
0.00405113024330708
-0.000243917281960484
-0.0121557723511426
-0.0150182630387937
-0.00403797374930219
0.00808447423345009
0.00444505517199154
-0.000520965343242972
-0.00280606407909512
-0.00793205421396674
-0.0112442839893763
-0.0127748566718546
-0.00763203817861887
-0.00159656952216921
-0.00581241019520222
-0.0127261933457086
-0.00899945778581843
0.00545589668888139
0.0118513431336639
0.0182335234198238
0.0354998914049495
0.0397202345545107
0.0128446188626495
-0.00442136387666783
-0.00270417066325124
-0.0166193717755119
-0.0217735951102251
-0.0101971530025133
-0.00616437259593407
-0.00494372056392178
0.0093325728428796
0.0167305793270915
0.00331425247034444
-0.0123109193294201
-0.0137642752258014
-0.0192443599793966
-0.0389599174945819
-0.0470882593228075
-0.0336841765473173
-0.0329001710608778
-0.0445109535441252
-0.0296947675509366
-0.00945755465329221
-0.0347992398090441
-0.0256080875071584
-0.00413327441849305
-0.0218110358869952
-0.0340369015668647
-0.0208511137873613
-0.0122936842464206
-0.0156003006788093
-0.000109298858595596
0.00696791441715981
0.0115298192901415
-0.00961281570775793
-0.0160123569703101
-0.0180605168090612
-0.0269649556957299
-0.0263593283317646
-0.0143203555608189
-0.0062240767773394
0.00363103090272981
-0.00101374969676046
-0.0109487268550755
-0.0182886695971979
-0.0310854688305273
-0.0415217833248669
-0.0372944866092102
-0.0284134985748026
-0.0199838318544996
-0.00352374053277854
0.00552708781523466
-3.20842842435969e-05
-0.00642749503778832
-0.0133925805005271
-0.0294690984743772
-0.0361249236811288
-0.0317259755357106
-0.029906380852713
-0.0209102773257989
-0.012113567799781
-0.0140159960394071
-0.0170548262249436
-0.0108102140353397
-0.011106554323893
-0.0181987972740352
-0.0124549509256313
-0.0195383711385771
-0.0153864522637045
-0.020192622329055
-0.0360796235302256
-0.0321845695934541
-0.0264916298891302
-0.0253389823597646
-0.0160628898117311
-0.00251624924265272
-0.0034665690736505
-0.0112123728360054
-0.0101141902230052
-0.0190853816578376
-0.0399276840089547
-0.0424303054125902
-0.0352883248935165
-0.0336823505975051
-0.01701264310102
0.0158064154237073
0.0176544338757023
0.0102915619329795
0.0122663507772013
0.00360553801436193
-0.0209463261368881
-0.0314160471804824
-0.031726996688538
-0.032817205035288
-0.0267916016942659
-0.00932024582799171
-7.70261951262216e-05
-0.0028955308608145
-0.00477181882123098
-0.010121972752238
-0.0163797844662468
-0.0116522204737571
-0.011489550174174
-0.00658794291873543
-0.00206627134854397
-0.00757333919851596
-0.00867307928876434
-0.00835660778630104
-0.0165030367304218
-0.0132142227171304
-0.0144966929703717
-0.0202258927859832
-0.0197182685049155
-0.015158384025066
-0.023569312147802
-0.0367369913471583
-0.0329517492264549
-0.0250232108819919
-0.0251605585503885
-0.0210063042424982
-0.00984056771537355
-0.00859814188969886
-0.0101051414294832
-0.00532002859492757
-0.00741631241092373
-0.0137304169534093
-0.0157567757646424
-0.0197574072212406
-0.0230608241245114
-0.0124345844359117
-0.00729848089379408
-0.00382429740702739
0.00357450281890638
0.00860181851613246
0.000677195825420867
-0.00598004558998538
-0.00805507902760862
-0.00963362629596643
-0.00689415353415455
-0.0078031994328216
-0.00866982539353254
-0.0125349631475738
-0.0177060493370241
-0.0251632585948578
-0.038239852014348
-0.0310682232017732
-0.0267078814363544
-0.0205051911067477
-0.0109799626004648
-0.0126307683107737
-0.018790773626067
-0.0226108453654275
-0.0301668233679089
-0.0399817962713301
-0.0394678095218743
-0.0267396867317649
-0.0221533347115619
-0.0193846785312361
-0.0124614838704844
-0.0155354729050543
-0.0257926788387758
-0.0274825941032949
-0.0278149687090648
-0.0348515956491489
-0.0332107634716756
-0.0205775830183402
-0.011512903919409
-0.00578132170931935
-0.00373612051628185
-0.00517232272654963
-0.00860428538228944
-0.0192810036847263
-0.0264536779504886
-0.0232009303102716
-0.00786785923051676
-0.00781028412563963
-0.0167167204025801
-0.0245116424378823
-0.0320454501593942
-0.0376623771684248
-0.033397700964916
-0.0175150684865717
-0.00708254455804836
-0.00482028560817785
0.00260453444562583
-0.00590074675726245
-0.0324521510152982
-0.0512503912198964
-0.059645860900268
-0.05920268691526
-0.036534954921634
-0.0183029071053002
-0.00936809181621507
0.0100390678729402
0.0132751484985425
-0.00455994151150852
-0.0117993466464952
-0.0163943938183749
-0.0264114079161043
-0.0304881130770969
-0.0177485714201285
-0.0104759172180003
-0.00925029453338332
0.00554371395186695
0.0164060732165825
0.00271083735910571
-0.011085000042573
-0.0196961508864616
-0.040805533226722
-0.0549574851242821
-0.0447696054005764
-0.0356779830714431
-0.027959115187784
-0.00506502996443998
0.00979974285078109
-0.00111720831526633
-0.0114710010692309
-0.0163769966051859
-0.0286935574204354
-0.032999635004424
-0.018703562261313
-0.012649569974948
-0.0112535134073717
0.0081856953882461
0.016540516480242
-0.000844773265500041
-0.0146785351213337
-0.0180995566753302
-0.0282120752172513
-0.038040169556831
-0.030550115438978
-0.0187889372643763
-0.0133005202239153
-0.00411906046085791
0.0029366324829013
-0.000507964028764609
-0.00309902555825933
-0.0032620363470131
-0.014466617067354
-0.0263058894867325
-0.0238491343914968
-0.0200636453243463
-0.0217507896685554
-0.0226253754431168
-0.0180036573041519
-0.021163433928197
-0.0291483449363259
-0.0311220604815823
-0.0322524963933323
-0.0366494653616935
-0.0338268566862415
-0.0267256462247665
-0.0277357252852639
-0.0310055026339871
-0.0262247421310707
-0.0245877472090619
-0.0284796890776593
-0.0258121283626033
-0.0201313057441675
-0.0176954153465586
-0.0196348297512261
-0.016655694319531
-0.0186604425965388
-0.0232490990641333
-0.0237195705130971
-0.0264103862452973
-0.0263110094537487
-0.0253763789005605
-0.0249516497343314
-0.0133653025468946
-0.00161049266394637
-0.000439458671038756
-0.00131839121839484
0.00156898626126804
-0.000702994093314962
-0.0104860050492492
-0.0152618228279652
-0.0121753555382834
-0.011405865401806
-0.0103257868443055
-0.00336829866691008
0.00378561351403371
0.00414477992449259
0.0050684630444908
0.011473823045846
0.0112648258989426
0.00382483504846771
0.00263472518438399
0.00139674481322054
-0.00569077093126863
-0.00502602891572009
0.00256755501356374
0.00599219923027783
0.00633389867658054
0.0106195445024909
0.00994244565497409
0.0060620470628871
0.00332628384744808
0.00198691883435029
-0.00976928266737509
-0.0166094648563285
-0.0125413148823141
-0.0141867506223666
-0.0130673180130069
-0.00648368221697093
-0.0044480489726062
-0.00650110137158197
-0.0104707566700609
-0.0125897496595202
-0.0121132214666397
-0.00873804101347879
-0.00488457127310543
-0.00234614894325277
-0.0017319078720795
-0.00171666212962014
-0.000688782706855018
0.002099212940717
0.00424307994576794
0.00606421977371882
0.00430919664762331
-0.00188263835463225
-0.00644075402476608
-0.00252863623828756
-0.000138790603426081
-0.000327898117645855
0.00130305380726925
0.00288577232835207
-0.00201055297823025
-0.0097675935598378
-0.00864605925827627
-0.0065098598260954
-0.0059716985578254
-0.00332503433109529
-0.00161319460321256
-0.00237951676185597
-0.00277254747912053
-0.000939306560443663
6.37757288240604e-05
0.00102672137795878
0.00117456585235954
0.000896444667994291
0.00152181049705597
0.00142348499879881
-0.000980241713598163
-0.00266307432287156
-0.00245554756678233
-0.00179046631975012
-0.00205972022756071
5.38710418746052e-05
0.00230172446659739
-0.000200443191406398
-0.00388831481946143
-0.00305994862689934
-0.00268532353112057
-0.00405729276266692
-0.00555362658846836
-0.000419324002493832
0.0021152981355599
0.00131121946439621
0.00312960363549805
0.00431360393866384
-0.000865943104102331
-0.00361608616198271
-0.000789789770978435
-0.00226181136925395
-0.00443087049919491
0.00167212701475172
0.00633300758369709
0.00463623579427958
0.00617352697548933
0.0101728591874045
0.00778266959214123
0.00190074704731049
0.00326363163287653
0.00408866034091864
0.00271720822145354
0.00399373770957964
0.00446879143234969
0.00432219902080217
0.0043745975894107
0.00411922830749156
0.000980199244541879
-0.000638007032756656
0.00164948432912071
0.00331967841030655
0.00486484058032575
0.00916201397340844
0.0108081888377028
0.00821752609641486
0.00651622649974829
0.0055840942669967
0.00285309823994511
-0.00208386711395148
-0.0038872877830049
-0.00146522653106893
0.000502744479945876
0.00255780339483987
0.00285751406465483
0.00732921497395007
0.00852802326187789
0.00160979499581066
-6.5964658368607e-05
0.00375091614378603
-0.000894313611146225
-0.00438161220607696
0.00599433297824924
0.0103487089231388
0.00631686654823862
0.00681492677467956
0.0102600829752356
0.00427876705079355
-0.00120591036928016
-0.00151076041275477
-0.00589161197963388
-0.0110051724160138
-0.00709782512708433
-0.00118953283692451
-0.000427082618326087
0.00272196017155265
0.0078942734801064
0.00453453013215397
-0.00316077802650241
-0.00429800311865635
-0.00665962199208618
-0.015490614078124
-0.0185035851215823
-0.012446859388306
-0.007061349887379
-0.00586703518608751
0.00067606800067549
0.00763023061555691
0.00176026918107427
-0.00830760690277838
-0.00856333649396726
-0.00761657143863505
-0.00392566101664921
0.00207964847066429
0.00412414217362303
0.00804614503950362
0.0105175742103258
0.00157821740217166
-0.00738676449754797
-0.00838252159812541
-0.0104523871373326
-0.014727051483367
-0.0108087948562881
-0.00362291755889654
-0.00230512763102292
-0.000778053020027553
0.00379969616421321
0.00052485509121373
-0.00748642772524127
-0.0101326476999152
-0.0147269914928391
-0.0234373070252743
-0.0244418903194066
-0.0189554093083445
-0.0162849783086467
-0.011690008672319
0.000618269098697892
0.00534665674362073
-0.0044561592369873
-0.0133513705552071
-0.0199084727661199
-0.0324386309029085
-0.0370352431138492
-0.0273262242259712
-0.0181245309899147
-0.0132107148239418
-0.00361155850801294
0.00249862804680789
-0.00273392888366817
-0.00933195847083415
-0.0119893272925406
-0.0160472137673032
-0.0207013034204428
-0.0214043571245695
-0.0162381776024582
-0.0106353396058565
-0.00544315319487607
-0.00131653959623736
-0.000165862464045955
-0.00164476739363114
-0.00447777174686597
-0.00773817203012167
-0.0120153285454444
-0.0165878905921957
-0.0119533630501819
-0.0057947878810172
-0.00384282365881479
-0.00156514647329669
0.000120510404404993
-0.00574494058124346
-0.0164090266576444
-0.0213965797977514
-0.0231328943943764
-0.023492098294702
-0.021256844193081
-0.0176430293334465
-0.0138368784575434
-0.00939483402120025
-0.00767620237727915
-0.0111687623438844
-0.0158943476377071
-0.0176721176980625
-0.0168271437699936
-0.0133592325933855
-0.0083958978821033
-0.00445114029656918
-0.00187941254716876
-0.00323433387272731
-0.0040512044742576
-0.00705221624470326
-0.00738753552484317
-0.00649767354535525
-0.00644524549537144
-0.00586148236765842
-0.00457201119648215
-0.00328669921692916
-0.00217045646230863
-0.00151163832829798
-0.00235456077721908
-0.00371968086275318
-0.00700197366573776
-0.00890203765704455
-0.00849937513808638
-0.00686811176256853
-0.0033073973271367
0.000568858575078899
0.000922017799531521
-0.00138656565690218
-0.00315000107005203
-0.00665906918965015
-0.010712772869134
-0.0103052737321783
-0.00929298127965379
-0.00871577401352783
-0.005335392221729
-0.000669514407587446
-0.00143872421055211
-0.00157635020311369
-0.00127399986642188
-0.00159383416445631
-0.00278321840943965
-0.00361764501559552
-0.00129795650363679
0.000623511021909644
-0.000334193472563947
0.00011428738571281
-0.00043296234058241
-0.00255815133711038
-0.00223407759995346
-0.000358942272330781
0.000155533256980527
-0.00076575802331296
0.000806847266705442
0.00312993206270042
0.00218316694969059
0.0012686755821061
0.00224807616926642
-0.00013630527328044
-0.00682948919107627
-0.0103960467713837
-0.0100260319268524
-0.0100058047035545
-0.00826861573152504
-0.00243956270060029
0.00127512874657025
5.50794027538031e-05
-0.00168533775121766
-0.00328088823598032
-0.00753729183033641
-0.00947815463833331
-0.00777119511906401
-0.00353456499652452
-0.00135253083091374
-1.54075736554665e-06
0.00104457921391345
0.00022053477720232
-0.000858010425107197
-0.00188487604273033
-0.00264895804667711
-0.00242533285197518
-0.00250599247440497
-0.00137795292984244
2.69045514412313e-05
0.000566836170288982
-0.000585192619219762
-0.00343846334869922
-0.00726712627030632
-0.0130584610370462
-0.0190188805649097
-0.0193960035562482
-0.0163354743145516
-0.0105801058833956
-0.00650714840170686
-0.00558202348076185
-0.00499597494786703
-0.00959867113772745
-0.0219003412530831
-0.0288600128603993
-0.0275342863778928
-0.0259501435549167
-0.0207861652512904
-0.0108749114610434
-0.00486938025701066
-0.00398858180385124
-0.00314712947905686
-0.00656905918746673
-0.0136600608844482
-0.0188269136723379
-0.0188347547585399
-0.0192444778510252
-0.0140200517394154
-0.00566860121932931
-0.00149996496536533
-0.00016331836149169
-0.000814775447839106
-0.00497702599327508
-0.00945108049358811
-0.013213174477947
-0.0111773792732164
-0.0128600965435459
-0.0147676101871159
-0.0132792748539688
-0.0105609233991523
-0.00806522973216663
-0.00453978198476602
-0.00369699528260727
-0.00457181712032871
-0.0036424546690375
-0.00458747311255385
-0.00792019775407751
-0.00748077824015707
-0.00995768957654314
-0.0134488726410399
-0.0124860370016151
-0.0100362642270611
-0.00858860704423556
-0.00650369872532388
-0.00386560367704946
-0.0040308281225327
-0.00624553703096658
-0.00929284637177615
-0.0127603108575902
-0.0153234627226477
-0.0132357806259324
-0.00898181180522366
-0.00565001863243273
-0.00302557463816954
-0.00131901446763934
-0.0023698716902678
-0.00534771905236482
-0.00823464505784966
-0.0109324627487126
-0.0140449765722111
-0.01424910953897
-0.0117218390213053
-0.00765058452296635
-0.0049781921730022
-0.00362881758975901
-0.00125685496895245
-7.53670061565343e-06
-0.00103416559516937
-0.00227233094594213
-0.00261601543968095
-0.00348259057842004
-0.00473809840507617
-0.00467234189840918
-0.0031333612384668
-0.0025151922863216
-0.00320209222984543
-0.00313646495326302
-0.00514945174259577
-0.0077130796272747
-0.00894592902477106
-0.00989180815518593
-0.0108540098901231
-0.00969766286342839
-0.00670519943744278
-0.00427211144891369
-0.00309031454463903
-0.0016937970573621
-0.00276234506902316
-0.00594548811425543
-0.00812642577250557
-0.00833219168302144
-0.00814165145673617
-0.00739873035947776
-0.00482666714454422
-0.00281865399765701
-0.00206753198953503
-0.00189679577935107
-0.00185735503800755
-0.00185735503800756
