-0.979578917873032
-0.938141117141209
-0.788287489295645
-0.449609712727037
-0.139619734310041
-0.0839680295280697
-0.227147492961566
-0.289697468501301
-0.239956413154888
-0.126637950014802
-0.0370295876154769
-0.0348934239596083
-0.0564385971270921
-0.104560282132654
-0.0691802926843283
-0.105946790327624
-0.0560162737635327
-0.0312660286148995
-0.0128351913495226
-0.051989919626238
-0.0438018723296467
0.00418862177766451
0.00732270183717849
-0.0241489472941731
0.007186674430852
-0.00639892857603821
-0.0330007191830761
-0.0255368131072524
0.00668604414185735
0.00260163549624625
0.00807537962805363
-0.00391680452024686
-0.00166645552702482
0.00636710062761072
0.00355990541925345
-0.0224348157784821
-0.00324626910666586
-0.000966610435979755
0.0207022775853804
-0.0359342518575267
0.01406169223945
-0.0319481610803047
-0.0645218186290921
-0.00956176237507812
1.36841776537059e-05
-0.0030818383882484
-0.00607858531014674
0.00743859137136916
0.0239930768378997
0.0189007169261613
0.0107714203277853
-0.00200929143826207
0.0127129405679809
0.033469127170014
0.00423056340829747
-0.000351946178883031
0.0107549355777479
-0.0185363559155125
-0.0203655415817502
-0.0124514146937224
-0.0534685833632407
-0.00795988880295461
0.00590799047216856
-0.00908369838265837
0.00863307770258757
-0.00301562295585679
-0.0169357949868038
-0.0128068462480495
-0.0209582208450355
-0.0390385244920126
-0.00620634034385259
-0.00423260180711856
-0.00688535948188343
0.00278128166797758
0.0116178796965245
0.00539011669185574
0.00679657800032089
0.00133359716584232
-0.0113661015930261
-0.00261273825437255
0.00310400350852972
-0.0071098374088723
-0.00305951390579872
-0.00826536596616258
0.0140810965738739
-0.000365170456358799
0.0144151892667518
-0.00320149399626555
-0.00469055564435689
-0.00240416094373225
0.00153660902178336
-0.0180886212196656
-0.0178712450539807
0.00493047472961557
0.00384170999889391
-0.00169887469709972
0.0102658386406111
-0.0179789332508276
-0.00978027074831035
0.00595958158690127
-0.00435624465145865
-0.00260574965814915
-0.00237006133424863
-0.0188666212284627
0.00193008475029455
0.00115253139172353
-0.0064464184938585
-0.00157730940872911
-0.00862680548222573
-0.0213299858188206
-0.0204249208655425
-0.0150406252951613
-0.00066910555895445
0.00882397775316848
0.0217034639336922
0.0109625578855418
-0.0275003226186946
-0.00378278613113246
0.00967127923241452
-0.00216656777705047
0.00142063448415417
0.0016257010082563
0.0138439299980149
0.00104146658254025
-0.00096636780847367
-0.00235577007790965
-0.00374268952582754
0.000508763295516646
-0.000673102461749797
-0.0131966678626712
-0.000828106775338904
-0.00245721703914246
0.00186183816177649
0.00362943874221359
0.0039273282999574
-0.00527042767016814
-0.0170400974038993
-0.00151663930521454
-0.00137852841665507
-0.00065431548306665
-0.00226642218833291
-0.003831165528177
-0.00152673674549282
-0.00243014984680041
-0.00819124218210459
-0.000171070219479164
0.00130166897215603
-1.98661305255086e-05
-0.00123390641815949
-0.00202020530467517
0.000369836657927585
-0.00116130854449625
6.58561812511061e-05
-0.000599635566158433
-0.00114898244729561
-0.005798119459751
-0.0109257828555634
-0.0147442434514272
-0.0156346564366353
-0.00290580624299554
-0.000863385340367373
-0.00766529282322782
0.000154445427656494
-0.0021251631905176
-0.00236125191120714
-0.000101557667339896
-0.00114871418059375
-0.00109897744694197
-0.00152296534952387
-0.000686200710560202
-0.00129281226006831
-0.00138501905154089
-0.00104681896392132
