-0.968044944466618
-0.942885008961694
-0.760753038909442
-0.486477960963698
-0.262511606963997
-0.196474166706213
-0.141934330326822
-0.216274263705967
-0.375409655171587
-0.211972662221719
-0.0596251106473011
-0.0319339207572383
-0.00499093436348431
-0.119188611318458
-0.0706489031058909
-0.0324404829691358
-0.0582327466792784
-0.130433840428111
-0.0962147805564953
-0.101119078434563
-0.0568524880436778
-0.0578894664171021
-0.0198193779763917
-0.0332115573264348
-0.0674327965319872
-0.0503649619367863
-0.0532990400117866
-0.044225506851227
-0.00492349442653549
0.00706010610843521
0.0149997886528847
-0.0104870236622628
-0.00855039299568485
0.00845761186054347
0.002873393758739
-0.00731018685283496
-0.00782158935830823
0.00587546628519407
-0.00289062670612713
0.0256154795983328
-0.0164413569057985
-0.00771149777504227
-0.015174869333577
-0.00213482085288372
-0.00152940195240957
0.000127514489863113
-0.00237114624993275
-0.0042902361665482
0.00156401625688214
-0.00722832994567577
-0.0101791046935647
-0.0166750008743922
0.00952348514418656
-0.00564347378794235
-0.00807455556629416
0.0261704686595385
0.0368613157703206
0.0167561860825315
0.00485135367744908
0.00297859207206187
-0.000245439936295914
-0.00782694125666337
0.00186296230498884
-0.0229912632540864
-0.00166526554972023
-0.00117342630486384
-0.0116305114741889
0.00310106742775415
-0.00498414065741334
0.00373506187724723
-0.0148406921550366
-0.0225833243373788
-0.0322428720582199
-0.00483205551976551
-0.0178143928304532
0.00196032071514844
-0.0233223563783084
-0.0136902994903047
-0.0129220663552631
0.00105897786173115
0.00270244093224868
0.000990765518794319
0.00160166521493946
-0.00401189335989416
-0.00117422835528505
0.010570991204772
0.0124006110699685
-0.0073603352587959
-0.00587207091846764
-0.0267775453888353
0.00787853182926423
-0.0037211937641574
0.00695158906386369
-0.00258810806379882
0.00707854670488262
-0.00221508000514247
-0.004420753901351
-0.0147629512225448
-0.00717947984131447
-4.07054554943907e-05
0.00134421504296306
-0.00132571519970879
-0.0100745056526892
0.00563543751560556
-0.00788567807931987
3.71677066258744e-05
-0.00343274879927718
-0.00222409144901274
-0.031638810332681
-0.00593408966242861
0.0118100533802032
-0.00057863028371936
0.0119835743206152
-0.000404603207074741
0.00269299482600754
-0.00372184234366235
-0.000455999991987969
0.00220526828878903
0.00208106644696504
-0.00429061982770842
-0.00613356314163487
0.00380378169934313
-0.00313995969369459
0.000155112775722035
-0.01690851755244
-0.0237687963799811
-0.0141276928269652
-0.0148118286231423
-0.00400444368501097
-0.00138588016182455
-0.00723205658700118
-0.0173840860956827
-0.000246742350643953
0.00103824354704902
-0.0130760101466193
-0.0207183397301538
-0.0175043480065913
-0.00151390406478257
0.000946526759304583
0.00925106502935681
0.00185780747880657
-0.00198405626997509
0.00140725070662405
0.00217431239148628
-0.00150153181375346
-0.0160011982129486
-0.0160240182792314
-0.00192797691491978
-0.0192188911993274
-0.00981097276540288
-0.00662496664577886
-0.0170581096336639
-0.00498182765796585
-0.0107655868293933
-0.00310178660702264
-0.00272260050291091
-0.0134747401515039
-0.00185554065801141
-0.00311607683783478
-0.000540865397357037
-0.000683729634197461
-0.00134216765270438
-0.0100621889468304
-0.014721976643549
-0.00925054510033179
0.000584883299785136
-0.00472513695777405
-0.00151658083063279
-0.000820330979721678
-0.000961226907155651
-0.00264008761894308
-0.000381918373990258
-0.000214648931648318
