-0.936845019355495
-0.962735187031363
-0.751664010666341
-0.300691810814117
-0.171958933028298
-0.229585554180232
-0.179398062401137
-0.0530652956023118
-0.104040531725548
-0.054747207436707
-0.0324366666544028
-0.0146995216235085
-0.0824884286876546
-0.125275280751091
-0.154737489015001
-0.0798195333502071
-0.0279239334059358
-0.0149109925439585
-0.0389545932386736
-0.0194184698005448
-0.0244510418565983
-0.0487222457378306
-0.0219346122807011
0.000761816110107397
-0.0168658676590375
-0.0567631936186498
-0.0375165980400971
-0.0339551722432774
-0.0572568491722183
-0.00427767746867298
-0.00413625852483791
-0.0754624312139818
-0.0697137887083763
-0.00961720582281613
-0.0250468431414931
-0.0150651273845463
-0.0115644594421719
-0.0720834981392989
-0.13296941873291
-0.186703318652878
-0.114811714017517
0.0114654157440374
-0.00687164214631842
-0.0135682636863223
-0.0169526281406877
-0.0541377895766343
-0.0306446575057032
-0.0141533763629503
0.00142218865144853
-0.00486438029409802
-0.0244198308336067
-0.0419388392102482
-0.0156517991012847
-0.00142692815951199
0.00800172329099869
-0.0228646628453555
-0.000864682183810371
0.0262666585938531
-0.019988932595775
-0.00328215518225037
-0.024140676545746
-0.00558752722541529
-0.0359198546735068
-0.0118708213807891
-0.00360006486163175
0.00230409606968058
-0.00353385239479535
0.000456808983501868
-0.00820220901244711
-0.0119125632152462
-0.00464873386566082
-0.00752028395200192
-0.00128020195969378
-0.0185583413713429
-0.00557913547124329
-0.0216003594528653
-0.0168508688574435
-0.00275753577967308
-0.00424989720399988
0.00879634080884351
0.010505645089791
-0.00164981792861799
-0.00239393045767759
0.0113980352350931
-0.00572228839805309
-0.0110393215993483
-0.0306631076101659
-0.0133045272073048
0.00783681936154167
0.0152418969682703
-0.00357345778715314
-0.0133525765664672
-0.0153589696017858
0.00701183637825442
-0.0183153834403994
0.0365050995710537
-0.0123616581917761
-0.0104232916997729
0.00652741918239391
0.00578757643120334
-0.00302392805370519
-0.000377581768200293
0.0177257437922366
-0.0112105037975897
0.00296857866373139
-0.00651630072136324
-0.00171332893555315
0.00970192044262764
0.00622027208501931
-0.00185311308621976
-0.0107452826116334
-0.000115484740889957
0.00586595536988866
-0.0138175361097763
0.000102576026172758
0.00489943602011221
-0.00393509357519242
-0.00688596909375152
-0.00383919725792671
-0.00603222158395848
-0.00107090078489249
0.00429463873883213
-0.00990811515106023
0.00359447320277532
0.000216887528865907
-0.00341746301789367
-0.00593094138048755
0.00211617488495227
0.00114035971586665
-0.0104944529445072
-0.00588561883359307
-0.00203604241223836
-0.00355513572825692
-0.0036871518741026
-0.00243310093861184
0.000618430617870356
0.00319658556713591
0.00323972384314759
-0.00117063975242869
-0.0110633461614497
-0.00285629815632841
-0.00232578507431139
-0.000903723075012247
0.00112385975782931
0.00217951666628113
-0.0034927342713071
-0.011732840697224
-0.00625440574143686
-0.00582190344516164
-0.00183072783990718
-0.00156309617150221
0.000428213938045002
-0.000261046329643815
-0.00494315512655345
-0.00254935450019268
-0.00100221380296361
0.000200622470147126
-0.00816921210324266
-0.0135429476885229
-0.00426356942593884
-0.00365040663871681
-0.00123863628464314
-0.00236285405394624
-0.00649827525661307
-0.00404567763854787
-0.00204821618300014
-0.00118998172609962
-8.70028537585128e-05
-0.000100101376005968
-0.00144018543171693
-0.00318298409430473
-0.00245229586639092
-0.00250625383254447
