-0.993385002721838
-0.925566004881152
-0.588507216789059
-0.433534289806613
-0.260321023005324
-0.142893065208835
-0.151687817290988
-0.125016990543681
-0.155607956466454
-0.326056150297582
-0.297629901795254
-0.171663084980427
-0.185618233415923
-0.117324960587213
-0.034426431518399
-0.0925743462689308
-0.0804958888306341
-0.0411551226024972
0.0186700957584931
-0.00325477824248106
-0.0058430098015224
-0.0232458955985314
-0.0445648153026382
0.0558663607614055
0.0147101886142068
-0.022125908526069
-0.0178949706415957
-0.0419770760466
-0.0180792836035885
0.0039455337560715
0.0109567163885265
0.0139344119683517
-0.0313187900748312
-0.0207806069250467
-0.0264504715404476
-0.00351228624027424
0.0251019457090716
-0.00864237446905881
0.0150504196228518
0.0209089435396339
0.0383272441650658
-0.0130208870286338
0.0076699183620663
-0.0165597967168964
-0.00366480723463815
-0.00233406681084424
-0.00153385451065135
-0.0119722572334682
-0.0154063859784667
-0.00116759481189356
0.00216190437629417
-0.0109554628435806
-0.00179879158983537
0.016091879760615
-0.00287850192814979
0.0017462113208831
-0.00207131785861731
0.00424609987390367
-0.00542504864288882
-0.00248971418113351
-0.0058062675854327
-0.0109496410349899
-0.0185506474998659
-0.00632937050908548
-0.0103414915307933
0.0101109187042554
-0.00173061042136159
-0.00123418932983206
-0.00173966443753483
-0.00693140332844713
-0.000542213658040497
-0.00892378728563497
0.00573269482483089
0.00438270268089799
-0.00510764543191748
0.00153673460298952
0.0260166411093303
-0.00556855658567948
0.00544982032755587
0.00992906884642953
-0.00346460775717665
-0.0037466726915593
0.00432119562802074
-0.0149741756298301
-0.0017320176910671
0.000596300571620289
-0.00405460062505896
-0.00495290482614182
0.00192184892978518
-0.00164192932532645
0.000727508988919111
6.7619542151827e-05
-0.00229122709086159
0.0130354276668185
-0.00342236496189227
0.00184927604365201
-0.00628018259390579
0.00514188215099766
-0.00350022430347872
0.00169835492347465
0.0161124415188942
0.00506923987711844
0.00101788357770296
0.0164800485649344
-0.00740866773283149
-0.00880591179655143
-0.0040045403038708
-0.00722583526772055
-0.0058038943913517
-0.00769357868034734
-0.00931716760265869
0.00951289261630721
-0.0121822328481556
0.00120522791107959
-0.00585713124885014
-0.00897914764502363
-0.00773899127942212
-0.0070481460615074
-0.000895004889853384
-0.000113205387238529
-0.00284827241131118
-0.00303533981620403
-1.6801537163086e-05
0.00165346679270474
-0.000315927888466337
0.000491057190472355
-0.00333871396149536
-0.00575819598882341
0.00337228563540305
-0.00136544281864935
0.0027070369725828
0.00106093920741088
-0.00647471292051529
6.97953482551431e-05
-0.0114066079611134
-0.00449539511579691
-0.00221739968329061
-0.000685018472200645
-0.00503727682876205
-0.00560922086330887
-0.00302361683559227
-0.000509030407361309
-0.00298772704306446
-0.00879154323915062
-0.00555334358888037
0.000295928280130273
-0.000501055620445694
-0.000916716543536096
-0.00194423287609475
0.000525954035906641
-3.28809752398045e-05
0.000287992117179401
-0.00403443266364139
-0.00114456655920838
-0.00213971296768678
-0.00494932234982187
-0.00339921525230158
-0.00156227836001258
-0.00238749771140915
0.000482074872091735
-0.000806410889732046
-0.00965490513122937
-0.00489371926236708
-0.00223617361704708
0.000128591230717517
0.00044084075230087
0.000343170494832221
-0.00088147120799405
-0.00141262548083716
-0.00113671188057851
-0.000501116722276842
-0.000748975507756523
-0.000123262814736524
