-0.995446416658561
-0.737327618482877
-0.282730386235732
-0.150107660281333
-0.38600567420893
-0.321516035602673
-0.191163582454655
-0.114637194163361
-0.181122676723451
-0.157455024134509
-0.0296877585323755
-0.0300636801037999
-0.138430348941843
-0.0525187579523127
-0.11666818385128
-0.0514484730305016
-0.0470970754088398
-0.115774981155992
-0.068180733365692
-0.0457563251967615
-0.0547571840054878
-0.0173925650544485
-0.0300901367890911
-0.0571763163271899
-0.0452523961344338
-0.0255640501483079
-0.0461394687935944
-0.00230651402721931
0.0101065373811957
-0.00180179364352567
0.0197037181348735
0.0518849491741685
0.00323549287316556
0.0153311886723883
-0.012846556287182
0.030266613408844
0.00493900831625949
0.0188825412118813
0.00182772524966471
0.0153117351012927
-0.00608182801353575
-0.00285899278922047
-0.0142499761157676
-0.0188718043812675
-0.0197503960337707
-0.0227357044528805
0.0125893769143232
0.0162761984110424
0.00754120166832421
0.00714330075432683
0.0126927950826442
0.00519984304028888
0.0115495509360223
0.00840666847070133
-0.00480549764591834
-0.00400356790410678
0.001753865205844
-0.00471320505068431
0.00131099751100335
0.0290718417554002
0.00632212135802471
0.00928432157991931
0.0072076486385964
0.0295123976089103
-0.00953532942617896
0.00297325796559399
-0.073432062697291
-0.0244046501206749
-0.00439922003036568
-0.00158425757601067
-0.00358988703585552
-0.0082966598819973
0.00091857047562483
0.00677860753440831
0.0154037282733297
-0.00624730497635182
0.0188211058219333
0.0206379932437959
0.0229433164035692
0.00968402987773978
-0.00478741613545716
-0.00560857477060544
-0.00370427426314082
-0.013317144438116
-0.00305743252224455
-0.00853133494659643
-0.00936348287115058
-0.00641983489938588
-3.73439782898645e-05
-0.00137889869916514
0.0247907351194759
0.0389763675161179
0.0284115937787947
-0.00246688838854618
-0.0158284885938534
0.00425909492353191
-0.0121538283703505
0.000683094286384058
-0.0137824630235545
0.0085589719037008
0.00109404016169824
-0.00760729695392032
0.00680228909982683
0.00344830131954237
-0.00122255330905716
-0.00447805254227309
-0.00526779861086158
-0.00279802579414692
-0.0435830299224373
-0.0303865812903794
-0.0257201738651386
-0.00129543672163959
0.00208640867904636
-0.00113730780787644
-0.00441912312343868
-0.00375076696637151
-0.00157877143533509
-0.00622586055633688
0.000399742474713927
0.0043972174943557
-0.00522039222047012
0.00450674361878603
-0.00113194893651733
-0.00796060359747478
-0.00997164017095696
-0.016722270411326
-0.014390995605693
0.000783713885619564
-0.000669647739344342
-0.00498428667436144
-0.0183917850302262
-0.00157556732924733
-0.00194555386943437
0.00115671302094962
-0.00253102959043821
-0.00912394972403856
-0.0205833707802089
-0.0253499655166581
-0.0141153473801753
-0.00774763993653447
-0.0136497223706405
-0.0123397664099686
-0.0213800496970344
-0.0054722346035708
-0.00151896202858661
-0.00241329128423204
-0.0111712013443432
-0.0040144080989287
0.00175772353649815
-0.00704403791793512
-0.00393761780670429
1.01949788900342e-05
-0.00107503722227724
-0.00700066250919074
0.000224867834950297
-0.00269630122552268
-0.00390987253955702
-0.00607906027463226
-0.000870260607480413
-0.000170328539986035
-0.000167063331095451
-0.0009015676576171
-0.0122113685742791
-0.000491112041876726
-0.000497032184015272
-0.00440058638682009
-0.00601435592074149
-0.00898593324563219
-0.0105390717786285
-0.00498048501041563
-7.45865685655472e-05
-0.000637863839711523
-0.000573320067427806
