-0.981156418163427
-0.91460525201536
-0.689288364996943
-0.318320718858346
-0.0707310356514243
-0.0301384224066009
-0.175924523720708
-0.252896083170221
-0.218919416156013
-0.182849699859139
-0.137772226282197
-0.191546059199855
-0.167217196194453
-0.0173870079190508
-0.0464454701360753
-0.0663984275457587
-0.112353188874277
-0.0833102011404622
-0.0488407555964162
-0.0598896119342998
-0.101873240080986
-0.0227291555975337
0.0308323298043309
-0.0541386187976138
-0.0426278620180122
-0.0771377469318902
-0.0397492698453458
0.0136743273458264
-0.0258271122149441
-0.0169026693989002
-0.0186558975885529
0.00257118303710093
0.017739557677148
-0.00414223042669612
-0.0113779076570542
-0.029006670941372
-0.0337239591876945
-0.00807167140482533
0.0114956386811468
-0.00771002277795088
-0.00159025250996236
-0.0286329968214246
-0.0618803644335863
-0.0200376928174921
-0.0130495885255811
-0.00232858862356481
0.0115516367337902
-0.00550735072564858
-0.00515290723291362
-0.0164026873740695
-0.00412104885696158
-0.00579118519132747
0.00389752986430182
-0.00769879506253991
-0.00283651059259991
-0.0379219789481841
-0.000436338334447018
-0.00599914920528486
0.00128051715124652
-0.0073331646890262
-0.0189255961595445
-0.00861298699198456
-0.0271745958172956
-0.0289215306020755
-0.0167765176649106
-0.00245812898017448
-0.0111236098609454
-0.00863172976098172
-0.00598060248200615
-0.00440452088263211
-0.00731965894988624
-0.0135083331328584
-0.0150903499029327
0.0237619718660914
-0.00138540022888054
-0.0113986714322314
-0.0121745744638473
-0.00977344771426703
-0.00240078960263745
0.0040456892980487
-0.0020069935843019
-0.0552552520188958
-0.00489578553425175
-0.0068890823217189
-0.0180846457010956
-0.0176999642716794
0.00459339107201511
-0.00147119690637404
0.0172556503533873
-0.00699799560866534
0.00112843649595366
-0.00752132115854455
-0.00485468281177286
0.000563886190331026
-0.00734209529615917
-0.00335711027602815
0.000130247346033646
-0.0164500380565279
0.0107186338837861
-0.0185813062830255
-0.00119878702437052
0.00307782721103105
-0.00348699966531178
-0.0168818854690738
-0.00496541299152199
-0.000854859033906158
0.00738012377013546
0.0211826899093148
-0.00173406173171999
-0.00593902926032563
-0.00748458786246058
-0.00225898550731551
-0.000904297190925991
-0.00716263727943625
-0.00642246240122175
-0.00484022842792203
0.00199744607457526
0.0062284501651264
0.0076049782710686
-0.00275275963916467
-0.00284385556368269
-0.00107424197303476
-0.0025407621251744
0.00587534677663424
0.00196165729188989
-0.00338736694719758
0.00237664933853582
0.00150115040874406
-0.000399769759176553
-0.00706977142299694
0.00431206578364997
-0.0021853315354754
-0.000999367197012537
-0.0111880490514335
-0.00386315584428959
-0.00377493896320384
-0.00382798172876158
0.000416043432218394
-0.0115902625039238
-0.00525550159455301
-0.00154872274684479
-0.00324479768264834
-0.00128471773686163
-0.00178470682305121
0.000789362183280433
-0.00064318902974432
-0.00413716094042182
-0.00023530023625716
-0.00619980828373007
-0.00553601259680172
-0.00254420510083287
-0.00356317991268878
-0.00298219073889293
0.000531573898080349
0.00204963331418795
-4.04395863463711e-05
-0.00264625063345435
-0.00308763284666103
-0.000411385970737983
-0.00055949868913477
-0.00269266177504289
-0.00323737475615853
-0.00263400084100583
0.00128849616057871
3.23522230879472e-06
-0.00379264094115859
-0.00272691918855659
-0.012400227015896
-0.00707181324809247
-0.00467673131843496
-0.00612704870836868
-0.0155295013874488
-0.0086039811196703
