-0.948435270888126
-0.82010074104629
-0.672174872532887
-0.592924992862756
-0.466034573963447
-0.156361761545504
-0.0733576802341828
-0.32044987044223
-0.303690685800142
-0.191948662536295
-0.166940674910047
-0.0959962514868041
-0.164084003233252
-0.0793735566165819
-0.044073371584321
-0.0201431355830609
-0.0339482069371346
-0.033672468865901
-0.0283228348339864
-0.0129098644417697
-0.0335782520449489
-0.050869283136982
-0.0188400975295971
-0.0103763321490717
-0.0321732465293789
-0.0503240934748326
-0.0496853083199322
-0.0369591298000287
-0.0300383996344875
-0.00389906508965623
-0.000307530072946861
0.0105173908345613
0.00141037739929663
0.0196158850706021
-0.0190241903808529
-0.00412477874200977
0.0236433109677667
0.0030340895012098
0.00780923775479144
-0.00286648505424994
0.00187298094760107
0.00382070959186975
0.00061993234474709
-0.00113106003019833
-0.00630674262216784
-0.0159392020673118
-0.0695230552256676
-0.0130078260252489
-0.0201301350694188
-0.00949836494013808
-0.00919102417014699
0.0010694405355922
0.00691029458825101
0.00339426700026917
-0.00709122248971343
-0.0246807160300645
-0.0557172182814362
-0.0260566550643161
-0.0158211338041281
-0.0164081116968257
0.0170670997448539
0.0102752552628046
0.0162705520702856
0.0307273033552469
-0.0102797006613286
-0.00395949323588683
0.000554079357268608
-0.0347123733099664
0.000919309591569127
-0.00646801435973905
0.000820433948820014
-0.00477342394312478
-0.00146720688949532
-0.00393968695171042
0.00596129193403385
-0.0173071599994006
-0.0103837160353011
-0.0199430418543693
-0.0301315871920447
-0.00125892355824852
-0.00221250223850967
0.0206864238640959
-0.0127763460893926
0.00910146823248926
0.00380417917581624
0.00082718063605056
-0.00418460166598487
-0.00520661715629709
-0.00508395996227217
-0.0030443931970422
-0.000253806697322265
0.0252632033421277
0.0434851351239785
0.00933073906114805
-0.000253726818384948
-0.00591527227097426
0.0108618989676256
0.00666076679958102
0.00470482561242644
-0.0016989277367995
-0.0155500504084491
0.00959162748955867
-0.000475675267955816
0.00395288311626087
0.00270886409080812
-0.00146097607879237
-0.00595004446014958
0.00463652504652126
0.00638621698055302
0.00497166529630544
-0.00372125870370113
-0.00914765837561946
0.00496318360375219
-0.00184913119736658
0.00204322731596779
0.000167346081516406
-0.000576934572265462
-0.0156974734245332
-0.0102820169555974
-0.0185004474998439
-0.0156282023810345
-0.00283566899982811
-0.000336576713464725
0.00234035828053999
0.000209240596639464
0.000468932657630007
0.000454344185279741
0.000741928954519811
-0.0131617531948059
-0.00152540057377486
0.00293064949074425
0.000208811971322885
0.000552077021320729
0.00227811310599797
-0.0110430647224727
-0.0109263366838702
0.000854583099400764
-0.00223116627740832
0.00139130469782627
-0.00114186741165239
0.00363254157214222
0.00170030076246144
-0.00225141398741246
-0.00781337126803255
-0.00278486808620643
0.0024590561746063
-0.000614875297905433
-6.50414100816527e-05
-0.00117438222671072
-0.00830298004678837
-0.00282090596928615
-0.00358798412465266
-0.0104286823695963
-0.00253574054955926
-0.00511195694129922
-0.00408830538848289
-0.00470289368666253
-0.00117876028885595
5.3280699939291e-05
5.96092462587532e-05
-0.00173526069977581
-0.00407233347332275
-0.00142900329457798
-0.00215777054539165
0.000402140288044024
-4.79030173963864e-05
-0.000181072663721717
-8.12006954844014e-05
-0.00876218460801442
-0.00319373846774211
-0.00168352891607157
-4.33231116639771e-05
-0.000525894431024726
