-0.988725617615382
-0.848250034810728
-0.352165507524781
-0.0448426781041611
-0.161173198805303
-0.178268336077474
-0.195259729668075
-0.267869144881669
-0.0421071892247106
-0.00198279320450636
-0.057425908068922
-0.0686095552384047
-0.141589425676173
-0.0821357657158321
-0.0493121231469585
-0.00907645427998505
0.00238181673473365
-0.0245718485294366
-0.045422838839742
-0.0308140648598264
-0.00911561466279935
0.0141226987014004
-0.000783121356601291
-0.0239776384684993
-0.0331885917895145
-0.0493878071362746
-0.0370518033053088
-0.00143857932875745
0.0337515389393987
-0.00314253385015497
0.00093704943185826
-0.0257495887665564
-0.0181088503803256
-0.0201497064871172
-0.0111026322045529
0.00372594206097217
-0.00194301186843475
0.00332771104726244
0.0068364526214645
-0.00142191905020482
-0.00372516090764959
-0.00974485947159234
-0.00308200550054137
-0.0155227040920833
0.0175595009855852
-0.0371973706262433
-0.00170542875806443
-0.0225612265660099
-0.01087249948074
-0.00507587854222148
-0.0103615265893737
-0.0333166456381667
0.0088420934232872
-0.00166490979832274
-0.0056404680057255
-0.0002631620278707
0.000737349759094532
0.00643755522042901
-0.0320459169694147
0.00192386841672965
0.00538852563864191
0.00059389498919647
0.00398561391754821
-0.00859053225159361
-0.00380562442455259
-0.000690613260655296
-0.0100966768088329
0.00041208112142113
0.00415251998522979
0.00205480502975712
0.00172980013819506
0.00175613214415964
-0.000441165436619977
-0.0252555726411637
-0.0163935371308751
-0.00650533625079726
0.0230447998891806
-0.00235486015828741
0.00170222579377457
-0.0277387774567986
-0.0280128897742963
-0.00691634532514685
0.00643136233740201
0.00133219416480857
0.00749929452504276
-0.00849168909550158
0.00300274265697804
-0.00202595048950509
-0.00226614866999092
0.00314662559569201
0.00938744363060195
-0.00881110291238071
-0.00800373376661951
-0.0119122531869688
-0.0109769974628265
0.00502070449937603
0.0156927376642282
0.00042051471273232
0.000372488034550786
-0.00649008011425894
0.00988727130536491
0.0069908873250195
-0.00432356121983763
-0.00309947592491798
0.00847551756621182
0.000175968303059153
-0.00815586214729929
-0.00229019611091267
-0.012182233848344
0.00246669293116392
0.00103565217708577
-0.000199595581732753
-0.00440213753300889
-0.00285074189048703
-0.00775189433124398
0.00138123992886171
0.00174899704527824
0.00667845088252421
-0.00812424980499357
-0.0121220277346168
-0.000251103781798427
-0.000504760855943956
-0.00431873842856073
-0.00328423245353127
0.000541238868951701
5.55850556667016e-05
0.00817767511802761
0.000891517265021783
-0.0149308653772424
-0.0255445725861294
-0.0399670571408628
-0.0116148112702742
-0.004195723905561
0.00431377159455705
0.00397287172019619
0.00199702471644242
-0.00264693540881113
0.00422239189661508
-0.0145038163988752
0.000377414802944349
0.00251416537754633
-0.00228803055636273
-0.0047957632384599
-0.0109540010774411
-0.0023618351979467
-0.00389322088605761
-0.0030725684018141
0.00298248998101708
-0.000105866361455911
-0.00365426643439023
-0.00128996264376928
0.000445155918522202
-0.00099652134911874
-0.00121017535654958
-0.00427630242597338
0.00312652992009127
0.00148317996436089
-0.00272701415716511
-0.000288549190524853
0.00136357038946295
-0.000245587207011738
-0.00293393122668285
-0.00993133399949737
-0.000121814201817641
-0.0029455478600969
-0.00617151282058726
-0.000680044989233468
-0.00789786240313818
-0.00982896736596055
-0.00398027490378765
-0.00214062804019523
-0.000305683249698195
-0.00107410823834906
