-0.998314014246959
-0.99640994254697
-0.991420887558017
-0.848822569858253
-0.475647577782816
-0.0885954091182462
-0.0586502305916323
-0.185316492203333
-0.22676145175678
-0.217617419181296
-0.112674279396258
-0.00500609537028335
-0.0344646616932168
-0.0885213016866807
-0.132872263527313
-0.1050133044118
0.00234036962991212
-0.0220444570065258
-0.0560687661289969
-0.0215216934669636
0.000194354087488318
-0.0186830502178802
-0.000296905030097801
-0.00457817065827504
-0.0104166227523771
-0.0211841138902431
-0.00423940248022654
-0.0120530423363648
-0.00490981964433087
-0.00909009393284779
-0.0216695105564104
-0.00876874539382487
-0.0071444498910325
-0.00672348696592579
0.00130051470798621
0.0129678113478013
0.00628797635953503
-0.0260621766038788
-0.0177890292545198
-0.00230291470599031
-0.00382395062600565
-0.000755117380575189
-0.00431118470298513
-0.0095412929182293
0.0104010200423675
-0.0262187251483907
0.000537436087222957
0.0157848031156018
-0.0402568394292886
0.0010115052122345
-0.0665772844085318
0.0160472797349243
0.00308554656081941
-0.0135288270820571
-0.00139510070154874
0.00289182354628726
0.00799051867969893
0.000762836166625611
0.017967471936949
-0.0085250414147802
0.0107905930439999
-0.000237782270809794
-0.0057928732313634
-0.00613120230377059
-0.00985203441477468
0.0071540777206315
0.00524854178131348
-0.0234168021984145
0.00175658827210701
-0.017567493750894
0.00384060344432246
-0.0168760034292944
-0.00596304671038944
-0.0324148941699466
-0.000563110203048214
-0.0151684616733764
0.0309810481392974
-0.00485369695608297
0.00247599700823284
0.0236003284948494
-0.00318041117694512
-0.00290635395648659
-0.0463747578216562
-0.00859988442679097
0.00321447636343574
0.000394798426038058
0.010604420332747
-0.00239070801436188
-0.0101345823112753
0.00520835870751036
0.0140193857281074
-0.00504927212575841
0.016718748208637
-0.0260384219287618
-0.0125768504891496
-0.0105017597071367
0.0205419782204143
-0.0117204624531192
-0.00014734268044751
-0.00178482262496909
-0.00720411090863183
-0.000745951441525157
0.00699930469032576
-0.00976309733272373
-0.00061853906695559
0.00139530295891585
-0.00145420512073488
-0.00137377924235978
0.000920474034628806
-0.00793932798074131
-0.000892514380373529
-0.0114116645251464
-0.000331059544872667
-0.00623713244994332
-0.00593913126436613
0.0083617610150224
0.00495077430056544
0.00331419784513363
0.00320762636818139
-0.00267064380789085
-0.00268866127335268
-0.00725972691294656
-0.00033508095008162
-0.00445558023576882
-0.00141642261547409
-0.00304454091634048
-0.00455101616726326
-0.00266967508236726
-0.00818324946524136
0.000236408868473093
0.00809139899372305
-0.00415921321209087
-0.0169620874950119
0.00329435668638846
-0.0089561683592377
-0.00420841552123059
0.00253081375238901
0.000714991554125284
0.000196861886769531
-0.000400682424939317
0.00162825994917531
-0.00103560656128426
-0.000414145633517095
-0.00184941295275904
-0.00577531627211877
-0.00979279592265231
0.00352564480993307
-0.00309190060599385
-0.00202669945129016
0.000689170116716353
-0.00820684621473725
-0.00241559108049937
-0.00300484491545779
-0.000715856022330646
-0.00213517411092069
-0.0063013389489305
-0.000532537432354053
-0.00987899824234966
-0.00162759247697273
-0.000189989885590575
7.49737315479481e-05
-0.000391612935050589
-0.000744706467990419
0.000147608747756036
-0.0038543798593987
-0.00448958008268494
-0.0017798944689207
-0.00618032313985393
-0.00805490923898184
-0.000361429440897345
-0.000405547962871935
-0.00114290970235003
-0.00111843605622657
