-0.966733546762991
-0.939952360417847
-0.616503845486164
-0.169785149408256
-0.253759232048287
-0.261097130923462
-0.273891794010437
-0.334096234442419
-0.225177646183924
-0.0364758109288665
-0.0852970216367893
-0.192604676760611
-0.210247687289079
-0.23677701024914
-0.251686215365416
-0.143934086671121
-0.0597926840527157
-7.61134428429386e-05
0.0192911931286107
-0.0874869214816683
-0.145295162843491
-0.0770856157727199
-0.0438854523642016
-0.0674628200421138
-0.0357017286619662
0.00421493194704493
-0.00900633017674551
-0.0230751717352002
-0.0147198524666178
-0.000212874544943266
-0.0400909299290098
-0.117817034034405
-0.0618332510996564
-0.000884140857921075
0.0239371757115733
-0.0221572511359407
-0.0130250322324579
0.0203902498410251
0.0169548296626583
0.00468641595131359
-0.0180032014612832
-0.0130291795589169
-0.0238215650794462
0.010034802675051
0.0158423589629206
0.00725430098087464
-0.00446877511558358
-0.0202837718298561
-0.017658838248485
-0.0276970528574
0.0124337994839149
0.0189889597266269
-0.00877109258462383
0.0164331968590697
-0.00770143894485272
0.00164190661957275
-0.0229821280662181
-0.0144442523374625
-0.00225460313104314
-0.00996907723879727
-0.00550707669132003
0.0151947889059272
-0.00268060526716267
-0.00979202547243817
0.0179847594222503
0.00215056986038098
-0.00663659616576403
0.00692206985169114
0.0143207955541028
0.0133516784159663
0.00867903562322594
-0.0243517889203568
-0.0174210910298446
-0.0172996145322187
-0.0307385469441769
0.020991373596514
-0.0122535552737944
-0.00356342835787897
0.00614067292458276
-0.00340888753610091
-0.00130566305476502
-0.000975082548451087
-0.00355313974224911
-0.0197255365181861
0.0165849981426335
0.00867054267509921
0.0126375438317782
-0.00154460672139773
0.00393565527738705
0.00676331776024627
-0.016274184048148
-0.0194367280773723
0.00436061835981886
0.0154603344892071
-0.0163585976755649
-0.0250944809298178
0.00419273242718697
-0.00245044006041569
-0.0157718645330974
0.0044425642652437
-0.00627288499250104
-0.00916880284604314
-0.0260581594387703
-0.00048457615741056
-0.00210441004079852
-0.00476641290797306
0.00444367420224976
-0.00106258057950998
-0.0136703274253522
-0.00453414091923937
0.000237338745564196
-0.000296324827902152
-0.0283183191305107
-0.0195968164685451
-0.0205975122000176
-0.0206421905194777
-0.0157755129834552
-0.0123500856957842
-0.0149809459690946
-0.00665693668704964
-0.000260210529155916
0.00134733057131428
-0.00126855119057227
-0.0053265583738512
-0.00161341585301184
-0.00402361740207771
-0.010932633073469
0.0013233282424973
0.00125307141429697
-0.00314442570434533
0.000108624447273589
-0.00312452505346698
3.03192375688265e-05
-0.00148665988695738
-0.0015146141697003
-0.00726952391965261
-0.00495635873350074
-0.00639757984183296
-0.00486661143456857
-0.010835590590119
-8.64770483204145e-05
-0.0119528920452028
-0.0139313704976577
-0.00258736263354425
-0.00040269090467116
-0.00818288648120695
-0.00081513958462985
-0.00220211360903384
-0.00101322958387575
-0.00307308988576051
-0.00170722561046211
-0.00285055171840398
-0.00790329347671688
-0.000878169208514383
-0.00178695451045422
0.00626763436462587
-0.00265062033862233
-0.00241514750640657
-0.00340708181047397
-0.00279014693180202
-0.00393867365911049
-0.00281604329422806
-0.00189881664132053
-0.00228491155565497
-0.00525884538922901
-0.00194650249411197
-0.000921912654586685
-0.00285467115044101
-0.00648870676183637
-0.00376762735335945
-0.00441702482634549
-0.00223285679290516
-0.00251487921867134
