-0.96363972133199
-1.00092597465712
-0.774372350421012
-0.467694057224133
-0.281666442533289
-0.168261351598822
-0.206640616864558
-0.503803624141698
-0.294051672297581
-0.170984336789387
-0.227092971090479
-0.176807126949492
-0.0656598259948926
-0.0826028132299829
-0.0882519579214209
-0.100909558723254
-0.0506354883828206
-0.067162247535176
-0.0716717021535666
-0.0266038532519605
-0.0275141779850888
-0.0781269159207109
-0.077464807122034
-0.00206002739408292
-0.0182767752381023
-0.0633366024942818
0.00539113336239017
0.00769327789218657
-0.014902629649855
0.00650686925532419
0.00348536858986399
0.0234242324830268
0.0433182616989526
0.00133853057556847
0.0141958714274988
0.0108567355945259
-0.0121486536983242
-0.0156916057455893
0.0092383535939204
0.0236896090121872
-0.0301086336917489
-0.00511957414985557
0.00991146234885822
0.0317555154667098
0.0727372396510431
-0.00881356768646273
0.0129381829937542
0.0410623372044528
0.00891068773283345
0.062738001912158
0.0181916961687156
-0.00184096003165912
0.00398416995815131
0.0185380925444608
-0.00528312981844976
-0.00567174987053201
-0.011285808434596
-0.0150803646183184
-0.00498061644940809
-0.00107300960969052
0.0336905646535044
0.0336737393810933
0.00592646989783769
-0.00702662156699841
-0.0033297265821448
0.000653823420712227
-0.00110693553956933
-0.000657274850443614
0.0149334260623686
-0.00737360152894367
-0.026096658348911
-0.0128873004455713
0.000764330762232934
-0.0149731655466332
-0.00288862712400978
-0.00871806978656452
3.27198266915746e-05
0.00119260837704304
-0.00132691694887474
0.00104731604704187
-0.0384600603559157
0.00154832792261971
-0.00787126092861121
0.00995343577608744
0.00912135622619644
0.00369101150005909
-0.00198862798084892
-0.00520389569375608
-0.0049574907790734
0.0119371583693488
0.0112903645856387
0.00908911540805639
0.0250228938294972
0.00135588791658665
0.000255868234387115
0.00833430282304959
0.00454701122335682
0.0109833342547222
0.0022800293056173
-0.00854738035621557
0.000350172112906653
-0.00711683756690689
-0.00698433943177161
-0.00606762134597551
-0.0189548836383551
-0.0115850132793315
-0.00440438871289502
-0.0113541846788582
-0.00560519455223003
0.00283721107944839
0.00246099776390284
0.000563491577872456
-0.00152697743898764
-0.00312426826620604
0.00128078994398608
-0.0115872792622314
0.0100774823924678
0.00518438438797948
-0.000474547687258419
0.000105221066570839
-0.00719444589588309
-0.00515388896726297
-0.00235354776860778
-0.00246343104636916
-0.00678181696394611
0.00165719103723394
0.00116470109879693
0.0019298845594634
-0.00127191297231337
-0.00270874865113026
-0.00302389936293865
0.00144650009373787
-0.00516556709182455
-0.0155386746273071
-0.0171613318535822
-0.00646307449647818
-0.00462364266366271
0.00115670012248086
-0.000536039370484302
0.00905380082547351
-0.0018863919886212
-0.00760306167503781
0.00133027653258469
0.00144807599076145
0.000960679898070525
0.000221911205500348
-0.0024296570374045
0.000992048998693204
-0.000468739086745369
0.00104697658538038
-0.00582482114677976
-0.0191533863708351
-0.0011393087558902
0.000366815156022991
0.00421229064134351
0.000816454385446247
-0.00069069225207909
-0.00698414275616865
-2.50042447253924e-05
-0.00682312863971453
-0.00103324918199372
0.000159653603834926
-0.00904069982967564
-0.00535470613905358
-0.00153572623916408
-0.00258885428967098
-0.00247472163451215
-0.0030712532378554
-0.00579027395121055
-0.00307471004643125
-0.00324521970329187
-0.00376486367022435
-0.00381946954908377
