-0.995999764260802
-0.941395224876201
-0.684960798005383
-0.382744303252362
-0.427124563124576
-0.381647015644714
-0.149384495952991
-0.17708048333
-0.294535681038865
-0.145546303500955
-0.0923856239252291
-0.116068778393062
-0.146627273248717
-0.193105805339877
-0.0955670269440606
-0.00528678730865421
-0.0681353999816963
-0.128269680954334
-0.0673753273240716
-0.0402148700882525
0.00132078477969649
-0.0463465306603641
-0.0798207347277778
-0.0914749798017063
-0.104952237938344
-0.05328962767704
-0.026918870942741
-0.00368174749901646
-0.0194479984966174
-0.0563762017506092
-0.0191216485343036
-0.068181082879797
-0.0542133134593968
0.00470588945886433
-0.00494781085377479
-0.00294528356710409
-0.0511092165149297
0.00281858373099268
-0.0166655591897522
-0.0136344098543254
0.0239263677346573
0.00559526909216182
0.00522502749270523
-0.000322871849763274
0.00252500268001609
-0.0230829024433757
-0.0314775785814935
0.000404522819834485
-0.0123282041370408
-0.000800337936615983
0.00649876226549995
-0.0245894122911088
-0.0349017459473237
-0.00537203391365663
-0.00180812552110159
0.00122772593448613
-0.00195557344019527
0.00127720766703145
-0.0124255515901269
0.00417181807220842
0.00503497461879079
0.0131807453482084
-0.00468945738061312
0.00326799070694518
0.00148645762121111
0.0328535962743649
0.015660155797006
0.00162837888473095
-0.000196620704552009
0.000935768735551225
0.00181157190756637
-0.00890638294299877
-0.0114423704602756
-0.00106120423938604
-7.41394298814273e-05
0.00127825195607927
-0.008332116855673
-0.0595460542213586
-0.00320511800188038
-0.035490175706787
-0.00880997501080451
-0.00974821587178927
-0.0167594633160408
-0.029727451383466
-0.00478944387682787
0.00105235322373028
0.0243362982303642
-0.00704541436212773
-0.000754214838263325
0.00920733282195112
-0.00017047374974672
-0.00810907796629474
-0.0375063951568762
0.0017081049460156
-0.000533242043108912
-0.00567410549337707
-0.000451586004231202
0.00238483868225113
0.0168304339721736
-0.0342452238423852
-0.00388661147002701
0.00874209505731983
-0.00562867047713442
-0.000789442013986004
-0.00689963321499747
-0.00930252631049227
0.00934334656654914
0.000373454730939273
-0.00378729470644719
-0.00349143505937
-0.00450104909100614
0.000421814259664053
0.00469604776406037
-0.00720118504673071
-0.00859857679874968
-0.0093044377237913
-0.00151530575583174
0.0115102439211669
-0.00615254316757957
-0.00203317479162468
0.000575703965044496
-0.00952649972613642
-0.0113679584362729
0.00194372099727103
-0.0015033717373468
-0.0207836993905353
-0.0311270203368038
0.000617488261347963
-0.000699057049363349
-0.0210571524953782
-0.0312838671267968
-0.00798782996796505
0.0013119949835388
-0.00840484857203556
-0.00686656501783633
0.0034365211538716
0.000614573503570118
-0.00635967661729276
-0.00362190720881992
0.000482327785416182
-0.0135814422323098
-0.0116425837446898
0.00314703971842982
-0.00626571030685407
0.00100624572051421
-0.000655650318244211
-0.0258845438526374
-0.00475267143617662
-0.000617786605837694
-0.0170175310300327
-0.0175910100899936
-0.0144755515180837
-0.00691805586020263
-0.000349027919615666
-0.00142314187733758
-0.00504081984420125
-0.00461480117647588
-0.000354368573970764
3.62852168152197e-05
-0.00215004613145477
-0.00348145374951112
-0.00675167031996292
-0.00762944362047979
-0.0113564927431108
-0.0137958763243772
-0.00686525899644018
-0.00109317764437278
-0.00158279790212404
-0.000138847417776794
-0.000708908440823261
-0.00148442155681516
-0.00240674543056706
-0.00177288540308042
