-0.958874174920546
-0.930384184018541
-0.780032224636512
-0.38966415767964
-0.14121253059515
-0.291190531802573
-0.392991578325157
-0.247329583519603
-0.16223159902741
-0.160610272364241
-0.0556019176075548
-0.0476545539104226
-0.0485711140386874
-0.169000603285988
-0.182205605531136
-0.115785778298514
-0.0299583792850981
-0.0583818831991256
-0.0781152536312496
-0.054842467648743
-0.117010095765646
-0.053504644035044
-0.02129304093395
-0.0327815484271352
-0.0358680972335831
-0.0136466592908254
-0.035087122756305
-0.0611636090071527
-0.0509029504204525
0.00425614107514858
-0.0069049268550615
-0.0168050959294631
-0.0120502990218829
0.0160395166241739
-0.0296657175406378
-0.0307311771477694
-0.0186077292338418
-0.00384113550861283
0.00510620340475119
0.00761140099709803
-0.0121521811290456
-0.0342396163222416
0.0034476489053967
0.018134815820703
-0.0365062261652613
-0.0532783032151564
-0.0257956227439308
-0.00709024208228102
0.0136954702919396
-0.0191290366477924
0.0210170134303372
0.00470646620216867
-0.00991959236723905
0.00610982511439397
-0.0111876692328442
-0.03009514325784
0.00128925751330077
0.00905880349805991
0.00321353500985152
-0.00287912490711508
-0.0203713051094566
-0.0208535257895991
-0.00488568649548832
-0.000541150866597695
0.0136477990882512
0.00557616232741656
-0.00193961883342863
-0.00463665338809552
-0.0189640155201621
-0.0268950234072546
-0.0149236998428329
-0.0253462814612005
-0.0373811196776586
-0.0179991453004788
-0.00857632674505853
-0.00173857741570934
0.00377994898442887
-0.00707122249386653
-0.00423498316280493
0.00581896882588132
0.01297461370843
-0.00801220213767698
-0.0138911213208285
-0.00317570038076135
0.0123003331850468
0.00869037349506392
-0.0209716932416336
0.00230678193434238
0.00162927617932445
-0.000413910881535011
-0.00826825072808983
-0.00449642547207148
0.000871142330122461
0.00773401760862713
-0.00136532751285114
-0.0094570320808775
-0.0359703893254622
-0.0239330352496348
0.000515222647146561
-0.000800787145127412
-0.00545014477608659
-0.00269819111334424
-0.00206790694121397
0.00503338633566192
-0.00908557442913975
-0.0162865736385399
-0.0149886020061229
-0.0127744478051165
-0.02341379000461
-0.0119801910274005
0.0149414909462669
-0.000566252534350627
-0.00407688757605452
0.00417120842905011
8.65761043359948e-05
-0.00190068807889358
-0.00625755607516369
-0.00642310753703413
-0.00155179280675131
-0.00444944359331993
-0.00585126366880089
0.00716644331568722
-0.00333585961408511
-0.0071324783877156
-0.0159350163799167
0.000360073891999273
0.000567033211388121
0.00114829769870355
-0.00127922354872786
0.00424044215293414
0.010290391409693
-0.000673030493825447
-0.0265790493470965
-0.0238636492373685
-0.0177982824949307
-0.00838718573505019
-0.00416165191849844
-0.0108765692383043
-0.0113241810256784
-0.0025952904148417
0.00635420438553947
-0.00923752112631701
-0.0102954482729336
-0.0059980753110195
-0.000761228337207548
0.000205752406746691
-0.00336478195425732
0.00147828225751037
-0.00328608095258287
-0.00157212590787885
0.000245118577214548
-0.00144787657051934
-0.00126217633059288
-0.000474616782206985
-0.000592413368615211
-0.00458001934276076
-0.00563070373580146
-0.00371736981476402
-0.00151909446720961
-0.000643123167772926
-0.000110452230052125
-0.000762452424511065
-0.00073269980437603
-0.0036887772852714
-0.00469096807594402
-0.00484510135862231
-0.009824516929018
-0.00804899430091348
-0.0136860442926667
-0.0131558189448647
-0.00242676151624167
-0.00175269282920532
-0.0013687668208914
