-0.991636748793298
-0.930430038235664
-0.522304795806754
-0.193183248996071
-0.290362577892636
-0.353293872691767
-0.136709467702066
-0.0942538594030157
-0.264577092823266
-0.0906637390437253
-0.140802520420937
-0.181093760509498
-0.146084857835962
-0.143984129966824
-0.197961825445459
-0.0890772653458144
-0.0419180713427825
-0.0264164686549839
-0.0608638332340736
-0.1891278892167
-0.145470528306077
-0.0200283291898366
0.00628760698513842
-0.00538865588861748
-0.0285859643173622
-0.160089316396112
-0.159483860145631
-0.094773322747682
-0.0396499935587227
-0.0947036034700692
-0.0679076893525306
-0.00720091446876355
-0.00859908447697682
-0.0289860917441911
0.00076438521449392
-0.00770520614371335
-0.00456252959504251
-0.0176114234152133
-0.0239876788394733
-0.0622341750848808
-0.033389888409632
-0.047489983332623
-0.0286328094625974
-0.0156339339316857
0.0124182878341915
0.000622297223966935
0.00105005163786583
0.00736628381191961
-0.00399439299156401
-0.00454008116827072
-0.00456459033280794
0.0155175579334424
0.0119508697450874
0.0181641645456323
-0.0020363334993271
0.00861954872128861
-0.00824604343960516
0.0121622031677237
0.00112474223966484
0.00388216451532382
-0.0042074300963378
-0.0193478166811267
-0.00668031538353853
0.00551712600382046
0.000547561446975373
-0.00770755427214816
0.0281095429321217
-0.00321198997310128
-0.00841871743693001
-0.0155493230059839
-0.0351167906423842
0.00491246677109373
-0.000875700475944759
0.0283986723270375
0.0160131688623378
0.00522705354590206
0.00113122538491167
-0.00735594610460256
0.00198375200841138
-0.00247926114431783
-0.024389088359628
0.0207076919027578
-0.00118521606416
-0.0352375653749852
0.0289543366895139
-0.00403895215772672
0.00301768438391816
-0.00384882884573252
-0.00089814832303606
0.00714116979964916
0.00918334333124568
0.00904240615994107
-0.00177810963013017
-0.0109823708555387
-0.0106917194995771
-0.0522645980295523
-0.0349917058957484
-0.0357416535035771
-0.0133063751873434
0.0104382354196757
0.0112752843283537
-0.00161850069641416
-0.00346206150855006
-0.00677070170213987
-0.00481402668413958
8.26141762248255e-05
-0.00251364851826264
-9.43337251325446e-05
0.00417128850611287
-0.00303968707740655
0.000476517128872237
-0.0103082859716408
0.00158605826519758
0.0159400186280577
0.00525980143439232
-0.000606065496439409
0.000347323931052047
-0.0144180708228382
-0.00515861244294316
-0.0162439319184244
-0.010745442367311
-0.00448441838696804
-0.0245655211160011
0.0050613200090872
-0.0152170001959406
-0.00175360178476635
-0.0311335329432094
-0.0214243202401382
-0.0105242368788487
0.00622924595691486
-0.00971294821361506
-0.00461286875429252
-0.010262925216973
-0.0105012348464918
0.00131564347189195
-0.00442505915166843
0.000672297055101957
-0.0267842854734342
0.00344635720241538
-0.0127569726620177
0.000177383910965738
0.000957946240341498
-0.0130330307798674
-0.00681247978536766
-0.001399380677784
-0.00284481615784383
0.00268926409819947
0.00496769679052091
0.00638329304118535
0.000436306623913249
-0.00226546949731156
-0.0108491212287651
-0.00824657474748726
-0.00574276566743128
-0.00451229592081841
-0.0066914497046152
-0.000480635787970511
-0.00510082018273653
-0.014293737775789
-0.00244324714619793
-0.00718932138095008
-0.0183233044832215
-0.00625305154654564
-0.00653836684334124
-0.0136107329580582
-0.00371490172297648
-0.00254901589083259
-0.00730364935739118
-0.0045960800556861
-0.00244292242541189
-0.00343783411426053
-0.00443146553585214
-0.00443146553585213
