-0.980084279345728
-0.937398699479454
-0.696498871467302
-0.284772387363514
-0.186084588366061
-0.286064841960223
-0.16659413737649
-0.213294852213734
-0.315495217623079
-0.297294248757064
-0.252503563607238
-0.0842488005906722
0.0204423852704265
-0.0125387178592752
-0.127762120115456
-0.13292542477287
-0.0441801267202637
-0.0461085318107031
-0.0673296055398664
-0.0176347874849022
-0.0435183799528798
-0.00631962007244052
-0.00626691674850251
-0.00752002589759349
-0.0227318637141869
-0.0451073588144688
-0.0496239068897629
-0.056190894762822
-0.0798429830358111
-0.0120228934550331
-0.0279031888391586
0.00559142977457361
0.0099421507493558
0.0041598794068089
-0.0274344236304499
0.00308598181798605
-0.00910901160875073
0.00933491197880706
0.0123940422651904
0.00759680365161291
-0.00660594291719926
-0.00075442135264969
-0.00191890260898052
-0.0281488796987186
-0.0189535860500751
0.0306306364718259
-0.0111318528701671
-0.0661278741494518
-0.0127951338421143
-0.00762364277983251
-0.010884906841161
-0.0132958133021033
-0.0225713329277041
-0.0164108684822865
-0.00196815954895114
0.0324657344102306
0.00872346373416169
0.0121706274344415
0.00311804468996153
0.00745384769311605
0.000445074663232372
0.00309989783840717
0.0223936701431555
0.0108402468283299
-0.010096891554819
-0.00961776553833846
-0.0238243226111566
-0.0130924367245705
-0.0124460693063293
-0.0208790489014114
-0.0026794263469903
-0.0368544049843649
-0.0154427274291851
-0.000978054443338242
0.0260157241491626
0.0266377091430289
0.0162707749458528
0.00861115599063545
0.00672552396457364
-0.00207336390873811
-0.01853530978939
0.00200449865468338
-0.00697295679018508
0.00598964484652705
-0.00290903732464716
-0.00317006310686059
-0.00420503701347469
-0.0279260788126806
-0.0211186684550268
-0.00491155638671089
0.0186539786440244
0.010073714214616
-0.00783700439261524
-0.0220586907596547
-0.0142133262637294
-0.00250562496656469
-0.00269783394008116
-0.00337041594149462
-0.0142099909000964
0.000120357785982987
0.000725665651001288
-0.00115710617794602
-0.00119265025300726
-0.0063165686880608
0.00987254344929739
-0.0050089511314338
0.00161140729678854
-0.00366304360675258
-0.0115702636533893
0.00402230733142151
-0.00750451014719955
-0.0130880678201087
-0.020200334396588
-0.0069967864226761
0.00512670871495652
-9.619730594439e-05
-0.00265054050133327
-0.00108693206887065
0.00283383130903376
0.000250644658618959
-0.000505609732188508
0.00199299401009349
0.00164849077758814
-0.00326964180436943
-0.0365436965227734
-0.0212480805157486
0.0107593816419485
9.39374296244455e-05
0.000240872973923839
-0.00559129866568421
0.0190536732555676
0.000367945129870839
0.00174811303934497
0.00212087261058006
-0.00740081181424848
-0.00708719007198466
0.000933322187923202
-0.000120924685557515
-0.0010092068547195
0.00324152017616724
-0.0152340029560377
-0.00259810172217381
-0.00262439345125663
-0.00135662074474147
-0.000750736232894188
-0.0200591674455589
-0.0161863443447603
-0.00671042380930272
-0.00570385538390811
-5.30984454539292e-05
4.64494759995115e-05
0.00232125757648242
-0.00127697682641192
-0.0158088915586734
-0.00567491779542298
0.00178502157254991
-0.00196994817970834
0.00701656508931387
-0.00416972160818117
-0.00216996300088851
-0.000577950778913235
-0.0138456839618325
-0.0200629498954735
-0.0156771967679917
-0.000356723545844025
-0.000470163381500913
-0.00653303534339211
-0.00670583285589089
-0.00444041514044782
-0.00324026268826205
-0.00272238159692255
-0.00638007270296131
-0.00385618074302582
