-0.969693625664338
-0.95445030814472
-0.923978071276199
-0.703051303707548
-0.306837974416897
-0.11062604875234
-0.144072798673649
-0.157615736828023
-0.0496042920116048
-0.0191162486669239
-0.0480277750461195
-0.165647782916594
-0.105894142701895
-0.0425762669336422
-0.0901253797867428
-0.126871215318052
-0.1437574183786
-0.134141884343754
-0.0697488468541216
0.00376464366002121
-0.0483039723365343
-0.0532176153558379
-0.0630444958119302
-0.0316063350966132
0.00747835140437318
-0.00433906416229422
-0.0342042403217714
-0.0146599352984474
-0.00465141699231642
0.00445371294351401
-0.0524041602716317
-0.016840087872382
-0.0239344742298734
0.0215986031992401
0.0311449986711595
-0.00466592122676605
-0.0144347791368467
-0.0112888142113435
0.00217817051289421
0.0085765288478125
-0.022902302102183
-0.00667818215595016
0.0135417008764638
0.00145488729548359
-0.00939056708785575
-0.00189289893191241
0.026667810021532
0.00677023628743122
-0.00579003577338101
0.026009819654688
0.0269064266595349
0.0111201566463146
0.0366736085790253
0.00487894125001487
-0.031252427188674
-0.0306485167515235
-0.00431556469915816
0.00182479161439134
0.00203622405981919
-0.00458621670204701
-0.032795412705836
-0.0127912166677541
-0.00457747393891922
0.00266915945803328
0.00208714574532403
-0.00790017162997634
-0.00139130757993561
0.00399215125446119
0.00137566301106233
0.000620233827062952
-0.00731640366982355
-0.00504161838581896
-0.00636567704897644
0.00109132125171728
0.0043548282597026
-0.0117224599650442
-0.00900535145425778
0.00116302407097285
-0.00069011863766875
0.0222021340108
-0.00157352626212322
-0.00436829269296377
-0.000807672337660457
-0.00251712968066454
-0.00369604334572502
-0.00431994813374346
-0.0190311616539864
-0.0109375909212853
0.00770036109550356
-0.00264357722747234
0.00360462951262742
0.00723275149685979
-0.00220813051240397
-0.00575100208852657
-0.0519078720917132
-0.0201251680615059
-0.00449537201430373
-0.0251994855756101
0.00548502066198541
-0.055172942664139
-0.0173917067003512
-0.00332417842801892
-0.000399960032127825
-0.0191673870350473
-0.0208662120323619
0.000132770599534189
0.00448041459766797
-0.00152139596276128
0.00226041061211735
-0.00343915811892923
-0.00675482213888926
-0.00507185846598781
-0.0106422458263155
0.00584177753152038
-0.00536171510284645
0.000521062311145973
-0.00674754869057988
-0.000796257617745086
-0.00322451298885156
0.0013639921871417
-0.000531818126922317
-0.00232193193588393
0.00918361661635614
0.00768772471156455
0.000115017899048634
0.00387285941155562
-0.00699675247732369
-0.00988305957133543
-0.00656186149957309
-0.00187962385939762
-0.00365036687908933
-0.00377380649094383
-0.00506830271985651
0.00276210857186275
-0.0128064045146684
-0.00984126036614823
0.00149746355412852
0.00556947924054856
0.000678994650808233
-0.00338220718669715
-0.000463161707072126
-0.0015917767214709
0.0046807766628117
-0.00260511213838411
0.00376444861049315
-0.00725502072315397
-0.00448156537178322
8.77396716430954e-05
-0.00200856163768731
-0.00131213045232094
-0.000392560647193995
-0.000897359985267153
-0.00208172201882369
0.00161882256442587
0.00131229490889443
-0.00171902197554148
-0.00517519339548679
-0.00553385868129709
-0.00202279920897283
0.0006196067491202
-0.000867804941611075
-0.00272761624705332
-0.000515803270108344
-0.00114066108477405
-0.00198210766209797
-0.00567665404296613
-0.00886875279001704
-0.005442693715052
-0.00126573432452795
-0.00608163202691218
-0.0064322962036093
-0.0105687386677266
-0.00900189113707345
