-0.988602732869795
-0.885250399047173
-0.49109874670321
-0.272229460869857
-0.624651387306108
-0.606306747684724
-0.31791216523501
-0.151066694611176
-0.278533592087603
-0.190044284137538
-0.097816489770137
-0.10590007218215
-0.0898599223429271
-0.13509794422692
0.0112505769855498
-0.0124380754184207
-0.015609306122778
-0.0199014541201874
-0.0207373038449701
-0.0233402457081604
-0.0117430064390065
-0.0101854612740796
-0.00325060751331913
-0.0106147398726353
-0.00207232989644604
0.00883221252190435
-0.0103647666087593
-0.00189287662054645
0.0277238901563247
0.0037932769062845
-0.0552198214348223
0.0119499786256132
0.0032352018548599
-0.0388025510729695
0.00466837010176359
-0.00285711859496271
0.000166772113862406
-0.0201765178257378
0.00469540164029865
-0.00852944153953504
0.00489706786935332
-0.00982158519327208
0.00943558628115727
0.00486716181966583
-0.00654330902401287
-0.00616298436997832
0.0105987462895114
-0.0215696721206496
-0.00655024115428795
0.00155821863066827
-0.00692625863167605
-0.00450679949786118
-0.0258393945364392
0.0354460247980022
0.0199172747070708
-0.0172127506211156
-0.0237188604049192
0.00956792120099136
-0.027377766898489
-0.000793298960170711
0.00898665963437637
-0.0137161178253509
0.0133348781056702
-0.000216700835597273
0.00607503217578545
0.0109898959428592
-0.00755328427146716
0.00980209617907915
0.00455874783925616
-0.00201581470201571
-0.0139418429661524
-0.0228463519540142
0.000869297692281596
-0.0100471450301928
-0.010106140509477
-0.025230647395699
-0.0194570083691183
-0.0107636511100181
-0.00841076536022272
-0.0120710684809146
0.00366661022118629
-0.0176577290403066
8.70130085314953e-06
-0.00047430611980924
-0.00161135479648545
-0.0261272278345837
-0.0139408513636832
-0.00409466605385054
-0.0198645923584069
-0.00948333280845012
-0.000497349603481606
-0.0383931553052027
-0.00429783600216396
0.00214664165238815
-0.00622652665960812
-0.00831402552168681
-0.00187016008220069
-0.0240838787266905
-0.00318587389586109
-0.0107421456775592
-0.0240236301807246
-0.0083494393671252
-0.00535149801737957
-0.00943552480697784
-0.0151693391428379
0.000360531018796061
0.000207919892373139
-0.00370049732028507
-0.00742932364994874
0.00570606355319463
-0.0113589353393466
-0.00465330639574508
-0.00896413561900236
-0.00341210881049183
0.00515618937790611
-0.00139214321555688
-0.0220457738398917
-0.0334582418882922
-0.0200778757224128
-0.00218606457104187
-0.000766252518483581
-0.00794121257205887
-0.00245067983154727
-0.0111443973638914
0.000774988439442563
0.00106696954976409
-0.0006530636895514
0.00207963809171286
-0.0039425733029471
-0.0138577247686658
-0.00787820337514514
-0.00656301134275531
-0.0138120400366556
-0.00962787415798124
-0.00550871780333297
-0.0104140559784891
-0.00653562701417707
-0.00547281694877316
-0.00236853970361346
-0.00439671049270327
-0.0102170964647708
-0.00645948092927316
-0.0128856838521353
-0.0125539158523043
-0.00251547738523075
-0.00207875259972412
-0.00522304292543618
-0.00433780938827739
