-0.984255702666936
-0.978112069113043
-0.870665467654698
-0.645018906895871
-0.387791771786373
-0.320465062067025
-0.429226683535822
-0.342739989358375
-0.382466984393937
-0.406239346761548
-0.197067686202727
-0.0824620467310164
-0.16497012937974
-0.118358542509147
-0.223005233619464
-0.106782635678493
0.00319014687107607
0.0276952522269305
0.0149500835064948
-0.00530311205142419
-0.0574501226049327
-0.0348549345673303
-0.0232868139423251
-0.0405002000243386
-0.0153722418378651
-0.00634042349155095
-0.0181332768307929
0.00285141292564412
-0.0241507000454554
-0.0192673353590872
-0.028425386064504
0.00217029030772664
-0.053727348724822
-0.0156173394854801
-0.0202661128396603
-0.0373859814721636
-0.0304985091407279
-0.00895337191665602
-0.00937248551361956
-0.0356052824247719
-0.0402172553534373
-0.0372867738235058
0.022536126820628
0.0366636991664928
-0.00407073256262988
-0.0148719257079386
0.00383173652655141
0.000488034761549491
0.00252066459233743
0.0236549097170873
0.0157149887861399
0.0330017586675483
0.0265716446473062
-0.0274429646618347
0.00148121554356474
-0.0211963280820225
0.0091285900446296
-0.0127360290063118
-0.0453941284205075
-0.00206533297804726
0.0198458182235807
-0.0114315259985708
-0.0111676112178329
-0.0288821231694511
0.00260481235610872
-0.0229636047938195
-0.0293084949784986
-0.0138128007526472
-0.00513515566198831
-0.00305002237168792
0.00957456835280321
-0.0104227912324279
-0.0613091971605569
-0.0214385560277348
-0.0168072122886884
-0.00249657129660486
-0.0140960878510019
-0.0295802668225159
0.00839635199075037
-0.00800405767186986
-0.00736272770685117
0.000130171730235426
0.00343795908870554
0.0186109247170758
0.00643411118610215
0.00118990602601236
-0.00946966516079413
0.0102211623532216
-0.00343269987937801
-0.00621411042901401
-9.92517193687226e-05
-0.015335819871244
-0.00323763333133991
-0.000125393259744995
-0.0257140694870666
-0.00305851948251568
-0.0124668720791554
-0.0112141570176064
-0.000534553317866126
0.00326597971460482
-0.0019058897625064
-0.0157246540845152
-0.0145696598276729
-0.00873939829505511
-0.0106121650236673
0.00103589458585655
-0.000454433209159912
-0.000401553542252812
-0.00568415028246395
-0.0128961824129717
-0.00377391312226231
-0.00133135018380247
0.00109573279703707
-0.00538127384317907
-0.00519317184874745
-0.00253852015926012
-0.0074784120345586
-0.0121102197802162
-0.010792549761715
-0.00124277954463089
-0.0178565350965014
-0.0187562112959062
-0.00654190847406608
-0.0140957641683218
-0.00452578610661034
-0.019535269684708
0.00229460146155706
-0.00133408798405817
-0.0051824691089763
-0.000416471133200918
-0.000693574749665867
0.00238776776254546
-0.00620874361378665
-0.0107149711482116
-0.00412136702950754
-0.0153364717564193
-0.00558949022533407
-0.00491426990803851
-0.00311401914750533
-0.00489475202299993
-0.0066213973404696
-0.00399992769823982
-0.0082376306953817
-0.00133893046472741
-0.0031686620203732
-0.00748965609553375
-0.00238144425703335
-0.00079316852469768
