-0.993378419852118
-0.939405506118101
-0.582710291720053
-0.382486716539078
-0.200928031343402
-0.34448471319176
-0.412847022841837
-0.342652045759683
-0.0467061911996571
-0.0191271743112549
-0.0282785295230236
-0.133804720795878
-0.0967519037157054
-0.0285285014072429
-0.0454991142910102
-0.0574509386187151
-0.0325246175676846
-0.0554533991546713
-0.0609396331099437
-0.0527244258543159
-0.0172014494582928
-0.00926468415413192
-0.0364459222299561
-0.0486427659426878
-0.125492915342225
-0.0106126629663807
0.0241336423407856
-0.0321801910270758
0.024689238697937
-0.0188577817306159
0.0342242164978423
-0.00872458605214379
-0.00820606917187896
0.00806181999528615
0.0280648871732555
-0.0219307833482324
0.00477360012778883
-0.0103015009069943
0.00245911296279852
-0.0301420314264899
-0.00671206912566354
-0.00187728972914112
0.00157349769060746
0.0126624841127776
0.0144160498299404
-0.0194737851081512
0.0113620391723333
-0.0201592643922167
-0.00831370936203053
-0.0168440976618001
0.00810640061198076
-0.00188170943823706
-6.53389140658554e-05
-0.00446662979874776
0.00413416068668368
-0.00423230491190158
0.00630233084558991
0.0163697838740637
-0.00054701889364922
-0.00149231475421636
-0.0302945296597851
-0.0201687398620975
-0.0672041028768948
0.00549342773310912
0.0357924886491906
0.0148566357405155
-0.00713872237661243
0.00597305938808911
-0.0191347778834506
0.0124195901670194
-0.00322059202769041
0.0101386447999581
-0.000881663135829403
0.00803680900649351
-0.0242650985662881
-0.00758148357567463
0.00772854226464419
0.0163372769485498
0.000847314208843744
-0.0254549198734774
-0.012351069432444
-0.00317831873173788
-0.0165531128399771
-0.000815761672664671
-0.0102194079685465
0.00826411981314721
0.00826192715325268
-0.00587326240788546
0.00458588152492091
0.00954470299527559
0.000390164769161077
-0.00355142618192139
-0.00488295598470306
-0.000567888692300492
-0.000697518555244563
-0.00120186364401616
-0.00630085263467132
-0.00284866615367548
-0.00264005920926758
-0.00466391088856033
-0.0118044448103208
-0.00855703241509949
-0.0352734935484186
-0.0193505358361365
-0.00600105797407039
-8.21348242796734e-05
-0.0107286436891592
-0.000321791718057659
0.00251704561231366
0.000298812612499407
-0.00177618542851475
-0.0132570564014891
-0.0284170101400881
-0.000222422073900609
-0.00473738957054122
0.00105424776370506
-0.00456785662554501
0.00570425593420391
0.0010385087713876
0.00112428529203691
-0.00348948660752319
-0.017202196018437
-0.00104976601984916
-0.0172389679992628
-0.00110502346416003
0.00224381313438029
-0.00922102092898696
-0.0112762236488226
-0.0138125164931393
0.00072238529274895
0.000980498702815148
-0.00194915605928949
-0.015074587666254
-0.00938315602400989
-0.0293795789434533
-0.0101640730213487
-0.0102732941857358
-0.0163391077342938
-0.00825256779103972
-0.0063078819940325
-0.00428431345613611
0.000302600550629874
-0.00267170261630626
-0.00962565349388275
-0.0048093337637176
-0.00104143752217412
-0.00275187636700341
-0.000584556330099035
