-0.962798204271962
-0.946601930112555
-0.527707946689697
-0.205395988923192
-0.344854936572648
-0.494224393920167
-0.286667942842788
-0.0770770928894422
-0.152431014717788
-0.116337893996792
-0.13786745106354
-0.183423582462796
-0.141230498074856
-0.0507210793044832
-0.00114009232950054
0.00784320452718223
-0.0166802444874904
-0.0689895837076499
-0.010945594425873
-0.0140165783719691
-0.0469280201707232
-0.0891568187424542
-0.0645023735578761
-0.0318349428125163
-0.0185829170108292
0.00368959171232125
-0.00652342205828513
-0.0375477839535813
-0.098936555532033
-0.0487184047897856
-0.0496241202698327
-0.0823424003126753
-0.00519724152366589
-0.00421661134040412
-0.0127384378175489
0.00437536898819596
-0.0133993886307329
-0.0517951916596619
-0.0426863693394206
-0.0400068714899755
0.00479397255140157
-0.022918720642691
-0.0046673244683946
0.00256256095303313
-0.0314209131625982
0.00748008182282081
-0.000675666072030803
-0.00809122386913487
-0.0102921638805807
0.00141234569496441
-0.0748461601910009
-0.023557126888867
-0.0124818272170997
0.000821312614248898
-0.0142784616333862
0.0392633453925067
-0.0426991360782867
-0.0248217153997888
-0.0265580434274244
-0.0183872868137132
-0.0205017883887378
-0.0101814842809464
0.0014048293468949
-0.00330768994132566
-0.00595838452018064
-0.0193185021003886
-0.0132735595436958
0.00371111989360502
-0.00240280709414307
-0.0183828865780093
-0.012578402530673
-0.0210524021407654
-0.00827512569785164
-0.0118077194156567
-0.0159247008958842
-0.00771315469699505
0.00310687710458917
-0.0326023277528984
0.00472812379519471
-0.00438225595591956
0.00307001726066087
-0.0211710195736149
-0.0172163060518413
0.00959605152803239
0.0381196240119407
0.0150424401761516
-0.00326809775695496
-0.000832541942068424
0.00547662388029777
0.00301052880615867
-0.000852890092828595
-0.0051477566849157
-0.002455802737346
-0.00364284394877676
0.0197268068389925
0.00148168889118887
0.00073803456207547
0.00174676945468568
-0.00397950259982664
0.0162558789435374
-0.00166736594765219
-0.0085608254593763
-0.0313896409368869
-0.00922124614243529
-0.0122359890369022
0.0117379831823838
0.00133274914807783
-0.0117372296558225
0.000395407025942368
0.00196957032979351
-0.00697261977714088
-0.00140322885711872
-0.00447960963376387
-0.00145036744477205
0.00123895384145627
-0.00569749605400157
-0.0169948217592255
0.00688615145028263
-0.0149978014479742
-0.000288587744000129
0.00680548741066008
-0.00687232748913114
0.00302918993081932
0.00179906884309463
-0.00255230758052617
-0.000990548344230016
0.0013042755484753
-0.00183442246932912
-0.00513716571540763
-0.0137174251084064
-0.00219843541628627
-0.00451821061085521
-0.00600839906635154
-0.00189455941332053
-0.00460403780123691
-0.00661913857851855
-0.00078756354752627
-0.00453547268867091
-0.000232974848154897
-9.97399056813352e-06
0.000139424660861391
-0.00104658240897158
-0.00119945065485989
-0.00744666139728614
-0.00508661273528581
-3.6690578950068e-05
-0.000424629316300832
-0.00358342913083487
