-0.986447363268637
-0.950896016354566
-0.755079595743196
-0.519313457377127
-0.300212510930168
-0.0475224040914285
-0.0212024677037414
-0.089706124197005
-0.119497718699806
-0.049865640485147
-0.118743817207404
0.0506958415217951
-0.0287640213113156
0.0289331132104351
0.0145917695478865
0.0136334316482999
-0.0401366023859884
-0.116754485912519
-0.0323141900802166
0.00785922180440446
-0.035237059998774
-0.0189822871924245
-0.0120769207435005
-0.0193278226674058
-0.0788292420896542
-0.0429987049695118
-0.0229586571094979
-0.00750589979126121
0.00665211619345559
0.0106191270504083
-0.0178286438609564
0.041428103570345
0.0535958988872836
0.0147682773545885
-0.00728561140161667
0.00975212449284018
-0.0226473512746417
0.012550817887616
-0.00362684028035963
-0.0299925556477871
0.00156797757860186
-0.0286652171210481
0.0599629042996398
0.0147473263450438
0.0134045759348727
-0.0100578332563099
-0.00638109566991518
0.00467469587888878
-0.0484268015633525
0.00189980427016898
-0.00812874289023465
-0.0272321947564576
0.000251321023835585
0.000195857924681711
-0.0181553866523155
0.0182453810909509
-0.0564045590395331
0.0654499386496383
0.0351494638435469
-0.019968936625601
0.00145721072927976
-0.0754395804008872
-0.00736820429384754
-0.023110317299052
0.0340338014088247
-0.00269266060594876
-0.0258951678351234
0.0126967917134686
-0.035854724321933
-0.0342320915995855
0.0455408289238007
-0.018496311458133
-0.0227520280385851
-0.0353984790216715
0.0350753847717692
-0.00520530003212901
0.00907838620341936
0.00517718460083003
0.0252309883391158
-0.0208193736848356
0.0188661581091046
-0.0129626526137383
0.025754071115931
0.021596955380618
0.00376849330710367
0.0222122590876626
0.0139698619630186
-0.0413812213777206
-0.0235180809233245
0.0208225358858077
-0.00252533705391234
0.0711171712705923
-0.0249554160068958
-0.0179276585116543
-0.0118503743113557
-0.0182111544710057
-0.000530862750545322
0.0426493882519187
0.0212334105648481
-0.0164232998823094
0.0214202049802211
-0.0230383459540638
-0.0175134296187077
-0.000151095104452464
0.00660113056849709
0.00268694716145689
-0.00453257103538912
0.0181589473886857
-0.00462670633224595
-0.000650434731761938
-0.0109009761660967
-0.0113283692064372
-0.0208769613314847
-0.00914867163861682
0.00544400708732209
-0.0108967625829076
-0.00860939638812743
0.0257674755934065
0.0194595145400013
0.0262830119224491
-0.00806552765365685
-0.000920565467127299
0.0225374892616103
-0.0111254271886755
0.00937888225797372
-0.0210937199221079
0.0777125906609566
0.014604553394232
0.0152463708476672
0.0349237658669724
-0.0164540592559462
0.0184387410443161
-0.00435636734985852
-0.0142497931890116
0.0170672885005765
5.19643215041443e-05
-0.0269077605830026
-0.0505528712372572
0.00649507667273278
0.000272309661116506
0.0088723294158646
0.00730806664907624
0.00274542828006867
-0.0264767986677841
0.000721243583082358
0.00829376098844518
0.0107222399712314
-0.00400844712409854
-0.00173516626068646
0.00803227725381978
-0.0359656000510102
-0.00119516760240747
0.00447537664834056
-0.00721832836368342
-0.0226547069048236
-0.0209409793251867
-0.0185551867708424
0.0105645368518584
0.00436024307204988
0.00930351228179122
-0.00948447673351887
-0.00938181968383386
0.015066304740651
0.0115015258348264
-0.00764666612477475
0.0015632188798141
0.0160726245710541
0.0101341498077957
-0.00197587658297277
-0.0041431547286727
-0.0057238035048494
0.00541179457376276
0.00467866191157316
-0.00132088168154218
-0.00106870502253199
0.00466907677501975
-0.00204270829454358
-0.0052809926998437
0.00794879484884684
0.00244766824677754
0.000255761518197541
-0.0158972348258195
-0.00180595517849678
0.0154203722270574
0.00231866377680854
-0.00906251402497784
-0.00688062037625856
-0.0197696353950777
0.00386811684068501
-0.00126438569637375
-0.017982982791605
-0.00494773650305923
0.00397103761186293
-0.0375911029641415
0.0158897924012335
-0.0189441547215167
0.000531161533371145
-0.00974320293604832
0.0147170006726525
-0.0215707532060683
0.00494228471827471
-0.0286826493498938
0.000715827993923445
0.00299319924134871
0.000297541631495073
-0.00362095586754542
0.0134223169517131
-0.0011147550550781
0.0105491554559762
-0.00260559523799735
0.00491554103014719
0.00310753779751402
-0.000365062713055461
0.00326102207684628
0.0201576914677287
0.000789651673289228
0.00313846711157537
-0.00177329401378399
0.00825485883970081
0.00407063065983086
0.0417296484532009
-0.00115189879174753
-0.0249359646974288
0.00175151982902393
0.0490872643233321
-0.015856944002958
0.00686078168148491
-0.00573135477611273
-0.00659408951541525
0.0113864066913161
-0.00866165757198523
-1.9466990280213e-05
0.0162649269064233
0.00507793096667253
0.00260300611066394
-0.0023588394878648
0.00537752980563628
-0.0283412657477211
-0.00570018397128362
-0.00860783249286673
-0.00776246996166484
-0.00318309629380188
-0.0062820139667149
0.000958553092647411
0.0114234659821464
0.00316094696049887
-0.0179529838671004
-0.000338216364928386
-0.00166713159376406
0.000689855589876701
-0.0231123766042885
-0.00723760424944786
-0.0156623362062413
-0.00149921987050829
0.00587952566324592
-0.00484778228729692
0.000648186564341053
0.00599778062641542
0.0112448026889118
-0.00377399818404097
-0.007470442368594
0.0179212764328815
0.0130895874195853
-0.00353991255992971
0.029986018465388
0.0130260390704326
0.00545355093172102
-0.00680124647080289
0.0129337847461191
0.00615831483795173
0.00366374776583948
0.00461619510577349
-0.00929320225078584
-0.000986306818440219
-0.00474397546354546
-0.00231889996689149
0.00122202155616836
-0.00876858494803877
-0.00715360493288131
-0.000602424895625789
0.000327547608753111
0.00149485176925181
-0.0125834896235829
0.00907199441742946
-0.00273126774880427
-0.00545920026005669
-0.00494835279688915
0.0166348010950563
0.00143650128859648
0.00791856865781642
0.0351659645461094
0.00448207743437617
0.00663221366726621
0.000923261984865125
0.000599474887240244
-0.00166339818769315
-0.00238085168584723
-0.00932932770537282
-0.00450694957998868
0.0104289691676126
0.00065977488955537
0.00395327271595682
0.00386144766932564
0.00287553408495715
-0.0290591681139099
-0.00252240671190023
-0.00385215640365348
-0.000268913423389744
0.00791947043155399
-0.00782841891816715
-0.000965833513858642
-0.00212460909598925
-0.00495799055838787
0.0173447829276851
0.00202257689059448
-0.00141158303587154
0.00745373348294576
0.000917081272097298
-0.00269934860899707
-0.00818807924005324
-0.0226994124824353
-0.00715632258600537
0.0267212241186923
0.0162124426091749
-0.0105372973886818
0.00116609408399836
-0.00747011409630703
-0.00632524256626844
0.00905826640855514
0.0114372529829013
0.0158200860190897
0.00171501001208741
-0.00556038571841651
-0.0041690655607168
0.00262084015705785
0.0167109447545055
0.00852041384704876
-0.00214771901466344
-0.0297609760623232
-0.0085152148465977
0.00405647116835462
-0.00016042943318933
0.000660411276107419
1.97554157961215e-05
0.000912976645691776
0.00910067781401423
0.0129288548881976
-0.0215404358295679
0.000330006680245413
-0.000929353184993038
0.00435943245968428
0.000206922200079401
0.00226624357086285
-0.00240715878778425
0.014271367326567
-0.00517327272181228
-0.00390894908467695
0.00394636139810678
0.00432277702061743
0.00373709406312238
-0.00459259138955155
-0.00149488333920921
-8.32199808539494e-05
-0.00783760763234374
0.000702447317841788
-0.00193668261922005
-0.00221435851772288
-0.00193715497848905
-0.00250048128407122
0.00038994855836602
-0.00608035796573954
-0.00186161620703557
0.00271984786258701
-0.003789774189664
0.00375914371635796
0.00315812207134554
0.00406042960771116
-0.00831081657312696
0.00288887370894938
-0.00082389643275138
0.000532243086745432
-0.000705569986633503
0.00404067688327175
-0.0100125900751039
-0.00368455907179607
-0.00342557661292775
-0.00353629177338831
0.00784093702678284
0.00126257919768957
-0.000122272036625866
-0.00395287927783658
-0.00354660258105131
0.00041119079259937
0.00415397434488307
-0.00539511722119355
0.00537326753248516
0.00330880064133068
0.00109006725181559
0.00249447786056515
-0.00662717528751387
-0.0012572467785911
0.00205445296536762
-0.00170466210086255
-0.00158851626803066
0.000994085175315315
0.000187272449556362
0.00375248894662306
2.70180940175431e-06
0.00459739418674712
-0.0028247356371823
-0.0080023334956439
0.00179918237348283
-0.00339532966049188
0.00343352197556005
-0.00314266162141701
-0.0010719243033093
-0.00516020547212653
-0.00226052962978848
0.00662612929556763
-0.000850947402949681
-0.0013240174507419
0.00124057496602151
0.00340360553855619
-0.00544373784586235
0.000201656946386673
-0.00500403466888807
0.00142488254985128
-0.00497023040891319
3.7268593421056e-05
-0.00154534829151646
0.00156132288577724
-0.00706470337746608
-0.00124811186713694
-0.00117386996468022
0.000618951900316962
0.0018411639602352
-0.00513434347530936
-0.000313117449886165
0.00545720692397576
-0.00122430770166625
-0.000707619212825558
0.000453269637927856
-0.000298921393443677
-0.000134845724663719
-0.00900254703572919
0.00210906460033306
-0.0027171591729152
-0.00893366758928383
-0.00298387777702614
-0.00363948679991963
0.00349228997667884
0.00111941005574467
-0.00461112280250044
-0.0003270977010435
-0.00233835087827274
-0.00093559291549481
-0.000190671848276707
-0.00111956501169399
0.000148393103641203
-0.00437101174806203
-0.00113948669763827
-0.00149018076963952
-0.00245277378039226
-0.00294738880891524
-0.00205072259018076
-0.00381829219051057
-0.00432002336544908
0.00290412394658301
-0.00116578990576073
-0.00505678979795933
-0.000150295600032974
0.000146010300303757
0.00273550983896397
-1.10749551548281e-05
-8.2331477330453e-05
0.00225758219491099
-0.00309999250316617
-0.00499692604397734
-0.00585388630657669
-0.00565120739060007
0.00105835122017057
0.000650395531096967
-0.00171272149674726
0.00226700663549486
-0.000152944233772031
-0.000403418307176254
-0.000882114617865985
0.000649280369636439
-0.00134145772972187
0.00102633281843918
-5.51306803912008e-05
-0.000382795358476467
-0.000413301882925144
-0.000111550007497253
6.83576896006981e-05
-0.000966259117892846
-0.00150425678276049
-0.000204060161921427
-0.000338213213909878
-0.000391014018274401
9.24913819378294e-05
0.000270508419852728
-0.000523283940760203
-0.00135325960164996
-0.000319885833128372
-0.000459448381753507
-0.000379425028016675
-0.000667364589399788
-0.00096295355039554
-0.000538646471632468
-1.3550989824443e-05
-0.000199191962538655
-7.46901902232577e-05
