-0.953241496769833
-0.962552410522294
-0.419084057053414
-0.183734502238657
-0.272038608470678
-0.0118281007431269
-0.000437837549475784
-0.0588877275769459
0.00173044894070053
0.00587073422714802
-0.0467425492493592
-0.0405027445568825
-0.040234098383797
0.0018056911222078
-0.0224828105288302
-0.047452636545515
-0.0204835157730314
0.00383216178547944
-0.00641696683642321
0.00292920635755944
0.0115295794300699
0.00333984200479033
0.00297951181772848
-0.102436421924831
-0.00216363070470476
0.00231070050629712
0.00188983458628768
-0.0136810686509539
-0.00699495804303155
0.00278319571745827
-0.00593752939810401
-0.0103990860108264
0.000938511665005397
0.00649086858584597
-0.00281887661997976
-0.000564463258266
-0.0157221540190943
-0.0316906496926775
-0.00352776886807747
-0.0236788638744525
0.0169531805081584
0.00763430200346475
-0.00937186568214619
-0.00993144560524821
0.00327366301499911
-0.0167406445054354
-0.0280116692884964
-0.0253577578003
-0.0118377800044105
0.0143342757494121
-0.00215964307154554
0.0110394321987251
0.00954271391473924
0.00703679267600909
-0.0257402470552136
0.0029676222967954
-0.00437851588588184
-0.000779108239098667
-0.00880635392099978
-0.00437446911939852
-0.00404269281061205
-0.0043821657623874
-0.0534465556469939
0.00426216773054767
-0.0132447659721994
-0.0170862331400195
-0.00143206533227028
-0.0131743256682373
0.00789220405178599
-0.0151187786439851
-0.00289069885868463
-0.00629883838917714
0.00229305586937902
-0.00461857174781927
-0.00360465876137377
-0.00809786384094851
-0.00376140780796307
0.00402270846022118
-0.0155478660809281
-0.00641645386043128
-0.00342816438816875
0.000647215864260507
0.00372870259628156
-0.0058192254616686
-0.00645459431413884
-0.00577539536774123
-0.0014866134956634
-0.00932271905281087
0.00277652077601177
0.00111631841704427
-0.000713853738565721
-0.00705563441005251
-0.00568676686585388
-0.00307462237377916
-0.0104958103962886
-0.0138087958989976
-0.02286230520681
-0.00818363695018353
-0.00500726294856674
-0.00563967625148241
-0.00276606737425873
-0.0026098645677397
-0.000161946053055336
-0.0309577459075776
-0.0168895274716521
-0.00176376238024167
-0.00368131704325644
-0.0133897104736286
-0.0239243788724401
-0.00493584858463131
-0.00321175126252343
-0.00234360071206899
-0.00368416814835278
-0.00708028236206516
-0.00222892109750803
