-0.996134275702464
-0.913596814929818
-0.299770004803594
-0.185462571445416
-0.289584968784085
-0.0512383744512335
-0.019472397665209
-0.0240291780509714
0.0407238263858881
-0.0638584276673157
-0.0660142491000896
-0.10597740975372
-0.0887400268607841
-0.0650474567584569
-0.0230457825432082
-0.0407908401118246
-0.0361730822364273
-0.0148521759861031
-0.0229807834492287
-0.00181831390108345
-0.00450533356180398
-0.0118269908286837
0.00101505680029201
-0.00447616893374375
0.00641946946712418
-0.00798635697984035
-0.0123466676692254
-0.0255576631234472
-0.00155314363857763
0.026567632557203
-0.00695635867386298
0.00607482934019156
-0.0259487082085314
0.0129005985498033
-0.0118180748865434
0.00636491650053216
0.00373729645354577
0.00102613991968895
-0.00869171541461627
-0.014684655434499
0.000945006964454362
0.00458321657032833
-0.00644727692797123
0.00569536154107209
-0.0115021373577817
0.00463749011225802
-0.00356552140272534
0.0251458057097983
-0.000341909426094108
0.00401505785109103
-0.00549652220661942
0.0250269329574927
0.0022945103412651
-0.00453015086648049
0.00864670734902898
0.00821021978796897
0.00142772919197208
-0.000221219404252801
0.0123294282140071
-0.00227009485731738
-0.000231653773295936
-0.0114380289788674
-0.0211276998381108
-0.0190901386861155
0.00390628747804273
-0.0203985640039382
-0.0333582857029743
-0.00620268145935651
-0.00576069229562485
0.00123911104063623
-0.0392308623659514
-0.0180106810071077
-0.0143842126029489
0.00106446945367702
0.00622073949859083
0.00451795899637467
0.00118944726991504
0.00244230200863428
-0.0152067551936597
-0.00117557118816402
-0.00223446919420578
0.00536152303213927
0.0034288598556059
-0.00031649915807903
-0.00194171175557568
-0.00487193763611457
-0.00160537259590024
-0.00762394815264151
-0.00171401742903076
0.00333936840990945
-0.00300633096367453
-0.00386354064274436
-0.000764842616039531
-0.00529594356655816
-0.00599295536223015
0.00140613108840528
-0.0013133439669023
-0.0269673043535901
-0.0102276048323319
-0.00565085192986709
-0.00813108201164561
-0.0122598221867711
-0.0120112810704111
-0.00210735903942499
-0.00654584092661721
-0.0017354059141118
-0.0267066682741534
-0.0093210258808107
-0.00513678523692098
-0.0197469297133701
-0.0289036422832632
-0.0159949923526618
-0.019188614815799
-0.0167831206682739
-0.013760871593769
