-0.972508600636857
-0.962804726335556
-0.706984585336895
-0.407666347618313
-0.320612286930334
-0.230857999004982
-0.176633997934501
-0.206311831010864
-0.252449314340987
-0.210479762672705
-0.0180782089595231
-0.139518316669003
-0.143782547319792
-0.147255797067937
-0.21198219456886
-0.0649418128920252
-0.0140339194360789
-0.0751282492865561
-0.0242402736928556
-0.0254696713851798
-0.0281172286916008
0.00298661601376665
-0.00986885851489181
-0.0562658450725157
-0.043187551559852
-0.0253470489081184
-0.0244222262411983
0.00627748752856443
-0.0383191182492985
-0.0592286931585981
-0.0258551105882726
-0.0369554127279426
-0.0411911178773862
0.000447621153510432
-0.0267307264406262
-0.0341416260306936
-0.0697526035142207
-0.00413919521096958
0.00383527264080055
-0.0177128985069893
0.000685055225666614
0.0174038346610321
0.00523760978124911
-0.0368906301218517
0.00555210218084271
0.00706646582443735
-0.0268708164614478
0.00721537667555493
0.0218375384307923
0.0227337358047744
0.0286952599052004
0.0324198037755313
-0.0021852317684882
-0.0244927036051494
0.000291566990181349
-0.0150900168601783
-0.00375239399107326
-0.0084319399018407
-0.00326224725581402
0.0024717942369124
-0.00536339222194616
0.00261386793970815
-0.0108807615651722
-0.00239836022992126
-0.0116590107772168
-0.0518745582447714
-0.0018900739963344
0.00965145759871004
-0.000633515681188202
-0.00442388046970235
0.0011395654484419
-0.0196381965832825
0.00646360673052218
0.00211737893277736
-0.0353479812777804
0.0186468768203865
0.00466641014456128
-0.0124664940954608
-0.0060817749920759
-0.00558620667673342
0.000901189181133411
0.00672541928615889
0.001482378583061
0.000429361854141117
-0.00153816098229537
-0.00666586858948702
-0.0158136312527602
-0.00195319276869927
-0.000515540388017455
-0.00509393207567241
0.0106399816855293
0.0128422823934957
-0.00313758609648689
-0.00389038079516019
0.00778948818822727
0.00963908082438246
-0.00153936651407134
-0.00394278244587826
0.00766411525425222
-0.0165023836277682
-0.0119565421169839
-0.00226040412511173
-0.00136133861428171
0.000631450466747877
-0.000841003367614143
-0.00624576814777488
-0.00825140957414911
-0.00183318363551835
0.00124832450184087
-0.00408824031355783
-0.0137203154257048
-0.000808803371304639
-0.00951415045648069
-0.00231474540767832
-0.000945984784074631
-0.00545119800544307
-0.0103521375359563
-0.00748106958042096
-6.90404305972884e-05
-0.00392307703578823
-0.016079612701527
-0.0085811902822307
-0.00944339504302967
0.000670664521693388
-0.00124142751327054
-0.000696816236676376
-0.00176958470029302
0.000155740149001972
-0.000278312602787269
3.116755451088e-06
-0.00404439218781603
-0.00244998796477397
