-0.966243947869677
-0.773714848429383
-0.711106267233098
-0.582069277984014
-0.320454607548308
-0.138959835108453
-0.14320956440296
-0.205445224225867
-0.104106153108872
-0.0896875611466733
-0.10340834217087
-0.155940285377756
-0.034207960169493
-0.0498788136238033
-0.138669862840843
-0.0631398718331288
-0.103896831829977
-0.0746008957549261
-0.0398352155322585
0.0145973395104133
-0.0918614433534834
-0.0660144309171843
-0.0167227569628156
0.0165240805009067
-0.0231532233852462
-0.0607629831343631
-0.0208152441361547
0.0206850502473767
-0.000574144818717482
0.0390290164006062
0.0221769382959446
0.00700340725240048
-0.0016535303023783
0.0312459892296067
0.00382898368758235
-0.0131595188408307
-0.033026705851264
-0.0090096892295995
-0.0128994410615328
-0.0205960929247914
-0.069553012620414
-0.0858466069228972
-0.0168846202106987
-0.0340288454442033
-0.0502193931776589
-0.00585625998996271
-0.00730567866240678
-0.0624476831545923
-0.0808138971087897
-0.0644307447626251
-0.0341390291635878
-0.00885875236989366
-0.00316915872795515
-0.0357344290629378
-0.0257935111989782
-0.0187256671837149
-0.0464789410289597
-0.0291672363495201
-0.00430574595426308
0.00218313252848267
0.00542622913338806
0.00730986712551636
0.00495934260385354
0.00355792584733968
-0.0127245042521632
-0.0161852491858925
-0.00256758752197533
0.000986494619737013
0.000604199972035164
-0.00398829760662285
-0.0131157138944737
-0.0126224667732753
-0.0245126675717823
-0.0380152753476645
-0.0200640747210478
-0.030106968925241
-0.0085871128955067
-0.000302792600195988
0.00149344946186518
-0.0109983568872271
-0.0111069496610538
-0.0323892138541794
-0.00829269530559618
-0.00853105232042318
-0.00292293304239554
-0.0167165225877805
0.00314638556154586
0.00776930442399386
0.0032751645783422
-0.0031744614415043
0.000211267151969738
0.00462837780260097
0.0033302303689108
0.00380942681193683
-0.0164290310084622
-0.00689862634822208
-0.00462495583079145
-0.00196709158281544
-0.0182712054468862
-0.0335891865202202
-0.0127203988167288
-0.0060899343423049
-0.00859936729543969
-0.0162405594002846
-0.0141283048081022
-0.00254081130137104
-0.0119750008917467
-0.012258252864008
0.00116229294848676
-0.0208374294129722
-0.0144809569047231
-0.00482598845832172
-0.00225446869634236
-0.00393739096636775
-0.0040203024090181
-0.013583622680682
-0.00242072187353652
-0.00356160666202051
-0.00375294055845807
-0.00548770973312564
-0.00128039400851212
-0.00567771755741481
-0.00380270551658126
0.000366123768888933
-0.0047060586398461
-0.00833461343416434
-0.00393321967876532
-0.000941251643047614
-0.000836480024662155
-0.00240083873998461
-0.00219286240871594
-0.00219286240871599
