-0.938478998715563
-0.851802795016606
-0.627451197233975
-0.371107778639308
-0.201203966873134
-0.0427808716693302
-0.0982368611845611
-0.155557717568342
-0.0885964603249288
-0.175323344907456
-0.0932322236838676
-0.0169039743205927
0.0164460086946559
-0.0234611261195337
-0.0440597024490363
0.00293765778492746
-0.00209336293163985
0.00976460920364273
-0.00799633543299162
0.0251619567574329
0.00678381802472977
-0.00310380301249532
-0.00963652038982619
-0.0411547292505738
-0.0660465071675149
-0.0478654623349553
0.000402504592961717
-0.00249462670861719
-0.0266315589078606
-0.0357574557831389
-0.00163479610806023
0.0164735716982878
-0.00120285647697111
-0.000573357811632865
-0.00252972127893269
-0.00931407937666022
0.00798066781084749
0.00634459297848671
0.0263246647037845
0.00875545016668232
0.00801025142601062
0.00318649989766965
0.00671969174857913
0.0154070877568108
0.00171143476550334
-0.00564590941487904
0.00685885631930231
0.00342085697615403
-0.00396988192610335
-0.00553477764433421
-0.0131831683507759
-0.00250781709206472
-0.00657229325733455
-0.0172348853315137
-0.00390029557243288
-0.00830754661347033
-0.0138274062717529
-0.00858987937511814
-0.00824092627107203
0.00842523554091312
0.0212818944488794
-0.0431095095371627
-0.00376774141309372
-0.00534884529325836
-0.00705621226230453
0.00709165626573984
-0.00775884447592764
-0.00165925742975311
-0.000578173080183284
-0.00220165408806723
-0.00498830719831995
-0.00546893987251347
0.00077941371962945
-0.00695861108841753
0.00862873902595597
0.00159048176038629
-0.013396377683166
-0.00383811850346263
0.00810435047646659
-0.00483410011324445
0.000218559462848749
-0.00198340054383977
-0.0046596070218189
-0.0110929507477757
-0.00576104583115796
-0.0076649556124738
-0.00616825089025641
-0.0153871336680176
-0.00110431531501259
-0.00610563238689101
0.00176607001290764
-0.00977214246889449
0.00210405945849053
-0.0231521295265843
-0.0284315728195458
-0.024012782007149
-0.0280739828194449
-0.0493921458659147
-0.0283093588491229
-0.00750825839066487
-0.00299189748557419
0.0010891503030138
-0.0146205717955035
-0.00398952241639445
0.00200214602954012
-0.00207649211348572
-0.00414219526539713
-0.018788473318913
-0.00964562312321876
-0.000692178284078941
-0.00585439335923095
0.00121387345936968
0.000961801428797338
0.000358271171758303
-0.00131870914066331
-0.00681464570611692
-0.00906361173503268
0.000853206160707649
0.000888324012452435
-0.00416450895697041
-0.00101768461886844
0.000685763534910525
-0.000591360034134456
-0.00235254365479504
-0.000393707289550268
-0.00071373100728459
-0.000174438137309809
-0.0132191846039124
-0.0107465558137623
-0.000405488189715346
-0.0036706456192251
-0.00636780006668441
