-0.929675854227065
-0.81811481615761
-0.795659819194113
-0.539354513698566
-0.295507591744682
-0.21503825605106
-0.196348062337199
-0.136227521003441
-0.15224849192448
-0.0827027595535234
-0.0530059945116552
-0.0363648018455124
0.00393619731264088
0.0562715415055182
0.0262179017165501
-0.0174654415132779
0.0237454423908507
0.0069911396097203
-0.0101041920634531
0.00104320525209953
-0.00400082714230011
0.0232947746507523
0.000301245101358815
-0.00127527087035982
0.000320986620055837
-0.0181042739201014
0.00180555961533832
-0.00129229048515068
0.00110869759391473
0.0034002909617338
0.0010515606456613
-0.00118164531532225
0.0129960912800534
0.0199128069531676
-0.00431748086992407
0.00311321295721025
0.0152381246495652
0.0646908228713538
0.0584721575670841
0.00698261921629181
-0.0146644911880843
0.00390981516575152
-0.00244012832147582
0.00127224705833694
0.0067260261918216
-0.0035518871660419
-0.0389655942668165
-0.0188593487860484
-0.00372056380116345
-0.0669051832536704
-0.00980168956675846
-0.0362249220062223
-0.0799667170518681
-0.0068235650666074
0.0100879509749764
-0.00175664680882531
0.000273998545573969
-0.00937210264143075
0.0056597105063436
0.0130487713541866
-0.0178383139166229
-0.03042948973741
0.0175418650695838
0.0031218859039861
0.0126472434575369
0.00452858753319742
-0.00354205260778345
0.0288303056240611
-0.0173988185439973
0.00688138459575633
0.00797745018717038
-0.0209124799845198
-0.00948437804746783
-0.0216912696482576
-0.0148902328302615
-0.00578054033918124
-0.000725358817440226
-0.0592581808863058
0.00389483740904954
-0.00199897510875116
0.00718500662535512
-0.00738498839570353
-0.00397214173606919
0.00465823092917438
-0.00857025178371387
-0.000437149392251378
-0.0394357380560387
-0.0217306040252569
0.0108982196228185
-0.0112062901291341
0.00687854652792925
0.000148821759560746
-0.00797464603215067
-0.000481753480291456
-0.00361668607705984
0.00016943216422864
-0.00499622933953875
0.0154125827918174
0.00621588868732151
-0.00878346098834554
0.00690138285232941
0.00927816004979692
0.0135519436873258
0.00786672837366605
-0.00608856716384144
-0.0123605817385979
0.00526693601857975
-0.0149364557355575
0.00521843417198859
0.00847846596494174
-0.00275143467283382
-0.00562143176635871
-0.0178227329877199
-0.0103138504713575
-0.00708254728555371
0.00674699516462968
0.000860849408574826
-0.00112011437723821
0.00810707615054115
-0.0194350866889685
0.00591902145449047
0.0103813270427419
0.00961210891306307
-0.00109595143925017
0.0146577849069105
0.000138718681946971
0.0152165565262148
0.009481481056802
-0.000690687285881163
0.000185633079939212
-0.00039806979892155
0.00728494987203661
0.00316053489248142
0.0196298819564554
-0.00217009966295507
-0.00137863285493881
0.0782709713488977
0.0275825108646352
0.00210528369342388
0.0130394330377671
0.00612422185706344
-0.00409184822552649
-0.0042258794080493
0.00671153685565539
0.00295876502382859
-0.0016088244495122
-0.0164171766531303
-0.0283507207649892
-0.0321192481071858
-0.0016303719409323
0.0352368642020619
-0.0110241244183426
0.0116054372088547
-0.00271993326004297
-0.016337557299708
-0.00561381208837958
-0.00254104886932489
-0.00806208240707953
-0.0407400222851395
-0.00492992066980239
-0.00167954918846326
-0.00111798656872364
-0.0805128639041427
0.0037044179961861
0.00079869595271912
0.0114739546339704
0.00178677506708776
-0.000363304800108977
-0.0236541526092915
0.012034784120833
-0.0032809662669839
0.0154853232377818
-0.00100706268929386
-0.00467218791191502
-0.0139363239381557
0.0649287590852725
0.0109824042233223
-0.0072072396382332
-0.0241092158439914
-0.00690325729275845
-0.00691210063750353
0.000854127791635852
0.0018900827942302
-0.0037232871489284
-0.00571233741305763
0.00194950548520486
0.00359872622605268
0.00491915500980472
-0.00471237948003448
-0.000785360512929621
0.00135978595103448
-0.00636981590565952
-0.00181593040214885
-0.0100111496313032
0.000684947136663658
-0.00412139486340442
0.00728521479645863
-0.00973088468448745
0.002739026685803
-0.00819343155597802
-0.00477796427626956
-0.0579027317997399
-0.00172915798165343
-0.000170976006526043
-0.0664587556198686
-0.0113619528141316
0.0960320112771969
-0.04330342238088
0.0104240986296461
-0.0393535035074528
0.0113728023036636
0.0112971216605639
-0.00129720028857113
-0.0296606070781904
0.10513640895786
0.0240567750620745
0.0153554938327127
-0.0142058937065384
-0.00149033808579223
-0.00844560368482501
0.00270556790477969
-0.00157969894315091
-0.00697499814675859
-0.0357230993268974
-0.0162681447172616
-0.0291490138191699
0.00734341703791829
-0.00472290827705093
-0.00598293803874951
-0.0132441720454037
0.00736054692218801
-0.0131462334138376
0.00102433150613155
0.00149823643316346
0.00239252476884203
-0.000578569038106181
-0.0315721754325956
0.0028274530434053
-0.000542998625577269
0.0061278737709591
-0.000103402447289333
0.00328742730386847
0.000154183427162971
0.0108120834701468
0.00127855894093469
-0.00262026099614662
-0.0058336535924647
0.00317001512712691
-0.00162108051008545
-0.00572344164706793
0.00231744081360737
0.0021344933276627
-0.015324081500676
-0.00352449140527331
0.0125046120422151
0.00534804921249608
-0.00483422948173636
0.00198002377485853
-0.0194060148716277
-0.0119807580376566
-0.00996846890032561
0.000340301128151768
-0.045275260258057
0.00024125312707267
-0.0114649494820404
0.000589944245683962
0.0389163879666879
0.0451074901607102
-0.00559914611667536
0.00591140307035481
0.00810790838145155
-0.0209140289846231
-0.0101215100573247
0.000588228700734425
-0.00118311191841999
0.0806524247435789
0.00532615868703957
0.00350550493244544
0.00361723288810754
0.00159500748107531
-0.00532867163534927
-0.000787565360952801
0.00362149739005612
0.00147524398530214
-0.0112337130020021
-0.00456954058517594
0.00592864491019858
0.00518869913258677
0.00275786845409327
0.00191937197824437
0.00300311543390708
0.00283538719130411
-0.00138520942845126
-0.00230511252279469
-0.0154765812612317
0.00590777907141137
-0.00902875422613705
-0.00431863357733714
0.00387440580539489
-0.0208703694750727
0.00741266663509164
0.000479573657876463
0.00552833696741566
0.0148611919980882
-0.000512146884127526
0.0359736517534583
0.0104941256713995
-0.00064236386221122
-0.00426804520136563
-0.00577525619837059
-0.0105694486474732
-0.00708830142377635
-0.0176711617157744
-0.000354948707335238
0.000181625089106868
0.00138249056540457
-0.000460022320596319
8.50086800951739e-06
0.0190107139696884
-0.00326419077714617
-0.00407965741838047
0.00446660011514334
0.00214575271577983
-0.00167101563140166
0.00282747665871105
0.0001081758429643
-0.00132119383215688
-8.1479986233312e-05
-0.00354767720318446
0.0108677129879227
0.00962147031972624
0.00475481788306612
0.00732797053139241
-0.00849291666401905
0.00651716515011982
-0.01473957236105
0.00884420359888411
0.00235307619300257
0.00155251558970013
-0.0237987812281381
0.0101611926488831
-0.00152217691554979
0.000822387289183484
0.0214659939850447
0.00681719625491744
0.00220028032999251
0.00939449704783387
-0.0232611655989412
0.0211716538736311
-0.0118113301330324
-0.0225149680989258
-0.0258265820315939
-0.000865286295222331
-0.00410913335247143
-0.000379014031460859
0.0129890268128104
-0.0090171726142182
0.00402333705511402
0.00643631199974604
0.00114481058879299
0.00631986891825322
0.0239702512270402
0.000989108400067468
0.00221408494538358
-0.00374926680988691
-0.00201489558503627
-0.00186265700220802
-0.0101956889573713
0.000877234849645058
0.000113088060833485
0.00301186250689567
-0.0103828473409771
-0.00326450367621081
0.0198808536996316
-0.0173390941920865
-0.0181525823175141
-0.01461741472403
-0.00594007188663892
0.0010882292510478
0.00640959517898044
0.000577697692458558
0.00175667347018792
0.00886671851911257
-0.00267602121521491
-0.00193003625004684
-0.00204705548625941
0.00179523201723825
-0.00965145710676548
-0.0155169421162641
0.000189727149247907
-0.00346656687304582
0.00258810268801412
0.0016981104963147
0.0292281058750143
-0.00402734076308668
0.00162311782156379
0.0138599033427782
0.00973374690624028
-0.00247431167194533
-0.0153077785871567
-0.014349008564495
0.00325848748924346
-0.000394839252891104
0.0510298982394326
-0.000400454672490594
-0.0165380119053999
-0.00194765603226622
0.00550094187643412
-0.00142442648576211
0.00333889939373744
0.00152733145953712
0.00468350070938021
-0.0155704999738892
0.0145744493471566
0.00768052368348128
0.0135826489975913
0.0045838399422209
-0.000874352260019248
-0.000377713150569578
-0.000998168759621249
0.00361639067217749
0.0164138680296029
9.69222953767341e-05
0.00453597421417117
0.00282372108322701
-0.00490678410144102
0.00229762219899585
-0.0193231784525749
-0.0200281244120096
-0.0186894707198756
0.00352288176550405
-0.0387890652435496
0.0152430553901542
0.00196675065245367
-0.00333407918154943
0.0213897713693178
0.0231000580449831
0.001596906052631
0.000296393628181281
0.00257074723391033
0.00193395021905273
0.00825767988579881
0.00616239758959005
-0.000604597187625848
-0.000176319553454265
0.00504364723929503
0.0112695785070249
0.0203652176725124
0.000994676008878714
0.0034749191289325
-0.00143423669151181
0.00860590712570315
0.000523209166826319
-0.00449310031719949
-0.00065043751788812
0.00270733504560399
-0.00666150972292619
0.00171397890579281
0.00222253172252368
0.00421230659694939
-0.00780179638941918
0.00443151487439291
-0.000370637815914985
-0.00352145743624904
-0.0350969766840362
-0.000503749241087956
0.000558430085861536
-0.00293825379896188
0.0172927901352645
-0.000526454715763087
0.00078331297674931
0.00260488802652344
-0.00138702337776199
0.0178224928817671
0.00152464819131079
-0.00226718772882412
-0.00184258517250821
-0.000127330990912227
-0.00280064232494537
-0.00308583974404947
0.00865552910191229
9.06312637281707e-05
0.00790754301299791
-0.0232003574691551
0.000100444506041615
-0.00202065957025726
-0.000224428997276527
-0.0112088662567869
0.00194118996668974
-0.000607456674018058
-0.00162284287422007
0.0127419205424241
-0.00586089863181946
0.00605653311752655
0.00264843084377801
-0.00251886548713689
0.00470990620854793
-0.00504211956282365
-0.00180877732897892
0.00456920146209173
0.00974593438903439
0.00702275099663588
0.00650752186874905
-0.00293038740304717
-0.00730084069881788
-0.000608171592525118
-0.00491891491747717
0.000729757595724206
0.000393703071089157
-0.0419457234093422
-0.00426699472383255
-0.00194007222706576
-0.00212584247090414
-0.00803649397046335
0.0638854858035923
0.000233642101907282
0.0141428571223781
0.00865843476770267
-0.0169408721747007
-0.00266870190651558
0.00109066892444626
0.00209553902681541
-0.00213254622757932
0.000936034723198914
-0.0241307600763846
-0.000318118416213619
5.56525831387784e-05
0.00048403013781467
0.000279264458474729
-0.00291006127308268
-0.0782726031992592
-0.00844039204794323
0.00032384364258623
0.0149653403090906
0.00044467821222003
-0.0186846043456656
0.0058674302820164
-0.00350928672715236
0.0246770507569319
0.012565711618855
-0.00373548870542749
0.00211040208715975
0.00215770489535711
0.0040271809950272
-0.00388913111035564
-0.00139845156903811
-0.0123414880667097
0.00261138546159806
0.00372509367445646
0.00573061731961925
0.000399382586133011
0.000104231981580718
0.00251048933759935
0.00387666696340428
-0.00378976622169151
-0.00556795434572473
0.00605687364628469
-0.00234574060306491
-0.000811346384740392
0.000731463237502139
-0.00760518906993737
-0.00966022787432414
0.000795046318208394
0.030665274534299
0.00359871753536112
-0.00253105603082523
-0.00254008728371506
0.00789200075734501
0.00406054476762002
-0.00140905723069193
-0.000109365437907311
-5.19427632863312e-05
0.000785041130523284
0.000341489571040857
0.00900921041728486
0.0188509534237016
-0.0278905372123324
-0.00077623305862994
-0.00105834558820784
0.00374626842690613
-0.00505138937843772
-0.0107872290246076
-0.00171496952259678
0.000767920915126816
-0.00206492447308784
-0.0316647089597029
0.0291798204655378
-0.0056891225665882
0.000971583241393548
-0.00272486150416829
0.000991921307123547
0.00136113728070889
0.0230568747509279
-0.0147923461659513
-0.00640182642704819
0.00145345434850809
0.000269261815494713
0.00108978939876466
0.00175312421134268
-0.0424940962812797
-0.0114034027816715
-1.65011360799055e-05
0.000868589665099199
0.00527559246149586
-0.00454439960232728
-0.000612169116753487
-0.000189690067033357
-0.00117280078733315
0.00608588362632667
0.00911329417223952
0.00200255403527362
-0.00279239293799443
0.00206639837824405
0.00245286217321831
-0.00737706004497668
0.000105121862452751
0.00245037026515631
0.00170056827104427
0.00734112141737184
-0.00139142226467014
-0.0127718338864861
0.00453987999961773
0.00147134324266682
0.0291442536538368
-0.000545507794635884
-6.19021382954445e-06
0.0079013151567993
0.00122019274337884
-0.00284811935829362
0.000608631474680573
0.000873793922898711
0.00947691685951462
0.000554388106817521
0.00714465315317357
0.000180303850267174
0.00322334446312052
-0.000377143650658468
0.000178005313870718
0.00377671486801034
-0.00732468209808649
0.00273067997160312
1.10653468034787e-05
0.000150491924009849
-0.00639313360622836
0.000233696819607571
-0.000180263703767242
0.00753970632508125
-0.00319084028646142
-0.000641891568681484
-0.00336705444362631
-0.000931878861896732
0.00380014818420307
0.000410402459991479
-0.00236986026321085
0.00281079930225574
-0.000450292832698018
0.000800516295509837
-0.00110908441432012
0.00671973489639522
0.00172495186609704
-0.00491335942699118
0.011289482396649
0.00153371965934573
-0.0201532949997274
0.006743167062709
-0.00289797647357474
-0.00154221862858362
0.00168647187185841
0.000582464490500415
0.00141823342984393
0.000477027023006781
0.00530645153473943
0.000275014411855526
0.00787615413958362
-0.00106757852664684
-1.54951534420758e-05
5.46289205973344e-05
-0.00317784142641558
-0.00506068698853409
-0.00308030333347076
9.52704027608084e-05
-0.00773569935787146
0.00205026764071173
0.000332714998297508
-0.00594678069220527
0.00291198898163748
0.00680556633112833
-0.0198609170439107
0.00156116245048394
0.0025185118256813
0.00391844966144593
0.00334674649234007
-0.000577052233962409
0.000188941011571277
3.89184576887612e-05
-0.00446734025842957
-0.00157345393373409
0.00182802964272229
0.00373383937945764
0.00527225295464794
-0.00185440732869733
0.00192530661047535
-0.00262949574084983
-0.00905673414159636
0.00403002242288432
-0.00929306966711822
0.000378170507193595
-0.00375061956757524
0.000354457882351373
0.000992843437476781
-0.00327550248126038
-0.00247338154765289
0.00932715951505847
0.00653799614742346
-0.00840644650858095
0.00281759568826418
0.00620392736497649
-0.00507457127759266
-0.0223944936588997
0.000197112360850133
-0.00132478009766538
0.000537279594612825
-0.00137304876750818
-0.00609089888810792
-0.00205837775931891
-0.000111016344632982
0.000280189944938134
0.000362438114841494
-0.000327934752694571
0.0058778137589844
-0.0020639562400664
0.00569602831931226
0.0131365436249911
-0.00117791796111558
0.00239885954918365
0.000875344940501887
0.00306764813658095
0.000424373473086732
0.00256425845670258
-0.000495370441265229
0.000506097742620853
-0.00314054055678645
0.00378023288913921
0.00112080189336274
-0.000237071152197829
-0.00570118205596434
0.00416048593512714
0.0010482063446368
-0.00166809487481027
-0.000658976797902229
-0.000122708497255626
-0.000111439059133432
0.00427747614670493
-9.34630670575696e-05
-0.00171921433711003
0.00119289466572459
-0.000291837544185481
0.00417233610533183
0.00177042917149642
0.000275750645364988
-0.00145662769651465
-0.00289905017443321
-0.000777066788968391
0.000367688660824723
-0.0065540729518354
-0.00844843803818246
-0.00310179472657287
-0.000418925151735178
0.00208603424423411
0.0016807487273734
-0.0012075319610425
0.000406903197758929
0.000215519945799591
0.00558272165890651
0.00118068956497332
-0.000527787770601355
0.00396892841078688
-0.000536590590661997
0.00169465759152513
-0.00214404915764803
-0.00422882044660827
-0.000250310975712318
0.000417649292280526
-0.000173012945798402
-0.00133512505368552
0.000598502613707234
0.0012685692869509
0.00134257424332686
0.000749588344144516
0.00252280686906665
0.00604303993720813
0.00104813972727042
-0.00764885708507314
-0.0085612805507597
-0.000190565342706296
0.000880422353027172
-0.00101084729724798
0.0120334723967415
-0.000182593341646792
-0.00433550419445401
-0.00224312251533801
-0.00439337291212259
0.000421730778924903
-0.000303722247181423
0.000469985838733697
0.0157642413353025
0.000688885350746306
0.00198693077128375
0.00160166935916885
0.0101086856922589
0.00236480368379154
-0.000476250790794612
-0.00102742225389323
0.00209246305609458
-0.00589252556561155
-0.00267438261991809
0.000499217647496647
-0.000367595077379928
0.00045182074776676
-0.000362050320226552
-0.000346007161207866
-0.00119188014221211
-0.000345007203633014
-0.000195163366933941
-0.00119562679928824
-0.00869115740159524
-3.03512228223958e-05
-0.00175334514188729
0.00352323845953296
2.73997296916978e-06
-0.00276565241072711
-0.00222417271235726
0.00962495594736654
-0.0029026123947155
-0.00110348502819009
-0.000423369167843482
-0.00245782315342893
0.000762157113645346
0.00136750796896581
0.0128881065354668
-0.000256203458154014
0.00208328853393854
-0.00146514574744898
-0.00122864186277785
0.00212819348250207
-0.000891583845948229
0.00229452995938509
-0.000194982142890302
-0.000145049886271454
-0.000279651687812237
-0.000318223049023381
0.00122490987594493
-0.0067538344204653
-0.00170517603304679
0.000999068438443402
0.00485901156362787
0.00364910378676918
0.000520511422548054
-0.000544955430449775
0.00162321596413137
-0.00039253543493896
0.000401207707866114
-4.86097342907791e-05
0.00165421462396127
0.000536578715178756
0.000246077592882177
-0.00090408982726964
-0.000306734234806087
-0.00111748133166119
0.00138851220391613
0.00159207090628934
0.000120164653413826
-0.000496302120849012
-0.000228363167096401
-0.000217032228256527
0.000666332760692938
-0.000429391032377594
-0.000422160908070167
0.00399434440384229
0.000489577440837763
0.00145280003406129
-0.000225847742979557
-0.00914686949008835
0.000605940178279084
0.00433879562845811
0.00114945869703479
-0.00789812413134734
0.000539422234394505
0.000232560447104509
-0.00178206489664521
8.46638730698341e-06
-0.00481668280446926
-0.00211797602221816
-0.000416588882313733
0.000201203649908333
-0.00221825415224807
0.000866403449694279
-0.000421293587983348
-0.00113489730812978
-0.000635202130582915
-0.000935372370238869
0.00109383341048142
-0.00309196560687783
-0.000165696462409342
-0.000681632239884677
0.00125497234065112
0.00259435577674941
0.00390536892428654
0.00163827852126901
-0.00054075623374127
-1.95188276327654e-05
-0.000543248608260475
-0.000684887149610053
-0.00161401164701962
0.000163023101915272
0.00266843613405732
-0.000148703062645466
0.000932043971712445
0.000719263127234819
-0.000420235098231905
-0.000224137361529432
-0.000385041604092369
0.000878821778954776
0.000569159361019567
2.83240687283623e-06
3.5563413184681e-05
0.000239477608989043
-0.000314842079150131
0.000508850253708487
0.000393023999183313
0.000213857560061539
0.000148287552067992
0.000798426340211618
-0.00173329744320434
-0.000951860729593919
-0.00015269442070762
6.35740833871041e-06
0.000683486876927465
0.00271874924911997
0.00122704719598528
9.24535897707663e-05
0.000320957375218278
0.00144809930834991
6.18967547872501e-05
-0.0015203107007286
5.74947500724105e-05
0.00216229677663027
-0.000714863346630731
-0.0009484101982296
0.000449958383737791
0.000210915878074537
0.000614850980665176
-0.000846573004355313
-0.000123434701183634
0.000109319739166364
-0.000689926710137108
-0.000769379479387163
2.72418014764063e-05
-0.00122440204065797
0.000552367884114
-0.00116760384323797
0.00137728740265833
-2.68463960830716e-06
0.00102172138144264
0.000700608517804901
0.00142095046479392
0.00202119120522299
3.94930535203592e-05
-0.000355357648411806
-0.00118441192014345
0.00104595683730528
0.000510309607535111
0.000318938445395451
-0.000470685759571079
-2.33009106088725e-06
-0.000594334739180612
-0.000120663835796938
-2.17333259560294e-05
-0.001033627564108
-0.00164436637659233
-0.000845185603932362
-4.72055164126383e-05
-3.83809948719119e-05
7.45549757800555e-05
-7.6366311382449e-06
-4.59409419616686e-06
6.00523666938022e-05
-0.000222902466214055
0.00013945196339997
-0.000137274615539977
-0.000357728706892179
-0.000600986791617731
-0.000634139043096777
-0.000134886085933484
0.00050212613156792
0.00191296253199903
-0.000701353947634345
8.29861194299942e-05
-0.00037917545850962
-5.34908725372458e-05
-0.000427719199949749
1.87987781065429e-05
0.000340137259214424
8.72849355568403e-05
-0.000612915153247993
-2.96881309487224e-05
-0.000269805673532252
1.70962138331557e-05
5.30727159360448e-05
-7.57036905448615e-05
-0.000114328603473786
-2.74661756773705e-05
0.000176572249185268
-0.000153803754127548
-0.000150613440362547
6.81480241931143e-05
1.71658524615376e-05
2.40576608636896e-06
-1.62027841263343e-05
-4.6568854457638e-05
1.70270141167456e-05
-6.52120545064796e-05
-5.18541917610912e-05
-1.22376361477049e-05
-2.55749540662857e-05
