-0.965966533801001
-0.911434086120461
-0.702989032505391
-0.613400471499612
-0.315467744236227
-0.204522392881526
-0.195484750471561
-0.154148770038026
-0.17800555048932
-0.114169435294249
-0.0536591037378625
0.00670594283995045
-0.0688330920962797
-0.0771495881036633
-0.0420945261287816
-0.0601689033924627
-0.00223453527671855
0.0406117848526148
0.0162891564996042
0.0206294993328424
-0.0043499784112041
-0.030435975620096
-0.013491677881346
-0.00444813704963255
0.0298049991422826
0.0932242147419816
0.0969166501725747
0.0227539421381582
-0.00113212697143679
-0.0249199259873508
-0.0365900727216749
-0.0022860315884771
-0.00487442591716672
0.00662390748520479
-0.000893228644989477
0.0148545708593071
0.0377661391131384
0.00699825391055584
0.0512205378051086
0.0173702404959914
-0.000352091932330578
0.0152959858625887
-0.00637842475576069
0.0105772788870527
-0.0131937438028002
0.0195304009466195
-0.0146822233088851
-0.0054371199830581
0.00658350927016875
0.0336759652141511
-0.00471098512891108
-0.000366754763975403
-0.0200459009650564
-0.0101890814830945
0.0417860175483993
0.0545452859295749
0.0155358803940394
0.010196033110365
0.0572404668141485
0.0322243210332528
0.050658373092046
0.0150642538156672
-0.0860818016106746
-0.0336593239429149
0.0149589202660865
0.0121535874832101
-0.0397650829648426
0.0104448510229168
-0.0250915993644275
-0.00371484366451834
0.0217672535368072
0.00258145283772985
-0.0104018225269496
0.0161542537007076
0.00745836233794334
-0.00579365058333851
0.00185879809797889
-0.0348996957822064
-0.0370358180360973
-0.020256049089289
-0.0235511318846414
0.0384487362963071
-0.00397669886814131
0.0151594251418299
-0.00649865715804927
0.0595893643587037
-0.024223764399691
0.0125377285052159
0.0489602805240525
0.0432939450761423
0.00194869470253732
-0.0282687322931761
-0.0141542863586024
0.000197222850145075
-0.0171570446066358
0.0410895305110259
-0.000747415529489816
0.0017846086990874
-0.032414161036699
0.0023877142247287
-0.0101273463753154
-0.00386889819183447
0.0330668565191066
-0.010029911852703
-0.0109516655355559
0.000394249780793046
0.00475076030542263
-0.0306050965853003
-0.0146266258673201
-0.00875950987345922
-0.0173796147043472
0.00248863380920528
0.000333914381443846
-0.0115622906570773
0.0405505701895911
0.0246492861877754
0.00420437385372045
0.0070735370787444
0.00575167061720267
-0.00283970355274839
0.00468416591227606
-0.0387775412693362
0.0267599638149487
-0.00156088769841014
0.000832179254812652
-0.0104413264159333
-0.00380554737911403
-0.0111888129855089
0.0106883105369538
0.029216107809721
-0.0202821906332881
0.0158894438554276
0.00674060041752772
0.00976259501162453
-0.00357235528138292
-0.00150376439132109
-0.0463483325913081
-0.000685727412005156
0.00677833564157015
0.0152936277934438
-0.0414077064486605
0.00335445903313343
-0.0132973284683713
0.0141822953711767
-0.0233717264128786
-0.00633938184332226
-0.0316418736404535
-0.0163939385056946
-0.0405884928286962
-0.0509728358948429
0.128094849569998
-0.0311975525400268
0.0302182748513183
0.0222620946807538
-0.00107612757269728
-0.00139720161144509
0.0122548990835901
-0.00553033245590695
0.00299881874507599
0.00723219681362203
0.0129362380921074
0.0273346688686936
-0.0185963150621184
0.00294550855801907
0.0010493693837019
0.0759363653255357
-0.0109492031419396
-0.00866095852825812
0.00378858266438409
0.029335109966173
0.00754832384655385
-0.031700099065574
-0.0344380012653335
-0.0144482507234858
0.00978612819523774
-0.00552444733676408
-0.0135168258146738
0.0256933354031308
-0.00837210447143911
-0.0109348658827504
-0.0181072049006695
-0.00360821534631734
0.00997745046385905
0.0161667344745878
0.00911219807748073
0.00365715490638741
-0.0123230064270189
-0.000346932431406808
-0.000543696908713257
-0.000831162305969549
-0.0114626742939041
-0.00327800182036071
-0.0263476143689461
0.00731898066285292
-0.00891080772905565
0.006482642625155
0.00642439116433958
0.0103799796881026
0.0120896678479729
0.00415871735671983
-0.00126541514806516
0.00466786286530697
0.000349816042346809
5.44789684488942e-05
0.00889714750333161
0.00272051628730963
-0.000357247570160722
-0.000420692119029408
-0.0020631936275525
-0.0169609497733747
0.000901648379780631
0.00380146504451513
0.0094898995086895
0.0291308473618726
-0.0236223043425248
0.00038358857425243
-0.00143105412876004
-0.0213031288067232
0.0115101925721494
-0.0107862162274588
-0.00814074068120601
-0.00186189225694277
-0.0084563968173388
0.0218228731981867
-0.00319244310448589
-0.00512735391082103
-0.00369364819682074
-0.024936680173162
-0.000687454187857326
-0.00390994487760892
-0.00027441739659676
-0.0171647515015445
-0.0500007588611903
-0.000179409365222856
-0.0237765931040696
-0.00267061678891449
-0.00183821511819918
-0.0189308929270206
-0.0038375989749522
0.00374271929429125
-0.0453959078505368
-0.00427659912511115
-0.0172192458588831
0.0023338346379245
0.0176071198574805
-0.00357667861762355
0.0120679664516177
0.00308546277878221
0.000734734886342643
0.00201715601160685
-0.00499862437716521
-0.00101205535448398
-0.00115711758336617
0.00193952863672596
-0.00805239911056128
-0.00426331253260884
-0.00886105191482251
0.000457527827291603
0.0018174083705483
-0.0203460512069212
0.00279221906949687
-6.56499656464277e-05
0.0153802032570225
0.0145075003864372
-0.00208257875509182
-0.0019221226414283
0.0101366497002969
0.00676979102959381
-0.000207762505165669
-0.000709672049109495
0.0299601013045536
0.00316221571169581
0.00933380319673992
-0.00478813708822008
-0.00366897462746496
-0.000779374714759484
0.000644959880798764
-0.000579088193383391
-0.00419332163994382
0.00753589136316681
0.0153708786216645
0.0619491450106818
-0.00234527658589113
0.0144225175819461
-0.00133002713775139
0.013201757077403
0.0129720502309754
0.00813885918861582
-0.00330746565085111
0.0222691791891266
0.0483398923919624
0.0354204433618768
-0.000568748876607342
-5.2759135558819e-05
-0.00148102336528271
-0.000734677488629316
0.00249354268093667
0.00953983404181888
0.0115729952990136
-0.0119210444012241
-0.00877108513159916
-0.00741097347025026
0.00600952829940432
-0.00312727038926425
-3.83210934875458e-05
0.00189254128871005
-0.00122983862150704
-7.74686245522778e-05
0.0119141281796646
-5.64730075826678e-05
0.0121182991728552
-0.0073365742962444
0.0165839552849442
0.00434247196557381
-0.00881087926920481
0.000134243832163809
-0.00230835688428593
0.0190208210547196
0.0193841640771864
0.00256488855009536
0.0111685711713697
0.000316108905398776
0.00143815609830253
-0.00467390096459525
0.000476395377170293
-0.0108517976422356
0.000221668584227105
0.0004477641363616
-0.000902239784624441
0.0110624827239619
-0.00186607443375837
0.000895565326674206
-0.021057801813038
0.001236266904967
0.00524632485705114
0.00687069650821809
-0.00304107667263813
-0.0129417005894502
0.00883489465546904
0.00338639288127004
-0.00724161645792649
0.00194013347410602
0.00370630384493937
-0.000892358232206997
-0.00499762005828418
0.00712481124136589
-0.000313284029445582
-0.0138184624965471
0.00391536784422134
0.0189550477880722
0.0279715114825599
0.00312599421213445
0.00263729978789531
-0.0155851532272442
-0.0026232117363852
-0.000197694970344627
0.00443909905300148
0.00204050698681389
0.00382100499606408
-0.00293060360419377
0.00280259280960713
0.0145247972880854
0.00558799598219262
-0.00347310719946941
0.00126525888458017
-0.000512014643166477
-0.000516575909010448
-0.00544234221657756
-0.00388169291066154
0.00488792397178456
0.00455040601321556
0.000355546215515731
0.00493968723313685
-0.000237367685039901
-0.00264735173810766
0.00663210021742471
0.000502026465820172
0.0042864871689561
-0.00980648468542743
-0.00230023645437027
0.000465473928793476
-0.00856361067653235
0.00104350990777444
0.00428265315406322
-0.00108390970373773
-0.0181214268379929
0.000260738000090084
-0.00870709025739331
0.000906400344929803
0.000672185751684219
-0.00734966343143166
0.00283864207109016
-0.00451390573544953
0.00148322464386624
-0.00428266396449144
-0.00909510397137707
0.0221856029389195
0.00186970108689207
0.0023475896377515
-0.0169621489454267
-1.62484940864702e-05
0.00595326296707931
-0.0192091878854706
-0.000343377743627091
0.00101882434089422
0.00265005040793683
0.00198581048283301
0.00155350771142648
0.0243349340017402
0.000291093053281064
0.00335290908880737
0.00854150984163983
-0.0127236133416957
0.00434018781382681
0.0152717190019891
0.00259006447052884
0.0345375122895033
0.0245678937301914
0.0012963254479938
-0.00487785335286452
-0.00342691103270119
-0.00506348273097595
0.00117449883344011
0.00114371791451631
0.00878926133411994
0.00992790513083544
-0.00412897182837333
-0.00557425572520536
-0.0131438376900806
-0.00460990958306907
-0.00613166750013004
0.00142718035081927
-0.00360454472580677
-0.00106459124747167
-0.00103933653525568
-0.00209088949853915
-0.00114172830626786
-0.0030277647068336
-0.0149685796875665
-0.000788091871374569
-3.46799158608957e-05
-0.00921273487895496
0.00139054765376722
-0.000326388683253718
0.00807440762984079
0.00085682153446627
-0.00228871905973138
0.00346083236314644
-0.00169652053997868
-0.000541972767802682
-0.000592787977773372
-0.00136169580036789
0.00120094219034117
-0.000259118986540703
0.00377324248946613
0.015258519938948
0.000894875497464306
-0.0104879297128035
-0.0302140304169844
0.00303408277868199
0.00444553164256064
0.00417417214785926
-0.00183904406459817
-0.000322908483573464
-0.000757487851406422
0.000433330734872864
0.0046465182576669
0.00155494354641814
-0.000285122515192108
0.000667232221111386
0.00025232764203094
0.00208487418082983
0.00475092636698237
0.000329740187066254
-0.0278986955817236
-0.000124392750001669
-0.0106342921241587
0.000136591756809104
-0.00890404365295939
0.00316117784607523
-0.00473523292074321
0.00264429725065787
0.00669769135136757
-0.00177442611828051
-0.00314871536535694
-0.00434028382210344
-0.00560801858787884
-0.00531184108088472
0.000187069623704067
0.00508209103215756
-0.00108161379656259
-0.0266243391967292
0.00120818703012362
-0.00125048866577829
-0.00315628820946644
-0.000546926386732671
-0.000116610319733351
-0.00168565958020689
0.00215094750238218
0.00487861216010097
0.00113155231874243
3.62753634526882e-05
-0.00510071691669688
-0.000989767594954622
-0.000444929268024104
0.002096824523602
-0.00347698372741939
-0.00948740736502829
-0.00183120529197201
0.000186130406518103
0.00156086952257618
0.00620805076852666
-0.000121464421401798
0.0100207709697721
-0.00247214032272867
0.00257441749761966
0.00779447479592857
-0.00886819517318057
-0.00132010797948512
0.0025748677222298
0.00244695520152966
0.00149204009330315
0.00266298906267301
-0.009160755369524
-0.000102474164429287
-0.00160031454750749
0.000637438885963625
0.00331131170559073
0.00243923112479226
-0.00225074387242927
-0.00524411856828047
-0.00106905318210607
0.000794123555379957
-0.00156487662473413
0.00158138801461532
0.00567377217677305
0.00124944940129729
-0.00189246915055317
-0.00309127685703282
-0.00558447107481737
-0.00840816899666888
-0.0101283506058988
0.00860844393498046
0.00128802721539683
0.00234967524736996
-0.00254116296390504
0.000704801667493425
-0.00154383325718043
0.00286246753946964
0.00170529404520401
-0.0143766174048844
0.00300916145735558
0.000704316533551711
0.000145834805464705
-0.000617123881040391
-0.00440244505419538
-0.00235658333358598
-0.00146447467771188
-0.00331636747270518
-0.00236426021853083
-0.00697940189016503
-0.000463038192434847
-0.00173369773224693
-4.7821151717582e-05
-0.0186321131087448
-0.000222611158229636
0.00918069928323144
-0.00329257651682431
-0.00149982955049306
-0.000272044907908909
0.00116482809946018
-0.00348626231119371
-0.00300837167426714
0.0075031879729909
-0.0200406045933982
-0.00523471431538341
-0.00122659060013134
-0.00609568421055269
0.00250850539182056
0.00642956298413741
0.00501167090430066
0.000928198694168565
-0.000330754039755066
0.00883363551411894
0.00207240506108982
0.00051202377232608
-0.00180092120585559
0.00242687100425106
0.003108533145776
0.0123054509699259
-0.000480980180906586
0.00318773350039511
0.000452567912275335
0.000849708300052684
0.000664930322901004
-0.00173428179074018
-0.000309524176733716
0.00731727514891475
-0.000875895832964609
-0.00311478968518274
-0.00747848193846599
-0.00196451878565982
-0.00409822555995128
0.00571384583224814
-0.00155011309530429
-0.000712135218066503
0.00419215098752631
-0.00210976004985754
0.00387243402724143
0.00621051521767441
0.00202254182761596
0.000438459565743132
-0.00201925769764744
0.00224951328479728
-0.0113125443317149
0.000507869287661574
-0.00364657113563536
0.0129368754707276
-0.0012328276897988
-0.00107298025800603
0.00681725872887876
9.92079223543118e-05
0.000115488319343196
-0.00202255613537983
0.00020518474254287
-0.000778668449413256
0.00061535511074743
0.00367607732319819
0.00141700535708624
0.000697378438281921
0.00151570901296727
-0.000201249665751596
-0.00108474734855102
-0.00333522949552964
-0.00379988894684822
-0.00127971217803241
0.00096604768734922
0.0018154682087738
0.00213774479414716
0.000336204427095572
0.000174410022612443
0.00687340476807734
0.00118445818832415
-0.00380764036333191
4.91789126413269e-05
-0.000860656515131299
-0.000141580613665856
-0.000654512173303851
0.000216893580771427
0.000552704166236166
0.00190576243014201
-0.000549209088717155
0.000515101028574934
-0.00211978509924482
0.00501219165155666
-0.00359432973452407
-0.00111832363209077
-0.00110347860659626
0.000960074673814533
-0.000128523895803395
0.000704664680995008
0.000141665097277383
-0.000334731183140182
-0.000540769533964066
0.00439288703429404
0.000908322357782657
-0.00232584982327768
-0.00151888477026682
0.00266284044305523
-0.00679652525214878
-0.0024397492448067
2.92131647573184e-05
-0.000434404300599877
0.000612036418661012
0.00299242673303501
0.00135644856959698
0.00127634294179441
-0.000557803253927552
-0.000605791521935787
0.00105274153172715
0.000856980059950844
-0.00316963216309271
0.00066474959448624
0.00132003828423348
0.00618368341932939
0.00340341552950028
-0.00029422678805539
0.00444872420204245
-0.00156976025867047
-0.00716240991561033
0.000390335617199472
-0.0179717476087543
0.00135628284607271
-0.00771484257069281
-0.00332123116986675
0.000763751658651411
0.00270865528996194
-0.00115538037229431
-0.000213796882707998
0.00443256196378789
0.00509630447684591
0.00645287801534629
-0.000402979883959832
-0.0014079323580718
-0.000866864473263109
-0.000255045140601235
-0.00167585440369416
0.00368546751399304
0.00263907324715862
0.000566492397963854
-0.00240517635637668
-0.00254591220661294
0.00367322379497535
-0.00103669606185312
0.00157967888148677
0.00412874693439339
0.00145014796512265
0.00101290104552794
-0.000317945447916963
0.000223384880896645
0.00431645178276501
0.000512112332831916
0.000362702477226016
0.00125526515792265
0.000658867822611393
0.0102004067083936
-0.00312787283878945
0.00806092473752792
0.00191430044796443
-0.00765032899464521
0.00270677909837175
-2.67591130146727e-05
0.0065619163767062
-0.00263585005553569
-0.0032824188776809
-0.00344365203216095
-0.00057298926019239
-0.000355766454376032
4.01393941715819e-06
-0.00158983192951987
-8.1854872738654e-05
0.000278108877994219
-0.00242691963486837
-0.00100991923445156
-0.00272067300227002
-0.0006529974149609
-0.00800236422498761
-0.00538052163413216
0.000409014433149705
0.00196659518112228
-0.0050827797846415
0.000524317545523162
0.00264588024216525
-0.00205640551241126
-0.000447980537509674
0.000871971717360426
-0.00134190089801146
-0.00415805144680935
0.00156353413253043
-0.00857216862402982
-0.000738534081979946
-0.00139086593573485
-0.00111647983908439
0.00256087217178292
-0.00473283748727114
-0.00019844363785714
-0.00120532084021482
-0.0040091883392808
-0.00354777485655466
0.00214282541370505
0.00254302655452239
-0.00984959619244234
0.0016433658855451
0.000536418766932114
0.00173818998205749
0.00224016829632636
-0.00171463801790031
-0.00060536419688882
0.00459966502862622
-0.00206859690218272
-0.00293236856736939
-0.000797966743550526
0.000380718635720541
-0.000192615400874135
-0.00655779518571986
-0.00084189413680007
-0.00377799654593021
-0.00090512809288379
0.000365286190043794
-0.00565678473494425
-0.00123890587928416
0.00121635399606284
-0.00138896567809874
-0.000828619759489556
-0.00199152876827725
-2.47871495371469e-05
0.000936199560743605
-0.000623681881839558
-0.00192199620979408
-3.13092623032459e-05
0.00379149511126863
-0.00324590756135615
-0.00118918264883886
0.000531646776460772
0.000148462041660879
-0.00025059530433368
-0.000205973495878494
0.00031691339445022
-0.0019472469769301
-0.000649204625415805
-0.000794533934819424
-0.000695732036513653
-0.000383692367144142
-0.00658917310948989
0.00241372748262323
-0.000571289021756933
7.39904131102634e-05
0.00168327759293802
-0.000170469600032988
0.00280739375127813
0.000668122298078903
-5.31143297293903e-05
-0.00217587550148578
0.00162239872964641
0.00510069387126492
0.00347219602164701
-0.000153733221917809
0.000437567151273239
-0.00115006937990456
-0.00119569136537466
-0.00191677657134455
-0.00249259029567799
-0.00314991001115861
0.00268452831182531
0.00223057402009497
-0.0018025568890781
0.00289130644209264
4.06287490231753e-05
0.00321210421567692
-0.000128186538954067
5.40093891871018e-05
0.000343428153909394
-0.00408271144698924
1.55419275800692e-05
0.00069814942968099
-0.000354187630137614
-0.00143365117654489
-0.000232018255908345
0.00350061363396908
0.00228871375501072
0.00324636006778162
0.000287071660800493
-0.00354473582589724
0.000380890260566191
-0.000632356484548691
-0.000906269089529448
0.000268569426467471
-0.000203314410442077
-0.000758672406909819
-0.000894375746019862
-0.000273896613838739
-8.51014757407098e-05
-0.000141265120203491
-0.00147733477638593
-0.00187058001438604
-0.00298094165560755
-0.000382948641955666
-0.00193223986181137
0.00248777473666234
-0.000167499631515036
-0.00102050754145301
0.000777799416815798
-0.00132543806392865
0.000482975462533185
8.90113193305781e-05
-0.000463143286475544
-0.000689788045519983
-7.84773891812144e-05
-0.000335268035368778
-7.04736618555369e-05
-0.00109564545218595
-8.37509938965423e-05
0.000809388749748147
-0.00063028946876318
0.000338786835235486
-0.000159398210385291
0.00120911897442315
0.000302066963614335
0.000303503912807432
-0.000348154671329378
0.000732859461976611
-0.000557634719330774
-2.84460900539037e-05
0.000358500651250611
-0.000160415563048167
0.00191226209527771
-0.00025669478113652
-0.000706539893286447
0.000955778764015119
-0.00106043414364261
0.000257009598419968
0.00069760319739695
0.00197577569497779
-0.000148416500769052
-0.000348784895444968
-0.000211814280021321
0.000548945675573848
-5.52095398843558e-05
0.000208928092817619
-0.000944933228433398
-0.00211278726635554
0.00108332539721049
-3.83998945976019e-05
0.00122251653340594
0.000357237970603444
0.000232052269676502
0.000279090088311124
0.000361270619190158
-0.0004803169880735
-0.000719779468106613
0.000580400532655858
0.000602985657616187
-0.000189119920176896
0.000196803727023826
-6.56760035162993e-05
-0.00041323828927795
0.000659457340120604
0.000200929360916377
0.00149381277760726
0.00172198565406953
0.000981443799118366
-4.60003333213336e-05
4.98227695310851e-05
-9.38980290674134e-05
-0.000101191378469459
0.000251075010625396
-0.000249209141315022
-0.000528771354974204
-2.60425200454762e-07
-4.45150495023977e-05
-0.000328469308265933
-0.00017717026603443
-0.000379677525432157
0.000239022744678795
-0.000400409243788686
-0.000118226448186748
-0.000297772345765481
-0.000760122348384337
-0.00047188370277777
-0.00091715854629612
-4.09953164886672e-05
-0.00104247220979586
-0.00033054653280996
9.95841408565976e-05
-7.02946384869885e-06
-0.000218640935589211
-0.000804141103134217
0.000599591953477768
8.38186350634261e-05
0.000120833249314454
4.00293735416112e-05
-4.18184401414755e-05
-5.19150286210453e-06
0.000243497460474959
-0.000281798743941495
2.48328968992349e-05
-0.000527711337844101
7.13186955824443e-05
-0.000264398733867183
-8.33502241408782e-05
-0.000181406921795857
-0.000440513599334561
-0.000150299881384468
0.000174524953990892
0.000590398171062205
1.65783053259155e-05
-0.000391333676790208
0.000188251425211412
0.000282553070374847
-0.000541533884416636
-0.000353419918094253
0.000385205005272514
-0.00039141899471375
-0.000656102673282409
-0.000216014151782666
-9.7059754906738e-05
-0.000181772048890469
2.65137848118361e-05
8.29669913099609e-06
3.82050306337975e-05
-0.000228484987595737
-0.000101890188345394
-0.000201000989950198
2.05067700835359e-05
-0.000177813704354299
3.0168224524549e-05
0.000161704207603544
-1.77930723818456e-05
6.86825804162586e-05
-4.47491824518073e-05
4.08876942350814e-05
-4.07823725173957e-05
-2.45533180367393e-05
-5.71679983237341e-05
4.47866723582308e-05
-2.69806669089498e-05
8.19465080566997e-05
-5.04829454517973e-05
6.11710955278121e-05
9.06851511208266e-05
9.59586095230059e-05
9.33154523273565e-05
5.57566196522039e-05
4.107648001603e-05
1.71975761479106e-05
-5.2647845256296e-05
-7.6211919662437e-05
-4.77886898086565e-05
-1.09495373964636e-05
-9.36719333992966e-05
-0.00017751409620976
-0.000117787172050989
-1.90914362484797e-05
-2.42219214021574e-06
-1.08868925034938e-05
