-0.933506329529216
-0.875811849142627
-0.729844588163688
-0.468211971086048
-0.276395060099967
-0.218807352012511
-0.164342384221208
-0.106900470736263
-0.176913465293839
-0.155147348165811
-0.0909601499987777
-0.0377738399249417
-0.0859732164100331
-0.0425254373623527
0.0128933590593764
-0.0594464747959587
-0.0953147878876662
0.0150033334829575
0.00675811573924673
-0.00557428189651833
0.00107354575515911
0.00208563583510824
0.0168434087157543
0.00640148506485696
0.0264441471826027
0.0107682034876274
-0.0231600706851511
-0.00799334977824912
-0.00547142943148374
0.00223164186677217
-0.0169061985465773
-0.00118827936783298
0.00485012657756189
0.013852388740643
0.0293705816283226
0.0204730002392567
-0.0254621760583121
0.0113544832437986
0.00734619094914702
0.00263738170921677
-0.0135185149665091
-0.0193239044044755
-0.0356771508917742
-0.00608862242323202
0.00547211036401509
-0.0427645977529988
-0.0326509905650224
-0.0539724808969662
-0.0421343882467119
-0.00413296183365897
-0.0115327752857573
0.0534727791089644
0.0647997945606155
0.0157991573082379
0.00353306088460078
0.0175874891418043
0.0172725732889687
-0.0161724834793379
0.0162920654429401
0.00689530212369972
-0.0124011406225482
0.00233559511323709
-0.0157190080625488
-0.0782010571445397
0.0011149795235688
0.00790502027438982
0.126379950837805
0.023033088547416
-0.00605835859960124
-0.00545124893588178
0.012599469891104
0.0033919290760741
-0.00237148728878719
0.00148782999457025
0.0288129929317967
0.00131068527075414
-0.0358717846878265
-0.0644200134925114
-0.0611458463934091
0.00110925928852691
-0.038831955682081
0.000894234834444947
0.00209698431369912
-0.00756232493970867
0.0345241925949368
0.0169086471258638
-0.0520633836247092
-0.0129953636761415
-0.0116491768110319
0.0302138846234161
-0.000726746921801489
0.0174909339144706
0.00546378190656138
0.007982487321508
0.0645671151818836
0.00215205306453887
0.0230232536543156
0.0146991976902557
0.00236629198014914
0.00146024042906184
0.00987637222804094
0.0103734398087759
-0.00115469321417915
-0.00661755226758481
0.0121103264747984
-0.0100983296488794
0.020073944096969
-0.0431832604625121
0.00195628288016371
0.0058473652965956
0.0173790148057901
0.00379772416515827
0.0324913271877111
-0.00151963030972886
0.00270966961589878
0.00433127707953296
-0.00163856741525365
0.0367437916028936
-0.00258666293953151
0.00323417549201216
-0.00616892004460251
0.000809093482509669
0.00948210747621734
-0.00868824335486616
-0.000376227479726357
-0.0145708033499917
-0.00718504359002849
0.00184092214246324
0.0151958201426316
-0.0109564152324438
-0.00546385454262571
-0.0227430716156564
-0.0106762228279163
-0.00241523299211339
0.00376443768740957
0.00394739442901668
-0.00423941277422308
-0.00392975735825225
-0.00262018741175806
0.038891644091519
0.00860686053072768
-0.0210975963723298
-0.00496070619436841
0.000317741379573348
-0.0090449366549493
-0.00769895103375817
-0.0022308756097741
0.00429323069644665
-0.0028040244544491
0.0128842500680153
-0.00198246728561602
-0.0143344839138412
-0.0261013234272902
0.0126178074850776
-0.00225299613281033
-0.00012309104413117
-0.000414318030741014
-0.00891748333673059
-0.00760970050961956
-0.00577365264497435
-0.00979659825764896
0.00421565261431555
0.0168775956214783
-0.0233472917794839
-0.0267893038420863
-0.028199908535382
0.0268333414468
-0.00182212563057575
-0.00952459372321934
0.0143451872061584
0.0355155966753687
0.000913307411625131
0.0206100789951171
-0.0188236967289069
-0.00221571457126275
0.000609418823790499
-0.00745687704277561
-0.0381161963847846
-0.00904468477043279
-0.0081514678879727
-0.00922051213220399
0.0386789545847454
-0.00716154007155578
0.00479733470937509
0.00652815745975447
0.0181354767447624
-0.00124259601325411
0.000439242717729037
0.00363840519124677
0.00757395165079477
0.00106124670332201
0.00551079684177314
0.00243992940337871
0.00346423752560112
0.0151465284312074
-0.0246319256599627
-0.00957126366409851
0.076330548649913
-0.0326399853652625
-0.00492395970409808
0.00165656864636805
-0.0183223911507869
-0.00499078137894544
-0.00746871500762373
0.00554881427328889
-0.00213427463931896
-0.00625083792425913
-0.00439334141304919
0.00863488490955763
-2.42415389871348e-05
-0.00858332072469684
-0.00237705816040425
0.0211973506002184
0.00580904353990946
-0.00136215996870798
0.0119018319169958
0.00180508120596452
0.00904872788962161
0.00645851911856861
0.000223640097392033
0.0116299069507558
0.00438773546862339
-0.0109438407593486
-0.00571229864161101
0.0059189539342733
-0.000484390395787916
-0.00577087188163175
-0.0245917614254519
-5.0581003495761e-05
0.00143717980490738
-0.0091771587812159
0.0450870793456528
-0.02048208028255
0.000942288552623171
0.0125711403605328
-0.0104858735549554
-0.0220463626450055
-0.0174704846019246
0.00762877858127966
0.00147069293967971
0.00176889512096404
0.0062130041259483
-0.0124572792785751
0.0188037120767552
0.00102551827479599
-0.00629868613419939
-0.00653618359784337
0.00216750658995976
-0.00945048204586836
0.00542960539756409
0.00694222646107231
-0.000114343107187196
-0.00082622601152418
0.0129269509664673
-0.0019546277581845
0.00548625302436083
-0.00714640396107019
-0.011863063706852
0.00667264850993186
-0.01228565433637
0.0104950922043494
0.0177492276946123
0.0272405606564928
0.00344354123706981
-0.00287025320509852
4.90290171676136e-05
0.000668263831419309
0.00764637089043051
-0.00197669007024899
-0.0077228214899568
-0.00520342186114394
-0.00114998018644546
0.0201377587249016
-0.00415854713691894
0.0187554252790162
7.39061355301555e-05
-0.00785543134631457
-0.00495115128348149
-0.00489267598746709
0.00426305084510927
-0.00242052898177392
-0.0023320057481461
-0.00239083702044758
-0.0144370382932145
-0.017641590152498
0.0222188577295158
-0.00250351449265621
0.0134912492873806
-0.023748254241202
-0.0126776821897202
-0.00338348549097085
0.000645269247810715
0.00739060294896044
0.00273382078276506
0.00144769871308464
-0.000316499280243578
0.0175200329097466
-0.000924407873914618
0.0101558825337513
-0.0367965861538705
-0.00507411872796237
0.0013057875456179
-0.0137423951124252
0.00183338228162021
0.0132138658015213
-0.000226423587297706
0.00546632410770959
-7.1287824111939e-06
0.00459386757474812
0.000208474610717138
-0.00488315481037354
0.0138758632509003
-0.00249408539340973
0.00858027931713745
-0.00128176616954159
-0.00187492242989227
-0.0109019404869577
-0.00836197292333979
0.000410437839989795
0.0096218836482844
-0.00138363037564807
-0.00283599686719464
0.0169145300249599
0.00158724219922482
-0.000559548714861704
0.012681014181629
0.00177344943282799
0.0102603416342344
0.0042879547602549
-0.000574934179867028
-0.00643032714646793
0.00287507202104418
0.0263146191425707
-0.0043017995461158
-0.0155780736383742
-0.000452200036466246
0.000414466995509245
-0.00226128273440888
-0.00425049326350866
-0.0033531848602797
0.0239815970305874
0.0237596661656768
0.00564920076338523
0.000153305419285492
0.000535930370868502
-0.00582834527836353
-8.92274234038162e-05
-0.00793464624538041
-0.00253961189707188
-0.0031111093781788
0.00635377282033273
0.000960409466036195
0.0431595836680434
0.00189606753153596
0.000915755076713051
-0.0017209124653876
0.0063673497285458
-0.00395890834174725
0.00351058017175077
0.00255721768201715
-0.0046315720783646
0.00383795872152508
0.000907823864092681
-0.00549330225137707
0.00344374651910391
-0.0114851319652385
-0.00144753683379754
-0.0259593401413367
0.00137243684526184
-0.00349514537796247
0.00554207351542544
-0.0114494356850205
0.0240492605597506
0.00111677566689686
0.00273129072711452
0.00114366235158824
0.00277314427836482
-0.0206404930534697
-0.000257978315641651
-0.00235014925376038
0.00191683963639929
-0.0105276941498879
0.000869166037230795
0.00577553729383654
0.00324962561436736
-0.0320332888259918
0.00402944146071654
-0.00184356112144076
0.00884502072082648
0.00286930607880192
0.0049288189019901
0.00501411003768616
-0.000606973926349362
0.0040269921129847
0.00502090736872451
0.0104649199593947
-0.00940983703489399
-0.0283054286654219
0.0108806454480579
0.00132462114121593
0.000733459028341081
-0.00714140760971952
0.00893104591031281
0.00803325138648361
0.0154990022289991
0.0093648229675518
0.00132079245834532
-0.00207111119796011
0.000855734035016735
0.00506031097485519
-0.00310975620110767
-0.000114075506562437
-0.019445818339918
-0.0117025808176782
0.00456683593206298
-0.0514694400491613
-0.00406959195620114
0.00825594676569609
-0.0077436859417568
3.95724991082815e-05
-0.00291649923752253
-0.000597285761958334
0.000577629547966324
0.00268736172756435
0.00111618471602557
0.0151783081215575
-0.000964858498283479
-0.00278972105032632
0.0010764014006777
0.00235753365236255
0.00628361045285326
0.00326304268328269
0.0124695804151133
0.00662596681638934
-0.0211187570401746
-0.0372152431791212
-0.00798194712026926
0.00213565000097128
-0.00549742518540635
-0.000839457526701138
0.00397697994130267
-0.000439843986281228
-0.00437822582526289
-0.00222599661935358
-0.00332228165444741
0.00190992254182566
0.000528647669602523
0.00141710599121284
0.00326093688337104
-0.00188360094819448
-0.0103503412901275
0.00670057206836468
0.000626899511642896
0.00299830763793561
-0.000164673658709318
0.00470010546215695
-0.00201079011439634
0.00173469573721927
-0.000117376365571365
0.0016680306106171
0.00221664950477391
0.00687419371918344
-0.000745440636127817
-0.00516328858685215
-2.19606038389152e-05
-0.00148274354762888
2.12180207822535e-06
-0.000289544972201491
-0.000493741429845418
-0.00417049927480818
-0.0174724673597098
0.00439113371251007
-0.0138770045567892
-0.00863532394115836
-0.000733363016804299
-0.000387327218195434
0.000244360307726446
-0.00824902477895089
0.00310090177744255
0.00137282383900709
0.000540000320460717
0.00076681504683957
0.00329019407291633
0.0187836958032069
0.00256132058510128
0.0172595117910541
0.00658576916558064
0.00760864915536657
0.000296671083686392
0.00413213172728023
-0.00948873134120213
-0.00735306950316615
-0.000395013228830771
0.000863708315232375
-0.00486435398924744
0.00147469684280386
-0.000970492553678771
0.00226304319357931
0.00256736259636413
0.00829192629043303
-0.00189109295778844
-0.000242922395413056
-0.00278510780558582
0.000878945382508845
-0.00163849652775333
-0.0012413711371624
0.00118035093384286
-0.00581110061535436
9.96857831274357e-05
-0.0086163404338525
0.00392954464428165
0.0027311135271439
9.80593235777793e-05
0.000696508964630957
-0.00517907260895022
0.00288447632245903
-0.0106785845738772
-0.0128772632260797
-0.0253909246880315
-0.00129703616914078
-0.00159513868630358
-0.00184288766847691
0.00207843387109111
0.00418548531470016
-0.00494036435516038
-0.00120060931311828
-0.00556864841202366
-0.0132024471592593
-0.00478807873112199
-0.000275830083395701
-0.00104786616257035
0.00118884937869949
-0.00454884817646517
0.00156207065322949
0.000208607055534788
0.0056240172620824
-0.00104123235274963
-0.00617893083224436
-0.00257301799480006
0.00094170538359385
0.00198069488494025
-0.00305676628189585
0.010058113819136
-0.00283750852850506
-0.00110718517833741
-0.00635751788153818
0.00514033298270323
0.000613518571261142
-0.0162937654400853
0.000622537730964436
-0.000351697238436851
0.00795159687064926
-0.00214283042019383
0.0229242386044302
0.00852539029161961
-0.00488123165664247
-0.000217918063969071
-0.00138561868274087
-0.000503496101061526
0.0162003992184107
0.000692647811968634
0.00071825325472976
-0.00220162726313985
0.00390188734622834
0.0064350510210366
0.00401824990256426
0.00338176330424064
0.00147635459912929
-0.000403032550804937
0.00332916304693762
-0.007250927398001
-0.00187884467207916
0.00233902752823293
-0.000703619284897136
-0.000678103428877686
-0.000762425531275757
-0.0103176428323904
0.0082789874902751
-0.00241922744111859
0.00366101692058484
0.00200657695667452
-0.00952896736719204
-0.0181564061132344
0.00864725210197
-0.00752161514308447
-0.01240077130478
0.00307280757673202
-0.00335630691998771
0.0057640309446193
-0.00106802783076328
0.0492374212348879
0.00936250231898075
-0.00287192729533591
0.00407943456526021
0.00951779388237508
-0.0276260298418701
-0.0097450272763105
0.00322301282916746
-0.0170202603253834
-0.000656850926057519
-0.00513096524230369
-0.0042757090901052
-0.00305841008113555
0.0145814784937121
5.51712768927829e-05
0.000653233298546029
0.00206592232766467
0.000324415653157927
-0.00624046175048493
-4.67385271784825e-05
-0.00269939961105972
0.000152995471497379
-0.000441498335532722
0.00664030195983425
0.00232822591048047
-9.73574017862442e-06
0.000205000194841016
-0.00385886517358677
0.00158824342692848
0.000446699218690787
-0.000418735358507744
-0.014092610301279
0.0122678961593249
0.000414896477098965
0.00478997529684447
-0.00297114535974136
-0.00440009047470472
0.00082372702785726
-0.0174920329570826
-0.00133444447764581
0.0113748726253944
-0.0124495926116656
-0.000296030694824271
-0.00463057176419456
-0.00565005314800695
0.00247754031826798
-6.9899504487659e-05
0.000923914614463787
-0.00252369534639376
0.0234053337380897
-0.0120536380019436
-0.00354959653103645
0.00363828552584375
-0.00259825317071386
-0.00131976663353785
0.000280100635533748
-0.00775444791010873
-0.00460340926301015
0.000289546198463514
-0.000103034915078637
0.0185974109797941
0.00831226570600849
0.00950833944595725
-0.0060043069461032
0.00262154319350854
-0.000583246579951323
0.000344379957614832
0.0016937203102264
-7.58647272556052e-05
0.00114479724685877
-0.00261865542458162
0.0065617144218343
0.00131143529851578
-0.00420264402689303
-8.13434883153079e-05
-0.000351902705546739
-0.00312186546618866
-0.00369200951050598
-0.0024325857990718
-0.000253909828858165
-0.0048222464161829
-0.00485062224846192
-0.00263796303752287
-0.00124068107061361
-0.00140534379634102
0.000191842904764242
-0.00272169101582449
0.00181435229419589
-0.0031898804556776
0.00390566098379157
-0.0100055490799898
-0.000662140608968701
0.00817585633523824
-0.00069829537360909
-0.00471030270872332
-0.000568630582791542
0.000385754319354568
-0.000560310928134085
-0.00656818143416706
0.00111545249566275
0.00596069192626419
0.00316839784900143
0.00163377146785449
-0.00102228249123264
-0.0027648963725443
-0.00106671711526834
0.0116608030949478
0.0012445012666563
-0.003694071989422
-0.00631197797110077
-0.0204209091744184
-0.00215345242153215
-0.00723161214230649
0.00786801080444626
0.00123629831298862
-0.00578995459001564
0.00166224683922266
0.00148901150994709
0.00297726082277756
-0.000437795079836043
0.00219862427729779
0.00289899292829808
0.00174363257457073
-0.000145133915576113
-0.00568890338182821
0.0137751590447721
-0.00758109538383469
-0.00274859902167296
0.000707140517990657
-0.000476112550436832
0.00321407310438067
0.00450925309712159
-0.0042688168214601
0.0108762343296755
-0.00228557060496199
0.00754679406841961
-0.00312488823134171
-0.00153775218222409
-0.00386438967127268
-0.000332677929624554
2.39166240361224e-06
-0.0018975302940742
-0.00526474128911439
-0.00084246493630549
0.00149029589111703
0.00546815425891186
-0.00257144450198102
-0.00325085736276957
-0.000112564398189213
0.00227584986650909
0.00746438353687624
0.00352126476090009
0.0124102273641553
2.62742479919063e-05
0.000293698774116133
0.000164761823091434
0.000856931225020437
-0.00730948166240247
0.00142712504271789
0.000348019689966373
-0.000188488398953016
0.00142170639143151
-0.00326404825427855
-0.00209050233974054
0.0074438260541023
0.00117829514079948
0.00308766870220404
-0.00110546632951466
-0.0014554428092882
0.00517842857502139
0.000886574581924159
0.000275983345183291
-0.000910302018000413
-0.00169393732383092
-0.0050537274914129
0.00350289373199594
-0.00183380871788093
0.000912282790794282
-0.00193641355099779
0.000980954839807636
-0.00300004875891869
0.00353297374649939
-0.00254810617697786
0.001749096023083
0.00198062640259437
-0.00329078302661079
-0.000612492301900771
2.87047854087771e-05
-0.000171550503370463
0.00356160922016867
0.0039360345320806
0.000638286680702771
-0.0013097957139364
0.00186062472857116
0.00040192320188722
0.000800741728484478
0.00174168049179379
-0.000854686462046449
-0.00212042675392213
-2.714551572389e-05
-0.000213298049092592
0.00234100470547844
0.000235522479330355
0.000204428377101369
0.000262770780447029
-0.000349398454456754
0.000466098515269072
0.0026268148620199
-0.00692915876356778
0.00134265362159877
0.00788132234676886
-0.000166974149018817
0.00304425792592528
-0.00451357155043622
0.00368087608394574
0.000308852902901611
-0.000869655690847006
0.000160224161383156
0.000870485596607541
-0.000208117566979049
-0.00333830235919911
-0.000282646766391364
0.000532178580293726
0.000230824012982692
0.0027167541225422
0.00365256474457233
-0.00122751756639737
0.000324858239511377
0.00110377825970978
-0.00106863501264982
-0.000310316210501233
0.000374916963971849
-0.000217900660661366
0.000110553419873622
-0.000553498470596594
-0.00146127503248859
-0.00722620892905537
0.000556628116274326
-0.000660105764281777
-0.00184575505315669
-0.00330726899850405
0.000678888056771723
-0.00568067925569995
0.00179959460977857
-4.34192680735333e-05
0.000623455869542559
0.00786395688203736
0.000594813715332578
0.00126330278871213
-0.00593054160764981
-0.00171318144604168
2.46138376604232e-05
-0.00245036622531925
1.26490226376092e-05
0.000343401672361477
-0.00729466035563563
-0.00188417875786967
0.00047366974176475
0.00219575210314401
-3.72128913632137e-06
-0.000693703714084123
0.00115945420049333
-2.33653100905107e-05
-0.00245152770430042
0.000644892111763298
-0.000240227488623233
-0.00208706170119489
0.00101156307847253
-0.00462126601441787
-0.000381131294777328
-0.000194394489942857
0.000603135591220116
-0.000284784039650016
-0.000423613585947737
-0.00328717486971091
-0.00360760953445343
-0.00268381156745291
0.000904526449772078
0.000279368100365181
-0.00101076133785326
-0.000397823450833146
-0.000175767131721398
-0.000224374502664227
-0.0025429567726888
-0.00111951759235315
0.00935439402693866
0.00377538635259377
0.00102281129505824
0.000321001955276282
0.000940122540208791
0.000654748797463132
-0.000134252282534726
-0.00158374676336042
-0.000834142419451003
-0.00286513438531933
0.00184347575645312
-0.00053005842402137
-0.000560538127532523
-0.00102850862040052
-0.000915395949167752
-0.00121915885014182
0.00105189448255417
-0.00271545979613289
-0.000581772110487404
-1.99054636415539e-05
-0.000164490214621888
0.00840616506884894
0.000410200786366251
0.00161972274368669
0.00577588392726692
0.00365928799248574
0.000565526555435578
-0.000588460887582201
-9.93441393488197e-05
0.000219434293841649
5.16324860067421e-05
-0.00171094930546202
-0.000650171818997572
0.000759610576936265
0.000799111033061631
0.00151143096076645
-0.000558709186569618
0.000652607700202007
-0.00178672393780094
-0.00019202850373199
-0.0037944920844267
-0.000520276233418063
0.000560997728853299
-0.000148993751325102
-0.000502310764036445
0.000766320239964764
-0.00654940745323237
-0.000777672756158498
-0.00231281972778765
0.00121452215945739
0.000299733953428621
0.000563106131395985
-0.000135539084386315
-0.00107040054746538
-0.000886193509367071
-0.000335314481045277
3.11023599023792e-05
0.00117098691872941
-0.000499174704078128
-0.000843343594433657
-0.0010425595514352
-0.00315886540382916
0.000968477315043875
0.000376533996276397
-0.000561262099944541
-0.000146460589912989
-0.000809625945661592
-0.000420809236686021
-0.000149731395648879
-0.000931803287482589
-0.000189434492706174
-0.000979558623948788
0.000649812408741256
1.81708269823403e-05
-0.000406745458005532
4.32485045463692e-05
-0.000333571600289819
-0.00310642792865558
0.000222259902170223
-0.000188893902451115
0.000168895684520578
-5.64045017084318e-05
-0.00019981912234665
-2.67775491657989e-05
-1.26315340450313e-05
-0.00014022516414274
6.45215241643085e-05
-0.000688343137132146
-0.000161333959344226
0.00219656051404785
5.77187611441829e-05
-7.59432393009859e-05
-4.65231969521343e-05
-0.000123470249997892
-0.000460308813022293
-0.000229700652115735
0.00035750020530016
-2.54692195560168e-05
-0.000164245610428927
0.000173866155058767
-0.00193655650606828
-0.00180488768820169
-0.00124815192592864
-0.000515662108792642
-0.000271533294085265
0.000253820211268307
0.00013443404551739
-0.000158337911095342
2.11791406473006e-05
-0.00114572061866831
-0.00060957611562471
0.000188362049485231
-0.000172106418454837
-0.000102709836771627
-5.29067388561591e-05
-0.000159937813587856
-0.000387992623547906
-0.000258539486668124
-0.000154158221055318
6.99577784201079e-05
0.000101639109065889
-8.53671435541737e-05
-0.000136506729887308
-0.000152975379292541
-9.55694181702879e-05
0.000117915847225691
-0.000258327024606893
-0.00022327895112461
-5.03140030464063e-05
-0.000155688568324536
2.18743356575617e-05
1.36654183045701e-06
-0.000837798128223649
-5.22796931236804e-06
-0.000113284064088242
-0.000182390247633509
-0.000324859851414526
-0.000229390173795503
-0.00030780978847296
-0.000208032658757687
-0.000228846002664492
-0.00017689735315584
-0.000104354086618117
-9.26104298475943e-05
-0.000126181643985107
-0.000109855086351471
-2.6781761934268e-05
-6.18456451668682e-06
-5.66265752787452e-07
-4.17182636930917e-05
