-0.950617053832016
-0.817071302172304
-0.782631369568276
-0.596604603674982
-0.315897064762185
-0.219875007356603
-0.173480500542192
-0.136389274420898
-0.249546300951256
-0.14564477350825
-0.0758978438626421
-0.0791548371830899
-0.0657672910768818
-0.0275828082664712
-0.0274019774678146
-0.0748081169926108
0.00123472735666691
-0.0682756069385696
-0.0181181663331473
-0.00630377711825763
0.011613707036618
0.0285413819270265
-0.000690008872677137
-0.0139282669419232
-0.0127293227097139
0.00205281796992113
-0.0179958204390379
-0.0217976831603591
-0.00279958275373234
-0.0167102738906232
-0.0244579307860824
-0.0272337252305199
0.00371259643796005
-0.0393469581557401
0.0232135271227892
0.000365145787810238
0.0417758767530287
0.0220858848076234
0.0396665089789059
0.0196541031765349
0.00599319227681486
3.96431342034902e-05
-0.0169238288476682
0.0271654071856901
0.0168766874595719
0.048879476975116
0.00413682159862884
-0.00875394197716478
0.029303237393444
0.0311289554626845
0.00325184717219664
0.0260509076240388
-0.0417679159712638
0.00850849597829229
0.0321771295718435
0.018584196658102
0.0257096918727726
-0.0131120358644258
-0.021184521541482
-0.0469689353278824
-0.0277025049155614
-0.0562404322643224
0.0232102067935958
0.00742068334414172
0.00270657291882781
0.0731576011594831
0.0138737725033639
-0.0548061723118321
0.00490460832008796
0.0128729186019114
0.00562672784538887
-0.00376760720686132
-0.000964213541497087
0.00325942076428805
0.0202996233913047
0.0796888376779179
-0.0112914666782595
0.01099584384371
0.0324786858566752
0.0518455156926342
0.0626812210227362
0.0399767248256325
-0.0463897727181245
0.000493158512557895
0.000969963908130215
-0.0318480361389262
0.0108684058802765
-0.000754294279309537
-0.000203038583519706
-0.0185218566752468
-0.0203574136385685
0.00898913288018319
-0.041231103757035
-0.0652915050609852
0.00105651099445389
0.0166635905928103
-0.0788265274077167
0.0787671680296787
0.0069008186751628
-0.00929945977633022
-0.0286042970810926
0.00404869031619616
-0.00450744655775574
0.0350102397609295
0.0100687548302214
0.026304751777659
0.0135597820439574
-0.0021015783805201
0.0119929483048215
-0.010094273778515
0.0200133135781578
-0.0772538654354851
-8.78046651884255e-05
-0.0147213255864697
0.00761482186480109
0.00425009178590817
-1.82969795166146e-05
0.0134299828938512
-0.0284963770093886
0.00913961092812308
0.000402923735936699
-0.0296093917133791
0.0128529365356928
-0.00518969784962261
0.00683248620559817
-0.0116087890310034
0.0129576923305159
-0.0125583122006154
-0.00212351698026006
0.00537548520682478
0.0369015829664729
0.0449445616515452
-0.00150125718188195
0.00984428797975676
0.0095797684679603
-0.0053676200592824
0.0160259979504974
-0.0132119281144951
0.00563675922969932
-0.0163698362512122
-0.0518786292641556
-0.0414913362280895
0.00157169571638404
-0.0359827172053264
0.0268858027447629
-0.00404984027120848
0.0373820343946931
0.0378190065666687
0.00791244223766514
-0.00797065315794628
-0.0186823391127528
-0.00171045449173721
0.0206824555350758
-0.0251554542474552
-0.00325797191111073
-0.0319065105164278
0.00634315702394559
0.000999331701344594
0.0849392980324499
0.0128440309827556
-0.00187436168500653
-0.0350659548235233
-0.0348809287529731
0.0149693730895974
-0.00771068341219749
-0.0135619317151979
-0.000956015653873876
0.0513393383385808
0.00892418186518381
-0.00715973464005751
0.00071434453998733
0.0269996339137133
-0.0123094551373522
-0.120247643146084
0.00511390625968949
0.0083902516071177
0.0371733630449981
-0.00284580935025707
-0.000429271742080676
0.0011652822396365
-0.0215717623181028
-0.0194853488838255
-0.00238663529148844
-0.0174787051942407
0.0499871317416763
-0.00352769598809367
-0.0124606620218069
0.00657180902766946
-0.00243835450053804
0.0108992293378524
0.0271072605664872
-0.00468094737183392
-0.00427122441876174
0.0190740084012205
-0.00758254768619839
-0.00343356541009237
-0.00619792024895847
-0.0124584398833403
-0.0152235756191765
0.00792274469798406
0.0434375239105331
-0.00981365732459741
0.0083275236354827
0.0154910840450182
0.00596396010988687
-0.00354414541555032
-0.0171784103263911
-0.00150184472831807
0.0410133040285938
0.00308618647566777
0.00479736870689704
0.00721257559160858
0.00152218588736957
-0.00625615352388461
0.0136848051987742
-0.0103313084952723
0.00682711135992379
0.00295832858849066
0.00051243459111549
-0.00429938295127453
-0.0063111645524816
0.00852536638602313
0.0455844201015595
0.0063978693848507
-0.00795936799011133
0.0142918647189042
0.00113561221197786
0.014809591087371
-0.00731472149379433
0.0353987687141064
0.00318789038524982
0.0056553493279141
-0.00731926454620651
0.00685693797403842
-0.005626718871119
0.00399924686971932
-0.000114377736726342
0.031875770626404
0.0125160354559711
0.00226865216081804
0.000420136657410346
0.000122008339602169
0.010470486994168
-0.0502403401997703
0.00564559509712197
-0.0299628511601105
-0.0011419722674724
0.0015378576918836
0.0366122281257101
-0.02588877387072
0.00659562512886421
0.00634663023316304
-0.0270296447433594
-0.00299921646820307
-0.00271746125440737
-0.0020218332318657
-0.0121564443999874
-0.00903703611141681
-0.00188627975680447
-0.0235531702027428
0.00951564092147455
0.00687990513863371
-0.00281896784228376
0.0114104245193017
0.00219493788789049
-0.0204120228099502
-0.00379360425260152
-0.00121190515647546
-0.00362804404177737
0.00664646090545602
-3.28914988575396e-05
-0.00151743934051545
0.00908940845565346
-0.0130867761502922
0.0156599472386435
-0.00523369493545458
-0.0257299713689117
0.013165548859147
-0.0537017996005476
-0.00607075407266154
0.0312182205633338
0.0346665345497765
0.0196436530074904
-0.00286223616625971
0.00538585708084189
0.000786548908206237
-0.00672220702529951
0.00110563467433185
-0.0011554138378674
-0.000761983333626943
-0.00438635664859027
0.000191276221102058
0.00201842891667221
-0.00118166779119141
-0.00716097859648112
-0.0206222794782358
-0.00886153720739282
0.0223564942682212
-0.00419843642304284
-0.0104784553558113
-0.00310415712119767
-0.00158972744583984
-0.000598792855389889
-0.0159292704569257
-0.0127622085989735
-0.0023151151013961
-0.0118405488722302
0.00263141665429161
-0.0250731511994666
-0.0185393075495752
-0.00496897706674254
0.0205938799361513
-0.0197878138950841
3.66000852632903e-05
0.0127371228639783
-0.00199053627015587
-0.00117348524320434
-0.00372294524399845
-0.00487078444797174
-0.00440564326923732
-0.00265461134918819
-0.000519225313164181
-0.000579193508719924
-0.00138028198666455
0.000893671760580155
-0.02366163633613
0.000510712988659907
0.00842119113405199
-0.000927972388142517
-0.00230376495368213
0.00255941018982286
-0.000691747123571948
-0.000766122032231087
-0.00215409995795681
-0.00209895535663355
7.87871433121244e-05
-0.00647315529404977
-0.00574637812212889
-0.00622444108888173
-0.00734953398269836
-0.0489602962946634
-0.0088435082329461
0.0035372527813512
-0.0105469441321204
-0.00171164257074128
-0.0285429441323352
-0.0039781709500896
-0.00245164343300092
0.00203501639135162
-0.00127459095937047
0.00275269784313856
0.00600977283005875
-0.00292497076933494
0.110946666738116
-0.0133953631013311
-0.0188339480465228
-0.0102309221328806
0.00844050343964967
-0.00429346528715291
-0.00598294978103038
-0.00279247276892692
0.00790087832152905
-0.00665876126239187
0.000594598522474795
0.00229128791888122
-0.0243988021498767
-0.00142133734647471
0.0172211743371955
0.000915147273139458
-0.00382046358393591
-0.00486015886771335
-0.00665539120234876
0.00468911454373248
-0.00583295426263313
-0.00207007018467632
0.00598545492363965
0.00161669343771475
0.00419549435841558
-0.00332447934780755
-0.0430544820194697
-0.00940389135910216
-0.0026380097675521
0.00306927051329794
0.0019228571272896
-0.00315599420594358
-0.00516622194466449
-0.00740162784227647
0.00155858813602293
0.000626108029065358
-0.0896213199202458
0.00110953965596445
-0.000584207064242998
0.00457576095848381
0.00601462893243859
-0.000215858199186426
-0.000215440832436673
-0.0027408368045022
-0.000951236113039705
0.012248027117346
0.0027134882753847
-0.00164741161247785
-0.00113959951922748
0.00400989124990902
0.00276522510065149
0.00185847960727475
-0.00102043275184466
0.00233625381957691
-0.00427348670306636
-0.00680280260369939
-0.00107887527567811
-0.0014954515495512
0.00109464568737269
-0.000168170175103023
0.000437378959064029
-0.00021495475659049
0.0362507156539203
0.0305568686303823
0.00507630931884518
0.00401131166694429
-0.00696659159731518
0.0167949892729789
-0.0045826083652449
-0.00200906609621885
-0.0117018438434184
0.00176172813749509
0.0130056946565277
0.000911228009269212
-0.000878322229456328
-0.00439453845164835
0.00879517855853837
0.0300497818935082
0.00129466103870569
0.0204312056464697
-0.0138776302842105
0.0140891108212167
-0.0152219162029143
-0.00599122921439124
0.0117976725406134
-0.00331003499539145
-0.0113312749457811
-0.00686410251447641
-0.00852360397878798
-0.0119290476850623
0.00580206446475993
-0.00453053340248436
-0.00267447063028953
0.0137576175283617
-0.000258255160163346
0.159813644180558
0.000266203448924462
-0.00988046238020978
-0.00803738434634465
-0.00715300389397408
-0.00461846965040561
-0.00239844237647266
-0.00484347960503189
0.00918900463808486
0.0177102214246592
0.0191842690068019
0.0191443150796806
0.0143980610491862
0.00373640502423599
-0.00833392439247551
0.00398036966408673
-0.0085362138486168
0.00249484163809054
-0.0174780474354342
0.123379253352112
0.000199277104678774
-0.00144234600961722
-0.000856009375461418
-0.0123278857658329
0.00769766837749883
0.00757148954288173
-0.0218823439948672
0.000664177775486791
0.151933614924228
0.0310448278971543
0.0370646754202225
0.00460233311030147
-0.00628923737542885
-0.00523871322898987
0.000490470426475156
0.00107421742272384
-0.0116002183890239
-0.00620932777319086
0.000413285133587435
0.0039920214101788
-0.01822984211418
0.000753150235223779
0.00202532671366733
0.00479566058357497
0.00473982468474913
0.00927772793073645
0.00543539471788205
-0.00166045565161805
0.0461682638226088
-0.0277050177229998
-0.0080273248180466
-0.0126726241617562
0.0218120395394085
0.012829432686331
0.0114175650014206
0.0384938780783093
-0.000662215551217828
-0.00689203740701178
-0.0155691456956308
-0.0193605423856084
0.00301222154986066
-0.0104186336871941
0.0018273305203694
-0.00609612478572674
-0.00581771162932587
-0.000485173641657862
-0.000614482792413589
-0.000592094494917705
0.000396542938433913
-0.00146869567278216
0.00201900828253525
-0.00120474427360873
0.00229369758772281
-0.0401787893172918
0.000205013138368596
0.000627015806445178
0.00216521978843134
-0.0102441652569132
-0.0159007922438796
0.00446808909596648
0.000714154704942746
0.0131944768598439
0.00319060837891142
-0.000687080257395541
-0.0012630733314579
-0.000533927199391866
0.00332902333176714
8.01853420441897e-05
0.000437915099072406
0.000440220889280364
-0.0077373109624553
0.01480592118221
-6.66265216458532e-05
0.000218144706105224
-0.00166690119761899
0.00152911258210332
-0.000614225020911584
-0.000492925838190439
-0.00180864861059491
-0.000519014128214434
-0.00364888084182527
-0.000600375487444599
2.35149008882243e-05
0.00201614982187747
-0.00098988610678527
0.000736652603387935
0.000212853004440703
-0.00143249460082388
-0.000702205372471922
-0.000679029436026624
0.00745887173152213
0.00734042176655504
0.0187555242422837
-0.00150203697709806
-0.00070476532513751
0.00206638490477681
0.000472427691181151
-0.000701798587845078
0.00537720628481694
-0.00986480561036296
-0.000357949490920309
0.00522106660049121
0.000482753253135926
-0.00448549494340847
-0.0369355157871585
0.00382606476493837
-0.00020052047966136
0.000354408606841722
0.000120109866025854
-0.00452086965727688
-0.0112888647211403
-0.0028226110825204
-0.000114534913692173
-0.00170154932154442
4.72557820866134e-05
0.0123741277209096
0.000734308407692573
-0.00183807820308267
0.00275641942850488
0.0163602323693556
0.00442273317405904
0.00198855074214295
-0.0290177655768505
-0.00325531359314909
0.0122347222588873
0.0105046608951999
-0.037639584180992
0.00255391422652475
-0.000575123313438582
-0.000350959117764556
0.0635878860723133
0.00416895309217249
-0.00535772767161579
0.0538694758462636
0.00347821303987751
0.00614135999195032
-0.00531680493736368
0.00271758096205855
0.00289695942211021
-0.0158810994886696
-0.000616312913191876
0.000918108539449115
0.0046712751515583
0.00180815401141033
0.00125631592391138
0.00143874557611626
0.000869944246599886
-0.000452541062567825
0.00454838779407148
-5.20438855530686e-05
-0.00161310620209932
-0.000325421884401756
-0.00249069159008998
-0.000891420939211472
0.00415444469699226
-0.0105295461778664
-0.00447559450331593
-0.000810771915167561
0.00361625165373633
0.00153008637426981
-0.00161887292830451
0.00159517347669308
-0.00686053760492562
8.21225831921061e-05
-0.0043461589482471
-0.00631283664889023
0.00183174586380818
-0.000665471908648262
-0.00097659619199131
-0.00142417656668787
0.0087454610608334
0.0010309962371948
-0.0448354324623306
-0.00382230802633778
-0.000549458151011988
0.00146215596076662
0.00812033335938224
0.00879175127979502
-0.00713925453100772
0.00142374903459673
-0.00605189096342343
0.000869522336498506
0.000363064416047057
-0.00419063513402433
-0.00289365846273669
-0.00565070841283552
-0.0597446025666032
-0.0154116293710295
-0.00913011754451173
0.00251893104448781
0.00164505023440387
-0.0914471976709088
0.00230435691769599
0.00323017348412592
0.000517274753484178
-0.000145230991515659
0.000197413862895188
0.010254490091726
0.00679729446949953
0.000418067612723195
-0.0158994046987731
-0.00267945434642831
0.00221618498605156
0.0003666228501345
0.000902307667760395
0.00086964825679203
0.00401069066765571
-0.000447888261623067
-0.00170569097245357
-0.00489503995424349
0.00129053370924399
-0.00297504308757937
0.000384990192448507
0.0174526101196219
-2.21333717489549e-05
0.00158831524078187
-0.000846700926138734
0.0158906224089855
0.00120872990196892
-0.00061268886323155
0.016241137424041
0.00828982114786385
-0.001596468837981
0.0021665068427262
-0.000627063160314026
-0.00685580422253915
3.83289922072994e-05
-0.000489364521730914
0.000639637191015126
0.00146223389193107
0.00560711251565055
0.00156456993182554
-0.00124315938204162
-0.000386072440495075
-0.00310360716807592
-0.00116761214170929
-0.0012384697646801
-0.00500046044193039
-0.0215252393433433
0.000682491738285611
-0.00169808947579693
-0.00839857751410143
0.00499832945172677
0.000476370937648025
0.000457697317040292
-0.000227435434222533
0.000231667243584811
0.000690246614972137
-1.45914243357131e-05
0.00070993887376917
0.00217065392628614
-0.000336346209566497
0.00288546701785682
0.00166038920302558
-1.1753851527118e-05
-0.0035774624566541
0.000589162378343182
0.0021991312925435
-0.00118020665535247
-0.00234138801798777
0.00810232776678398
-0.00388116993404545
0.0273717375813901
-0.0006503134756421
-0.00152194743518737
0.00027627894898586
7.76684541824797e-05
-0.0052677062845733
0.0012518691090636
-0.000782787486174029
-0.00230249609668794
0.00430177515913316
-0.000769342346815052
0.00590750727088687
-0.000695234105979215
0.000131700251930344
-0.000865608461939436
-0.000147031503467244
0.000355831131976443
0.00649053094895159
0.00176958869376707
0.0004521765833439
6.56794368635101e-05
0.0006570309580436
0.000308405249237751
-0.000268385348723194
0.00773851150078466
0.000747033715930857
0.00434290748725602
-0.00229667323044267
0.000924199211685729
0.000296677768133888
-0.00105045047838795
0.0040158834023565
-0.00299622914546833
0.000481330815760542
-0.000964445235294969
0.00053149120711675
-0.000195612273174185
-0.00164906888197642
-0.00120528724407689
-0.00416475038596487
-0.00458663190955301
-0.000757482196773893
9.34767253675809e-05
-7.25527350911231e-05
0.000788692746664336
-9.48896965597148e-05
-0.000148334013967442
-0.00096152457075883
0.000111181942859553
-0.00171718069154376
-0.00243444891911185
-0.00047985674368199
-0.000136212731042075
0.000881480241740273
-0.00099000551569538
0.00107373852322777
0.000569396395782778
-0.00505039406934053
0.00154608150879914
-0.00228829925454622
-0.000276127865067618
-0.000909421753111721
8.7326139530977e-05
0.000151397888306058
0.000613581942390623
0.00302592534361541
-0.00167323687339239
0.00107754918576203
-1.30504354205856e-05
0.000434665927867949
0.000324773594452583
0.00205792778689027
0.00180316796619753
-8.62121944685791e-05
0.000638474898481101
-0.000427537663355343
-0.000323880086481669
-0.00430069672826726
-0.000707298484235275
-0.000230335261867694
-0.00145301857800619
-0.000385355849810769
0.00238141435071393
-0.000788087853267276
-0.000568961829545848
0.00349820171423217
-4.38507071022234e-05
-0.000935174340329013
0.00356626611310644
-0.000995687246192717
-0.0118384592415352
7.18432491706248e-05
-0.000374599625538242
-0.00227907161187238
-0.000413752624149421
0.00120058171359021
-0.000945555458155284
0.00653732294545664
-0.000180354734826099
-0.000530121962007434
0.000978913327580362
-0.000405781899207667
-0.00430944538173137
-0.00096894730065342
0.00142161207231083
-0.000529016733074919
0.00182645947059433
-0.00127972591513912
-0.0034074890897089
-0.00122400729845892
-0.000293189048581428
-0.00385536905233334
-0.00106141082492536
0.00182641129886614
0.000705203334990537
-0.00497684069341953
-0.00173303465998125
-0.0079598546316707
-0.00546715991169952
0.000274661954257205
-0.00180508246922439
-0.000391062862200687
-0.000533127233406702
-0.00770309431494057
-0.0214171586091161
-0.000362822776183005
-0.0105322813688337
0.00439880274024006
-0.00145011105174363
6.88669886792499e-05
-0.00253760883895476
-0.0039790227241684
0.00103873304314864
0.00184750122570796
-0.000251146799626246
0.000205721905112624
-0.00019700623985863
0.00066509205633661
-0.00114339203389866
0.00113702373441366
-0.00153216988609749
0.00146054206283891
0.00171942237804745
-0.00257558378703281
-8.21998629794932e-05
-0.000713305832430606
-0.000601295494248144
-0.00163080507278944
-0.00128963357149255
0.00472109411506148
0.000435423282135302
0.000631468109844992
0.000333772687403163
-0.000435386254819731
-0.00127113284037247
-0.00115693114327506
-0.00210125936552343
-0.0012325795788367
0.000780535303475321
0.0011983017213306
0.000372130763445039
0.000181902520243494
-0.000315229368997209
4.36290607917539e-06
-0.00227819162400165
-0.00214192446127277
-0.00281472156040153
-0.000426656784832553
0.00067363893240872
-0.00153527743231125
0.000630926242344142
0.00104524072529159
0.000110178223059461
-0.00111523762102225
-0.000789087245844342
0.000216649955636635
-7.7042493366757e-05
-0.00332518429217177
-0.00384181311914802
0.000510041741433847
1.86719701166241e-05
-0.00142171517569601
-0.000603267779517589
-0.000206539149523174
-0.000411517327888918
0.000768144510920134
0.000172014144081694
-0.000398026518196346
-3.31123337884193e-05
1.60946253503695e-05
-0.000345788703507876
0.000680562142466151
-0.00153776955252148
0.00125405101394096
0.000295495029502397
-0.000885330220459146
0.000557870619085791
0.00094640847106995
-0.000471971170096385
0.001147624743868
-0.000154451978587984
-0.00021332317000634
-0.000134790518453579
-0.00111727850866818
-0.000630699595238253
-0.000547762857114141
5.3559623577583e-05
0.00024924660855298
0.000494519651731066
0.000340813349810528
-0.000763970057141904
-0.000444765694897008
-7.56269248009513e-05
-9.14427180011657e-05
0.000221665417035486
9.31721794970658e-05
8.0127758466752e-05
-0.00289299994016943
-6.70720753306179e-05
-0.000125977346760015
0.000136535399775232
-0.00203305700457399
0.00112871833538139
-0.00034021291699145
0.00157644508111877
-0.0011110486294896
0.00254855747902301
0.00103891855572377
0.00125573628922943
0.000181453350887734
-0.000266349588759033
-6.51074344388967e-06
0.000200536989300855
6.59445717059607e-05
-0.000140576747284872
-0.000411780113278413
-9.97324849812855e-05
3.54521831210817e-05
-2.22760775935229e-06
-0.000497626635662574
-0.00026819547948539
-0.000446596937969209
-0.00031886094576219
-0.00012142167516206
0.000249245275734305
4.81164942859049e-05
-0.000626228104946189
0.000744414903789366
9.10378689706823e-05
-0.000129914887395166
0.000247270440761796
-0.000134182931751309
-0.000134039575395168
-0.000119131106721232
-6.96476357388339e-05
0.000265856468089353
-0.000253719986071994
-0.000239584248835531
-0.000336031775664937
-0.000134207388773478
-5.85207142850546e-05
-2.39732992926642e-05
0.000305070886932827
-0.000277867330010179
-0.000133663198062264
-0.000231022635596084
-9.54589669501095e-05
3.07721142758913e-05
1.14743562015018e-05
-0.000197989433320054
-4.87022796703681e-06
5.88566453708066e-06
-0.000166261287244733
-0.000264009229886134
-0.000194342666367359
6.29232806289818e-05
-7.08636938117652e-05
-0.000137156838979176
-0.000104841084823305
-0.000132814785509631
1.57412523506831e-05
-5.90959959608629e-05
-2.51808514199253e-05
-7.34375942789571e-05
-5.37282207240924e-05
-0.000115894174341497
-0.000315528004759096
-0.000178120001692115
4.17834964469533e-07
-3.43135102081107e-05
-0.000146915830273791
-0.000122658006334102
-3.15403187165937e-05
-2.51950074444949e-05
-1.5764271156151e-05
