-0.873342659949746
-0.846454304393531
-0.932984620501323
-0.824658979567315
-0.620073346931944
-0.315127539007037
-0.192742468674113
-0.196692394924826
-0.163808960037157
-0.170707416810397
-0.154638507330637
-0.144200102211922
-0.100083489911115
-0.0458899845893813
-0.0166202666355326
-0.0271576260558366
-0.0392415017794419
-0.0230323418968828
-0.0131097871813516
-0.014613638096383
0.00852337619215265
0.00506957342362254
0.0196973777595249
0.0208395431818862
0.000935889108205129
0.00259741221795434
0.00559015741324244
0.0103859216444352
-0.0373584231530436
0.00562440974023944
-0.0138631062072525
0.0113446764500351
0.00323250084339467
-0.0012585400592471
-0.00660830026805611
-0.0126525321549207
-0.0183312235002622
0.0236399300967948
0.0129914242811716
0.0333293708252368
0.0173024480884954
0.0124146486656959
-0.0281508314291157
-0.0239456544892319
-0.0157543886354642
-0.018529057574726
0.00371161152166082
-0.00231529414274223
0.00325170751442629
0.00628675234512041
0.00764279590621689
-0.0215301092031932
0.0102142339419883
0.0324358058568896
-0.00215898340329205
0.019094336242575
0.00777730294615094
-0.0284770717555959
0.0112926316890476
0.0103672647277867
-0.00642308221961735
0.0190838619757736
0.0119127311970817
-0.00924032648198556
0.0181199896875898
-0.0526753817831173
-0.000810945924015292
-0.0266322172220031
-0.021622992318391
-0.0109267039907956
0.0126495357187029
0.0273893344273754
-0.0262985067151201
-0.00403721621225818
-0.00184303087048133
-0.0164982641374908
-0.0179457695992761
-0.000657540396522721
0.00255765135730352
-0.00139348609392497
0.00281201739176954
-0.0126050517912322
-0.000555191516016872
0.00516248010124977
0.0195771328876616
0.0132570217663505
0.0235925037453639
0.0122505495887822
0.00966444088003237
0.000881391757594014
0.00625472979602656
-0.0196331120981051
0.0239872769578837
-0.0425904495324976
0.0965770166975418
-0.0187784123625811
0.0057090456647318
0.00131508557312825
0.00135732504264484
-0.0106649763948094
0.0100166385529174
0.0404392169092173
0.000162156182790146
-0.00469235621970445
-0.0229635309982913
-0.00575668474654089
0.00552440544126224
0.0106853502996357
-0.0060334093601436
-0.0532126506359837
-0.00570273923923213
0.0135650550104296
-0.00260648897296901
0.000138104165085474
0.0196502089059379
-0.0208516392839117
-0.00835733273710095
0.00674488455062874
0.0075787925479779
0.0170285925099311
-0.0104752581554917
0.00463914771960591
-0.0403665667427144
-0.00124403360508217
-0.00619088776124157
0.00681156985758559
0.0252616181833414
-0.000642039319727245
-0.00687385686879407
-0.0106421764032335
-0.0137573711863253
-0.000855524557941102
0.0238228843497917
-0.0478640026806669
-0.00437240635735089
-0.00532527711653583
-0.00661210752870307
-0.013371184708146
-0.0108427662481137
0.0010027664288387
0.00531782260554368
-0.0160841540831987
0.0101099686509014
0.00965156760735736
0.0333879220037582
-0.0170842069798189
0.00385367676979909
-0.0013810952377682
0.0299151660298365
-0.00158853827619917
-0.00119498969731537
0.00437033091569421
-0.0141042131038539
-0.00350855021113009
0.014686222509926
0.0102997146911
-0.0232590120733178
-0.00308708591880452
-0.00741906010924729
0.0212457995731883
-0.00313444703285566
-0.0160606885127239
0.00628903749567351
-0.0191147273535683
0.000300888345849043
-0.00438835068143991
0.000703083029471981
0.00437499702001628
0.0158511119679699
-0.0634542107146764
0.0142279030105173
-0.0284109023389002
0.00638014843030203
-0.00327966919458937
0.00884161791884931
-0.00546893837931736
-0.00455901829802556
-0.0133446874641446
0.00342557002263882
-0.000532274387840207
0.00147636122134393
-0.0195524891510361
0.00816261335965381
-0.00232381713723161
0.00912324037906394
0.0162605000005848
-0.0145499720371386
0.00370491048835013
0.0217120729641461
0.00685153097207
-0.0019523766567881
-0.0192130887828607
0.00844913053262961
0.000316163624230763
-0.00157140470989333
0.00327606101966026
-0.0235308823382414
-0.016459264621463
-0.0157255507899687
0.00507619023855229
-0.00643090349770098
-0.00195943397101485
0.00119818993056922
-0.00182691769324584
-0.00403983709609624
-0.0184907869626173
-0.00172685882416415
0.0253020658303308
-0.0113668181202445
0.00210341068176226
-0.00158925508615456
0.021070765948969
-0.00796057265752488
-0.00663022941552103
0.0215139845433939
0.00590281087788387
0.0188845994654462
-0.000186613880709858
0.0495864157880825
0.0128363455502797
0.0102353183599426
-0.0714392530701173
0.0125657822906567
-0.00098643014296851
-0.00582896810262259
-0.00220046405480426
0.00585350048630807
0.0126964073320983
0.00277041036983922
-0.00102946618865666
0.00339664236934592
0.035614990188628
0.0279545772939628
0.00323640256497254
0.0249710703376618
-0.0190509410815055
0.00646292878416451
0.000677360574965029
-0.0244707624441288
0.0028968668470629
-0.0237183898284183
0.00564620374837411
-0.00631770835482391
0.0102637062111681
-0.000879801642764654
0.00067217833297836
0.00536965576278228
-0.00268839452157498
-0.031824620255085
0.00626619699814648
1.03847613454756e-05
0.00421421914154895
-0.0123997292624332
0.00471579385032054
0.0101057789111179
0.000914927574946326
0.00845062725698029
0.00327195709587722
0.00145813922657898
-0.00119562540061992
0.00946830296154239
-0.00247519759725908
-0.00277640736684684
-0.0024779581875658
0.00051233224500483
0.0015790948704363
0.014011777927379
-0.00617962452764813
-0.000479623953428756
0.00306190816164079
0.0105301723162027
-0.00290707509844951
-0.00857987726951508
-0.0118219050312154
0.0165940640869219
-0.00757622390345143
0.000835607465002822
-0.00469740176700547
-0.00199748591567703
-0.00373683021300575
-0.0114495102513659
0.0106095090431341
0.000555177741217962
-0.00280057077060619
-0.00874819186879641
0.00364878334570277
-0.0154260622512031
-0.00197805822745116
0.00803521517994955
0.019841081444077
-0.0145996565175343
-0.00536437332536772
0.00434408313550565
0.00355100293563158
-0.00992344782321269
-0.00434433026748719
0.00125356063445743
0.00694784324521605
-0.00630717561053962
0.00662674167300368
0.00150555449251821
-0.00425939627756324
-0.00609868071148874
0.00193929290712641
-0.00136832095293983
-0.000466426221168871
-0.0034487115126665
-0.0139608984159482
-0.0379322917023615
-0.00646014569213216
-0.00274366809876853
-0.000201590510999983
-0.000333740219063492
-0.00350569476909265
0.00216644732136418
0.000755832922444524
0.000604191165896373
-0.000265636184855955
0.00912392183194565
-0.00071572517383761
-0.00184938354151574
-0.00568108938360451
0.000387682548656701
0.000306840657015779
-0.00534451474261776
-0.00600212291213857
0.00201069224212627
-0.00404226906886555
-0.00159205334968365
-0.000492919855705101
0.00110518221331413
0.00413688034898834
-0.00142560428382723
0.00402913477939895
0.00225456368174889
-0.00247925550005586
0.00560079503445075
-0.00206760452718426
0.00123286213287599
-0.00231016534480652
-0.00556362698545975
0.00133532869477079
0.00563304925589241
0.00123221250561527
0.00322848261199695
-0.000632685278592292
0.00671595240550813
-0.00489607713487038
-0.00248355106478189
-0.00255803056927492
0.000675656364595901
0.00434189576047083
0.00158210765980875
7.55470912264092e-05
-0.00080072448477037
0.000427154599107165
-0.00533834014015609
-0.000865437155477405
-0.0108742261326589
-0.0166761818754084
0.0040627005819491
-0.00459353121221965
-0.0264789709441882
-0.00852562187374019
0.0108221198586287
0.00083859649107933
-0.00175503823319924
-0.000938642148913974
0.00832262952010276
0.00745602879438484
0.00291291268262205
0.00435777092158017
0.00299517592311779
2.49225223930518e-05
0.00225134198343296
0.000796937852352918
-0.00690314814251768
0.0011448964811339
-0.0044637672016211
-0.000756499611391825
-0.00212679367568049
-0.00688881927575362
-0.00309472240576303
0.000960783499699944
0.00188658533301787
-0.00643536902004868
-0.00191191111120793
0.0033704143605493
-0.00788134783282554
0.0163143746060596
0.00121549943317652
-0.000625647853475223
-0.00173873199759066
-0.000380420452753071
0.000717012629271229
0.00104192651863059
0.00858578245527949
0.0159907302051797
-0.00174005434862429
0.00411402788922938
-6.68652273454915e-05
-0.0169541081546195
0.00555375241844408
0.00326930926376135
0.00784362365231617
0.00884087125575637
0.00118374590965525
-0.00531299024627842
0.000559186308816269
0.00552408925459058
0.00670015987874724
0.000530698757195708
-0.00369737732994399
0.00821155253204373
0.000422664136705336
0.00890960335731168
-0.00741527595281252
0.00977597654087772
0.00450133001479775
-0.0024735609941409
0.000961465425578438
0.00347487512104478
-0.00138037645993505
-0.000584568954636754
-0.00355736382369609
-0.00426555688621976
-0.00136929221309865
0.00251790065795031
-0.00457831395328286
-0.00533370881824879
0.00160345191384045
-0.00173083364194219
-0.00175775156645426
-0.00453773491273579
0.00184067111334865
0.021170489548494
0.0077231281339781
0.00629229985717783
-0.00916243035687662
0.0060321067155891
0.000602918023221665
0.00237356092926158
-0.00125613171256982
0.00967288341634866
-0.00201708718792561
0.0140112516296084
0.00172137977232476
-0.0084366368210551
-0.00852523683947896
-0.00214917820516955
0.00171665627344202
-0.00185497187766267
-0.00198408315603491
0.00709109159701455
-0.00338188648551601
-0.00128083621802116
0.00156300917359661
-0.00375581008575407
-0.00405553325506132
-0.000566382031800361
-0.00454644301536987
0.00967517199416208
0.00123893340878569
0.00582728449692886
-0.0064051993612451
0.00195091224662159
-0.00262573693135043
-0.0202032415101651
-0.00200809036991033
-0.00356494991463708
0.000356927033147638
-0.00162327761508721
0.00564343920819102
-0.00432962344524159
-0.000706730590018446
0.00106486742170602
0.0101636652020417
0.00317161219361604
0.00703518814638883
-0.00226450347663175
0.00306044567461104
-0.00113385877981445
0.00175491942676241
0.00314321764734093
0.000185661388462802
0.000368812216626746
-0.00133805854216198
-0.0002931662427631
0.000448666982638358
-0.00107661286535179
-0.000727348310565955
0.00201064160479554
-0.00115767839472333
0.00161219061799927
-0.00953632920866042
0.00241250523116324
-0.00265472118521304
0.00521115818533463
-0.00202263095062123
-0.00396750952664153
0.000913348484724015
-0.00130785679284024
8.01777279593097e-05
-0.000458933991374937
0.0112787316127186
-0.00257161871910169
-0.000178555999117668
-0.00114804461136411
0.000542484257172997
-0.00206154548197631
6.18925089688438e-05
-0.000875541325952182
-0.00383514989830431
-0.000342761346796132
-0.000889355319260056
0.000437185910351426
0.0017211251830611
-0.0137986684184561
0.000312948129491309
-0.00257238466410647
-0.00139999046600464
0.00157314500963903
0.00172826903749023
-0.00039681224945788
0.00497429278407447
-0.000676365772505173
-0.023947786421911
0.0040752129690859
0.00140520208761506
-0.00176394175280108
0.000685159445285016
-0.00125950302681427
0.00151324719140651
0.00148818626484255
0.0041397484184474
-0.00403651553321257
-0.000602752171825587
-0.00628637890279339
0.00114193159416511
-0.000609820717702542
-0.000374581845687251
0.000876450867965429
-0.00111579542966399
-0.00249905731754363
0.00254125853588075
0.00195050131845694
-0.00143882892265437
0.00673437730700895
-0.000308268571859764
-0.000313546029123387
-0.00249507038565485
9.64038164556753e-05
0.000983262728733432
-0.0010123653323669
-0.00172019151851786
-0.00377806201480203
-0.00576949035573185
0.00083285517855286
-0.00675147725822713
-0.000396909286452208
-0.00305748976764344
0.0139905402970169
-0.000652356150976426
-0.00299945889905943
0.00355494710108586
2.54552743102728e-05
0.00111052484401794
0.00250737184607027
-0.00635847053017127
-0.000808865543733059
-0.00286537925338271
5.91198778581844e-05
-0.00155321328307113
0.0114987636763912
-0.000969588768073788
-0.000225267522830776
-0.00268206359520298
0.000504204071412661
-0.00276764782840648
-0.00168633249911836
-0.00511331812113197
0.000633272731201936
-0.00182846365629297
-0.0156056197589968
-0.00812960362926543
0.00273208285434228
-0.00259007364725041
0.00135909963407705
-0.000741155405171289
0.00118004243070437
-0.00141279100448519
-0.00222456890602656
-0.00245765180726433
0.000907611282732707
0.0016078338236706
-0.00348405348474847
-6.1665044020441e-05
0.00135408025832007
0.00130701595076896
0.00308295058579923
-0.000305949195971534
-0.000624725304284092
0.000394064221429623
-0.000804885575797048
-0.0035660551259026
0.00187554326003468
0.000429855532854751
-0.00369762266173788
-0.000523804433047468
-0.00014910036831642
-0.000247127688037406
-0.00498858049274086
-0.000377795379858544
0.000669691366022408
-0.00372353649782288
0.000737343200683561
8.80455489131737e-05
-0.00202298958880433
0.00117090281754733
8.47597851683897e-05
-0.00203404614650083
-0.000996991160458375
-9.29716871905497e-05
0.00130743703611616
0.00146027135255267
0.00119007326326963
0.00479985188918165
-0.000121658538181418
0.0285222189709247
-0.00360003523945231
-0.0022100616317088
0.00125830392019345
-0.000685669434015067
0.00395320215181932
0.00153807409090222
-0.00066839547072431
-0.00329709627173559
0.00178174736154305
0.0109824470216367
0.00511711618636318
0.00120113979765553
-2.5235024389743e-05
-0.000609894550837477
-0.00141512644205695
0.00245803355060284
-0.0213997805639338
0.00578567978260684
-0.00329678641945205
-0.00214754154913359
-0.000561980312586871
0.00295005212272828
-0.004367201436073
-0.000599880976403933
0.00113336547361208
0.00130478032411152
0.0159845032671651
-0.0098259220010668
0.000559806720792111
0.00126088585511907
-0.000782778982426012
0.00381136209406153
-0.0115461038326204
-0.00810743057749339
-0.00915803585582054
-0.00592196999302632
0.000797239452239197
6.44465521514076e-05
0.0024584508958919
-0.00326871168755004
0.00118022936308424
-0.00355022621452115
-0.00161391922326373
-0.00137718164003919
-0.000457879527575885
0.00366104999280189
0.000340475348416584
0.00444907860788276
-0.000802978705485361
0.00713443330073871
-0.000793662727201343
-0.00594288099929056
-0.00313183101413214
0.00358488894713801
0.00136518490925527
-0.000982367929709359
-0.00239509080291967
-0.00401889193851921
0.0021693483369936
0.00251511855268329
-0.00274361653011749
0.000433183971032636
0.00221411126997588
-7.45258335943577e-05
-0.00189026148134311
4.22267640221075e-05
-0.0329169375867233
-0.000172429546313718
-0.000720444732947378
0.00193698876429617
-0.00252995590725586
-0.0173415030917023
0.00130096359880723
0.000929334583053583
-0.00181042803849933
-0.000522011379708081
0.00163017878712969
0.0116286435126552
-0.0138272684021575
-0.00225549281552329
-0.000142757165586081
0.000630513714222606
0.00161668497833456
0.00225206156562407
0.00111866388273096
-0.00136938225732189
0.00745035180313976
-0.000654794572963181
-0.00302458379140305
0.000955344489038642
-0.000224477438642041
0.00506642654866724
-0.000184912038917069
-0.0087532976609674
-0.000366627716501733
0.0100049193554526
0.000220549766492229
-0.000821279448994593
0.00469317540098323
-0.00372351942480687
0.00225183437099262
-0.00428196558515109
0.00292690542884682
-0.00171756023254944
-0.00432454300105052
-0.00269985541104097
-0.000420201145886483
-0.000890042491793395
-0.00325933915419688
-0.00313976056659205
0.000942887026469893
-0.00098677341128282
-0.000436514823615137
-0.00429184849115908
0.00360905019638544
-0.00206384997834149
0.000299150774712763
0.00216810795548239
-0.00376153912097527
-0.0004329989705699
0.000662386485722337
0.00139108786392004
-0.00244179480939406
0.00240955722600065
0.00558794145869389
0.00548136808887502
0.000378848282121923
-0.00855056519814984
-2.41978456175384e-05
-0.00235872621684235
-0.000410307464037054
-0.0111882312831679
0.000725255477405403
-0.000886991952840605
0.00698874546641639
0.0020098417860968
0.00622451837395175
-0.00274939161714798
-0.00289868213098924
0.00172159531405385
0.000480926054130427
0.00209964851702669
0.000712817030304105
0.00317805257783557
0.00081549294732146
-0.000636992025684161
-6.54344494143526e-05
-0.000281844940122514
-0.000177719600020337
-0.000188159495862959
-0.000879514991912025
0.00133661321299885
-0.000170606432858703
0.000524002578892075
-0.00238349254006149
-0.00633984401239238
-0.00283305722437174
0.000758695768249936
-0.00213577267918516
-0.00206681392812083
0.00105665911745046
-0.00135211046173417
-0.00645733532985497
-0.00543286345163671
0.00596990682667956
0.000727713587171181
0.00057057614484139
9.60532792578827e-05
-0.000133330910155758
-0.000480948497688746
-0.00118573157584067
9.83914896957464e-05
-0.000834240878458711
0.000305815033266181
-0.00519471108779997
0.000516462635409435
-8.62611112378733e-05
0.000284667381397035
-0.00379406041425389
-0.000690288493865855
-0.00797798231458231
-0.00133859143432021
-0.0029114911879565
-0.000698837574446582
0.000784171562895575
-0.0010318246692404
-0.000474711203377942
0.000161225526799494
0.000322515743693308
8.98901794995491e-05
0.00148611325713079
-0.000233789254946759
0.0014897990485867
0.000551102388821255
0.00151721557009678
-0.00287654441661344
0.00274817396961628
0.000659999004655331
-0.00064930705254522
-0.0021126846368567
-1.64630382957379e-05
-0.00622635125592374
1.22419832817586e-05
-0.00072628085227125
0.000356295594769382
-0.00117603688040102
-0.00135930208399918
0.00199417230442075
-0.0041088107710329
-0.00255933024530769
0.00129975364877994
0.00466993060869006
0.000547505801383279
0.00300221307166205
-0.00112043996478308
0.000811044777242102
0.00226125475494859
-5.07714766154686e-05
0.00218275144991483
-0.000486177909738114
-0.000946341051142007
0.000802388207405098
0.00174470919516838
-0.000405560523531128
-0.0042842718455606
-4.45843848482858e-05
-0.00119510800088954
0.000234637408476329
-0.000450600128096914
-0.000121372248316605
0.000778842373687608
-0.000428943652038057
0.00101038166436692
-0.00157218544881342
-0.00131523811527061
-0.00168037448884624
0.000289637106731094
0.000395086276194204
-3.09369395068867e-05
-0.00120966625506284
-0.00058357716659878
-0.000487043712993763
-0.000372067752774452
-0.000660962753301556
0.000593280412619909
-0.000197724113092169
-5.85477984298021e-05
0.000417256205401912
-0.000814226509680078
0.00103504944866409
-0.000184625114761838
-0.000203275886669001
0.000568659200128052
7.60185668405178e-05
-0.000242556991259328
0.000524119991271717
-0.00160459959262951
0.000375517164107419
-0.000203041644113228
-0.000901230883594555
-0.000513261936906329
0.00079737434629292
-0.000101318225516408
-5.86222929460153e-05
-7.4529668827308e-05
0.00205415132569123
-0.00298802948322935
0.000676144739107296
-0.000577381516232115
0.000299187412444462
0.000587560086160133
-2.05389691608202e-05
-0.00010170636952192
0.00142713445045807
-0.000322685692775163
-0.000111380417145152
-0.000322695553240771
0.000242354219672268
-4.79495287438427e-05
-0.000168082981545291
4.10480971579434e-05
0.000177312223164341
-0.000229289369824899
0.00118581782674569
-0.000286416339788132
0.000815352574507689
-0.000377373673455843
0.000128941514049287
0.000402206693719741
-0.000307244498444805
-0.00158001079830186
0.000530312325637522
0.000116724963600338
0.000359717172973837
7.09337358891583e-05
0.00119278945206898
0.000156015826548192
-0.000299504659895364
-0.000298694980015506
0.000158035065434022
-0.00119628948605759
0.000822179873599196
0.000144285568960239
0.000199835001632544
-5.43785435283834e-05
-7.21050205358892e-05
-0.000615780187812767
0.000294346826459225
-0.000635891915452997
0.000394965058436905
-0.00144284986914865
-0.000228011416252005
-0.00146263899186649
-0.00112324405934488
-0.00168672027536134
-4.23330538391301e-06
0.000875423758752455
-0.00011400665862284
0.000273932117645644
-0.000390080285533845
-5.4878988574193e-05
0.000296458349303915
2.53040069848641e-05
0.00166226863487573
0.000230980191805868
2.27991925362546e-05
-0.00016852012857927
-0.000172107768673797
-3.84529350243401e-05
0.000344556167974683
-0.000967206917575317
-0.000493962770420744
-0.000611522028235045
0.000306658561423415
0.000111957637491582
0.000172926433832437
-0.000174942229809876
0.000174419408365787
-2.48306421167364e-05
9.92025366401479e-06
-4.33690004720277e-05
-0.000160543202102823
2.67347035666333e-05
0.000587155585686353
-0.000204825280252298
6.94449265283838e-06
0.000172104837635982
0.000431119583702475
0.000314200284227442
-6.9845824042791e-05
0.000129262943118761
-0.000299234609397201
-0.000492514933760983
-0.00109189521694001
-0.000258062725442578
2.30665761720476e-05
0.000270355459205805
0.000550298927756923
-0.000331001824442216
0.000152150551516203
0.00017241700284534
3.33230133409983e-05
-9.65797380486841e-05
-0.000131060268176936
0.000250181622988289
7.19189687004837e-05
-0.000677455712462762
0.000343798922690554
-5.02793929376029e-05
0.000111586210844683
-0.000333178264979686
-0.000755357519127435
-0.000520266128190024
1.08827867966876e-05
-0.000279225282936236
-0.000413436044581982
-0.000718814735997163
-0.000750459769366462
-0.000471814890804944
-0.000572639464215883
0.000216292762978186
-0.000127651347048069
-0.000581100086606655
-0.000116952709038598
-0.000325349185260655
-0.000109735562203184
-0.000342297305220502
-2.1375459329585e-05
6.28975578913636e-05
-2.21610017023183e-05
-0.000204680000402851
-1.34374924235441e-05
-0.000137750922640092
-0.000165654511871413
-0.000123549646252094
-9.39468616345955e-05
