-0.99552812392294
-0.907375851087676
-0.759067913337723
-0.550627280872594
-0.307261558441614
-0.132183450815474
-0.134402354170618
-0.232140675951423
-0.21275968888093
-0.301611156645935
-0.184970513544648
-0.220522184940231
-0.238893651167275
-0.172262379756373
-0.175391719106019
-0.121376743196195
-0.095869896731506
-0.0591813029323051
-0.0245118766659087
-0.0666014696370474
-0.0260073695987459
0.00841614059356003
-0.00417086145132491
0.00862374434075479
0.00436146651147041
0.0222201614960438
-0.012957381161578
0.0107809456121782
-0.0220749248870684
-0.00165557781275177
0.0043892627381954
0.00871776835462744
-0.0242586246190558
-0.031934853290728
0.0110219852680098
-0.0195977403096935
-0.0263760218227216
-0.0789389705920702
-0.115436715091959
-0.036218874014275
-0.00374632163993298
-0.0325908104960442
-0.0240694698180815
-0.000444854058404743
0.00143499061425308
-0.00213162653737108
-0.0246669867334564
0.000393807146642217
-0.00959304903581223
0.00211487578006676
-0.0873174895087808
-0.00785722767956032
0.0141425384496284
-0.0066960328767221
0.0144439791185912
0.0103965526972374
0.0200796863768852
0.0553074999846067
-0.000380429809328576
-0.0390827126917536
-0.0647244460636838
-0.0145196308637845
0.0294515154429657
0.00975316384951898
-0.00480398137201002
0.0127776151942478
-0.0250647519449169
-0.0406203975799432
-0.0206745111928585
-0.0167770359508803
-0.0304049057552007
0.00101342476621299
-0.027722882913514
-0.0329450801488806
0.00895668471345284
0.0187561294392824
-0.0190026518395962
-0.0441897185888726
-0.00418637719355668
-0.0106797831801952
-0.00232307534924985
0.0125751550926363
0.00471900154103086
0.00233263274125768
-0.00152733969913361
0.0516075682930762
0.0373742264717901
0.0234998787634648
0.00257049760295016
0.0278346524284654
-0.0143489646736389
-0.0391409310396989
-0.00501973104712406
-0.016961794378927
-0.0188148638461914
0.00195959547533185
0.00335700106283262
-0.0127796989972939
0.0147103412373705
0.000670429625593924
0.0119037952136663
-0.0315372534506634
0.00183140942132531
0.00941911138402919
0.0148364335690461
0.00477419116692266
-0.00248505868388813
0.0111201744914218
-0.00242988595390695
0.0201753781640555
0.000370519670893656
0.001041512718643
0.00949458593463462
0.00243553947943824
0.0146934422033254
0.00746566843317475
0.0323522275559674
-0.00203393533582497
-0.00583098970847185
-0.00341116367367775
0.00218295518719261
0.00646729948559847
-0.00668208229296227
0.00376912085042796
0.0204246386093301
0.00259914711862368
0.000931707343123492
-0.000150768828166118
-0.010863990891379
0.0043112553352543
-0.0473497395617067
-0.0103660183809173
-0.0208480284840002
0.0323022014561331
-0.0101169596693011
0.00615001519373621
-0.033659787872654
-0.0116434345159604
-0.00494775831901031
-0.0421028108690335
0.0107359310010009
-0.0171558468534439
-0.00573813909202877
0.0245419399857572
-0.00630961882097996
-0.00169122938031384
-0.0297046209548392
-0.000978467045001402
0.00123247250076807
-0.0241787113156154
0.00432282028364625
0.00813368637857826
-0.0173747430600664
-0.0038515358514847
-0.00104515132477092
0.00667896067523638
-0.00410639313093675
-0.0324726237460977
0.00911417164928748
0.0166661660558767
-0.000425914312043555
-0.000265094302320971
-5.27656293331444e-05
0.00586852754675759
-0.0167926399323864
0.00449109137470019
-0.0197532238846322
0.00434384746316606
0.00434261446715412
0.0148116242601153
-0.00732926376653083
0.00221363276276019
0.00424657290166827
0.00101484942558119
-0.00340088518973695
0.0121700628134605
-0.0136921748799685
0.0261709530073127
-0.00820190676003879
-0.017268136263363
0.0179466323659193
0.0142774367523169
-9.56274669454025e-05
0.0116746228712599
-0.0501627186651904
-0.00890905133338915
0.0152132030904563
-0.0147992680211517
-0.0313971716881525
-0.00143716727898346
-0.00103023653842224
-0.0101201599038231
-0.00282116239329651
0.00183538739896158
0.0180539749338773
-0.127153265189714
0.0185171743293065
0.0232491007030803
-0.0152317578075766
-0.0888777724707124
-0.00131321217421201
-0.016792441363644
0.00494539778742885
-0.000663789413794136
0.0302134026404972
-0.00116703929242387
0.00824335317117115
0.0254179405930107
-0.00472686058887147
0.0187657526465134
-0.00745149813086706
0.0158271484536895
-0.00117943812320748
0.0605273681688308
0.0153601108430393
-0.00028378642958065
-0.0197735000819939
-0.00618097873930898
0.0325868317326013
0.0374572930795256
-0.00277791116712592
-0.0106053468485049
-0.0164756977337645
-0.0680690949409302
-0.0270281598549948
0.0134002564865794
-0.0108298584268741
-0.00123456616010218
0.00787222687327585
-0.0133037423697565
0.0663991019843916
0.00050278012656359
0.00692016631125056
-0.00455029919279509
0.0109438243427127
0.0146365129754744
0.0170070103001719
0.056372078704462
-0.0188447985993813
-0.00336816323828808
-0.000101836177271906
-0.0113601843259171
0.0061998895304257
-0.0161914213621229
-0.0323374727388986
0.00502623697973838
0.00301418484030451
-0.00146395832717484
-0.0179213136001901
0.00408566934110539
-0.00173055990713076
-0.00875051198326251
-0.0111618862368229
-0.00210933719350257
-0.064246428515802
-0.0148375362749602
-0.00135274517508672
0.000162662516797933
0.00865348823678625
-0.00852803140227535
-0.0118880920279843
-0.00698586083819752
-0.0255536719299987
0.00125638785837482
-0.00774166440766282
0.0780278641280421
-0.0244781928899415
-0.000819164293180269
-0.00208793351894463
0.00567573632469561
-0.000458316321907876
0.00095162410739897
0.0133878760203778
0.00613563034637817
0.00297288948071525
0.00696913263653867
-0.0183604798054518
0.000179161854450616
0.00383754201639808
-0.0660822603770062
0.010898870029304
-0.00158460915782348
0.0158082262156862
-0.0034446412815263
0.0105366537132797
-0.00232370569111986
0.0214192545978333
-0.000496489538213672
-0.00987277759716152
0.0177576474065451
0.000473745366813679
0.00251208308946038
0.0105271390680454
0.00365879323580076
0.0286846210292738
0.00846277838376625
0.00182426761718959
0.00891477589793756
0.00509394664265346
0.00121586780763478
0.000780260471166585
-0.00253971293752748
0.00995947144780718
0.00470672084939812
-0.0107278034798161
0.00646410355089673
0.00590500592285902
0.000738927366485803
0.020186615319321
0.00218562241182004
-0.000947203011573015
-0.00185183075745379
0.0112626160679306
0.00705936638985416
0.011985274306881
-0.000138345854339291
0.00244437252402079
0.0135708363260341
-0.000178852107697866
0.00121807203911357
-0.00350627061205004
-0.00546819409747835
0.0135490004095162
0.00425993565143411
-0.00788700610225652
0.00214559328585517
-0.00816309786401852
0.0162380080866861
-0.00821051292473433
0.00384003291682346
-0.00522936434572561
-0.00734697723106643
0.000568935208269125
0.00797850443076139
-0.00653918621110802
-0.0138299403428008
-0.00419266495260365
0.0113628965615525
0.00489147971163188
-0.00411461160977219
-0.00437460431847141
-0.0235356081472357
0.00376491066121054
0.0193224546494166
0.00629603807977403
-0.00636994750136607
-0.00985753467596216
0.00951137299499442
-0.00574118249907134
-0.0121473716339369
-0.028996300840992
0.0250131544477673
0.0620424889872253
-0.00694506962931527
0.00563106658803154
-0.0184084893329605
0.0156218527625861
0.00919579750915158
0.00251529128069535
-0.00089545756448621
-0.0516548535502909
-0.0586397087157094
-0.00122211975129706
0.00350749049597893
0.000630602037418478
-0.00365582662661407
0.00449165093917826
0.00587331935806169
0.011588742374788
0.0333302673805093
0.0382828288000688
-0.0267550691939255
0.00471732831468491
-0.00325261059006308
0.00799998717234015
0.0316799853116965
0.00882386370375245
-0.0368820901626094
0.0481641566952688
0.0273854577867973
-0.0676989882983979
0.0120837784561442
0.0481452817441963
0.00557978084255652
0.00302040527080974
0.00454759411823862
0.0140315281964006
0.00246789991144477
-0.0550598872526411
0.0153123136126292
0.00264290567065784
-0.00129501715003106
0.00315565685618
-0.0065973639833478
0.0153363738716543
-0.0156338154031949
-0.0223052332494175
0.00906416312531922
-0.0224236019772124
0.000206589975240645
0.00941846010905015
-0.00239494228338226
-0.0402247145153243
-0.0125178933774241
-0.0138603092821675
0.00440208604213476
0.0160099449672659
-0.0197768692907158
-0.00560548446614456
-0.0231971947379741
-0.0236402227291918
-0.026934766118341
-0.0318695936986787
-0.04173635960318
0.00106737366503855
0.00622251362561683
0.000408117649848363
-0.0164937544538671
0.00175928122676534
-0.00711561602192428
0.0119163811844684
0.00675992857160168
-0.0357374178233499
0.00190784228235284
0.00412871845110201
-0.00238630618594347
0.0130912768986296
-0.00127360246215094
-0.000951621813993367
0.0109874842816016
0.0107853651790135
0.000676177345356558
0.00296684429602911
-0.0121716692657323
0.00882539908363211
-0.0119658479350016
-0.0053664368477877
-0.00467898930021694
0.00888080130629657
-0.00530135027847152
0.000925156419655953
0.012798013204958
0.00209348997565692
0.00717609244776217
-0.00474043642536114
-0.0133871360484697
0.00163300589476104
-0.00684829947255089
0.00222242375214
0.0297671244934251
-0.0135149242524378
-0.00318645748645002
0.00207022853133913
-0.0231642105771417
-0.0159888298210155
-4.59494302672506e-05
0.00630082029806554
-0.0064893125598352
0.0054090965542016
0.00210843766720381
0.00231687303083738
-0.000274720847489703
0.0022943590787127
0.0043792327336581
-1.6705193803309e-05
0.0105278026895683
-0.0108455264405632
0.00690809094822207
-0.0019288858802371
0.00134613505205554
-0.00301891352983408
-0.0227782540917121
-0.0136929703887185
0.00920507738101815
-0.00600162949442216
-0.00710605353320655
-0.010641212357418
0.0141607579457723
0.000369454518374316
-0.000827226606917458
-0.0039595526427548
-0.00529376440820923
0.000252210750245931
-0.00588461343660402
0.00129550088781439
0.037460269171046
-0.00718905040486274
0.0150379706329305
0.00862516325704535
0.0019553614045464
0.000191865564567295
-0.00178978469330553
0.0266868976617366
-0.00531866804105528
-0.00188014768711676
-0.00180037980476807
0.000467593223572643
0.00615674834913023
0.0147489172338276
0.0205845628264294
0.0255706186040362
0.0190779662064999
-0.0120447391399175
-0.00123088810574134
-0.00476710803534333
-0.0147458289348688
0.0324447425497385
-0.000902019590131596
0.00138955899374367
0.00634865320012562
0.00934192739386129
-0.00149886849309933
0.00748473752941018
-0.0298960758632759
0.0142040334742421
0.0894917267153661
0.00154332737873581
-0.00474308146793693
-0.00772173173611302
0.000289807277812683
-0.00827763011762546
0.00100925697926107
0.00132969521554057
0.00521586620158224
0.0342555146924806
0.00635797876512279
0.00426651705995635
-0.03256205041512
0.0039090777643626
0.00692577371204777
-0.00531318791215757
-5.72760191212694e-05
-0.00715316131649192
-0.0347219953422062
-0.00193374482123689
-0.0159386965835873
-0.00860167723665887
0.00889169959620372
-0.0224587643716783
-0.00386367663167273
-0.0156451640597271
0.00417690120019286
-0.000697492429617839
-0.00739199835019054
-0.0229005383197265
-0.000816022964275284
-0.0913970304123999
-0.032059271646929
-0.00568899686798937
0.0101110226600178
-0.00257022024445022
-0.000951974730632732
0.0056131000712921
0.0171503182558827
0.00541379159158674
-0.0226576867400101
0.00369894456280511
-0.00522107282925271
0.0694669030819206
0.0745895620723595
0.00297954592326474
0.000592731231408735
0.00590089682119935
-0.0907901479586117
-0.022417480680664
-0.0106288426309907
0.0233142403153803
0.015652055939178
-0.00262041152499944
-0.0460719193177385
0.00198997098025601
-0.000534413198825406
-0.0038247893331081
-0.0134719694646969
-0.000959395833549326
0.000844445521767812
-0.0102900903379658
0.0258901591571473
0.0253771010425121
0.00816795049368426
-0.00156153004981065
0.00284140781752452
-0.00260183501553621
0.00121334543227069
-0.0125635512049042
0.0111036585715866
0.00118438225845173
-0.00559810540999819
-0.0112934004986101
-0.000614083291806809
-0.0031807396196527
0.00105805683950034
-0.000652712435261064
-0.00756047265926286
0.00310754502864404
-0.0197652145901797
0.0236214879312277
-0.000861390680500786
0.00502065775593524
0.00891620191171364
0.011801190685826
0.0211337458757122
-0.00510213671343052
0.00624479305494783
-0.00692487663250796
0.0290772620807525
0.0164055152291238
0.00239859961210751
-0.00493065039866065
-0.0123719543547047
-0.00936490461576027
-0.00983992573144686
0.0241628769440323
0.00183096293873674
-3.99548369047327e-05
-0.0566625713051733
0.00216493744723144
-0.000762165837828685
0.0330948259096188
-0.0117897053817507
0.00467192631923193
-0.0124473269202464
0.00373109140050637
0.00419722153998053
-0.00748165569715553
-0.00634945431377254
0.00460519563128584
-0.00975267740316926
0.00894896857409887
-0.00716894660828783
0.000908174392891971
0.00284463088401875
-0.02459555051053
0.00555503371568621
-0.00692943013467271
0.000957949893087805
-0.0116395679372734
-0.0117971596891769
0.00487109252693978
-0.00322070930988104
0.00589106257594543
0.00719204509904441
-0.00609160844325158
0.00238658696385987
-0.000167134100130616
-0.0024121222382196
0.000415056020255746
0.00393503813983344
0.000989505084646554
0.00336250983506631
-0.00474421964284137
0.000741731605459299
0.0338170994754725
0.00558029881391447
0.000381299965205669
-0.00971885242372926
0.00493469876876296
-0.00193693527412558
0.000365920076908795
-0.00285725248623643
0.0342426654075258
0.0116544814740835
-0.0101131309532381
-0.000446531205098212
-0.00124833561283726
-0.00441492416685273
0.00569998665726029
-0.00306275944462636
0.00523169065466908
-0.000492432310683948
0.00368375727916443
-0.00771046098015534
0.00608917623303263
-0.0249632149314317
-0.0070130256037902
-0.0110418185373245
-0.00591846943198829
-0.00748208057859474
0.00132085501538058
-0.000776595559896841
-0.000593888641563653
-0.00179081546293489
-0.00144248549762609
-0.00629951967660783
-0.00945526377358107
-0.00268447314849644
-0.00612791127526375
-0.00131366640304863
-0.00238178720487708
-0.000921491064644597
0.00309404141714017
0.00257348518591487
-0.0172135756231314
-0.00698487924747886
-0.0040832150598813
-0.00532159723112724
-0.00195905874772053
-0.0110194907261148
0.00426002878421499
0.0249783227217792
-0.0136879310003579
-0.00119431771897334
-0.0208944424130715
0.00169873323422772
0.000387534904934758
-0.000580616675384215
0.000633342659967685
0.0623632437839326
0.0173654754143706
0.00226089015066179
-0.000544415976036903
0.00604853362596304
-3.38573315854921e-05
0.00294172285243618
-0.00199384549378183
0.00100477357710805
-7.63081505864034e-05
-0.000442304650995488
-0.00315014138381224
0.0584499273281705
0.00152847883652035
0.0199727874594005
0.0071336077564644
0.00268146264643842
-0.00283506055133823
-0.000907944889162907
-0.0054479654583116
-0.00914055457581539
0.00739792145338912
0.00846849232375085
-0.00457884037829175
-0.0045450955660132
-0.00465885253511846
-0.0108544453029485
0.00218482705839742
5.03824583720515e-05
0.00154775779254762
0.000810438875960512
-0.000273317941174997
-0.00147188333238858
0.00969268755418222
-0.000721760114642533
-0.000801311416974222
0.0215749714949413
0.000561554231096297
-0.00897391790852436
-0.00596082335847993
0.00402610155328786
-0.00280086831540442
-0.000799420310007189
-0.00907336107744299
-0.0255595014907436
-0.00418288176089401
0.00150674113527613
-0.00492134920241967
-0.0022933232008596
0.000512523902416222
-0.000269733279410405
-0.000710791131428872
0.000572017790597474
-0.0241631162767435
0.00258332311551999
0.0097620305363979
0.0040561472740187
0.000238161403199225
-0.00333199921426472
-0.0134640878937689
-0.00102659926299046
-0.00429303232449206
-0.0156019770472923
-0.000168277685912094
-0.000183204739583023
0.00341518912293713
-0.00407857354567565
-0.000138638308136264
-0.00441144246790502
-0.00236957314697608
-0.000997212963989209
-0.00616223194167137
0.0136047032982524
0.000688257785359546
-0.00328309469184667
-0.00371351861657301
-0.00185337484639161
-0.0023697487965186
-0.000493049263445115
0.00241436218016372
0.000167947830802332
0.00979722714485668
-0.00817267177576592
-0.00153344614263465
-0.0015628069185887
-0.00743983591937276
-0.00389901608738445
0.0103944878182731
0.00373723174883781
-0.00696144551729354
-0.000279123053096625
-0.00349661653919591
0.0033365116718165
-0.00271503240884472
-0.0005850958733769
0.000501107607566675
-0.00337834849007618
-0.00568304619801959
0.00296739580760857
-0.00596176621140525
-0.00605802557381534
-6.50500140433611e-05
-0.031867749023012
-0.00117250316120554
0.00792211188750974
-0.0281111770468784
0.000299012694299862
0.0273942178838033
-0.003113772407517
-0.000219391718790589
0.030559642760637
-0.00423681065173881
-0.000742630273539698
0.00330572014803632
0.0010961585127704
-0.00291181957436897
0.000199913267047541
0.00165325223898178
0.00115545430230057
-0.00203768756032478
0.00322668333915407
-7.03757773781268e-05
-0.00913738253778539
-0.0179212244944112
-0.00488927638353985
-0.00794408521964256
0.00261870910114719
0.00278016635932406
0.00837427627605927
-0.000456872051373882
-0.00164498166866376
0.0109530609925348
0.012112428314238
-0.0117659170159197
0.00149509981650787
-0.000132892029348131
-0.00448435735606042
0.00852891822036913
-0.00430433485710332
0.00347640532074312
0.00178963712355287
0.00476956000838809
-0.00499392636380699
-0.0116098309126053
0.00172245049433457
-0.00221350250816227
-0.00404331755798961
-0.0170794625990964
-0.0244641521538192
-0.000558640503948061
-0.00477931135898843
-0.00411577622862601
0.00191053337388871
-0.00511998965681244
0.00110486981733181
0.00585327374567574
0.00135869706237558
0.000904215852666155
-0.00473999707017415
0.0181130329783372
0.0204238749908416
0.00869842134673174
0.0110603644376713
0.00167297513734847
-0.00201265382420611
-0.00457361451652652
-0.00783948253441683
-0.00316087190021888
0.0010941160205888
-0.00128314459909151
-0.00580735541127999
0.000146135717179293
0.00338902413806766
-5.46914007575553e-05
-0.0159658301921255
0.00560843534267854
0.0101991531729923
-0.0030346145331591
-7.47582736312299e-05
-0.0132259928878476
0.00393873950058944
0.00595542547631027
0.00327813050048855
0.000632029644430977
-0.0120336726270386
0.00388505335036084
0.00361205864067542
-0.00305949514011527
0.00110342895150567
0.000936194899569523
-0.00124432292714881
-0.0118516640689616
0.00206041400143694
0.00470978297227666
0.00877091942555375
-0.000808374574488398
0.000796486973158505
0.00617196628993997
-0.000521017455486314
0.00271777900955756
0.0131772409585254
-0.000237580719221869
-0.00262558852263259
0.00461183258475015
0.000966229778946793
0.000325502002818354
-0.00355380041204036
0.00272087941178138
0.000325751761932747
-0.000535419343672833
-0.00067891711297268
0.00291220169139954
0.000263627862771422
1.36065314017004e-05
0.00164914614985851
-0.00616300227157432
-0.000801580514913662
0.000669479779597468
0.00104966060891235
0.0034332179719322
0.00388637601476836
0.000802615368954997
0.0031245978168856
0.0028495413601142
-0.00059609707720725
-0.0133603873397258
-0.0137812628272029
0.00182100442385324
-6.57895406950624e-05
-0.00622034877101062
-0.001420185827176
-0.00677787049740266
-0.000755092885073186
0.000445248731760473
-0.00304158327570572
0.00101734929285072
0.00306596681528406
0.00388244857602868
-0.000553678234036845
-0.00251392315037989
-0.0100192670598119
0.000463341833389842
0.000810882357076147
0.00469723840301077
1.4925541840585e-05
-0.000697929011645234
0.000650968984213381
0.00507151023363343
-7.8746162761836e-05
0.00188552065962219
-0.00172252476066874
-0.00133439928068781
0.00157909195211859
-0.000164709268581518
0.000934715110981007
-0.0011363700537742
-0.000181722940520486
0.00124075348976379
0.00498347814202436
-0.00625405910234215
-0.000444846506030702
-0.00146082610879904
-0.00110189579237693
-0.0038666446423279
-0.00386219839397631
0.00634841388109978
0.00239257452671014
-0.000432044124068242
6.01733842147277e-05
0.00161372820803439
1.63532125911576e-05
-0.000150867240938011
0.000436771073466951
-0.00302038222541963
-0.00395681784138243
-0.00123559879854899
-0.00120800267985341
-0.00170858589953602
0.00031333262217972
-0.000623557349321701
0.000880885863895959
0.00335502146947079
0.000578427514658714
-0.00101963914150076
-0.00306344676909862
0.00139537072662794
0.000850868659543423
-0.000227156857172578
-9.69668037490808e-05
-0.000384207218937147
-0.000500853663806326
0.00101671716527245
-0.000595107644238955
0.000845020552965537
-8.66148148023654e-05
-0.000233307087403145
-0.00085640559006504
-0.00054256313719578
0.00185788151391743
-0.000105361947946811
0.00217060307853016
0.000446765453772637
-0.00225027963311721
0.000586956258095608
-0.000609842026774664
-0.0014082969098867
-0.00576282277558661
-0.00188675403177848
-0.00175724071791058
0.000130973125752994
-0.0006106300368207
-0.00126183523492337
-0.000883987369796096
7.94576858911421e-06
-0.000226557856867464
-0.00110319496982047
-0.000710131792885995
-0.00132578949194881
