-0.923647756219452
-0.938151288887904
-0.82930234268399
-0.515545108507433
-0.292179222808436
-0.167177329407728
-0.0937870165609988
-0.111830634783613
-0.11796522060004
-0.0423064170812601
-0.0247456594560581
-0.023869761093032
0.0188511786347413
-0.0386332824095598
-0.0462057492930577
-0.0290733787663251
-0.0156828232468342
-0.0650048584250089
-0.108310207931109
-0.0248181242148877
-0.0189201101312055
0.0327893753084411
0.00991742827776741
0.00496450997999475
0.0259247529361285
-0.00318164681963804
-0.0274232345011076
-0.00889723276090827
0.0163851485633898
-7.84675067284964e-05
-0.0363545057547661
0.00200911454451286
0.000890222648144905
0.00700305001766156
0.007146421818963
-0.00893370162690244
0.00544128687909578
-0.00888941363932292
0.00437315609341971
-0.00383463803452855
0.0111385883127307
-0.0158796320397214
-0.000666943005661978
-0.0541215327607411
0.0511749509691655
0.0368703112429675
0.0169054948398935
-0.00765295239872513
-0.00330068844257848
0.0561073955965547
-0.00675451256314792
-0.027467396255618
0.00294384560417645
0.0142099099172006
0.0047418324174894
-0.00665254090737483
0.0307503717875327
0.0100795638591558
0.0898337721389072
0.0542844919486091
0.0173616754909143
0.0127479689210257
-0.0053358477656745
0.0184183633441827
-0.0430731166314531
0.00782104245933705
0.0381446721205841
-0.00173109120754725
0.0013947524760659
-0.0612479036999682
0.000867261953074155
0.030527380603225
-0.0528585240306535
-0.0108011410105819
-0.00834350330145654
-0.0575919204882885
0.0122548172776658
-0.0118219780534272
0.0221612340945202
0.00399203681405126
0.00352652363108788
0.0119058211957987
0.000320439132380071
-0.0187519184832417
0.00315697775211524
-0.00990586478159983
-0.00227686327557623
0.00257074075156996
-0.0320559807671177
-0.00582306961811844
0.00981440811961153
0.0318896285098932
0.00568811873956407
-0.0309727217997221
0.0244037569529984
-0.0493443270145661
-0.0211420767234468
-0.0142094009908031
0.0245354356697916
0.0041760741268362
-0.00828650414469358
0.00106650304465697
-0.0051601755517353
0.0329888024057423
0.0122478408529565
0.00168965654380539
0.00922377228413237
-0.000832218127843985
0.00360078384620909
-0.00330034551961877
-0.0471297337208419
-0.00110035863155482
-0.0134272030921806
-0.0499906609893345
0.000343810665602928
-0.00759834154225136
-0.015211451527557
0.0127094120508376
0.0184835418675395
0.0150836680756099
0.00426772566322206
0.00876548126722976
-0.0230853604657523
-0.00355771766434722
0.0139260482355169
-0.012813310138227
0.0221876838736165
0.00736379290860436
-0.00860691103414713
0.00477705684079392
-0.00697213076274275
-0.0374611291300467
-0.00164285478241161
0.0139510446998175
-0.018042415173595
-0.0245067506144205
-0.00347249105288582
0.00255445161027461
0.000748957913312733
-0.0017896417735457
0.0146849884079347
0.00729836489602373
0.00686829624590914
0.009993962986417
0.0105774270968515
0.000910710731111866
-0.0050984880166887
-0.0101407824881265
0.00299645763610985
0.000173539054008788
-0.010061149744443
0.00770912279337709
-0.0107538749013743
-0.0203370682346998
-0.0113632901618281
0.00314490069187177
0.000200559701248333
0.000376985974659337
-0.00406981737256837
-0.00376980616874293
0.00619106287271897
-0.00258367223964121
0.00870766004435617
-0.0118909693267887
0.00839179041272091
0.0103851422247876
0.00113035021997132
-0.083077063096053
-0.00531795212791235
0.0266305016745269
-0.00432393636512034
-0.0117218698634653
0.00816479556450451
-0.120559500375217
0.00171559302128792
0.00403140578686313
0.00234203184406271
0.0163247549327968
0.0163160692815411
-0.00378519515490475
0.0112022283562655
-0.00585897358552921
-0.0147347469528235
0.00796243350429366
0.00563975542746619
-0.033693343906374
-0.0115474970884678
-0.00613221830573391
-0.00124354263922499
-0.0155645999996913
0.0169957590545622
-0.00254505264722067
-0.00634032168021996
-0.0109696948754039
-0.0305631789283364
0.00115185591074298
0.00190276130103866
0.00953421753364916
-0.00250165552663165
0.00237698099739715
0.000458820456261306
-0.0101618024276125
0.000267719865374571
0.00229880512842908
0.00331586829708086
-0.00632877452671068
-0.00963325192942253
0.00467650246541303
3.04962452978008e-06
0.000208710348685539
0.00298942204531075
-0.0277568014378218
-0.00303866769103573
-0.0288534494277289
0.00353619664007146
-0.00308239213350976
0.00506590493910721
0.0267314395807899
-0.00488719592159766
0.0209593294592496
0.00272323545762523
0.0023795045066183
-0.0015666684515308
-0.00572427831605592
-0.00736074569045967
0.000717856403957526
0.000337440038321092
-0.00418457670018765
-0.0410601194272731
-0.0681312133585522
-0.00110608841067157
-0.00570905653770657
0.00401113028759289
0.00430022446841134
-0.0149793450967306
0.00532303663236404
0.00130035930797533
0.00426670957724095
-0.00784616011080619
-0.00148516046101034
0.0177733896442689
0.0218049239638824
0.000643980888121775
-0.00493090915916473
0.00586191269035237
0.0158576240955665
-0.00331271208591313
-0.00125972559819114
-0.0112083023474165
-0.000980548438893617
0.0143807461433548
-0.00478061204506685
-0.00847306540275787
-0.0316451708380472
0.00130765661546232
0.00301797330107974
-0.00212737654598023
0.0023087784224749
-0.019293678041295
0.00153326313089391
0.0108750035023271
0.00294362253750097
-0.00529751717750718
0.00487278501682847
-0.012817902691409
-0.00136799947905596
0.00195834968137766
0.00330180721736496
-0.0191403790988752
-0.0759168010662539
-0.00478589298984451
0.00951847722424074
-0.00198624045539797
-0.00391867107547114
-0.0124871178486219
-0.00120143325946681
0.0305025220888948
0.0022263916197706
0.0223605024791446
0.00549076093601879
0.00154215702865949
0.00200209435658432
-0.00130039384797423
-0.000244349913816781
0.00246299627418983
0.0520235129508501
-0.00297147535509092
-0.00430090752800687
0.000219934204169281
-0.00130142303264652
-0.0194954892284671
-0.00643595868619666
0.00416214173136129
0.00130423000911904
-0.0138659514580265
0.0107641660066857
0.0418575025753192
0.021819603944735
-0.00531539304939692
0.0049224984391791
-0.00881204183702411
0.000762417688867263
-0.00444125069127968
0.000143499659074842
0.00216260203019807
0.00784161062443979
0.00613565378018374
0.00143961446607625
-0.00677782895148804
-0.00191161179778586
-0.000252410700461347
-0.00688122030847525
-0.010952997570265
-0.0102719871203763
-0.00817686655822796
-0.00306415888136073
0.00306783724848015
-0.00460740682736514
0.0036523566535803
-0.000199885013297682
0.00707381996557833
0.0163231763166865
-0.00283608702562737
-0.0295192688491399
0.0275082599693458
-0.0119192409721542
-0.00316657904821347
0.00628645012467899
-0.00101339317460759
0.0028803038180964
0.00985209122259366
-0.00392251934120275
0.00609891688280827
0.0061225682799443
0.00451719448792971
0.00168659046784493
-0.000538819510650814
-0.000949589779737347
-0.0133072609428784
0.00155508348651189
0.0109831202347577
0.0191811846883015
0.0444493404977439
0.00585884021464317
0.00985225616299216
-0.00995840417499199
-0.028762284607632
-0.00026415002003728
0.00996307664159236
-0.00117131838411095
-0.0231967755254461
-0.00648645032775773
-0.0156027271943884
0.00108097695888157
0.014554249004654
0.00856352563129497
-0.0134887153263262
-0.0163748630754211
0.00273006247892894
0.0189618545546893
0.00266179024788809
0.0107901736592415
-0.0301212188901265
0.00107543359680703
0.00165442772420615
0.0305059483168175
-0.0107440090604567
0.00266860806535489
0.00272187873691962
-0.0101015102711249
-0.0114239269729534
0.000744826448017606
0.00418667575254047
-0.0670894088480396
0.00113642239256398
-0.00304753536466335
0.00322037712408635
0.00145162586427204
0.00743299016424381
0.00361156273169547
0.00459969987636207
0.00316794342104657
0.00517741063741337
-0.0159287804303032
0.00361203664222174
-8.39378804159529e-06
-0.00170726326624012
-0.0397138368318052
-0.000498967976759371
0.006693064968816
-0.0011080946189522
0.00119818541012945
-0.041509133739307
-0.00478473307979244
-0.00533098243930278
-0.0238517034626034
-0.0183226895163021
-0.00643762832554237
-0.00385566767652282
-0.00224400286854059
-0.00497664414000293
0.00168207739208892
-0.00147164726334359
-0.00366082101644414
0.0204586543258791
0.0107194137627143
-0.00342055633971063
0.00557744584790206
-0.00330929529182975
-0.00616588423913293
-0.00718534817780516
0.00125314087681285
-0.000337290262225958
-0.00828622858712421
-0.0128550647744563
-0.000837529209875955
0.000884076511008435
-0.0042033174107234
-0.00222648910800672
-0.0376228708107792
0.00174089434889402
0.00340511382899875
-0.0242052419489014
0.003642317328546
-0.0149977610447786
-0.00333156950166278
-0.000730325902271825
-0.00462071074576385
0.0071606387776005
-0.00731675354277755
0.0377483133045606
0.00515661288890322
-0.000789035143676405
-8.5701490311038e-05
-0.00101951397577948
-0.0162989376208326
0.00382568904464509
-0.0172139573333624
0.00170768131649734
0.0039798437273515
-0.00894891375258166
0.00710867697397682
0.000786643282762875
-0.000293811915990616
0.00139457623379153
-8.97321481298265e-05
0.00258260459283907
-0.000166546661246755
0.00368077983842147
0.00424703202954124
0.0112835882949914
-0.00121929875437938
-0.00159107792573191
-0.00306008638298461
-0.00471172203468403
-0.00736452986777994
-0.000983995731581758
-0.00308356504109875
0.00666399430375705
0.0179838761695253
-0.00354681787675036
-0.00244752988418449
-0.0253710939134854
0.006515499405763
0.00851010826906064
-0.00125613564739851
0.0058829337942422
0.00612364927500791
0.0259159413379005
0.0162689500071664
0.00106630198969286
-0.000471735076589432
-0.0168962898140557
-2.24571636240306e-05
0.00158515637456541
-0.00103820110543853
-0.00163020522866354
-0.0175604312986798
0.000815500152408256
-0.0227543932174268
-0.0176231595604314
0.0340443911507261
0.0031225092586666
-0.0132705597234182
0.00152381793075887
0.0036003213678087
-0.0135046919636739
-0.00405832897238794
-0.00939942296271315
-0.000506118205685648
-0.000529064216480482
0.0326604117077492
-0.0353747733648413
0.0283168319571737
-0.019766373101206
0.0119031997241442
-0.00392863953754883
0.00336302399101429
-0.00175640622173096
-0.00130960421758743
0.00714015993488564
0.00130914636456614
0.0173148719793072
-0.00321977231519349
0.00758850884872681
0.00280052061911452
-0.00837286931401098
0.000993260001235602
0.00137247097005182
-0.00562208397048451
0.0079176768091226
-0.0200779493580977
-0.00821726516321694
0.00301140254278929
-0.000313139818852547
-0.00490135991710988
0.00962618607424256
0.00134054573922481
0.00657477042021035
5.79985592475407e-05
0.0133104348646181
-0.00117931230674761
-0.00290933891194341
-0.00589326515010351
0.00506083401886834
-0.00110178742180186
-0.00147420191258913
-0.00203163650067274
0.000493893461195297
-0.00724562328957851
-0.00700406511008916
-0.00328095919443765
-0.0103176093654794
0.0115878060875154
-0.0156975083721179
-0.0163583670871535
-0.0259744132036989
0.00336331170928289
-0.0340433373358314
-0.000108027747881156
0.0102663397151505
-0.018806820638355
0.00675207097424487
-0.00938619106313828
-0.00309323313812144
-0.00160101379169234
-0.000699367177614289
-0.00211106567224759
0.00265816642575845
-0.00288695694073178
0.0208553312173067
-0.0018291994185094
0.000291002667645561
-0.00460899143259767
-0.0105244807831261
-0.000523852531916072
0.00483790271019538
0.00414379889384997
0.00244541751425406
0.0168816899088961
0.00709409696332437
-0.00206261978959612
0.000321267971785196
-0.000269505307680841
-0.00232727388319681
0.00121086375184451
0.00424041030246383
-0.0642249457256845
0.0136201677781144
-0.00809598605943176
-0.00634464493319903
-0.00026751751402828
-0.00306536471398468
-0.0106360187037629
-0.0015077778833792
-0.0153781971075714
-0.00797827302012803
0.00759328654101366
0.00358795493920524
0.00235573549702282
0.000496277988606886
0.000686005654815335
-0.00121609938150713
0.000207203175959983
3.35603803101967e-05
0.0020406300038781
-0.0332541398744163
-0.0067656582520293
-0.000556453119333822
-0.0065912504541857
-0.00066833901315029
0.00229395348426932
0.000820788059467626
-0.00225512466828089
-0.00108796796590597
0.00141636972815817
-0.000477290734808257
0.00385575259328363
0.00265043087662381
-0.00236859709330042
-0.00267341343426321
-0.000567449568598722
0.000251761365171396
0.00296613982392297
-0.00104388613558444
-0.00103509279551056
0.000622683581134828
-0.000445240491973562
0.000296382996558797
-9.99576060542687e-05
0.00065893715639575
0.00689771938594082
0.00275173613023462
-0.000889539467486762
-0.00356930598818661
0.000450684990524774
0.00108725659065217
0.00369697328028058
-0.000754582522350083
-0.00207795376010304
0.00335310537345028
-0.00049139955815286
-0.000129003557269618
0.00157217677287742
0.00337040315646192
-0.000533306990544444
0.00166180885426287
0.00142394027467574
0.000566555481579283
-0.00103003973260901
-0.0077820604481846
-0.000307348435458076
-0.00129165283852362
0.00418742811766871
0.00154674659498598
0.00720351867296952
0.00497760272388711
-0.000422272195457244
-0.00513284352588705
-0.00781439714477627
-0.00251359122974807
-0.000870075239779488
-0.0539294336948214
-0.00412312476793121
0.00209234588341652
2.32036034235597e-05
-0.00359620534430683
-0.00474806353124685
0.00445612406495929
0.0043236715673823
0.00503308630530409
-0.0010809326381226
-0.0016945805318527
0.00199195533400352
0.000394329768767116
-0.00152672358907973
0.00980219279824023
0.00702611838386874
-6.36857188243646e-05
0.000396860957976312
0.000355369647871349
-0.00525810653917268
0.00757011579221241
-0.00268295217750602
-0.00426934275349912
0.00184847625243565
0.00222521936349129
-0.000834716497962887
2.64753354239892e-05
0.000934568988772721
-0.000337422729381081
0.000433128397366097
-0.00803456352092762
-0.00200931655845354
-0.0283774239720003
0.00254174883126248
0.000985382962967763
0.00500303960151548
-0.000372530065986536
0.00423836779399835
0.000323015490815114
0.00164365183385482
-4.168097771457e-05
-0.00216304034483276
0.0030612899864912
0.00180896332015471
-0.00150144703049352
7.63081168634953e-05
0.00355074429457281
-0.0035240150500531
0.000277991270726723
-0.00181286242987753
-9.28776285089473e-05
-0.00115716340858905
-0.00375278137532977
0.00110080398789877
-0.000993310304633609
0.00399880354779312
0.00851723747681513
0.000762410579521885
-0.00232887137153929
-0.000530606845020292
-0.000407594300981466
-3.020867717635e-05
0.00519940511118306
0.0146289002492469
0.00315677253792381
0.00370997832335692
-0.00077376961900065
0.00677667124110586
-0.00425691319227692
-0.0065525356834845
-0.000142832342757407
-4.07716866618884e-05
-0.000133881847898086
0.00124717333257389
-0.00482676678601367
-0.00122034961464411
8.38821719333471e-05
7.5726266298847e-05
-0.00237885312811124
-0.00404305404938515
0.00224150101589012
-5.28517614051998e-05
0.00798351014520484
0.000231456194987515
-0.000855057157361105
-0.00182486696373046
-0.00707578998835957
-0.00502792438535739
-0.00718804932585209
0.0158515614004471
-0.00168045406051944
0.000759938200927597
0.006720044626109
-0.00574137454972204
-0.00120481679696816
0.00368805051156089
-0.00924288993862425
0.00290674754632807
0.00326130702274777
0.000729434779343594
-0.000826434891170465
0.0200659663467986
-0.000931048391860605
0.00252237497281116
0.00118387829407778
-0.00225236037678544
0.00113172033427751
0.00169111844801017
0.00128424683665834
-0.00115016378005867
0.00117842631905977
-0.000364381971450029
-0.0039748356689323
-0.00080417220563277
0.0128132935433408
-0.00262021616937205
-0.00338335062826892
0.000344245193453798
-0.000247239668261515
-0.00543350951830821
-0.000964665964765677
-0.0369322747843313
-0.000712364093328647
-8.99889641544408e-05
-0.00642926383498159
0.00263805786259657
0.00256932394954377
-0.00534438094062362
-0.000210771609972972
-0.0024215476370396
0.00127411710781001
-0.00306257008366143
7.7477721990629e-05
-0.00124473535231143
-0.00554967159985558
0.000288085360453366
0.00205769768601355
0.0050508197485253
0.0141274932466504
0.00117910009738054
-0.00247247167865428
0.0026298074743909
0.00150584677829333
0.00162351121258717
0.00214925017156335
0.000639175375607742
0.000175682478900688
0.00330747665477354
-0.000823125317399507
-0.00244284243220262
0.000394481395864699
-0.000312293329603285
0.00149228349868017
-0.000906966688702876
-0.000926045158354712
0.000579247856797356
-0.00592939314797136
0.000294319981174633
0.00127878240937364
0.00175503091298564
-0.00613949256811148
0.00224869655769767
-0.00464121777967088
0.00248224384115711
-0.00167055268298739
0.00210928643324483
-0.00100775762943268
-0.00047750594292056
-0.00297503559247652
0.00173789432908071
-0.000475257191914675
-0.000479896261099072
0.000395795475178464
0.000195106456329165
-0.00532012946208801
-0.00130856461274514
-0.000502447821982826
0.00126354620648028
0.00632633011062907
-0.00581888258878962
0.00219965877732592
2.59517196273297e-05
-0.000487327541210079
-0.00124754565593892
-0.000786086970826473
-0.00254522101123036
0.00221276050619306
0.00372933844554553
-0.00138033597052664
-0.00409649755754599
-0.000537546426868205
-0.000930138507177849
0.000856957773380783
-0.000261340394919426
0.000273241154707076
-0.00206200214667795
0.000204636327524182
-0.00215555009235324
-0.000742658177804516
0.00056113244116462
-0.000416967409875148
0.00194815158906946
0.00180044107969968
0.000343177280136199
0.00113640020287125
-0.00010780802677892
0.000303660348523921
-0.00261658630296281
-0.00300525218551719
-0.00182566336092711
-0.000782075499191196
-0.00446823080176866
0.00105060229063984
-0.000226500313220802
0.000501888244060284
-0.000242165163824082
-0.000145576971880759
-0.000369565589706167
-0.000388817993104863
-0.00259687128185126
0.000295614394693532
1.69937208815728e-05
-0.00096347812519366
-0.000369605902224985
0.000164568436439781
-0.000430926103789886
0.000249413004748326
-0.00162306755560321
-0.00110042654862854
0.00125824581237359
-0.000326542570457504
0.000338581347574935
-0.000898294681730243
0.000572723364470925
0.00055050809781519
0.000640623467411335
-7.9045000167333e-06
0.000187538617341075
0.000482085953026944
-0.000103025404866639
-0.000292181414838078
0.000848455553723944
0.00172034272560774
0.000849823755849695
0.000135461825967445
2.48643084026569e-05
0.00147253044459905
0.000678939852968641
-0.000149967387756827
0.000746935633786543
0.00140364318267561
0.00293660966967263
5.8883852371581e-05
0.000206444553839437
0.000238737098081418
0.00250465733379022
0.0010256094725268
0.00042252243291263
0.000628837620030426
-0.000765193258617162
-0.000117658862147271
0.00107560150442083
-6.55164101236237e-06
-0.000109329823176852
-0.000306035352180149
0.000214962686673087
-0.0034989019548025
-0.000800967510480309
-6.79938450623573e-05
-0.000172980890172919
-0.000485443289165556
-0.000182805427123578
-0.000541062731227328
-1.99354527194378e-05
-7.05798594103389e-05
0.000218444524293598
-0.000499802177730303
-2.95803435682852e-05
-0.000706117607324779
-0.00263991243906754
-0.000566585117518408
-0.00067520064166331
0.0001491082685434
-0.000239295665602557
-0.000340474669424678
-1.23195463584199e-06
0.000122283572608481
6.54123489103197e-05
-7.40949198143353e-06
0.000469493495987216
0.000239218448747456
0.000232277572333513
-3.1683448905149e-05
-0.001007679029503
0.000483951007744527
3.89614779621542e-05
9.45400418110032e-05
6.75982780157779e-05
-0.000553130824120274
-0.000532207070468108
0.000126456854186651
-0.00041964737958495
4.81672466383459e-05
6.81956575584837e-05
0.000275922322898438
0.00067669188714978
-4.78938707429613e-05
-0.000212800312979528
-0.000599111979686077
0.00027858938557995
0.000496882553473465
9.70340527612929e-05
-0.000668420158758151
0.000656144633805824
0.00122225950054796
0.00036343902469847
0.00070043631622663
0.000224524480544039
2.73092731106804e-05
-0.000148959961413681
-0.000189361486537848
-0.000345711464834271
-0.000329802964606156
0.000295257631040876
0.000703313179504366
2.50480141164472e-05
0.000238743803878955
-0.000285822041887171
0.000135600052675756
0.000428178113630213
-0.000133057729264478
0.000103738176321423
9.77845325308223e-05
0.00012731883037409
0.000137045579774575
-0.000293066802505764
0.000128375387880289
0.00158723107329316
-0.000513916350567486
-0.000668606285566237
8.29086011347598e-06
-0.000150318946398501
-0.000581431075689235
4.31976216500355e-05
-0.000173951973059175
3.66270188410768e-05
-8.6714448403486e-05
0.000242220800625926
-0.000383524416924542
-9.87822653901629e-05
-0.000183711248784341
-7.21389680978637e-05
-0.000151973845884061
-0.000268253193379542
-2.20229506934416e-05
0.000111464507296453
-0.000194135727395954
-0.000181097380454339
-1.6652353660293e-05
0.000178807974564694
-6.2112430484156e-05
8.33940619582258e-05
0.00063551899871905
-0.000329450984316402
-0.000949237111840421
-0.000486484968571782
-5.92334667057821e-05
-8.16318083865159e-05
-0.000130009763157665
-0.000156314039110301
7.71273588981728e-05
-0.000415044350512414
-0.000220099542353671
-0.000279410544213197
-0.000322837780863606
-0.000947858363918272
-0.000596724950568122
-0.000226736000044829
-0.000302677757323106
-0.000717300694231758
-0.000434839040006117
-0.000141247520759928
-0.000105208360174279
