-0.951184561275283
-0.893015775500873
-0.696332691794915
-0.516172219407513
-0.354084988376384
-0.232200306353171
-0.149662999962793
-0.0948331064067838
-0.0469664765305163
-0.0115334409425242
-0.00868180730216256
-0.0358509862088342
-0.0513869319068352
-0.039947985323757
-0.0422425177165498
-0.0899478026086424
-0.0133295370261448
0.0136683929936885
0.015878258470821
0.0201451027469706
0.0178291025190875
0.0319727775016047
0.0012599246770669
-0.0105414671767461
0.0162641903814848
0.00217316274283834
0.0315378672010832
0.00208104285696185
0.00640021090417124
0.00066258987895083
-0.013001290406484
0.00427038287628408
-0.00477770287723442
0.00887572633621224
0.0180211012675714
-0.0259686563731606
-0.00638606341245944
0.0296570422799856
3.40946299794819e-05
-0.0281917759516617
0.00414806287141974
-0.000437640564655012
-0.000505229370072291
0.00727670229542374
-0.016710336453617
0.0220938954083988
0.00590688434983592
-0.0163397874435213
-0.00852839487247948
-0.00124448348754908
0.000275236741021004
-0.00334707921179213
0.0203749542724676
-0.0166812974411329
0.00681341969368894
0.0171227600320088
-0.00385898192715412
0.0288730047180387
-0.0530423510712628
-0.0100873078808927
-0.0146262294175413
0.000183613516083328
-0.00623891468553548
-0.012886497987295
-0.0451114550906348
-0.0213108034689302
0.0144471142716412
-0.0112166284495552
-0.00669965593129301
-0.00248957412508709
-0.00457607400442521
-0.000522159390480309
0.0356079829610376
-0.00226100100554678
-0.00782375926394392
0.0111861278842119
-0.00662351713187937
-0.00636986243872132
-0.0111887196679439
0.00462324091499607
0.0329885419641036
-0.0120652358480623
-0.00140192985233314
-0.00731259558006046
0.00148239123397219
-0.0140369119444642
0.00563012258424664
-0.00434089441950585
-0.0062925755213664
0.00305245022025071
0.00609872493153174
-0.00288255288280079
-0.00127847349291504
-0.0181405458631311
0.0373052044293224
0.0465711361008355
-0.00273809555049631
0.00047099982031216
-0.0319310151671061
-0.0233445384042225
-0.0221125137907166
-0.00141326824763607
0.00132252569080401
-0.00049987355464584
-0.00380632307550971
-0.000256640752939252
0.00246059761945378
0.004313689942064
-0.00923829198741211
-0.00331383147213964
-0.013634997169327
0.00244252251605559
0.00544694947147209
-0.0190197049474607
-0.0023830666598597
0.00598306907322493
0.00487661414618328
0.0114301021875146
0.00241487782456837
0.00275976016244109
0.0207744134099013
-0.0353044340563973
-0.00391421636150509
0.00669223232260066
0.0265689151086039
0.00352405024057811
0.000236326468954298
-0.0202395858204925
-0.00308481596290975
0.00446874979847389
-0.00192527588400502
0.00281468563166754
-0.00115311793419669
0.00115294333324205
0.00128597761928166
0.0052235751762116
-0.00240594939218891
0.00267370076311006
-0.000463396911167124
0.00375421400337361
-0.00343590897847219
0.00340927022410616
-0.00880735050001432
0.00235232014174652
0.00722741307632295
0.00503904821185138
-0.00450916425560701
0.00252281009718396
0.0264522257708884
0.0381044511760918
0.000624623533294215
0.00550291435889674
-0.000135500182717063
0.0029018920304343
0.000810177421790359
0.00702510565633281
-0.00265501791171669
0.00120563357645563
-0.00961277952473438
0.0071290188239435
-0.00316629979523961
0.0131950859982847
0.0017571047535926
0.00185185889779732
-0.006053537676297
0.00392116615603021
-0.00344327648436225
-0.00075175543863284
0.00874251136895578
-0.0140093277344713
0.0155875460236201
0.00113587386815138
-0.00841392348442883
0.00419402529163308
0.0165702185953238
-0.00269196624434039
0.0187793571969708
0.0032464676158497
0.00152579779300538
-0.0117977302470897
0.0011949958705221
-0.00357083328019217
0.0160589671116016
0.000881799056658058
0.00926305534218612
0.0182720381303167
0.0202658888891524
-0.0187811566303343
0.00257783994709116
-0.0027619936462523
-0.00289249293010648
0.00599406290424975
0.0132671808692275
-0.00402329579931006
0.00068051040268703
-0.0226645162113414
0.00479982962967979
-0.00420249665461478
-0.00189385240294561
-0.00335051459254282
0.0121175992507963
0.00302739514213936
-0.000119524232176453
-0.00221939499667516
0.00602617190943357
-0.0361951282856585
0.0021931300070838
0.00796127951227409
0.0014711391232095
0.000189054361444755
0.00811278486364374
-0.00146825611490469
-7.67739120424939e-05
0.000853612520910037
-0.00183300194874465
-0.0117000403862301
-0.000221682500493919
0.0279161205265154
-0.0447852041865836
0.00204696878528007
0.000713230076621934
0.000212157177270677
0.000824701514601768
-0.0095351208800937
0.0138074325563685
-0.000992837206567302
0.0417513380315875
-0.00637351522893367
0.0154420773090383
0.0666838128453044
0.0118330904811577
0.000280599094311017
0.0236118496910992
-0.0422505184213829
-0.00716116754542753
-0.0178438163833265
-0.0126952673968734
0.0290740980934328
0.0170347068270856
-0.0105811684891407
0.0028345009022811
-0.0130021483355537
0.00190746873700716
0.00179251779232194
-3.91764076475277e-05
0.0035970716704818
-0.00158398895753462
-0.00650575489999498
-0.00154527673421165
0.00439442625046903
-0.00194533337545487
0.000422536562494545
0.0206219772230506
-0.0078847510945233
-0.00271040050754434
0.00599255526779382
-0.00168262082469725
-0.00203229167310672
0.0106551029637261
-0.00334566380418124
-0.00160246959621212
-0.00147961584799087
-0.000440018449230723
0.000632427870824334
0.00430921910920823
0.000196748847691495
-0.00953218663866396
0.00361449305000449
-0.00138711825106201
0.00576671971569334
0.00410594196031637
0.00121969797743255
-0.000264273834944267
-0.0122661602199131
0.00250486396971043
0.000863717660868725
0.000771824095356807
0.00519346006762517
-0.000453820994133401
0.000206071067501979
-0.000961139341668586
0.0038954667213963
0.00434381127124103
0.00582615269828128
0.00610634064565454
-0.00480298888577849
0.000421112951289024
0.00659609424287978
0.00269687556822774
-0.0542865603096195
-0.0224036326987335
0.00471385879108802
0.00678078206263534
0.00734972532183852
-0.00120939643298866
-0.00512113076034235
-0.0197486269270367
-0.026687059277635
0.00753370436234155
5.3756975958654e-05
0.00442593139848167
0.0073646015081069
0.000948593694113744
0.0024670308434792
0.000997264039219315
-0.00475301638914484
-0.0235758305880233
-0.00015946748338489
0.00988584323218923
-0.05576494062001
0.00946585194961169
0.00169488390400516
-0.00390221921788699
-0.00382941500507857
0.00892049197199832
-0.00487829010102736
0.0070843299950611
-0.00299478159061946
0.00197209730948957
-0.000508634497484272
-0.0108090909905946
0.00050063693738948
-0.00144975195063769
-0.00823633829119496
0.00317884223073227
-0.0401471179728712
0.000744732905654907
-0.00590078756582954
-0.0102789325013453
0.00512058714860828
0.0356437076020314
-0.00194424811918532
0.00121203554337016
0.00968182490794799
-0.00257478141570658
0.000326820242099565
-0.00768308401305488
-0.00318317892579767
0.00123328124790193
0.010392745776841
-0.00302920406731306
0.00239091442867122
-0.000883386593422426
-0.00897910303871426
0.000948996443780579
-0.0331969769886637
-0.0468620720568006
-0.00538763389863483
0.000549133796477121
-0.0100208232070463
0.0162205814161011
0.0179572166671263
0.00133794275015332
0.00218830486778234
-0.00779016425196911
0.00379227046995979
0.00161270126636762
-0.00310014323726405
0.0190981623681433
-0.0122603450954681
-0.0198470075048552
0.0061797478715351
-0.0352667239780259
-0.0264992766914787
0.00116289578570079
0.00444131514118226
0.0189480244054098
-0.0149484873834665
-0.00946560226264708
-0.0241503509664834
-0.0463956388024692
0.0170452164343413
-0.0229942160646695
-0.000569193637550713
-0.00887774300377247
-0.0278086135399697
-0.00617728784739098
-0.00957543245200588
-0.0322662217432971
-0.00359691678641995
0.00332271372306511
-0.0295502101000517
0.0279702783546726
-0.0236520335335939
-0.0212304056599285
-0.00194647218671235
9.36300987462672e-05
-0.0051162891554398
0.00158337800111421
0.0187267938578248
-0.0011972602316021
0.0083490999056665
-0.0160629424515733
0.0213034347333389
-0.00468793098915433
-0.00221895282310944
0.00807875195832363
0.000775994050005847
0.0105730075076382
0.0091873527209934
-0.00240444583547028
0.0137646087507212
-0.000804258713336168
-7.62605533873193e-05
0.00448319506154544
-0.0117157909242064
-0.00351743725850405
0.00107324805833118
0.00382519640174059
-0.00687429639218936
0.00027416703683205
0.0162978805175442
0.00216927336241053
-2.20729481089231e-05
0.12991685028298
0.00245906390939464
0.00182532022916332
0.027197793944186
0.00354156411124834
0.052102283650746
-0.000207179955647891
0.0194279919473721
-0.00208366746205034
-0.0155307056355778
-0.00367503840322657
-0.00594443907849003
0.00218334575012392
-0.00281381931156037
0.00413712834946895
0.00893975714697396
0.0148794016414541
0.0582619739484476
-0.021442818972237
-0.000251854053642738
0.0126401758896715
0.00066530723912992
0.00442772880702411
0.00347592124597163
0.00920224505664002
-0.012712672860713
0.0119843484733068
0.00217101587580845
-0.00371425832343268
-0.00102767167841322
-0.000996439747155932
-0.000120547578088487
-0.00368271230116612
0.000430775972974471
0.0223722132591399
-0.0108154032401534
-0.00452989160223884
0.00405414333930956
-0.0098887719358934
0.00528928813128441
0.00335371079388499
1.72724439427715e-07
-0.0304314184394915
-0.0141179413833034
-0.0527506998146218
-0.00418155528392843
0.00011608261220917
0.0007104398978614
-0.000247984227059756
0.0136490490768859
0.00477177151218713
-0.005960941909927
0.00167074809617624
0.00993343997028131
0.0303577449703824
0.0152624931040466
0.00374774423569191
0.0215841432601867
-0.00059197387727649
0.000370939501936417
0.00379170322167237
0.0187886667716149
0.0111108473326924
-0.00694674022673805
-0.000402190643729773
0.0107196082434265
0.000209304507143099
-0.00683232294011953
-0.0243741875812364
0.0110310177740703
-0.0252636319148024
0.00294198446912682
-0.00816567286385718
-0.00147811784427419
-0.0113822504797804
0.00338057590083977
-0.00682264766375253
0.000261567492559219
-0.00236384326918771
0.0562022062354518
-0.00295186615091983
0.00312931158712344
-0.0013696142301483
0.000625288693433732
0.00314882493365357
0.00374508361039277
0.00296804802205477
0.0346130104945447
0.000983523255080872
-0.00494177266910833
0.00247695716639677
-0.00256130492546435
-0.00268915875700301
0.00229299113771294
0.00840285720472119
0.00645014298305181
-0.00191505973013772
0.000414218683786914
0.0138087398673823
-0.000237743319636517
0.0334500534032467
-0.00772323155423086
0.0049773596330396
-0.00319156962633575
0.00784249593228141
0.00998011642068213
0.0121523657047207
-0.00600532930840987
-0.0149715585333222
-0.00185357681105044
0.0146485949916419
-0.0203114014549641
-0.00613246746861584
5.53246892720647e-05
0.0124279452293729
-0.00838150257703617
0.00828067941379271
8.78532390704241e-05
-0.0276932155714383
0.000712631465750558
-0.00440996817369593
-0.00535633875873725
-0.00234702635866483
-0.00498221423240655
0.00369238180947737
-0.0282141346976043
0.0130176199824869
0.00175307563304511
0.00593771185501926
-0.00172966433792323
0.00902997117385876
-0.00721247459003463
-0.0209279120371058
-0.0134385154031826
0.0130011230325468
0.00065567678945126
0.00306912269128449
0.0222368315875439
0.00051456608381864
0.00637669345857199
-0.00206963204388513
-0.0024380538282052
-0.000498101549454906
-0.0012486805667914
0.00753192071676122
-0.00408812310071537
0.00628876271064261
0.00740634548760509
-0.000356102796497918
0.00207009251617773
-0.00114575791478931
0.0326547881616509
-0.0103271802118691
-0.000500663047222478
-0.000165540656024467
-0.00245302612184672
-0.00302533081901258
-0.00414620149262662
-0.000498723330520829
0.010498084251314
0.0112647759498738
-0.00404570617148379
-0.0128230396692396
0.0169543161641092
-0.0106242519064092
-0.00816022469066879
-0.00440322333321838
-0.00264787245217152
0.000114470558604665
-9.32263606093738e-05
0.0310654726645999
0.009597302740417
-0.0202548716832481
0.000996998256823024
-0.00106682760236312
-0.00939680077410775
0.00437983329316901
-0.00016166890888904
0.0114776790045092
-0.0071984573332887
-0.00594662233723865
-0.001125584219167
-0.00193168198706239
0.0101835319672337
0.00268514708480784
0.0126797999229087
-0.023542416509784
-0.0165871206748
-0.00875011191544608
0.0242491367546604
0.00996030857642079
-0.00790918124410727
-0.00432425983883391
0.0145407956364139
0.00483167566585907
-0.00640615204675324
-0.000528245684079638
0.000639258393162337
0.00283989060994042
-0.000929100436390327
0.00298492449262495
-0.0065061087771294
-0.0125314035355012
0.00388832154608672
-0.0137239442916897
0.00930802562886538
-0.0136773762888274
-0.00535630852871961
-0.00127972574129818
0.00319434079900688
-0.0049447951725659
-0.00317638903371413
-0.0399164124648328
0.0260780893468739
-0.00179804940804138
-0.00509530299965829
0.00677766304116694
-0.00962156025972005
-0.00306370842408479
0.000163952057149706
-0.000762642950113237
-0.000553834213980544
-0.00225921015684483
0.00162563394757063
0.000894257210588905
-0.00799123185727803
0.00109989656052874
-0.00372052954840527
-0.00253290871831165
-0.00293301386286117
0.0181471586601219
0.000675462654493459
-0.000624057614088623
-0.00581612786424495
-0.00575089482433221
0.00436725515041371
0.00827440752331662
0.00268967089734357
-0.0313904078989629
-0.00479421631128481
0.00096083889278545
0.000583643825460669
-0.00631081647009734
-0.00837517524588759
0.00809042032618099
-0.0160588483724863
-0.00679104019571847
0.000487860566997534
-0.00157935597130737
0.0043123805130271
-0.00974885487915478
4.97283467212463e-05
0.00105582535475408
-0.00253037899101504
0.00109475846027334
0.00266368363543312
0.00155366899626879
-0.00212108909547045
-0.0102411192386323
-0.0092564123913067
-0.0178788244501041
0.0259877991829255
0.00160933779545287
0.000595200731411473
0.00309713781685495
0.00186023678855558
0.00226640606844113
-0.00125356088806059
0.00628408127582313
-0.00119125112379854
-0.00266563389158195
-0.00577109174186837
-4.91132044207797e-05
-0.00171256565299535
0.0031354554994859
-0.000406709688954485
-0.00144526735875736
-0.0111942006721807
0.00658648276103426
-0.00087374020007004
-0.00499239538267232
0.00184738516735641
-0.00136348718109237
-0.0036285804866174
-0.00392186096211858
0.001656036092437
-0.000162054652047785
-0.0533250740735081
-0.000252270069669107
-0.0044973066743146
-0.000492818401425952
0.00400056591586859
0.0086218425427723
0.0175939444185382
0.00151462581481581
-0.000276880228693439
-0.000938093050604454
-0.00182266327202308
-0.00361083553769024
-0.000481024245953306
0.00131613574853605
-0.00131544474777076
-0.000243140112024047
0.00017293081377276
-0.0012259490372255
0.00151484971663695
-0.0132006724679169
-0.0049209547590072
-0.00130238697122663
0.000608775934984976
0.00513424307482978
-0.000549849852003484
-0.00756558915913883
0.00786018947384634
-0.0016722104564007
-0.000665777596866763
0.00367799996225198
0.00313369789390644
-0.00197894061580854
-0.00504133689755459
0.00331159823544558
-0.000463511051896494
-0.00114748859265864
-0.00175301422839599
-0.0151569193883611
-0.000742018029339753
-0.00286692311622505
-0.00742235440999494
0.00291776204173376
0.00703935407727596
0.00356577718924382
-0.000106593464422497
0.000312009317166857
-0.000793769181339938
-0.00421061302200152
0.00283662604977894
-0.000260133591232846
-0.0118560075956598
-0.000993027814435945
-0.00308497548665391
0.000854723227953139
0.000507002410067097
0.00160802910252857
0.0138785094508012
3.29883732983574e-05
-0.00113380525812241
-0.000363717596404227
0.00161930989597731
0.00181938916742254
0.00027945487698711
-0.00642706357932274
-0.00613189335808431
0.000716498758499512
0.000441172237694153
0.00228465259246469
-0.00116436012897244
0.0223709796204137
-0.0120555088552687
-0.0125827522919058
-0.0076104092578432
-0.0102927318784473
0.00388517810452612
-0.00765383737979559
0.00362007031615334
-0.000888411736747972
0.000548261976999372
-0.000553866084048722
-1.07982030696913e-05
-0.000114056808678352
0.00353256260762317
-0.00377911255080447
0.00122748671451147
0.00223018157037124
0.00154111466624307
-0.00132454867968917
6.21489948862582e-05
-7.04664359575753e-05
0.0013835855872762
-0.000493444337844449
0.000235967315064697
-0.0118238955534338
0.0199605918658455
-0.00668518081382691
-0.000148661516107435
-0.00117166381892438
0.00064664587184142
0.000475093032037653
-0.00352063048191772
0.00176015121232277
-0.0043331039304823
-0.00661681269574628
0.0073833227641483
0.0197527185947781
-0.000380477422584328
0.00116358729357428
-0.00102935771230044
0.000419476052082804
-0.00145784446325475
-0.00118199933628847
0.000918073553806733
-0.00155446740485929
-0.0070389009170176
-9.75593182873475e-05
-0.000685544438149611
-0.000125356573199951
-0.0325238390243801
0.00043533039450322
0.00178663401322205
0.00140691801933108
-0.00298204399000278
0.00110449852600545
-0.00357387522123042
-0.00398124385486111
-0.00151966624100054
0.0023205153255214
-0.00440401434342527
0.000321494257986833
-0.00108977853120304
0.0199257714900513
-0.0136823782167004
-0.00332296571567939
-7.32186643336312e-05
-0.000130348902611533
0.0138935894411823
0.000448732250882421
0.0020805560860397
0.000752109919919387
-0.00432122025261147
-0.000698137561385477
0.000420297113786296
-8.14349762512292e-06
-0.00778100936633072
-0.00379030445667826
0.00679135433700522
-0.00120022155550255
-0.000797953572091853
-0.00456594452149028
-0.000704964455789899
-0.000992277020117977
-0.000378340864086426
-0.00173828296237829
0.000573611229711931
-8.10426300726743e-05
-0.00900814651381849
0.00216128131491957
0.0017154345696574
-0.0054760728535199
-0.000251499162018276
0.000923722709060839
0.00239242398466247
-0.00199669813336176
-0.0063277840887255
-0.00669149479320974
-0.00314025668278069
0.000829446144546213
0.00261881348765576
0.00842497795099624
-0.0205496635330638
-0.00569363448388227
0.00168672672996613
-0.00207551436050261
-0.00129074024291803
-5.64050199179431e-05
0.00048847661195157
-0.00113883259864794
-0.00694443440407975
0.00831977696719578
0.00134386191767225
-0.000628873628527618
4.77618283741533e-05
0.000177653393071864
-0.00896539128544392
-0.000669773440329199
-0.00104334966682744
0.000576643037583699
0.000496258204698141
-0.000836912932920434
0.00205818049654285
0.00146132804022754
0.00407156058886693
-0.00205873970292702
0.000903147045678476
0.000226345590535249
-0.0140005956557358
-0.00372367407092664
-0.00249812061352692
0.000895254411416802
-0.00151678879462731
-0.00165991972886992
-0.00331906406519285
-0.00876894999561587
-0.0158994399313194
0.000824087810227939
0.000489974308593334
-0.000420764821398673
-0.000839230055439671
0.00354703871683439
0.000417546027099073
-0.0030134682982466
0.000157839305552851
-0.00445328148128567
-0.00284425565779791
-0.000560929864513136
-3.745794197631e-05
0.000306345045053458
-0.00108632982926525
-0.00328991215274624
0.000485282147853334
-0.000120475633410746
-0.000302587686166656
0.00361610159233079
-1.72182047478884e-05
-0.00355441977345933
-0.000283965021489078
0.00556563759017485
0.0115443579175842
0.000458446843274004
-2.9348619057042e-05
0.000829664298667589
-0.00101010295945962
-0.00155291039260568
-0.00467030875967044
-0.00434892500498208
0.00569762730521892
0.00265743920789197
0.000165889233268505
0.00290304725682366
-0.000682563755612612
0.00303250004784425
-0.00160031090714618
-0.0106240351415276
-0.00266268648725656
-0.000700203953504119
-0.000321258127021349
0.00121484695026318
-0.00043801789259921
-0.000718250821527036
0.00104038571122313
0.000922515684375104
-0.000467518995022297
-0.00269336257507756
0.00147746055428991
-0.0106999441987426
-0.000245590804277835
0.000737565493937417
-0.000903454899045356
-0.00236198122219135
-0.00095128791583985
-0.00274347003980904
-0.00265200182686033
0.00101476422094303
0.00124216684637063
-5.41881066375119e-05
-0.000358728586150325
-0.00206049205189173
-0.000472371173273209
-0.00167344913918997
0.0027961014832946
0.00142904418752992
0.00121646167422675
-0.00183305075622892
0.00187027668311956
-0.00018220522256038
-0.00225862835472214
-0.00148040635069614
-0.00103974547805961
-0.00258262971400696
-0.000128037435788069
0.000794048533756601
0.00112207447854017
-0.000179604988466591
-0.00491308233889668
0.000941035707985383
-8.30587954534059e-05
-0.00197616556557088
-0.00112889822878773
-0.000230175965050877
0.000884867113419943
0.00187617810965574
-4.14442469777005e-05
-0.000917074985691608
0.000211488550795583
-0.00144169801791991
0.000271231681231031
0.000269308111973544
-0.000320845395762053
0.00101222356869223
0.000940949218411824
0.000190934766966132
4.33974304967923e-05
-0.000571735678070278
5.62996700848649e-06
-3.88758124963683e-05
-0.000295318251577293
0.000414351995369741
0.000149554035182629
2.91095914176814e-05
-0.00175507905670565
-0.00136195562724903
-0.00110764744753516
-0.000445146447798653
0.000526283480863035
-0.00039071135679005
-0.000543064575756152
-0.000492548337808607
-0.000396623272426226
-0.000779036119325843
-0.000259397113127972
-0.000371325926508685
-0.000444993291844348
-0.000476021275548918
