-0.930852898176978
-0.802661538866601
-0.671938803781877
-0.576275822868607
-0.373809654123895
-0.229872519804748
-0.193076258430378
-0.0764170195739272
-0.0480610935733268
-0.0349554154898585
-0.0121429134262805
-0.0210395251841248
-0.0198530092042047
-0.0254737178993495
-0.028656140226936
-0.000612915830799331
0.0174114620878955
0.0130801464649295
0.0521646895322641
-0.0105392655216231
-0.0163622631135523
0.00393925610251882
0.00745274674855857
-0.0202601411153716
0.048571074170863
0.0688715763824103
-0.00673013791512178
-0.00711901941175184
-0.0105974468853669
0.00451671901762491
0.0161906859343867
0.00690892145778623
-0.00137329678004832
-0.00101120260506183
0.00273834658985773
-0.000851589323229124
-0.00542051442788701
0.00128175448347768
0.00474478597358568
0.0128650180854426
-0.0123734480749392
-0.00639768102953263
-0.000116241887901148
-0.0342552409187321
-0.0416637132032292
-0.0031286385244145
-0.00378518310875147
0.00683735761037397
-0.00322821051100341
0.0171097817978807
-0.00207832356523689
0.0115912183355875
0.0179373618817255
0.0881993868522121
0.0141520557136378
0.00198297848111486
-0.0156612805157913
-0.00755548740416442
-0.018917503127502
-0.0478294778873832
-0.0107405055249112
0.00473862994827558
-0.00478046155433217
-0.00497110301561471
-0.0346283919375658
0.00521654977787235
0.0182025571577129
-0.00472401065415929
0.00270019339212332
-0.0109946019281004
-0.00197508293955674
-0.00576192777632384
-0.00453803115802069
-0.00090003053332675
-0.0160211198220713
-0.00597439069589002
-3.56492501752265e-05
-0.0237012020041045
4.9013686805684e-05
-0.0131670636986929
0.0144434262292356
0.0465678343863035
0.0139897385834324
0.00685395747252788
-0.0333822839959079
-0.00717528753845436
-0.0166533039719084
-0.00247541471175805
0.0050599660974008
-0.0200325634558176
-0.00895512583351907
-0.00488635659290149
-0.000448716257837539
-0.0179948926504648
-0.008168433864816
-0.00151478827114572
0.0188612761097807
0.00278388277055004
0.000695748290581505
0.00917896333525135
-0.0066478526353138
0.00276696182640563
0.00395792101581791
-0.00353736386644253
0.00435080568647192
0.00418448906764491
-0.0136101890877988
-0.00113775551377383
0.00729372629046467
0.00345921712178466
0.0176314336876866
-0.0083356627833381
-0.0055808988191314
0.00304865775348597
0.00607443345539954
-0.00912092599193989
-0.0121389182158026
-0.0295884016854755
0.0229156850268439
-0.00969095400584858
-0.000604391618556632
-0.00941627817853902
-0.0156372773545998
-4.29241982621946e-05
-0.00179727869724015
-5.13313367034019e-05
0.0120449911739892
0.000266888106819797
0.00483766313160102
-0.039671340073881
-0.00167943035549681
-0.00761248618682918
-0.00121451668779612
-0.00326514730241601
-0.0168858294786633
0.0232692850721244
0.0107069566874477
-0.00136951085751278
0.0031623219208655
-0.0111072592483608
-0.0122794648078911
-2.31599352670878e-05
-0.0117012391117967
-0.00403317691804899
0.0051006333049729
0.0225129795942091
0.00636386987568391
0.00151041403020193
-0.00135116247562288
-0.0411812784479037
-0.00815469398238215
-0.00404320363790337
-0.00275352518580955
-0.041771626453591
-0.00183747761277791
-0.0205441624561621
0.00662278133687206
0.00344215294562368
-0.0203064177348363
-0.0061152452948022
0.000141138032283099
-0.0103451347618009
-0.00530648871047219
0.000541405600666588
-0.0317596778343215
-0.027914988644898
-0.0107252463411728
-0.00875488218111104
0.011178566302717
-0.00174958548548453
-0.00125288341701831
0.000416454387619482
0.00891493042986585
-0.00333827926306856
-0.0123886679978547
-0.000994065369251294
0.0123097037576359
-0.00877210120305739
0.000254498161702976
0.00579518270253703
0.04544522471017
-0.0061228496560665
0.0133564003174006
-0.000508348790706213
-0.000450443883474181
-0.000776698443549126
0.0109179415415535
-0.00394033206024795
-0.00573499869420211
0.0111743553428219
-0.00251148117163068
-0.00611439572891036
0.0161896642020743
0.003164544859229
0.00466111740147106
-0.00128761014633259
0.0026475042442496
-0.00165320051566336
0.00634253591037978
-0.00310708752846643
0.00156874805717191
0.024462191698083
-5.95861572534489e-05
0.00472503758808799
0.030374790716655
0.00917695982030957
0.011749741326675
0.00408112180633694
0.000941430017377514
-0.0046808258666304
0.00777249069807138
-0.00826069769890421
0.00374008994842108
-0.0108131716682561
0.000554277120841751
-0.0126117564042729
-0.0100593697469533
-0.000537169450128156
-0.0298756008998888
-0.00511219282459475
0.00109647766104863
-0.0111006563421389
0.00395977788648245
7.79292226377676e-05
0.000982293738117572
-0.0012260639700935
-0.00263967451990536
0.0197090698383216
0.00170377163452036
-0.000314728523427284
0.00532125051793279
-0.000327549383568632
0.00390728146049501
0.00501748757720941
-0.00866482176145597
-0.00251776634171644
-0.00117659676540092
9.61836962645873e-05
0.00285496112559122
0.00758941095480384
-0.0120448186318219
0.0205817484118909
0.00580364654387009
-0.00880797414799847
0.00588180650117682
0.0235519899397366
0.00957266394959038
0.00656586946738623
-0.0105513018604491
0.00043040715518868
0.0325737286346147
-0.000732496005096297
-0.00707449333505796
-0.0119437878286889
0.00710134319745965
0.00243295798879899
0.00132832847657162
-0.0378765838177034
0.00103769406442406
0.00129007178274797
-0.0154369359787344
0.0252503023320994
-0.00159380286232026
-0.000480898868123212
-0.00925053789538345
0.00289903897022326
0.0249505713594583
-0.00482688386800977
-0.00308780962098001
-0.0194098967462546
0.00600545170756896
-0.00335163048731305
-0.00268742877342424
0.000112626219138005
0.0167207077036749
0.00200409667211436
0.00341848256439228
0.0208072508986325
-0.00110478793367382
0.00493321479883089
0.00388658306729428
-0.0162027980653817
-0.0130483834398581
0.010231537386606
-0.000528216032169062
0.00397740511932778
0.00169322278386047
-0.0251648564800938
0.00115976550090553
-0.000141822568155952
0.00283936231686771
0.0184335013347208
0.0248713205010536
-0.00279839036438737
-0.0133212706366207
0.00464823708514971
-0.0067142739790133
0.000268402250765901
0.00595934557724747
0.00759872331329555
-0.00648153700477848
0.00230990302164982
-0.00198689735754026
0.009483917824834
-0.00720775774806932
-0.0197828626683305
0.00523345129247585
-0.0076120254593562
0.0136996234123305
0.0176654404642144
-0.000134524678667356
-0.000679884455389004
0.00027770934947716
-0.00401164296529464
-0.00220487261572897
0.0027504618230137
0.00134827678687497
0.00303433482463699
0.00341323076677353
-0.000364010139854807
0.00182934007037414
-0.00150065595082147
0.00366049815028248
-0.00293525757440114
-0.0224465583473906
0.0108131424940824
-0.00311170595979551
0.000587172492951035
0.00171057587592625
-0.000844517422286379
0.00327951937783619
0.00164928307257718
0.0103717637074185
0.00580164597372225
0.00668513723586952
0.00252080277121655
-0.00443137912234399
0.00738787573089716
-0.0157179122207642
-0.0030119627454368
0.0326567391330676
-0.00138256044585488
-0.00281436309428339
-0.0047357438794419
0.00139248159882871
0.0163717450398876
-0.000792321186460628
-0.010888986952473
-0.00378825921443402
0.0265847666343428
-0.000447616865236795
-0.0237230010250972
0.00263847198196361
-0.000234082915832519
-0.00678337519106165
-0.0101661351570482
0.00446680060566854
0.00102618096558103
-0.00923789103254674
0.00520727962579826
-0.00132182604831614
0.00636912138679643
-0.00340316319053993
-0.0247536441352886
0.00322715357106476
0.00918331319123667
-0.0235189285310833
-0.0082123696549164
-0.00164770586159775
-0.00200610605895216
0.00563882318097014
4.80398214976421e-05
-4.14490896229276e-05
-0.000334261344194777
0.000223568159468304
0.00020978750080103
0.00648793126476597
0.00971584130669639
0.00153336172849809
-0.00235834140867714
0.00453496965971154
-0.0066473935518619
-0.00544058838987824
-0.0118900604484999
0.000145110519255422
0.000263199975018976
0.00104014574082578
-0.0205230532199842
-0.0083008116379962
0.004617819564415
-0.000398148142516663
0.000679416014073941
0.00132287272666306
-0.00118219633733967
-0.0071533252958596
-0.00102684285583255
0.00111451071441069
0.00267710658442725
0.0052740210554073
0.000342782994088798
0.0041334661391573
-0.003121912966512
0.00223157668248296
-0.0129250241778687
0.00103433050927934
-0.000151801519564659
0.00365834818810809
0.00268329630245023
0.000861058656619909
-0.000873795636473733
0.00025221375157722
-0.0062500347433326
0.000691852730613251
-0.000553447157801623
-0.0368342773073493
0.00443496815382729
0.00437343181688823
-0.0086226849461444
8.5828185131708e-05
0.000423125765387827
-0.00082086842879299
0.00315147276643897
0.00049515092292142
0.0054894628352902
0.00434115423215335
0.0139798214621792
1.57815671126714e-05
0.00046131032176302
0.000807935290874866
-0.00790499085186189
0.00378330227461861
0.00425379650754348
-0.0310518336259685
0.000244211253030869
-0.00173194162841737
-0.00187668749668085
0.00265659189018657
0.000650491863191676
-0.00352903747259879
-0.00245174880607437
0.00517307388181477
-0.00333201737084431
-0.00626850090362099
-0.00212517660136395
0.00114663989659164
0.00266631560346944
0.0074284172017402
-0.000544421205557872
-0.00207009410800197
0.00171424271089858
0.000959751105168147
-0.00389269264341619
0.00381338316600393
0.000785009543618402
0.00143894248751548
-0.000317862257307705
0.000168701149038304
0.00311356683850673
-0.00152010502153793
0.00176620271682231
0.00431507295065966
0.000654140564272684
0.00511918984647512
-0.00497169257978641
-0.00034171457907539
-0.000338159095249286
0.00597415348840171
-0.00910834318558525
-0.0348659207400062
0.00422926261065939
0.00279751561450953
0.00374660480566803
0.000638510858771219
0.00199973551458423
0.00219813167925583
-0.00242847236179027
0.00421202809926456
0.0079736187250725
0.00178403050597554
0.00258420655321082
0.00268178987709745
0.00254838201666292
-0.00959377671776714
0.0024826285761397
0.00159231701106026
0.000911174700579249
0.0120619242133
0.00448415170863595
0.0027543233333647
0.00348194618257645
-0.00322441969814268
0.000431421321118849
-0.00114320510344005
-4.35420437245681e-05
-0.00093003264333101
0.0135936926027592
0.00403297772816173
0.00015481469116138
-0.00158716368625581
0.00306009871910873
0.000633121869052605
0.00202747192969654
-0.00138798310028736
0.0035365375102142
0.0076346520171633
-3.62217137537729e-05
-0.000667577027222566
-0.00656130872997006
-0.000105141321186606
0.0021618116790845
-0.000565797930977797
-0.000443919375493375
-0.00152309822023802
-0.00258824852499609
0.00199070984269545
-0.000778975282823489
-0.000914808830593481
-0.00088334754727258
0.00311860171282387
-0.00577170244709365
0.00128610937458831
0.00427512842629179
-0.00669101467311102
0.000846451572048569
0.00455584999690774
-0.000253433033145379
0.00131356200407771
0.00311167475692476
0.000395260479640379
-0.000554590579485564
-0.00615744983514624
0.0141782395667545
0.000380748566854412
0.00412366415325198
0.00529637279351883
0.0035333226192269
0.00109146554009283
-0.00043846771934554
0.00030001581576826
0.0020560480933987
0.00153173531287921
-0.00400762206138524
-0.00214791134800974
0.00243771736551596
-0.00114985056122048
-0.00822779862248695
-0.000772331010760333
-0.00136772815256815
-0.00164314990920502
0.000183482615918967
0.00149654246558582
0.00880485784008135
0.000541794006122763
0.00735550760828553
0.00337392624859097
-0.00255831507927595
-0.0163915605257788
-0.0151891012599681
-0.0084724900895651
0.0041387053698038
-0.00441428853551598
-0.00148545291669975
-0.0141513037601722
-0.00460680954294953
-0.00736338460115889
-0.00025546727613067
-0.005648840127529
-0.00694687388264343
-0.0040987419965899
0.00485051523698982
0.00297710790636601
-0.00286550356065791
-0.0079894936103522
0.0285797816354586
0.00191648686770854
0.0105946997933567
0.00028079853024887
-0.00200978786132334
0.00098503772083267
-0.00507354242430882
-0.000251297011657952
-0.00641553569068438
0.000182435886947047
0.000604653747528581
0.00982586282113896
0.00136040071829171
-0.0037162252228701
0.000867576156908489
0.0012426336534846
0.00248479989893799
0.00161356958429101
-0.00301343164069258
0.00026149011926179
-0.00235515961969079
0.00144470600507729
-0.0036956487353174
9.91619573297739e-05
0.00122118697585343
0.00190815525112335
-0.0159355738937376
-0.000448269921998249
-0.00336548449080058
0.00215636014388868
0.00470966857139882
-0.00210795979775404
1.77355612301993e-05
0.00288268428819793
0.00305021875848108
-0.000447251369079466
-0.000961817679827503
0.00143679150821359
-0.00232932541711453
-0.00155898024981026
-0.000299098662609874
-0.00136843363774753
-0.00206480578421186
0.00116384040807846
-0.000504020880556554
0.00322674144069932
-0.000680203475525156
-0.000662528446844015
-0.00248437588731083
0.00652336533007759
0.00172289017206103
0.00104164359030291
-0.00372612684097999
0.00261178923204761
0.00291562323796015
-0.000805370858507673
0.000120339727915767
-0.00445030742475646
-0.00450774998606454
-0.000286805883225482
-0.00265947137509539
0.000594562322046578
-0.00157804901204069
0.000681981905088997
0.00576988575566718
0.00392842468692799
-0.0009938077578735
-0.000298827253263253
-0.000314957822903169
-0.00209720017410678
0.00367242421968711
0.000868614788608077
0.00617260912364533
-0.00362129914413496
-0.00326835946093317
0.00113691415912545
-0.00190687967402649
0.00414420692729125
0.000793230415978453
-0.00109848000336365
0.000570076008874519
-0.0127038652906387
0.00207704375659349
0.000205710404349621
-0.00399931139004353
-0.00247561210612674
0.00318424125023762
0.000862578020296156
0.00349192912276368
-2.51456596565827e-05
0.00452544364994989
0.00647367789094174
-0.00211976125438283
0.000504656564018304
0.000645451638134548
0.0040444683615565
-0.00840108926590718
-0.00140482024424603
-0.000549994202210789
-0.00282306630263186
-0.00414395857697946
-0.00223432748980266
0.000164280656126038
-0.000562154493894595
-0.000369941904318411
-0.000295921903136817
0.000335257748572151
-0.00120975615666825
6.91539470979791e-05
-0.0022146308416737
-0.000362509730673704
0.00389628100480265
0.000232011069766207
0.00133094418845696
0.00175928157725161
0.00174092562657563
-0.00491329223186096
0.000376524810200023
-0.000723827791709588
-0.00234430736035841
-0.000307463287369619
0.00184010448907542
0.00237328277871077
-0.000906479147637657
-0.0177169467181994
-0.00495416856058033
0.000367844771118029
-0.00247101955940572
-0.00150162126889138
0.000187657006333003
0.000270161383965922
0.00323823891437954
0.00118483191488808
0.000171507384034002
-0.00306032705203513
-0.000631492838847375
0.00222502376005579
0.000357063098712336
-0.00054929203005267
0.003070645339847
0.000256211422339517
0.000234913770148567
-0.000249007018298602
-0.00118750520377674
-0.00270896527910371
-0.000401809542052927
-0.000611033311782546
-0.000750953150255771
6.25163784916522e-05
-7.43119841705918e-05
0.00472546205395787
0.00143815627460137
-0.00310289130213728
-0.00119149742723937
5.08716393509258e-05
9.32657772190737e-05
-0.000495865150576205
-0.00592254163570521
0.00143425587345249
-0.000525417143869411
0.000305637604853853
-0.000145958056451341
0.000234238908470056
-0.00576980164173657
-0.00182945899276733
0.000287148009024525
8.99424053248229e-05
-0.000693063415544937
-0.000583860819764208
0.000457366561220046
0.00503288423299427
-0.00483251621520609
-0.00196430010398703
0.00347640697369243
2.61312959065052e-05
0.000678535037447985
-0.000431390334809799
0.0010529108419053
-0.00131229296741459
-7.82045990765349e-05
-0.000885604043005192
0.000130427642112623
-0.00036324335967877
0.000155959574174188
0.00011132730461891
0.000329814644153798
0.00398732026700366
-0.000823533544419057
0.000225849321834854
-1.21129975832058e-05
0.000734635991247426
-6.71259156696168e-06
-0.000599100558641952
0.000225891150049548
0.000285082050534373
0.000306197312997806
0.000336960148878065
-0.00123498646610825
-2.72950675221346e-05
0.00449995755881378
-0.00115912699853072
-0.00174280926343027
-0.000232212236140191
0.000384396908857906
0.00288778965746292
0.0019021113731559
0.00150348644671188
-0.000323972419718047
-0.00137792580768129
0.000593922297896961
0.000595570862394824
-0.000530183095721253
0.000288105781452408
1.63697208761607e-05
0.000185040714740738
0.00126609094047386
0.000721519897707091
0.000720282793840014
0.00134117352107154
0.00160757498120271
-0.00226343043765908
-0.0036747169638886
0.000494610018304737
-5.77453568038327e-05
0.000810360870034393
-0.000341438621100624
0.000831510180091377
-0.000990697713958774
-0.000556112473695561
-0.000966519453847937
-0.000335551092469941
0.00226997271615738
-0.00140333238882819
-0.000767500743104031
0.000526824209002748
0.000134805890769061
4.41653826682147e-05
-0.00106805637297663
-0.0012002295277672
0.00157656144370896
0.000496132577791495
0.000270247906310617
-2.26989389362396e-05
0.000215373441079393
9.00409015741827e-05
-0.00118769369144425
0.00381359069790334
0.00179918334850628
0.000222329729243132
-0.000683988156788774
0.00381564207373422
-0.00220759836859777
0.00117584779060604
-0.00269157208559065
-0.000327432139665726
-0.00046786863712495
-0.00040201889891414
-0.00588101779102664
0.000811342358023517
0.000635383868878214
-1.15798841936899e-05
-0.000564586414337218
1.15141875892469e-05
-0.00303779228225707
-0.000430102026013024
-4.49791757262488e-05
-0.000167745992494174
-0.000419570385482452
-0.000775685589318024
-0.00101760222441757
5.87291681760951e-05
-0.000449801756256683
6.6018249532857e-05
-0.000126757877368782
-8.72261344370051e-05
-2.8266969309761e-05
-0.000390057590112274
0.000373509104618999
-0.000441583146764839
0.00078121084594043
0.000107365310537359
0.000459421638802416
0.000381224698277658
-0.000464592715130167
-0.00122686698623167
-0.000743059287321119
0.00145055369956655
0.000150382820779071
0.000695728499482614
-0.00083678184125954
0.00300851839532324
-0.000949197466824914
5.22986695935029e-05
-5.00091793232386e-05
0.00314813166320475
0.0010390502985739
0.00150233288261993
0.00017965707447211
0.000105336223472392
0.00046380012502562
4.14298649584774e-05
-0.00046834193923985
-0.000482904113322624
0.000944239563342389
-9.69612442067491e-05
0.00160503877598497
8.39158595999197e-05
-0.000227332803443736
-0.000878857263783362
0.000875898894105763
0.000171838554271646
1.22496572524403e-05
-0.000125930303305593
-0.000655652465446094
-0.0003911821172052
-0.00138677633728733
-0.000103571421744487
4.97601299719669e-05
0.00039937220683134
0.000310291527421677
0.000509437269616936
-0.000426403079671215
-0.000845132613941969
-0.00119519742187999
0.000482733451449689
-0.000211779956611514
0.000921813527310491
0.000302672976726838
0.000542821601795213
0.00115087827808563
0.000598130804054352
-0.000380760266410644
-0.000944690431780232
0.000788142049742709
-0.000434404553501758
-0.000191567185781665
0.000165342836004402
-0.00103334576613119
0.00145125847286626
8.18472837074653e-06
-3.55403636696166e-05
-0.00146799227284287
-0.000595503797053732
3.98837278114519e-05
-0.00159876625044136
-0.000677670908842676
0.000415105754906498
0.0001629603910958
0.00104174721375666
0.000839313897794709
-0.000598286866832555
-0.000273361367128545
-0.000112148086007032
-0.000591637322212842
0.000477882013493657
0.000168491466278085
-0.00085447200229377
0.000136701532918369
0.000126632581304094
-4.25056586742906e-05
-0.000137619341369467
-0.000228623583332809
-0.000208983508762297
0.000213193608857577
2.74082745823964e-05
-0.000577531392223417
-6.63485527800151e-05
0.000819009641341122
3.46904116642882e-05
-0.000109601016444834
-0.00022106316882119
-0.000118299046982398
0.000137303030785622
4.14763682459298e-05
0.000145030729396504
-8.97158472263233e-05
-0.000266796778361622
-0.000594186890421468
-0.000757212341995649
0.000110629862283333
0.000177602706634545
0.000299839835918275
0.000298877389398912
0.000551935433855632
0.000289931312910183
-0.00052338360092785
-0.000205926167556362
-0.000246390449111136
0.000239671740131759
0.000355888809620797
-5.10516861154007e-06
0.000587630155831425
-0.000390155983892515
4.56978932465147e-05
-1.57527371314792e-05
0.00011980890304952
-9.72654658184957e-05
-0.000120330363162195
-0.000574556909939522
-7.14337477096291e-05
-9.95535600775952e-05
-0.000368909344833888
-8.84039357081698e-05
4.52266130224651e-05
7.7868169465279e-05
3.27182230111334e-05
0.000247291155796512
-8.21311672750935e-05
-3.83025333138537e-05
8.72073774322569e-06
-0.000156440946952311
-0.000111030507761963
0.000104816940808759
1.06644789656917e-05
-1.33446507280816e-05
-0.000200509760525303
0.000170355860516515
-0.000231017323032296
-0.000259883222328514
9.36364028856167e-05
-1.8076506375004e-05
3.9675614358228e-05
-8.80789988758216e-05
-3.95162146731379e-05
-0.00018259621477275
0.000157718295423085
-1.74342983117947e-05
-0.00012949926058235
-6.3152650554196e-05
-9.32659855638406e-06
-2.99917377945644e-05
-0.000137716517898166
-4.55893543133443e-05
-2.01275894478023e-05
-9.91575621023329e-05
6.09598541357598e-05
7.51728152404811e-06
5.44544738352532e-06
-2.39720315717299e-05
5.78968080914688e-05
-2.70993719589841e-05
-3.74437748776813e-06
1.58076870196243e-05
9.85839659809375e-06
-1.74928891607435e-05
-4.13108697455257e-06
1.05875521098565e-05
-8.1789773296315e-06
-6.87376567175196e-06
-3.69383208260016e-05
-4.65584904967067e-05
-2.62108919638677e-05
