-0.984252996820422
-0.863660150491342
-0.824724115455613
-0.684930635544427
-0.383425674635577
-0.203054821962723
-0.197535285700749
-0.177575851420101
-0.248552618508564
-0.110817024547902
-0.15014128478355
-0.129237510123415
-0.145632830632914
-0.159031210363735
-0.112413530207772
-0.120318114018927
-0.0870945329356623
-0.144377866005921
-0.0905856879008224
-0.0231568360755888
-0.0545702260112305
-0.0325272030487098
-0.0324392501548253
-0.0480654785033152
-0.0726043928936959
-0.0115664585942343
-0.00767964951546994
0.0446122643344567
0.0188671987321589
0.0205799556528064
0.00393002981950015
-0.000284863818728977
-0.00761525296517505
-0.0144922817132756
0.0235569252573526
0.000941837977211055
-6.02611057495025e-05
-0.00252647139894495
0.00105377360830895
0.00940516392588339
-0.0488141062442242
0.023439218747492
-0.00312563522088819
-0.00253831223194418
-0.00034587961981739
0.00786236094833537
-0.0049247836734236
-0.0141363641011667
0.0385089509674227
0.0222130376644948
-0.0113915687524101
0.0171488191313753
0.017819731308977
0.00688175685148914
0.0162920469591508
-0.0124670089552151
-0.0309768329466706
-0.0281317524514408
-0.0536339828408263
-0.0279056579604199
-0.0900219365700946
0.0516932529208813
0.0551397950610235
0.0265590826179539
-0.0186527470528617
0.00487413831689099
0.0113023054033078
0.00212677952323349
-0.0262130378801202
-0.0574228650426133
-0.00280081741756249
-0.0145756563866285
-0.0037779634349914
0.0497991625808925
-0.0165107910416565
-0.0323881276387184
0.00381517622089338
-0.00215387141882431
-0.00569482970889453
-0.00408297612711099
0.00896927092984506
0.0407373150066457
0.0178760382215389
-0.0136049582853778
0.00144882192925695
0.01063670206979
0.00558880832088455
0.0056631939536974
0.000575110299602535
-0.00166851933604494
-0.00263492431182024
-0.00364589578984695
0.000701082156173387
0.0221180679936688
-0.0187679704136398
-0.0064589658231158
-0.013191755580243
-0.0086551968044013
-0.00892192297227873
-0.0549868157707085
-0.00677883761739683
0.0454537689350746
-0.00140238363429326
-0.00120683739147692
0.012125924911235
0.00602294466494907
0.00351125546009727
0.0238258581645221
4.47586674822368e-05
0.016209934117446
-0.0055736363107595
0.0369223952274821
0.0394506939012331
0.0185204213932933
0.000184122202757372
-0.00288605944145764
-0.0061307265206097
-0.0204103864430896
0.0137608798368653
-0.00604190783969171
-0.0010181488346117
-0.00300517295641911
0.00106026253705478
0.00375425785933107
-0.00144539873111728
-0.03524258617599
-0.0272750194309639
-0.00106280017022471
0.0140567754048554
-0.005247150675267
-0.00751849524736892
-0.0193736331900647
0.00948327765592612
-0.010784016171541
0.010367537915239
-0.00202055328389946
-0.00553956014260294
0.0198948474667846
0.00592838727768891
0.00211450116761333
-0.00274346679153587
-0.00271572634300335
-0.0208877033531619
0.00485535695715328
0.00136231743105643
-0.0085195311985282
0.00931168874944359
-0.00124547290927794
0.00410522502664263
0.00892435602658078
-0.00505306455262445
0.0280439822419493
-0.00556723646063413
0.000828393056719932
0.000547656374394296
-0.00626431119002887
-0.00156087367633552
0.00324805827924213
-0.00455219410906844
0.0950451566804075
-0.00188528268305026
-0.00227482550454167
0.00586369150737968
-0.00195508331777865
-0.00909233117339418
-0.00481509908316498
0.0119875562219262
-0.00172150973717389
-0.0183498598012804
-0.0764319261861802
0.0061502610429517
-0.0103036188626209
-0.00369423689753046
-0.0426286198706226
-0.0561630417779361
0.0661453474329874
-0.0295689110903016
-0.0417885855999789
-0.00244605318478287
-0.0210718442319261
0.0335817469281783
-0.0074708611792399
0.00831423430522763
0.00383918748931739
0.00166736510422935
-0.0187122882677054
-0.000766340073676386
0.0189010541155581
0.00645970171134964
0.00981294395367945
0.0372968290746481
-0.00275573813043316
0.0443452950146183
-0.00568542951454274
0.00674445426790498
-0.00220542862749731
-0.0472246032128542
0.00531020442716514
-0.0242185118078012
-0.0100793416936249
-0.000128820568522293
0.0306374387195207
-0.0212225471784407
-0.0102347188548708
-0.00138329059889738
-0.0272768142411847
0.0146369376239908
0.0243191445948931
-0.00237156164403834
0.0174236186675323
-0.00522855440144622
-0.000437169862499944
-0.00604805549541759
0.0069946709160238
0.0296432543886976
0.0201257210310786
0.010256793114471
0.000638505839546174
-0.0342450220825054
0.00650642599759509
0.00336144143302903
0.0157947402391167
-0.00491503379689614
-0.000346845005488684
0.00896268352668755
-0.00587153129104609
-0.00214759456093168
0.00726485739045145
0.00222629322631005
0.00345383502495836
-0.00258948165921077
0.00355852351364785
-0.00595676909837756
-0.0268861285970313
-0.0159342301821466
0.009787021682506
0.0012218185860888
-0.0182049711794294
-0.0170537181181503
-0.0156747450886319
0.014742696228123
0.0533729706720473
-0.0107918581101778
0.0605305508245639
0.0283432608574986
0.032820335265316
0.0127781047477612
0.00387597184770347
0.0135061714892101
-0.00456426293314771
0.0159435074602106
-0.00682748499491283
0.0161974187555482
-0.00575716775774638
0.0114830645497917
-0.00196160516689691
0.0124409473968534
-0.0163672254465843
0.000261697560905233
0.041802246753315
-0.0518503196313022
-0.00610065615057597
-0.041386082902195
0.000724633225001157
-0.0165715090187209
0.015875876668302
-0.0116290031343223
0.0109894569867042
0.00228670253972901
0.0144010759510084
-0.000300730965961257
-0.00908170068700772
0.00392072541860237
0.0108538434074904
-0.0040104697981163
-0.172688319282182
0.0735704437526727
0.00997167786324105
0.0053245117405977
-0.0444568427636826
-0.0160347432302698
-0.0394395672658913
-0.0225043617431835
-0.011079937600644
-0.00795433375273459
-0.00243886781087482
0.0025340603067493
0.00109709739969424
0.00642380380325621
-0.00266737596364806
0.00259281093683051
-0.00709679678840185
0.0306178161264237
-0.00584861687443386
0.0292362011319655
0.00626989328144536
0.00730927688743965
-0.00725036886584754
-0.0138009648267087
0.0134380169121502
0.00267331886835576
0.000959789537986309
0.00261855933268675
-0.00531103124000651
1.97417927421002e-05
-0.00591751987186769
-0.00253179013467119
-0.0974885725139709
-0.00628100467981771
-0.00391151428937298
-0.00232645083426274
0.0324025575041968
-0.00438714521684094
-0.00837649154996362
0.00415663330901534
0.00714339787492395
-0.0145314909653595
0.000287512203444218
-0.00335596461866786
-0.00516230674199529
0.00625593399866573
-0.05108958247353
0.00598753618908822
-0.00970026613638491
-0.011463022666226
-0.00937650224166958
-0.00456288381260699
-0.00530305682626769
0.00988192415539049
-0.00813172930788583
-0.00897661773222772
-0.00739588110385724
0.00584256758177961
0.00217566932991829
0.014125498273416
0.0313156002954707
-0.0126710496659713
-0.0139449665852165
0.0027329336589388
-0.00114774677805451
-0.0727546852424611
0.00549459917957724
0.000801570211691149
-0.00359302205448554
-0.00165913830243134
-0.00238081062499392
0.0113369151183298
0.00226219806034569
0.00110543558991808
-0.0135377846725147
-0.0101432632680585
-0.0030453012868434
0.00186726442535568
-0.0267223173630183
0.00810216065063908
-0.0126926381560269
0.00162010987014277
-0.00775166589837366
-0.00274838542903318
8.24015915632419e-05
0.00691688577253345
0.00776590399443999
0.028658553429087
-0.00482252854564143
0.00435333912824052
0.000585012113709636
0.000455824960010506
0.00454886172822217
0.00709184858688074
-0.00550977174359808
-0.00143992822785494
-0.000603435419411921
0.0223669631920705
0.00817491320377964
-0.0232510299453225
-0.00608329651209589
0.00242049433721398
0.00852667691166451
-0.000773288110059717
0.00667712393415259
0.00842124059964621
-0.00211108333108372
-0.0068767175635232
-0.000377809813805565
-0.00126258488711819
-0.00598537031737038
0.00785795247121546
0.00614323988760232
0.0217536508548764
-0.0109771684696374
0.00490953828358171
-0.00306080914332095
-0.0197915902309129
-0.0138417218999162
-0.00151912928767752
-0.00345597294480768
-0.0811165484699665
0.000409400451096302
0.0218439164767431
0.000189465791601816
0.000229681242206461
-6.84891784979592e-05
0.00183123178980475
0.00413186273278276
-0.00051589100136138
0.0434989199946858
0.00225917329204027
0.00269217222658812
0.00299018839013268
0.00165230760181055
-0.00295558235103269
-0.00260048261174924
-0.000767718020619375
0.00123947403919185
0.0170352814257535
0.00102442765760427
-0.00944983404989276
-0.0102985580361404
-6.57275859948563e-06
-0.00188745098631542
-0.00223838165030385
0.00220948471851948
-0.0059370877678192
-0.00365157160875828
0.0186511014872893
-0.00030278526263204
0.00354305669690795
0.000732511067407485
0.00051322630125579
0.00118932924036142
0.00964735582864748
-0.00874164968457487
-0.000123290279511154
-0.000608912068432437
0.000428862239101989
0.00503257623095085
-0.013828300027039
0.0138080859062393
-0.0250849141241125
-0.00574630171520546
-0.0012954481991152
-0.000223038977053287
0.000230145960080291
-0.00626713856670332
0.00117357547936151
0.000638424661900897
0.00328773368558196
0.000300621844561116
-0.003066429606823
-0.00466176225976444
0.00311422118267875
-0.00176314368204722
0.00984519451804275
0.00117926440141213
0.0109016800902159
0.0071547374279216
0.00460141247565376
-0.000605125209289497
-0.00131814768153554
0.00237420799263075
0.00230273445156501
0.0072582097067395
-0.00458952905107384
-0.00624022939914518
0.00135332023221641
-0.0107210354545193
0.00426844032546686
-0.0578906564068961
-0.00125243115703749
0.0113881084871534
-0.0021477259933668
0.00190924911476633
0.00234728992710201
-0.000331047570372359
-0.0304510319375794
-0.00222738348372262
-3.32873981123975e-05
-0.00708141158349304
0.00927836053173096
0.00119165021821744
-0.00137998770555072
0.00275767881644864
0.00744037131885845
0.000596354729893043
-0.00918939047042167
0.000699494927346226
0.000191573971033558
-0.00100542199755459
-0.0022850301356804
0.00460771920773132
0.0350510103222095
0.00395767628217972
-0.00544334217065728
-0.000605295253983758
-0.00631571182327672
0.0571922936431428
0.000870895711794962
-0.00865284610607078
-4.91713166847693e-05
-0.000178689951287698
0.00299495223364547
-0.000790415060962852
0.003883016065404
-0.0221957288237208
-0.00688727006350936
-0.00230929823026461
0.00374460713264008
-0.00302243317313784
0.000782121396528751
0.000860613157502845
-0.00154083273491225
0.00278108466050663
0.00192399583973255
0.000290278265251691
-0.00194227974269856
-0.00518738556193867
-0.00796282690975413
-0.00553182620609543
-0.0107996485115833
2.67644463159644e-05
0.00184070648610201
-0.00244841052046489
-0.00250373751989982
-0.000502261157644465
0.00249963276758463
-0.000186801385893344
-0.0039136097442447
-0.0102855388902056
0.00508408051132838
-0.00129604122698403
0.00278833326549208
0.00225621322933975
0.000335431691878674
-0.00181389516681494
0.0118686768295729
-0.000734817503520161
-0.012332804439553
-1.45821150318523e-05
0.0221741028127229
-0.00175817720309749
-0.00594216845282212
-0.00982867314585627
0.000875335998350983
0.000284832247039487
8.97514572533473e-05
-0.0138385120042771
0.000983643047073652
-0.00201457416610757
0.000130633537016575
-0.00553690828973782
-0.00182688943553427
-0.00362466632087664
-0.000969061549172604
-0.000676700485140979
-0.00926646902972008
9.39024792715338e-06
-0.00634430266509743
-0.00124854318829594
-0.00181546531063043
-0.00742287364764827
0.0296340370760525
0.00143052707749784
0.0284222791279106
0.011503598143478
-0.00437508973094939
0.0177222187743208
0.000485317457566578
0.0310454198847311
-0.000789918181545728
0.00833286148119052
-0.0271867084159907
-0.0087665262305305
-0.0102146340485196
0.0116963276650989
-0.00691365321040013
-0.00914458499540877
0.000525466163455026
-0.00658633178864484
-0.00389438360777281
0.0119243305502079
0.00164188013353753
-0.00800969063153552
-0.000477091404729776
0.00187082820051354
-0.00132018969007827
1.61774629165053e-05
-0.0136320370792055
0.0142966552507911
-0.00588792982871726
0.00335230645169701
-0.0119249245010498
0.00287752286544699
-0.00289427006727156
0.00197951878873993
-0.00265303663316461
0.000888781243075952
0.00328604848467911
-0.000638413312952175
0.00077912571805324
0.00654069236753431
0.00409035611162168
0.0061310224338737
-0.00159742175251054
-0.00652481504802035
-0.00129261580022569
-0.00208033060925178
-0.001075083707364
0.0175935129792721
-7.04626674577465e-05
-0.00205294144832633
-0.0111511914385996
-0.00188808195812725
-0.0189233642577434
0.000656639708153187
-0.000439053164936009
-0.00257582501497619
-0.00443065527676301
-0.00380548216816387
0.00393530201372433
0.0139074011159554
-0.000150048100140159
0.00512695662142021
2.40392438491056e-05
0.00304241285065636
1.52191564015548e-05
-0.000166302162791196
-0.00236727665348999
-0.000466482672755438
0.000924604548461527
0.0130993012433421
-0.00622132148144917
-0.00589327601734614
0.000419603381467133
-0.006314579224217
-0.125054786663825
-0.000628177356562936
0.00335545501636035
0.00110162293568717
0.00060529529930873
-0.000658449088214892
0.0102657569818069
-0.00283648588525701
0.00473795365077484
-0.00679386523092717
-0.00130068797100334
-0.00404557688318651
0.0100844969837738
-0.000485927679378241
-0.00212574139413427
0.0146964081257713
-0.00273945228283306
-0.0013246027424574
-0.00354604789091968
0.00290554097436499
0.00729559345280598
-0.0028047019113688
-0.0018608045090881
-0.00155271308215402
0.00179003283450112
-0.00938117355889725
-0.00426112749793739
-0.00233651647823366
0.000128750880389335
-0.000299168410642249
-0.0320017429959601
0.00349516929167375
0.00353716835114838
0.00583420198453097
0.00817778994185458
-0.00536024948212509
-0.0104991478396758
0.00749153704245457
-0.00123443620869776
0.00125148939754104
-0.000892968755751264
-0.00455600165923761
0.00189254175324373
0.00845478612279268
0.0296058805489862
0.00899040592028134
-0.00341482555375874
0.017032951894987
-0.00065009088199007
0.000119228360688398
0.00580054199955087
-0.000372758134123164
0.000421513037067501
-0.00445012025169349
0.000238537833530372
0.00104841880158541
-0.00253833553795072
-0.00128582808704308
0.00229101938334015
-0.002757833993316
-0.00389982774975808
-0.0370038139613722
0.00215379500298549
0.00335305584854412
-0.00165846588654833
0.0153466886504465
6.60202661859442e-05
7.82257602961344e-05
-0.000250007656304422
0.000995611913733961
-0.00125058878872284
-0.000742931912283888
-0.00427702269593994
-0.00126095667028233
-0.00150261420496862
0.0163645349176021
0.00195212950786673
-0.00103027433859666
-0.00130392277824156
-0.00212170782125701
-0.00278530953308345
0.00109027651984679
-0.00115206880435735
0.00421408504717212
0.00216376111235029
-0.0128010841870505
-0.00441695152257324
-0.00785444105541509
-0.000134659236251304
1.45589927584323e-05
0.00695214872556006
-0.000574734388673015
-0.00195603990767674
0.00204467922017954
-0.0143786237662603
-0.000535086773684366
0.00155347188289965
0.000869996515970043
-0.000562467840443311
-0.00198614211852453
-0.000936253389856063
0.00168035286075656
0.000905367183001475
0.0059875350241879
0.00100383557287064
-0.00991273682985745
0.00204543852252162
-6.92407828634125e-05
0.00295881981675811
-0.00282222292566956
0.000565522081344405
0.000809119164015866
-0.0108086029362728
-0.00452091877102633
0.00110000676737106
0.00104879457942891
-0.00222995747755872
-0.000710522307381945
0.00124089320603101
0.000729991840200581
0.000398406425316066
0.000306469134279944
-0.000491553376080111
-0.0020911718976172
-0.00209745621134612
-0.000826560494187017
-0.00133603364162048
-0.000278903812194695
-0.00111215319083101
-0.00460707558467138
-0.000637405578109759
-0.00232682949014622
-0.000342609690961582
0.00293955021023845
-0.00215264734158562
0.00818272924207477
-0.00170407867621615
-7.93753342654762e-05
0.000558780507399168
-0.000397965488853086
-0.000165000823211115
0.000899146669352019
0.00174500867141071
0.00117817363409501
0.00369184190364212
0.00144282347296681
5.4548351726808e-06
0.00148686753689946
0.000129696496155745
0.000889884170887704
-0.000149997088653678
-0.00052254746879744
0.0029481125434465
0.00268050790108035
-0.000117639652330144
-0.00175297457716872
-0.000646951072965056
-0.000441801244498056
6.71989818404432e-05
-0.000379632931068304
-0.000323806761091723
-0.00024038616972066
-0.000523365108837156
0.00126773034348882
0.000950665069351384
-0.00100429999187772
0.00130576230792424
-0.00153158438469801
0.000401283955122278
0.00204147340902984
-0.0114351256127998
-0.00190641293648178
4.52344637473292e-05
0.000847764973084053
0.00329341977728992
-0.0163476731338726
0.00500876981077588
-0.000188455233745726
0.00063954280390163
-0.000142912814776431
-0.00103173621360433
-0.000272863565230513
-0.00242622267509608
-0.0011650736440811
0.000198485817615258
-0.000193998570797989
0.00176430321871141
2.18683621554998e-05
-0.00341075605687714
6.3982422783029e-05
0.000535516444380851
-5.76575565575671e-05
0.000242040416308373
-0.00161742504276456
-0.000907623511011782
-0.00134065452847077
0.00281179782289723
0.00166108359420899
-0.000167376211993743
-0.00140870154181087
-0.000662519792310988
0.00299724942995454
-9.52545265088076e-05
0.00281824654262151
0.000301039338624866
-0.000307447986500195
-0.0318951716185927
0.00155021256768647
0.00347960038522681
0.000749510622088789
0.00151264945664298
-0.000100475973811935
-5.37854735212657e-06
0.000301206910882025
0.00368752949519152
0.0033638066138872
-0.000817707222865739
-0.000366860471260206
0.000204481782214808
-0.00464251132647797
0.000365366884362854
-6.72737642041255e-05
0.000268999488661629
-2.87517597226275e-05
0.000682397189466546
0.00366108354451688
-0.000451440242140998
0.000694360675480605
-0.00248219475907105
0.000161456900172543
0.000303068218462888
0.000363644533279389
-0.000794060971771308
-0.000468708942206825
9.18231478626115e-05
0.00556735530941372
-0.00267621858071915
0.000729192089832406
-3.62029647486967e-05
0.00352422101948848
0.00714786832790253
0.00118941488929854
-0.00726344855088268
0.00107845265370971
9.38264037058647e-05
0.000509606640592977
-0.00286113954856594
-0.00461075320683402
-0.00496031711867088
-0.00934931089338325
-0.00375623344945025
0.000953292896090372
-0.000460542936775741
0.0020056205358251
-0.00089034314668663
0.00450058254898555
-0.001610390997593
-0.00283144770172827
-0.00462314143277507
-0.00196305433655408
0.000184280155330474
-0.00112355423759194
0.00142241740726528
0.00146624146820894
-0.000711587257859383
1.34446643798635e-05
0.00178170442297762
-0.000870837142039374
-0.000286159520746174
0.000990108938288031
0.000234876878485005
0.0065482129334386
0.0190630899966837
0.000723524251687956
-0.000712453753251849
-0.00210540893686056
-0.00234264965685612
-0.00639251022046178
0.00166876582121711
0.0015542553391971
-0.000410098460314061
0.00321039905356755
-0.000164963084863082
0.00279356132813532
6.7263765682197e-05
7.45106154438118e-05
-0.000511640714894248
0.000457705690907529
0.00359474254151347
-0.00209867622958448
-0.000212127327884883
0.00271852341824002
0.00176256202126852
0.00367742827493827
-0.000389276922709407
0.000376427745798864
-0.00184239381661645
0.0018905328643706
-7.91006384553525e-05
0.00154738852976606
-0.000328022467387834
-0.00354750267283635
-0.00427385886087068
-0.00162147517065472
-0.00195549170412095
-0.00680901379867592
9.57244378588366e-06
-0.000246912634647922
-0.00145306835564347
-0.000195126775426276
0.000384863591596911
-0.00119207205329792
0.000223757529213298
0.000345628448448356
-0.00289457177330776
-0.000249469466225702
-6.42280335031395e-05
-0.000410136087736758
3.95409177301004e-05
-0.000625656093565726
-0.00136692956135911
0.00156320513612196
0.00144925688682671
-0.000242117811990867
0.0026158640672769
-0.000224982802727799
-0.000284515211735636
0.00302755565232434
0.00144598052888567
-0.00134506028358665
0.000296447154841969
0.00104830316375868
-2.81573672806104e-05
0.000922990162079854
0.0031803949059103
0.0011822611341732
0.00100619842280028
0.00119871341222382
0.000614142599532913
-0.000284815053039543
-0.000348167983359309
-0.000440388162542213
-0.000322118404790696
-4.53868089928596e-06
-0.00112074177465739
-0.000103367307120598
-0.000362541030369926
-0.000464761343076913
0.000884316788024964
-0.000392169725979735
0.000490933664218055
-0.000609427927486168
0.000484986551830161
-0.00205789096652357
-0.00236876564533462
-0.000866609340921964
0.000373288662844759
-0.000448620740871685
-0.00136815753776733
-0.00106734767145623
3.36621494730394e-05
0.000436760048304086
-0.00159145140488221
-0.00091380288354494
-0.000864013360504815
-0.00026693959811377
0.000480150787032438
-0.000538665322161685
-0.000267199599466096
3.5555337372346e-05
0.000187379827248673
0.000958855054119327
3.64373798561154e-05
0.000332266401270236
-0.000633982042635213
-0.000330646545921698
-0.000203907522452562
-0.00116217736225388
0.000559359189062778
-0.00158564206409876
-0.00263210261677972
-0.00206706231196415
-0.00188344607661596
-0.00230638511692933
-0.00299405907854973
-0.00104469779858224
-0.000737208533085353
-0.0002975625383533
-0.000811309727266859
-0.000874198976099142
-0.000851353568339101
