-0.994405104071005
-0.921549284696045
-0.86461992775939
-0.619640193743345
-0.371987366706453
-0.244897351755339
-0.265562183197964
-0.199619364554566
-0.21699627807624
-0.170640450857523
-0.149922241977992
-0.0701444595987619
-0.112186966427534
-0.0661095806198788
-0.0304257803467835
-0.0430021459821762
-0.0126222252100695
0.0305545787286923
-0.043907574008467
-0.0224301749209555
-0.00342232717321798
0.0189765326957005
-0.0237250887286443
-0.0647960895770949
-0.0159221982897106
0.0123055579057414
0.0172399660710833
-0.00232244405894228
-0.0020470656064293
-0.00689691191388404
-0.0191502894548003
-0.0558179668895907
0.0193008779568023
0.0130737530580069
-0.0227222934059555
0.00457531700846162
-0.0014598054191507
-0.00970110315817422
0.00138540312887938
0.00616333687609607
-0.00282593894101333
0.0423949126997901
0.0352443478255972
0.0024219409891816
0.0345149722170643
0.00341254392733659
-0.00248762625378759
-0.0261873181398574
-0.0256051343201787
-0.00602149339664833
0.00759631612454513
0.0146233350962721
0.00115874474527232
-0.0122788511178688
-0.0091184324816707
-0.00957488752817571
0.0291402219331552
0.0335705327703947
0.0305194423271303
0.0119664417036183
-0.0163975403750353
-0.0281975988353935
-0.00400879898884855
-0.00033127103525832
0.0174859141964938
0.00854908681472113
-0.0169021864429583
0.00120615038509898
-0.024211130544471
0.00181536418966103
-0.00774752441956697
-0.00524902205518186
-0.00371634426648895
0.0018300245065117
0.0259831244813381
0.0400040764789839
0.0378763096902768
0.0129444453860884
0.0112727830982346
0.00516031056281693
0.0117578046332367
0.0183374343778756
-0.0342260319501745
-0.0273391986641012
-0.00215728699993878
0.0166114480454521
0.00185614987424343
-0.000398747879798298
0.00688640430149055
0.00305047489512051
-0.00100708505574045
-0.000962736793202625
-0.0025162020631784
0.0151212456353553
-0.00990279328232933
-0.0141661384278477
-0.00314494143089829
0.00333756532546037
0.00905136182871952
0.0040018910353896
0.0205484168216153
-0.042127284990918
0.00310965617348668
-0.0134609598516764
0.00742271722161243
0.0235419145172039
-0.00228013266254137
-0.00519290262333221
-0.0259871430204592
0.00503811162395309
-0.00394369178661614
0.00788997962824567
0.000602838446123933
0.0109638490436242
0.0125337022972761
-0.0180068922587079
0.0084731169014185
-0.00460962859004337
-0.00305864179782621
-0.0422927192460748
-0.0219232404409509
0.0127569989774498
-0.000741335719065206
-0.00228578528260568
-0.0103992695428766
-0.00850224278487708
-0.0233537545246159
-0.00825896184759163
0.0410762566473785
0.000373265566856074
0.00564089155762469
0.0109033273926549
-0.0179608471968674
0.00220919988390554
0.00142131055520857
0.0051275956958911
-0.00069609722834139
-0.00635667135577832
0.00380988769619311
-0.00289112812124634
-0.00589804405554778
0.011748349004062
0.0168887186015588
0.00526061303262163
-0.0133712752142417
-0.0172033934962244
0.00387530382954555
0.000349486013973414
-0.00543191186677888
0.000557551075251472
-0.000420293816328361
-0.00381717660175767
-0.00712099376463974
-0.0289408291377962
-0.0183785639813121
0.00615361899597432
0.000459624679530448
0.0134761351275889
0.0173648594112371
0.0324036467751769
0.00700937119868736
0.00433969898676535
-0.0713052268612755
0.00171018436246614
-0.00245081396242006
0.00699834362862036
0.0126047483333402
0.0262460077661637
-0.00218070762351905
0.0054343619018182
0.00880203597512706
-0.0123003966171334
0.0154702123999793
0.0198239720412225
-0.0153535240595356
-0.0112177225762262
-5.32788008842031e-05
0.00404304825453126
0.013363880603289
0.0418276652969097
-0.00426879501589187
-0.0070621777673351
-0.000825467808207924
0.0242173835622294
-0.0019379368970641
0.0080044695903515
0.00482950034116404
-0.00204063254882552
-0.00699034216754516
0.0432845326221336
0.0114804667559643
-0.00155382851787877
0.00241552669989386
0.0145101928579838
-0.00128998910080897
0.0134254995640793
-0.0045531688137315
-0.0031300683527054
-0.00401231310540794
0.0156941939344114
-0.00105978733174288
-0.0042674357443347
-0.0162597031206996
0.0151678289372384
0.00031466835323641
0.0158559230283803
0.0169095549254795
-0.00562128980547429
0.00681266412843968
0.0115554541143657
-0.000241882108508917
-0.0053368097589226
0.00298513588983907
0.0179992481468487
-0.00139699655982616
-0.0251242956518813
-0.00834053241388921
-0.0458693052375493
-0.00123669411067839
0.0156751928948146
-0.00163172052504632
0.00368348924432719
-0.00514062123818835
-0.00355975084656279
0.00408359768914267
0.00313989824048915
-0.0131897838720499
0.0114349590738141
0.00400079674965922
0.00801515538923041
0.00940452471029022
-0.00816622678542363
0.0125727002359689
0.00493987023078796
-0.00304681212068599
0.00346475261758216
0.000965796891189949
-0.00168503352021404
-0.00681841171200275
0.00121481592392538
0.00262866144861128
-0.00348342531209079
-0.0104147593390503
0.00951106466307313
0.00397673516039709
-0.00145321173020753
-0.0036561413642612
-0.00479808783669969
0.00203773047706713
0.0120229706338604
0.00157443911185875
0.00939883268108157
-0.000972138581553715
0.00271947952546141
-0.000237960727114528
-3.49693552325421e-05
0.0067513732826099
-0.00408203454069014
-0.00809640509702621
0.00543733840788436
-0.00973378737870125
0.00513513418774714
-0.000693077455591946
-0.0175007064230948
-0.00704107180283328
0.000457268698785644
-0.0116852747719714
0.00166843634353393
0.00203087988097131
0.0147920277171611
0.0152351168532414
0.0198100362451833
-0.00616159229134751
0.00371956458968504
-0.000967392878654905
0.00033208942999027
-0.00700853996794925
-0.0106678939913223
0.00390731785776275
0.0054008863135612
-0.0261240490051371
-0.00440069371404259
-0.000454456858848568
0.0119942259528907
0.00237530697239244
-0.0102838493562604
-0.00229476689352063
-0.000258147725205083
-0.0166730998775224
-0.00161966695136385
-0.00352384540950256
0.00223790645646739
-0.00532545459395853
-0.00232155435607516
-0.0026889010653191
-0.00288589212953508
0.00264797865562486
0.00977829888639408
0.000187815087620114
0.00201688313199118
0.00502309909893681
0.00319010135307914
0.0308897830211185
0.0195935283401594
0.00368860919668847
0.000665008105035997
-0.0191037978927293
-0.0101378213701276
0.0103887910756583
-0.000152980272220975
0.0108922974847122
-0.0293585928458079
-0.00660343853392355
-0.00532110257624288
0.00726892518381997
-0.00250641159795848
0.00529536957640925
0.00256963331728918
0.0205229436260488
-0.00459078628867353
-0.0041031499005839
-0.00556908444027046
0.0099073706305169
-0.0105007721318498
0.00128360565332371
-0.0227976513945979
-0.000170738479741331
0.0025857431732159
0.012409219534263
0.00300266391351528
-0.00747006515977144
-0.000717276699273843
0.00739890108412387
0.011620374301477
0.00319545098338192
0.0114847038732368
0.0115202513428942
0.00578630169275874
-0.000975478877388185
0.00424380913788794
0.00513689501066138
-0.00804049150166839
0.00387196149148092
0.00675673184728184
-0.00750710991610826
0.0044618202217653
0.000677183974910536
0.00959262937111734
0.00506258633406301
0.00211813523652986
0.0039290489947553
3.47874975952075e-05
0.00133053602967266
-0.00215899845657926
-0.00155563870305464
-0.00690549867523453
0.00337362190811256
-0.00874738200648071
0.00585866148289342
-0.0046194578183977
0.00222746273411797
-0.000377512762693288
0.00483913177875924
-0.00227305146210855
-0.0018398529804352
-0.00452198666731384
-0.00442837781555727
0.0101070283077909
-0.00577035561590118
0.00384238987504572
-0.000634344412113987
0.00157604557512691
0.00108887878802297
-0.00395601809942348
-0.0468631059665989
0.00272118274560371
0.0189834397428478
0.00268000412643745
-0.00130287324112597
0.00115387035634622
0.00242144138694304
7.9390144033097e-06
0.00080042867338873
-0.00237931410501376
-0.000672529747884376
0.0163409158437965
-0.00229902656361599
-0.00655208582420381
-0.00429221577258349
0.00310972934130247
-0.008451812317942
-0.00110511467296622
0.00453687622700751
0.00180382202871659
0.00232383204792523
0.00252236741895101
0.00371579174266599
0.00625801615138375
-0.00251546468362607
-0.00992917728643
-0.00771628903722242
-0.00870988576925382
0.00471031579774705
0.00123544498303262
0.0109164239212697
0.00326809825743344
-0.000718233531966367
0.0454339881794943
0.00424196025786419
0.00233607572475829
-0.00357504234193995
-0.00190704667789566
-0.000547948808058215
0.0196650429953262
-0.00406902519134249
0.00307697466061197
-0.0315749127897764
-0.0216598920845847
-0.00038814448166814
0.00991829558468863
0.00267034605301119
-0.0104829538391967
-0.0114108307514025
0.00452999316466343
0.00551340754982442
-0.0719971139789829
0.00181365410252337
-0.000955837026226737
-0.00376788669002969
-0.0328772766695675
-0.00814741706683793
-0.0141626830847543
-0.000406043271748455
-0.00162733690769961
-0.0058403925012193
-0.00439006306704541
0.00246480834283902
0.00765987963307454
-0.000142960400069286
0.00418235759000557
-0.0149108816111782
-0.0183310656537799
0.0143400266731902
-0.00128461192449577
-0.00360867969158533
0.00280878692779408
0.00022073045043523
6.15061103394366e-05
0.0194313406379577
-0.00116311001327674
0.00296460352726791
0.000741682530185189
0.00927161827353682
0.00104850130732618
-0.00121249602688219
0.00396129013135132
-0.00591416907743674
-0.00213010129874938
0.0219042774065746
0.00140170746337961
0.0039155286537049
-0.00854471795937026
-0.0117145414579488
-0.00601304030410304
-0.00180058663070203
-0.00432621664787639
0.0225290957835073
-0.0216779615792647
0.0192448129812026
-0.00669478215870294
-0.011385884176357
0.0258022056381584
-0.00102844159059504
-0.00392623389595127
0.00448568447449632
-0.0107331543483933
-0.00722283247118294
0.0475469643823346
-0.00140568466128567
-0.00869818055120577
0.00324738008076728
-0.00164689168857717
-0.00391675988005372
0.00523749075479213
0.00232922929112268
-0.00248302828663043
0.000117559301663184
0.00441747003012297
-0.0106979112496554
-0.00551459511022613
-0.0189580981518762
0.096369130571052
0.0171800078085178
0.000112067243993884
0.000456358440216742
0.0108254677942494
-0.0639972784093703
-0.00476937572761737
1.63730519700429e-05
0.0032792320548726
0.0222387665875954
-0.00243123819405903
0.00213486425405619
0.00524961106328982
0.00465616862499507
-0.00621675012295371
0.00873929543027883
-0.054472376870179
-0.000298089151592025
0.0352267597314243
0.00490952599311842
-0.00299590018050957
-0.00178138979603898
0.00212651253930261
0.00214940050616991
0.00134223964548852
0.00212694606483708
0.0197912330822023
-0.00269270045380374
-0.063283808704531
0.0136141067766952
0.00419179517197255
0.00309789751448563
0.00438523157064807
-0.000202103358281973
0.0128585345958396
-0.00468701054731638
0.00923858248845459
-0.00568646807760685
-0.00384879231859237
0.00219552199368111
0.00292527016053913
-0.00132641167982285
0.00128658342378628
0.0050092624588803
-0.00162673675472931
-0.0113260724423497
-0.0013548321170301
-0.0126912333219211
-0.022386433767134
0.0127314049169623
0.0102937858382722
-0.00452762517821899
-0.00161740608309046
-0.00139676585406252
0.000525471531383512
0.000773477652260316
0.00107004092809898
-0.00110504645159941
0.0237874587276383
-0.0128802918656664
0.00230158183440186
-0.00495161597881508
-0.0383550303773731
-0.00478856603764772
0.00498420943121172
0.0105347397999958
-0.00169951381683823
-0.00302743799377428
-0.0148420865398655
-0.00370015606225618
-0.00175515235826443
0.000411061428188294
-0.000420497668324103
0.00352919809336166
-0.0011909776824433
-0.000435210584614973
0.0078103583529876
-0.0150161791492794
-0.0102694276050931
-0.000985346877132949
-0.00434730222404794
0.00181560177096616
-0.00133613202213176
0.000474366598261057
-0.00349445467743828
0.00948192494962082
0.0140130872662615
0.00522380537289388
0.00422935414267361
-0.000732373106947401
-0.00556210702995542
0.000311558150606885
-0.000628304297832942
0.000604700406397635
0.00229038254825406
-0.000383939587563664
0.00853193812927856
0.00316236635755238
0.00147681388956022
-0.00041546423541008
0.000921170357787312
-0.00573513549266914
0.000812899105231599
0.0112989967071155
-0.0173126160345433
0.0106052003990553
-3.60523896413285e-05
-0.000916692343609251
0.00238940573842474
-0.00881411493581647
0.000122255735193469
-0.00440917398259288
0.00190307578874106
0.00817794162426317
-0.000105855681283904
-0.00906549540354179
-0.00441658571901756
0.00348441204778903
0.0091027552853845
0.00298810403176753
-0.000944658971870082
-0.00134056099728375
-0.000272936440602272
0.00226213240868942
4.2446709405945e-05
-0.000160082420522331
-0.00476035288193248
-0.00184764897854407
-0.000219621222115107
-0.000306129186202222
0.00347124036978642
0.00751633407261954
4.75482075048684e-05
-0.000300143648457321
-7.37949640304625e-05
0.0015124405285156
0.00210786980049975
-0.00300209336338344
0.00127658593443637
0.00226665095406954
-0.00326769253051305
0.00727274991625009
0.00268455017435306
0.000268577126832639
-0.00036161787833258
-0.00273746709057283
-0.000371023564812568
0.000119774360505683
-0.000233462876789703
-0.00346305665960975
-0.000125181485206529
0.00048078161640532
0.000225332206621517
-0.000188204039650252
-0.00653492409038099
0.00142866256230423
-0.00788327826893891
-0.00113112355640159
-0.00105589946342507
0.00077928630814019
0.000259916910902895
-0.00344212706465278
0.000860907855800383
0.000296211354723628
0.00315734185296233
0.000426993398356623
0.00430594792104089
-0.00390507009404372
-9.16263514383813e-05
0.00127217709228847
-0.00202022353661129
0.000352292069762057
-0.000346920206833223
-0.00103083815070684
-6.3497044398054e-05
-0.00108771349869881
-0.000545120547440625
0.00627747599825073
8.59748817509178e-05
-0.000584461606499538
0.00298912135294272
0.00108732614542488
-0.00217065680511989
0.00931558462868781
0.000152381002288919
3.42114035750006e-05
-0.000659314877356215
0.00478514161211449
-0.000729804539938244
-0.00157872037326797
0.00102055586576537
0.00264985880196077
0.00226584408819524
0.00210177836325467
-0.00628156651746762
-0.000493686221516731
0.00469803166343414
0.000312189549904471
0.00225404561091757
0.000742002702334353
-0.000286575463889014
-0.000830384209931426
0.000101758910681832
-0.00516939866154906
7.91947798525592e-05
0.00316906541600427
0.000662271178921654
-0.00192578503729651
-0.000800643005420126
-0.000951955814254713
-8.93343939770738e-05
-0.0010152660625561
-0.000186108759343248
0.00168567071529318
-0.00228435782103851
0.0039403218570787
4.45508307266092e-05
-6.09050567566325e-05
-0.00109959391847862
-0.00121122730409637
0.000952749196185388
0.000456566332447501
-0.00197163275021557
0.0123791239189067
-0.0100552829326143
0.000342485814843047
0.00424519215718908
-0.000710012197233808
0.00422088394479484
-0.0141084252690079
0.00242936427084947
0.000185624298815269
0.000472274651890331
-0.00142122281033272
-0.00520338224520333
0.00313101852952988
0.000326425536141476
0.0085729226333568
0.000270759042198131
-0.00369034476453056
0.00306200423764586
-0.000325353787014752
-0.00770171339520779
-0.00022214779938582
-0.00272232744656274
-0.00171718792470574
-0.00242649305823783
0.000323824211405413
0.000519259569749765
-0.00350184396524927
0.000481865682491203
0.00520753504791442
0.000282525543364248
0.00371037290799227
-0.00140371006818486
0.00583583428258178
-0.00200582720306305
0.00531958648792886
0.000278945129979481
0.00293252890552408
-0.00239580677241892
0.00131115811639934
-0.000465732029495518
-0.00448165700132524
0.00165433238544512
0.00125636654446565
0.00170311401594567
0.000108038233609444
0.000561955050899097
0.00226539383186207
-0.00258962188888786
-0.00136181387646429
0.000502213581051652
0.0004892525624938
0.00248113045378141
-0.00262474383722368
0.000299803349213486
-0.00162739549299156
0.000940460908352316
-0.00092911792851641
0.000507385460004032
0.000244679518725159
0.000623644871769877
0.000893102030291988
0.000652247100369757
0.000317414164447383
-0.0146633833406954
-0.000291440165838744
0.0014060289655138
-0.00107854658612944
-0.000592359754633326
0.000830462118862085
-0.00133517674222398
-0.000344867099025762
-0.000116417210865007
-0.000290200497921201
0.0004571993939767
-0.000751856529432097
-0.00016503767863321
0.00128368144276991
-0.00240315122677169
-5.97054808918001e-05
0.000892049865038027
0.000677770617221288
-0.00797460376570537
9.02126903262769e-05
-0.000247696205665785
-0.00157729607005077
-0.00134332968533722
0.000244816943200678
-0.00147401368859461
0.000810198975024284
0.000555777348497852
0.00502004177962363
-0.00162971593052239
0.00242484537291491
-0.000102887026637489
-0.00496347766780626
0.00127876793096485
0.00107538159256311
0.00151504379682739
0.00148054143771788
-0.000120053453658257
0.000492940645993331
-9.25716420126596e-05
-0.00267748762626583
-0.00381466304828592
0.000225194192792605
0.00117753464957986
0.00123173910794196
-0.00157742545675216
-8.52833052931771e-05
-0.00340794860294425
0.000392551633367036
-0.00436628950450705
-3.03910062410973e-05
0.00115717596915894
-0.000304130104329309
0.00079181124256617
0.000373597713280863
0.00710886035565138
0.000465741123759419
0.00116295641119101
-0.00218249467717774
0.00033508883331058
-0.000626981539856083
0.00127438588935007
-0.00409684111628172
0.0106412688163691
0.000848443618447721
-0.000842605500149505
0.000962391246668079
-0.00927689912957609
-0.000658593672804254
-7.62522125649363e-05
-0.00136608300912052
-0.000601381715420572
-0.000989278892223285
0.00153031239284355
0.00176182633427159
6.17033513154775e-05
-0.000690998542303766
-6.01486746546721e-05
-5.33581170174919e-05
0.000135523115386454
0.000258182141896641
4.94051807502006e-05
-0.000760483671903767
-0.00283001041518322
-0.00199286732971835
-0.00123820664947453
0.00243816272046546
-0.00104026749852416
-0.00105692474580664
0.000307892096428884
-0.000152373997950128
0.00292189031747218
0.00198849597639129
-0.000301107520175983
-0.000637455447771999
-0.00112264790260741
-0.00538189074820881
0.000593071435948855
0.000363619925331351
-0.00215616743663543
-0.000276085160162657
0.000529991618748273
-0.000784392249942913
-0.00109716820423616
-0.00127345035127743
-0.0012600077037219
0.000401777771397689
0.000128764473494914
0.00107489099318933
-0.00125932876604922
-0.000966211895480133
0.00330513238041942
-0.00126348232983614
-0.000897674403611062
-0.000542300061861928
0.000217509565849599
0.000648881161127627
0.0034583533771356
0.00127855652648117
-0.000198598169059933
0.00254279420595532
0.000595435231321217
0.000151122085967882
0.00150838383265412
-4.17453544298382e-05
0.00621691156348414
-0.000464332375905729
-1.61062445592953e-05
0.000277957403948303
0.0023050445324969
6.11788065634493e-05
-0.00107881492847603
0.000219255906526924
-0.00080373835583285
0.00206302897212601
-0.000113080763797333
0.00207578102186734
-0.000102685658850964
-0.00123475421543317
0.000102397213256107
0.000380948600051235
0.000779045669028924
-0.00116683637023764
-3.11020990197241e-05
-0.0030676045316403
-0.000580038150364338
-0.000370498062409302
1.16481448374764e-05
0.00256436860457992
0.000835889093443189
-0.000637441197368576
6.86331181091637e-05
0.00019856606473927
0.000139630878043527
0.00199802005798623
-0.00148207294516148
-0.000394426557354576
-0.00063081736462626
0.00026069560026683
0.000693554320251183
5.71666150830582e-05
-0.000773695955799763
0.00015596227389101
0.000146716217347189
-0.00127754175671172
-6.03656236462441e-05
-0.00011179002398617
0.00230646796440639
-3.39785255699325e-05
0.000281137029211582
-0.000606321562113866
-0.000409433878201297
0.000215978543533671
8.99654839899202e-05
0.000757322352809431
2.96088996062613e-05
0.000224437732164707
-7.19814247401926e-06
-0.000193033021793072
0.000357902729236347
6.66573173386497e-05
-9.20318623884259e-05
-0.000597836931818474
-0.00124462827773966
-8.26825717601127e-05
0.000745972195044388
0.000283853884238856
-0.000370662094334403
0.000470761630812382
0.00125816596812333
0.000141095610102192
-0.000261318775501311
-0.000806522023855511
0.000435641669033038
-0.000469804746917997
0.000143793125166032
-0.000751595432103094
-0.000291461744470834
0.000177957907910333
-0.000381754761852078
0.000254652697835999
-0.000399042718276436
-0.000340866099525193
-0.00292260260864972
-0.000173196433815592
-0.000256369004513873
-0.00040530533238218
-0.000227260254162756
-0.000215703874209456
-9.71562031840052e-05
-7.6503724879503e-05
5.66535714266553e-05
-4.94266623574151e-06
-0.000273398710283015
7.33897880606436e-05
0.000138985035964207
6.478383305879e-05
9.8743771183737e-05
-0.000208939170806731
-0.000184145216557436
-0.000287130317621846
2.46104041771384e-05
0.000311979984362598
-0.000701360506723854
1.59997330512414e-05
-0.000479612403676634
-0.000390100901052304
-0.00035450042872946
-0.000284526760582873
9.22082227899403e-05
0.000286704876358471
9.58685924816322e-05
0.000214797607359457
3.99648020763183e-07
-0.000858125253345144
-0.000830263105057237
-0.000543849432762424
-0.000396158004481634
-0.000317240347327591
-0.00043441147559135
-0.000406020829051902
-0.000283425167656704
-2.28637035083268e-06
-0.00041582141710379
-0.000291874794459044
-0.000401433149561014
-0.000377786033385299
-0.000249074512731088
-0.00024888671558918
