-0.982651164965675
-0.96271052710838
-0.796517847486946
-0.603546880642023
-0.365871496958851
-0.223362396711795
-0.206585703440477
-0.12038701665431
-0.131088173353926
-0.0487681447100155
-0.065568429114506
-0.127268997850917
-0.0447990373713986
-0.0528820911252604
-0.0217677776530067
-0.0559394015184784
-0.0369047795728099
-0.0182478408430181
-0.0234811662310115
-0.0166982009579804
0.00314265265013682
-0.0090480042678324
-0.00954625890246065
0.0123123034464142
-0.0199343790293501
-0.0238058119296159
0.0314663023310911
0.0177895278922229
-0.031555212521484
-0.0469765800561676
-0.0413130740162571
-0.00552289238963758
0.00584031383557821
0.00676746111920179
-0.0161652811614745
0.00498529890191931
0.0526298273629272
0.0035973580463378
-0.0451392280936817
-0.0197140501430452
-0.00873126871063704
0.00213738953921058
0.00288740894916855
0.00179713709792617
0.020918354145887
0.0127754683490386
0.02343128596683
-0.00590012506850005
-0.00611751876966978
0.00144221504509751
0.0014276945422394
-0.0020219887321102
0.00881820349774088
0.00368189596287764
0.0296987233300652
0.0121561106294185
0.00252026170297356
-0.00516807058818853
0.0545546267274033
0.00112973056559229
0.0102179449949504
0.0104742179318214
0.00293762081044239
-0.0453275799690398
0.00111843171569296
0.00112451667239671
-0.00127032636205796
-0.00315235915297713
0.00896686407104036
0.0144957837821542
-0.0142296966272179
0.0173607291131866
-0.00424064721400925
-0.0226090149156392
-0.00933525074410976
-0.0107731167330893
-0.00752848976090647
0.00498694975606361
-0.00570332524771311
0.00679042380566658
0.0126658639986575
0.0123030128811732
-0.00732468836166751
0.000233754631661236
-0.00854029032181685
-0.00851990802540568
-0.00721855957758354
-0.0154969766060787
0.00676804615802779
0.0400535297502514
-0.00615072301769406
0.00214013102826136
0.00551361709742402
-0.0305394696492412
0.00151907838388006
-0.0151732590343923
0.00594178984005649
0.00732566200253522
-0.0853009206365727
0.0506849007572818
0.0270168231997946
0.0134526761388146
0.00149784819618371
-0.00284129313889461
-0.000768057745972296
-0.0213558044513697
0.0174717803894709
-0.00143614077557018
0.0273056675486554
-0.0337778070045915
-0.0108272176157869
0.0093753912722953
-0.0266194244526954
0.00179200836555835
0.0284361561837048
-0.00216926446437273
-0.123539923380563
-0.0395128394921964
0.00039741834723637
0.00254769118099135
0.013862199634391
0.000941086516496752
0.00172266360946124
-0.0787932236473972
-0.000114072198133223
0.0179808376436978
-0.00718285945404459
-0.0189843130876357
0.0100436087036745
-0.00368090067882256
-0.00756034257870924
0.0142368782640832
-0.0709529757130979
0.0637470533601362
-0.0017192947566277
0.00212950759902814
-0.0173103582100131
-0.00438083251247377
-0.0141829961747374
-0.0127220281787519
0.0117373696309963
0.0725287162434536
-0.0270107669775207
0.0461430382943032
-0.00495329483673645
0.00319060948820911
-0.0122888093217506
0.00978656474832646
-0.00343790449035167
0.00331569248552065
-0.0117164130325518
0.0220473240428976
0.0256048741600937
-0.0196134594170021
-0.0126241395232253
-0.100253282667907
-0.00919040676994691
-0.022994819707104
0.0186845893478163
0.0533785224601508
0.0587573500727389
-0.0401746335506764
0.00564961473425552
0.000431739860360223
-0.0413483105239324
-0.00971671752755445
0.0182189727423493
-0.00882831372792979
0.0449256521988648
-0.0068548694899981
0.0212982320733158
-0.0301056920837275
0.0313403902438597
0.0340255813259
0.0150638163577699
-0.000707816595989674
-0.00435750078265094
0.00505119940125464
-0.00535674623262905
-0.0130669082928439
-0.00379806148095131
0.033125906719307
-0.0114247618287569
-0.00124842110861569
-0.0012425255032101
-0.0143813405859927
0.0108289381514958
0.00258967131242275
-0.0140933864821132
0.00145888528595569
-0.000255887890097329
-4.62651449179338e-05
0.0610840899908736
0.0149026584901499
0.0317510626832372
-0.00597687528067554
-0.000382684125578711
-0.00560137442736139
-0.00167148056053515
-0.00777168721097231
-0.00502322127254412
-0.00744659255294017
0.000801961981699748
0.0168031911777772
-0.0604737656473198
-0.014460635922695
0.0164967878909006
0.0548296285555168
0.0401006868381286
-0.0332167398157105
-0.0118891327619194
0.00453725365377063
0.00357851781357483
0.0129589867667217
0.00156102066863367
-0.0101025043019699
-0.00488133576295391
0.00403462620063648
0.00499113687965525
0.00522608628685879
-0.0178144392960484
-0.00401577813959776
-0.00184957692775525
0.00754202572782403
0.00418755700595339
0.0470490049659569
-0.00531211784539527
-0.00348252980029669
0.0115027647290149
0.00982487670518538
0.00584919541092872
-0.00363799307413306
-0.00303328162318721
-0.000541402037848467
-0.000263086416739633
-0.000879130618045329
-0.0204334297591414
-0.00484408346002525
-0.00362842455110415
0.0252428053232918
-0.000996372700221858
0.0093679212755759
-0.0103294950327482
0.00436174156218443
-0.0983761591227406
0.00660106633917555
-0.00843110465011545
-0.00530365243736145
0.0100212790536385
-0.0130045755693446
0.0238855371989767
-0.00245371837824489
0.0146214578468844
0.0146513769124818
0.00511860898701479
-0.0148614069501917
0.0450773223510502
0.00555931637300461
-0.00334610421878618
0.0119042185946149
-0.0269749843617834
0.00601984394650466
-0.00997353158724574
0.0190731693457432
-0.00413760155041521
-0.0371855398730177
0.00711393088704605
-0.00306306000355484
0.0106231524629491
0.00114340599217253
0.0447520215741356
-0.00890291145551235
0.002170488417953
5.41459467830541e-05
-0.0451522480016686
-0.00604962653650596
-0.0029852473564879
-0.00270388581941538
0.0220909355793061
0.00167224707088781
0.00280250123711819
0.0105534274473363
0.00374817531704891
0.00344557495439604
0.0098822188049374
-0.0118345121343768
-0.00548176117162537
0.000232289511675102
0.00348689443792833
0.00134058727136479
0.0135771726420761
0.00705672061473862
-0.0218624212328232
-0.0112323023865254
0.00136552659041055
-0.00294850143403746
-0.00418959179789297
7.35272686938604e-05
-6.71923304206346e-05
-0.00621424647501518
-0.00496634983099201
-0.00100660942234526
0.011816384552963
-0.00295076571191155
0.0187041598093365
-0.00270466764741315
0.021504826244994
0.0101673821079526
0.00646870834795743
-0.00143568609877388
0.000554189756416156
0.00385969544587153
-0.0583578887518536
0.015422631471134
-0.0102134717481153
0.00254857919796679
-0.00606078398850207
0.0100603155116791
-0.00247719607602957
0.00624173324025213
-0.0148116824180136
-0.000177473934872658
-0.00157944812240894
-0.0103652115764002
-0.0134880275769813
-0.0370390830942832
0.0167364028427967
-0.0211045136392403
-0.00544944253596725
-0.000878656934324506
0.0127063983088156
0.0249957595864075
0.0429352449421217
-0.00324615041308186
0.0174296927702805
-0.00671087271764578
0.00781701633195998
-0.00332606521447141
-0.00796642119890373
0.0278704018555663
0.00988168501402913
0.0243871900855266
6.78315823127718e-05
-0.00167290998481522
-0.0225509091759428
0.000152327507589567
0.00493548021224452
0.00923829101696779
0.00409390728885772
0.00237483260905215
-0.00977937031882945
0.00455044092495224
-0.00771891385902228
0.00245713979365068
-0.0156781281443963
-0.00067420148009152
0.05685197443182
-0.0100434049607912
0.00486485226034068
0.0388911087404635
-0.00167199837058519
0.00214251206065103
-0.0111426599096415
0.00286247102954913
-0.0199350383591661
0.000573078437341708
0.00753437731712928
0.0227792284444996
0.0362239012470655
0.000703196660181606
-5.98994820550421e-06
0.00331893605471393
0.00670152662643865
0.00228375912754251
-0.00519089909734185
0.013957275843112
-0.00412458160449064
0.00722619244919103
-0.00232477748897525
-0.00981380860785468
-0.00843197450251423
-0.0345538935995063
0.00522995507985161
-0.000457686716415613
0.0220224213386378
-0.0176460377760995
0.0128872866713855
0.000242248796855068
0.00606273705293028
4.76102169842424e-06
-0.000224996392227173
-0.00413882799300369
0.0024246205146543
0.00197540601616622
-0.00111564314898363
0.00538567310192735
-0.0131339511519782
-0.0731076211080262
0.00432243214962624
0.00185653236230228
0.00621514320548725
0.00123033606855239
-0.00458438829511471
-0.0057556512206152
0.00223478630625422
-0.0248596943372525
-0.00914648403029038
-0.00581142380738069
0.00105160318945273
-0.0137232134837902
-0.00105007333330597
0.0585144358227549
-0.0110758139979887
-0.00404041555342744
0.0315434815453613
-0.102028138254398
0.00357222452704766
0.00375800901131484
-0.0722429326650635
-0.00398149772045201
-0.000157026323357133
-0.00541317867270117
-0.00985082193030402
0.00240782252090912
0.00859986419616516
-0.00193090243111419
-0.00407069569003366
0.00620576924514201
0.00417652784280705
-0.00374685397721837
-0.000595863762927112
0.000971491912355778
0.00996254388625517
0.00549480250434746
0.012013879917928
0.000904384727226015
-0.00439139382331647
0.0007466662150832
-0.135347623543052
-0.0353249096857754
0.00419548612897295
0.0225876370392999
-0.00914088055711315
0.000890470946763324
0.00109134612522559
0.0309419501609635
0.00649105877580571
-0.0217989124995397
-0.065014919160202
-0.00357290539274216
0.000217829927498582
-0.000128162581202935
0.0015723190399071
0.0241588089977196
0.00451909189228177
0.00442680460170946
-0.00396449331329115
0.000536841468369191
0.0197398998022568
-0.0232680899093078
-0.00634911036587308
0.00171645003909812
-0.00376870121674083
-0.000312840841818294
0.00208808009002362
0.000275149864220113
-0.000410787717310135
-0.00763267801086545
0.00109158769182407
-0.00282031636819138
-0.0378239577088025
0.00225583564398491
-0.00170877861265084
0.000303593052991767
-0.0325876500873524
-0.000912837383268068
0.0137645667024779
0.00257487842250546
-0.00368531772964776
0.00578339272359669
-0.00144752633019425
-0.00132199098584667
-0.0135885101834701
-0.02261547560369
-0.00452041935150861
-0.00297143963112367
-0.0017677767353189
8.33848629738257e-05
-0.00164228896284286
4.29872524682989e-05
-0.00034961418785692
0.00236383495489324
0.000695000485205863
0.00265141706712495
0.00411678071098796
-0.000671178540098743
0.00463174841073455
0.0044924717669782
-0.00100839434215973
0.00930777602980063
0.00305566919250044
-0.00073493702436584
0.02037085554
-0.00282551068868916
0.000532998039783029
0.0208570805501269
-0.00316101101204725
-0.00051828597923869
-0.00488819013718431
0.00118532831466163
0.00139157610049205
-0.000945983985514524
0.00526265915677426
-0.00435316139747745
0.00108467395731171
0.00126753527943564
8.30090133740742e-05
-0.00507723400236006
-0.0137580305056635
0.00315065377273294
0.000123431209601368
0.00835470327322989
-0.00739462950908276
0.000544473740376427
-0.00265212645950056
-0.00299817180724433
0.00749641507580807
0.0128128655818262
0.00619101387422049
-0.0194963686184142
0.00219423868936379
-0.000290512684472745
0.00628048135996183
0.00749337561553314
0.00392275449053141
-0.00131739622623533
-0.00246734049309929
-0.0109306605736497
-0.00854876294638779
-0.000307560705244624
0.00227862157825881
0.00425063691032295
0.00136412903939565
-0.000709008219968715
0.00035136433373051
-0.000563293791494888
-0.00788939104619837
-0.000285791129269915
0.00568610480869956
0.00496464641796959
0.0106802022298008
0.00730041206967459
0.00485000386791448
0.0089625889505627
-0.0165860855833465
-0.000997675392643364
-0.0022355468120529
-0.00391170957372297
0.00789725288199198
-0.00328101240628054
-0.0176306733280343
0.000858488105778196
0.0139759865755286
-0.0322003757931572
0.00355833771636523
-0.00453315671102035
-0.00357750076018982
-0.00766064188797701
-0.00215805125021863
0.0238391720903462
0.00433426219982277
-0.00184204089992268
0.00291338280507025
-0.00389982698729876
0.00067124572861365
0.00923508685928816
0.000580152623345017
0.00288578313629134
0.000954532031585331
0.000400197800476883
-0.0038764426118502
0.00303516187556798
0.0040567335743849
0.0436073165237525
0.000131980361441952
-0.000418188819602055
-0.00517089194862982
0.00337665173763513
0.00119681822925483
0.000350003162716127
-0.000299096310395362
0.00698812584603021
0.000892652187032948
-0.011335353972631
0.0034097598141184
0.00706669799916549
0.0136053667381264
0.00240302203313788
-3.80311436847867e-05
0.00411010249662055
0.00408591061344704
-0.00110317223529438
0.00258932054482699
0.000322968943254621
-0.000143167299186443
-0.0174445469972959
-1.33512509369564e-05
0.000619147180710599
0.00177031563132327
-0.00259574489692529
0.0022586717514984
0.000843098465221597
0.000184103749528142
0.00539555399512349
-0.000309922317034142
0.00257400657595916
0.00117207318827759
-0.00127879344568255
-0.000239120411583051
-0.0140615875052075
0.00529193209267731
-0.00601481086757642
0.000785295263284442
0.000757677207052936
0.000476282138357061
-0.00699198150293547
-3.74219689254146e-05
0.0103048521851823
0.00127107290966733
0.00291501645632874
-0.000565246003626744
-0.000744032561723571
0.00223731015982628
-0.000431789140133943
0.000245408465337919
-0.00311113092625344
0.000513323827443229
0.000225863769539814
-0.00107882852246036
0.00277864153132282
-0.00128546110884016
-0.00158976036572757
-0.00048096662035241
-0.000353851154823771
-0.000493563640486444
-0.00151814603575942
0.00219234833918622
-0.00156743402697517
0.00114978055004028
-0.00133555861520893
0.00374875734270825
-0.00187986436875188
0.000478407473416566
-0.00117910447386948
0.0015006705948479
0.000660096069790828
-8.04273295285264e-06
0.00147627538106621
2.36622603627832e-05
-0.000471082477318525
-0.00197146880745793
-0.00402391176358696
0.00273163794854853
-0.00048978865558683
-0.000706866305385828
0.000746580643823799
-0.00632686404431101
-0.00305046892878387
-0.00221939350232047
0.00227095791986137
0.00392367090223101
0.00202939170386514
0.00148667456977717
-0.00044488118419788
-0.000378497792242289
0.00344719999534416
4.82485799933517e-06
-0.00185985008261661
0.00105214627651183
0.000275615098613162
0.00343959480667397
-0.00118025154011338
0.00372563185229074
0.00056169410394441
9.35781847502632e-05
0.00401149163749517
-0.000206957178968859
-0.000497716687331656
-0.00097846966722987
0.00286253778890054
-0.0021053507944656
-0.00122115741314523
-0.000268136596378815
0.0016721763124995
0.000220907769789403
-0.000334597428454455
0.000177509356092195
-0.000700812212113515
-0.00465377135392698
0.00621549172450645
-0.000218458000877323
0.00213262303353273
0.00144193046393707
0.000492374826427056
0.00041478461590335
-0.000298930680385916
-0.00021129118550735
0.000706685458505289
-0.000272959904784168
0.00018915472142896
0.00012176578895887
-0.00187413062319459
7.26742075335213e-05
-0.00716149778384033
-0.000465059157393667
1.28546757772181e-05
-0.00143631335385958
-0.000129885469970707
0.000428332267177808
0.000184871314123918
-0.00121118171596799
-0.00380780827710485
-0.00116890658295883
0.00141832097260397
-0.000179681902108931
-0.000340504265054034
-4.54596463116473e-05
0.00484667760180802
-0.00831158109937376
-6.89648133267794e-05
4.87169126589833e-05
-0.000550851879982361
0.000972147812982119
-0.0012204686348735
-0.0011916259904156
-0.000350962672674255
-0.00139484343333473
0.000223377864005491
0.0018262140828419
0.00375298688868738
0.000366362242185489
-0.000273212057719038
-3.91560392264508e-05
0.000946116108386833
-0.000696295636554186
-0.000632345401342337
-0.000454306913332728
-0.000302755287908994
-0.000454939894820631
0.00160603482938673
-3.62867550296172e-05
-0.000311719754415525
0.000109249547507099
0.00139203703905558
-0.000233725442068862
-0.00020772581527006
0.000308491294562296
0.000185828884054421
-8.41344879083101e-05
-0.00210179575668394
0.000359417646945712
-0.000394571623724793
-0.00175615810754195
6.42125196944582e-05
-0.000275374797345042
-0.000229332181972351
-0.000620623729373966
0.000919997843814386
0.00132454247434581
0.000148671674132234
0.00102797820119387
0.00184495634760517
-0.000164866631832139
-0.000986357594874206
0.000614275772371293
6.38981293579939e-05
-0.000355362081881803
0.000541586181685508
0.000412845128653169
-0.00286644777427999
0.00187279088327245
-0.000130406738269969
-0.000366123701397796
-0.000321042375712424
0.000147985642120348
-0.000161846571276396
-0.000411493608707679
0.000234883992403695
2.88144465474503e-05
0.000175475363620548
-7.89281423501684e-05
-0.000190828891786181
4.70316370213545e-06
0.000763517181775505
-0.00051679411140836
0.000206059748068154
0.00127024272897802
-1.21013314580442e-05
-0.000238518266545383
-0.00333151267111831
-0.000299369491351911
0.000226764988049106
0.00144519957356443
4.20247302302945e-05
0.0012312170729271
-0.000822764088688495
0.00189056460253342
0.000411201388783002
-1.95988401558165e-05
-0.000221533089388299
5.33327474343172e-05
-8.38545545343487e-05
0.00101196601180747
0.000296451944032096
2.27883527051861e-05
-1.34829245886708e-05
-0.000112914301716174
0.000200707336766622
1.72036450180715e-05
-0.000238537860034525
0.000456385365817394
-0.000182202653274944
0.00252335969259748
0.000381889264882363
0.000421049004074337
4.33904858108153e-06
-0.00186518460848524
-0.000211794185964147
0.000225665581456969
-0.00040718999584886
0.000284360271018076
0.000163747272082361
-0.000395467060811621
-0.000471251962609156
-0.000171536603264425
-0.000434907099676702
-0.000372856241602567
-0.0012353080861487
-0.0020734260108177
0.000890734004746391
0.000278085223901549
8.10162774669494e-05
0.0004825021353364
0.00050057836244151
0.000173372205063175
0.000420551815475418
-0.000271663703401537
0.000113331185487835
0.000280883608271944
-0.000501206761343361
-2.5907958719961e-05
-9.73925209917014e-07
0.000148457264890395
-0.000174063223166153
-5.87299151389214e-05
-0.000162326321514075
-0.000334154691772723
0.000471012081738473
0.000185659713304618
0.000151650048233573
-3.08884016183357e-05
-0.000208973441693331
1.63269067689987e-05
0.000159559468615898
-0.000105876628716502
-0.000253244925328167
-4.13992308878087e-05
1.40250558555703e-05
-0.00053655738586232
0.000603222630486805
0.000552887202530177
0.000528825759218876
0.000523089703009672
8.95659428363845e-05
-0.000694682131798439
0.000227915300081108
-0.000772316483812068
-0.00014172122831802
-1.24459236328112e-05
6.42620004244638e-05
1.23531765370181e-05
-0.000262988029251197
0.000213658850016524
0.000397292012653104
0.000530255157204702
-0.00197155416291807
0.000124010341301637
-0.000388733824161426
-3.05548673068073e-05
-0.00089957770805761
0.000256271206587929
1.01387130500488e-05
5.2589963408111e-05
0.000159572385125799
-5.50959444947956e-05
9.65105751023094e-05
0.000195950331933471
0.000601643251456271
-0.000226382200761985
-9.04029300073323e-05
-0.000280518037753463
6.41365803399981e-05
0.00024606214046976
7.20599921077888e-05
-5.55896702882787e-05
8.52678201215221e-05
-0.000118356817155379
0.000167485618593854
-0.000277057915454376
0.000183294512554282
-0.000549334631179467
-5.95221728697322e-05
-7.45444075662285e-05
-0.000421095640200196
3.30133075505448e-05
3.76716486214106e-05
-4.09195230130077e-05
7.30274600556867e-05
-6.41991394325039e-05
-0.000376552126793442
7.59048889895842e-05
-2.55236871070461e-05
-0.000154808405819104
0.000591181441190908
0.000495708508671392
-0.000647141099457874
0.000202446245746092
-5.01098627570075e-05
-0.000216675398178998
-5.6706579871419e-05
0.000437877535914605
-1.44339086353594e-05
-7.92387850071283e-05
-0.000515966182964951
0.000131412066284193
0.000752259945771654
0.000111388639635736
0.000223080329258274
-0.000119200732946142
-5.70001053404776e-05
-0.000147946005929896
-4.16917485909938e-05
-0.000145960940582609
-0.000116752551463221
-0.000608935264456577
-8.00396507824617e-05
0.000211354392733793
-8.66075144300922e-05
-0.000388103677497699
-0.000302796291909039
0.000150575694628515
0.000479919485231053
-0.000366031880573609
-6.82727406125493e-05
8.40959216192264e-05
-7.09668723582179e-05
-5.38946916550557e-05
6.57412801589188e-06
-0.000339463920369097
4.50689058765959e-05
-0.000384985534754511
-0.000323824270159397
-0.000111075764165876
6.48401781883502e-05
-3.08724653675191e-05
-0.000100459909446574
-0.00014707423241452
1.22284287219282e-05
-1.24339870775118e-05
2.90272281207063e-06
4.08803345558513e-06
-0.000260381182414051
0.000144488647588857
0.000263810893898688
-0.000126854478584973
5.25539721799435e-06
-0.000269575916902298
-0.000499639811917846
-0.000168201602756018
2.95475332418481e-05
0.000178228525740956
3.28986775008349e-05
-7.84774130565175e-05
0.000392693681677091
-6.68435793017548e-06
9.95970048257914e-05
0.00011976295442194
-2.22012712740256e-05
-0.000132554419621834
-3.40538902440936e-05
-0.000116535860582693
-7.95490177088123e-06
-0.000130048039142161
0.000264223709512403
4.03995036051267e-05
-3.10597064000411e-05
-6.31929478996981e-05
-0.000182276816061774
-0.00034423130094737
-0.000113146964044514
-4.62209463959164e-06
2.74943511922487e-05
-0.000151586349871852
-8.55272306401265e-06
2.51723516699066e-05
1.19461950316239e-05
-8.5931045596717e-05
-0.000261862677095613
-0.000204360181663376
-8.82562604050997e-05
-5.46118672597921e-05
-2.34877650256534e-05
-8.59729123443513e-05
-6.91011429465124e-05
-4.05506016398576e-05
-8.70922631750724e-05
-0.000107938954708972
-9.45150545005276e-05
-8.49477664826587e-05
-2.23081603651716e-05
-7.39428491072469e-05
-0.000127885207550486
-0.000155626371239877
-0.000154759102761187
-8.71433480039154e-05
