-0.917823143060748
-0.903252288755676
-0.792140626248995
-0.567834237575336
-0.339181596133648
-0.194827328381252
-0.120120851576269
-0.0404988767862313
-0.0291013244616087
-0.0164626799533326
-0.00837895474518969
0.00474949446792412
-0.017135544481398
0.0171337450335134
-0.044109476725231
-0.0345528613798782
-0.083081611808911
-0.00705949853674747
-0.00150564449693164
-0.0442033020040767
0.0102764040413857
-0.0067276230867055
-0.0165220540131925
-0.0365669311974288
-0.032861616790657
-0.00393731265182272
0.00546523590228737
-0.00962922994626566
-0.0199475427117731
-0.00461936136096913
-0.00155506973666681
-0.023573039097492
0.016017274105853
-0.0127217345959013
-0.0222460047129024
0.00929243163938408
0.0156391238296425
-0.0172880751734696
-0.00464191511977622
0.0130184072969843
-0.00149864706158963
0.0509139080662166
0.00779688739168755
-0.00698410232617853
0.00533006939485199
0.0495348099644621
0.0285766104741585
0.0156005519639819
-0.0138425134887209
0.0090643438716861
0.00133532700515632
-0.0387729162389433
-0.0774825706675522
0.0237994364181305
-0.0392100844687622
-0.0176576914577022
-0.00545509623870396
-0.0047467483979763
-0.0139053025918513
-0.00133558308966743
-0.018702358803381
-0.00479755246064552
-0.00243762304021373
-0.0248163049024001
-0.00961408845842543
0.0512175384821418
0.0191033552424523
0.000429400884086481
0.0342125175489967
0.00349676459799985
-0.00593678026522445
-0.00758628603380934
-0.0772471617537896
-0.00104473572917238
0.000577336549036902
-0.00298590715293533
-0.00158488114205842
-0.0150550876298505
-0.00894263329664618
-0.00211692582329948
-0.0688801905972484
-0.000861303270750502
-0.0298241266841718
-0.0079229972721161
0.00325519903621789
-0.00408167815154586
0.00604785106085692
-0.00250789708068112
0.0079663909920983
0.00239920157613967
-0.00689675452562239
-0.00359424864183656
0.0100165886658209
-0.00510613211426589
-0.00414734970075089
0.0129774408289809
0.00217405674986833
0.000221048305742239
3.72751969909786e-05
0.0178434276055774
0.00617973238920952
0.0198735385763302
0.0150476595456491
0.0559872364410258
-0.00643066293913499
-0.00139760600640282
0.00547781845482861
-0.000258042768519702
0.0028516281712501
-0.00594637448569199
0.00114499510349136
0.0222272408324333
-0.0051855647905903
0.0107585160701605
0.001979600667196
-0.0373801837610381
0.0213297391568686
-0.00952524541411163
-0.0135811878875005
-0.0304414546520339
0.00856687581278977
-0.00111974458112079
0.0126056649347297
-0.000588683770264889
0.0687095000614237
-0.0017532016866803
-0.0182750738773199
-0.0181397801806873
-0.0267389154540378
-0.000850083623065592
-0.00980163962930051
0.0111201366838283
-0.0388573948064727
-0.0330437760116812
0.0117425868318096
0.00402031655212824
0.00549939221363657
-0.0266663207336656
-0.0148953550484889
-0.0615304479073291
-0.0134871499638252
-0.0170732793185056
-0.0413349624649254
-0.010029502425235
-0.00414413673536663
-0.00229522857397618
-0.0332798791461137
-0.00135153737895672
-0.00900160107650666
-0.031238433407967
0.0195710227770138
0.0171435728116565
-0.0286463426401644
0.028529614229452
-0.0190713475681017
0.00281977587558923
-0.0204700143436066
0.00129637803802118
-0.00574285464832944
0.0295710082199909
-0.0240902967709049
0.00136578281574145
-0.0058546677448093
-0.00245564277308809
0.00552668428446006
-0.00688566384469772
0.0381097098159067
0.0151549312222589
0.0353571100458914
0.00365000383648309
0.00812643876216233
0.00743410079985427
0.00842282450336893
0.00803753871367731
-0.000260448840580073
0.000634963841792173
0.00145124996261319
0.00395162957111958
-0.0108421900004345
0.0475122252897617
0.00999413804381127
-0.00440548468548372
-0.00410711650514107
0.00234463781816956
-0.0082808643691654
-0.0004513083493708
-0.0324472836842182
0.0270457986961951
-0.00900389719667667
0.00404121926879782
-0.000613975495719083
-0.0249954360052584
-0.0119785511442987
0.00947248423984008
0.0116069874945912
0.00337512098706835
-0.00274918083735506
-0.0167821259781394
-0.00895895351267246
0.0168673679851798
-0.000260631037914454
0.00122550599853575
0.00259222010432012
0.0138529798212571
-0.00084522090898475
-0.0148873755235862
-0.0088332434970683
0.0161836849136165
6.20876084247348e-05
-0.00830159827674457
0.0029775468870422
0.0151969348000189
0.000535220748943526
0.00311790926633594
0.0100929548967751
0.00340304529205067
0.00864794420863696
0.0391501614447088
0.00304093466078038
0.0080124784504756
-0.00462677524856039
0.000712876132677515
0.00243568775252946
0.00284371997416443
0.00152394894656186
-0.00703716292895879
-0.0124604830343195
-0.000695870475370312
0.0595739970515422
-0.00796123780149773
-0.0019568534766571
0.0243752456629667
-3.53802966323018e-07
0.000293620987891399
0.00418166898030644
0.00210549680970648
-0.00627424856370545
-0.00921801412864233
-0.00205563028507273
0.00629752280204592
-0.00498843642658858
-0.00658907373764711
-0.00240484253022493
-0.0193293738305321
0.0217919924165497
0.000972283969823583
-0.0173505243856269
0.00299449197477677
0.00569621430187179
-0.000538223605157416
-0.0030410912703225
0.00244341065174152
0.00365915062579005
0.000471965690719845
0.000433743011275689
0.000470092331868682
0.00208647123751099
0.0028152244317848
-0.0101780778788251
-0.00262983547184017
-0.00955362872629544
-0.0109207247370559
0.00289904358578773
0.000810396078267535
-0.0107262563330408
0.000124665305914127
-0.00475869649407988
-0.00534042889185683
0.00326512675295579
0.0118274843856133
0.00609352725137061
-0.0133146591666043
0.00685426266125739
0.0127434178114989
-0.00178142826261394
0.00333929847508598
-0.0140698125218579
0.0128076439501365
0.0024205713270318
0.0122785326057401
0.0134590717942064
-0.0136402779502284
0.00611805797215905
-0.00902348188237869
0.0127303073831448
-0.0230070121108191
-0.006210543788274
0.00211160503430994
-0.00280843227545132
0.00161434006672247
-0.0273858763458538
-0.00383505365464025
0.0363868049600467
-0.00513559611772045
0.011030802627275
-0.0103427177562973
0.0286189647982601
-0.00371093616883317
-0.000130538820515306
-6.51020205699789e-05
0.00176238646825235
-0.00383802207865464
0.0133974722422711
0.0130270618247636
-0.000387282374280764
-0.00165191158297207
0.000134605913204724
0.00278234836972472
0.000538974308191255
-0.0267997135420052
-0.00242293004947418
0.0131259516499332
0.00286923245110467
-0.0051723114073396
-0.0021022235868533
0.00341247829930536
0.0210131930041644
0.0020407910526477
0.00239656224501368
-0.00220347498268666
-0.00568086765054383
0.000433714169033859
-0.00575864946053265
0.00438474756552204
0.00694103357502258
0.00457922410154913
-0.00597348162162399
-0.0138137533010236
0.00239499936948042
-0.0053582459998317
0.000495573035147903
-0.00624721476068127
0.0226141212713743
-0.00602155929828619
0.000317730680178461
-0.0114714666996886
-0.000980432963585136
0.00617545521086933
-0.00210252658671172
0.0032362762442215
-0.00239353453622188
0.00559388202181432
0.0024884868456167
0.0067211162989687
-0.00175968812653343
0.00800372027876225
-0.00758978243034032
0.0102852712956803
0.00145804190880895
0.00253818540511925
-0.00169160172104214
0.014676555337121
0.0132854619975553
0.00642980006944097
-0.00116951588369357
0.0035079982806948
-0.00649880419665696
-0.023325979658521
-0.00167031020496005
-0.00688990244777206
-0.00158435635814476
-6.73123785695203e-05
0.00181021168847414
0.0209341091151426
-0.00329860157674271
0.00442532441694431
0.00176715608544675
0.000587149384463705
0.00111503157281703
0.00245988264793063
-0.00228728727646648
-0.000427176658801412
0.000444427304012707
0.0225298798868553
0.00635234564847549
-0.000583802734298666
-0.0138058127368102
-0.00246956518888752
-0.00419689380628892
0.00228257036129468
-0.00404495646892809
1.15205162191894e-05
0.00849235083902843
0.00491593527350522
-0.00625270832090306
0.000827009283632715
0.00158198555334387
0.00292413186647707
-0.00837948009691736
0.00079757702121249
0.00147766814034743
-0.00123333056431747
-0.00126585792016761
-0.00436910621352867
0.00203046393833
-0.00196928417933056
0.0081768166199866
0.000353281225754072
0.00074826796869136
0.00195413527381157
-0.00358358545099233
-0.00643954839523929
-0.000579280473091366
-0.00321013251366979
-0.0166402288741852
0.00682577021683477
0.00108586135958671
7.53134950149707e-05
5.41139121943762e-05
0.0125940125870541
-0.00472812538109916
0.00455446042694415
0.0487849532360024
-0.00259308013239554
-0.000968122223991311
0.00251124971462142
0.000140048626498904
-0.00280877702318851
-0.0026662601565524
-0.0069622890273173
-0.00584010327908773
-0.00188117946486742
0.000515276923795271
0.0043209970957772
-0.000551531890131116
0.00155449439537035
-0.0166382474822665
0.00134064722193413
-0.000253945648994068
-0.00059293315382342
0.00115752196413201
0.00288638015296061
1.18377312807955e-05
0.0033916107754823
0.00543173938473372
0.00109363296080175
-0.00140046191362163
0.00876228518545547
-0.00590112380003151
-0.000343294970561447
-0.000528171456209045
-0.00342837275765416
0.000127064407951348
-0.00939506222949823
-0.00796296492949129
0.00117154127054369
-0.000566507360348405
0.00239436201830821
-0.00244852374188545
-0.00496558750761099
-0.000588784227432932
0.0048037609779749
0.000596087214504151
-0.00125196787855958
-0.00195903927066545
0.00128313060544539
0.0109128952064481
-0.00709755267786252
-0.00175557412100005
0.000596024955612018
7.07600356985535e-05
0.00228061477965483
0.000399663657601898
0.00206546361346686
-0.0153383118636024
-0.013946431449629
0.000515627010303112
-0.00116362748565247
-0.000263146526256821
0.00124078003263743
0.00206927932817206
-0.00247279285633867
-0.000146888126602136
-0.0020222868724482
-6.48024087052887e-05
-0.00118599495840824
0.000384766210711876
0.00128799026727014
-0.000586814560664229
0.000699846363960374
0.0196697273780937
0.000263157489792355
0.00024904914987798
0.00273288018049168
0.00226091704216526
0.00426583331781044
-0.000317529527975312
0.000776545502612488
-0.00843928865950123
-0.00106279118561724
-1.09818455316158e-05
0.00359955509748181
0.00171772346609662
-0.00157036479364001
0.000390523969818858
0.00482510704487323
-0.000612617948044136
0.000856376516701661
0.0062723813647576
0.00430290761088035
0.000858141206295061
0.00234780324317157
0.000490212917867346
-1.06587779694686e-05
-0.000483698940119059
-0.00470074367584492
-0.00282104581578822
-0.00677397273007334
0.000645947956378008
-0.00236438475356798
0.000339296915862648
-0.000297158685045638
-0.00546001630069234
0.000526004775966391
-0.00380621640480532
-0.0217644837878148
-0.000299656894925424
-0.000556457228468129
0.000611775127619177
0.00282005726460137
-0.010702635455401
0.000284628198054182
-0.000606485807117863
0.00118079179024625
-0.00148730987138508
-0.000238882107763871
-0.0117518130132103
0.00263510684713201
-0.000507717450622659
0.00589182724471794
-0.00709397850557945
0.000553785572417285
-0.011973882476125
0.00329465489394014
0.00224091643226494
0.0164400119983612
-0.00369364781345552
-0.000105222675079443
-0.00532299774225055
0.00311096556139029
-0.00726402827480667
0.0072777270593426
0.000697870759778146
0.00194256380934611
-0.000734259108947966
-0.00516090308921579
0.00100398123133151
0.0016335024252665
0.00261838143126122
-0.000988964387715973
-0.00637906050488734
-0.00233563469242693
0.00248683538785734
-0.00167681960491579
-0.00344075105051423
0.000283934422395317
-0.000549362760898141
-0.00340999585148948
-0.00299734021032259
0.00152301257650781
-0.00180759703279211
-0.00139267104042566
-0.00133087702622307
-0.000679034323879729
-0.00447335120556927
0.00195134993443568
0.00411953544840613
0.000262456610993916
-0.00884844209171202
0.00341758655934294
0.00294288989006921
0.00467348286486302
-0.000690175000061953
-0.0152728424704561
-0.00184322245061904
0.000836824074131199
-0.00136688926522952
-0.000749135647543457
0.000529056351321628
-0.000688488757938257
0.00675691533119732
-0.000204960543096662
-0.000267302764570512
0.0199439986115319
-0.000475273214329395
-0.00138735948417474
-0.000735937407412298
-0.0136562884557219
-0.00141532422318328
-0.000367201649898075
0.00174467136917084
-0.00137377170683791
0.00395312633867249
-0.000232869737089432
0.000226054115067843
-0.000145588463518661
-0.000288855302054737
-0.00111952107692414
-0.000586716410923955
-0.000255123853773719
0.000810825602517237
-0.00150383099743632
-0.00151650165092276
-0.00367412829669221
-0.0147097863317257
-0.0027063454529456
-0.00594420247226947
-0.000943132396657544
0.00451970452299934
-0.00716231309586854
-0.00239203479195821
0.000627796270328114
-0.000256761987824502
-0.0369169197656196
-0.000629469099826998
-0.00248900639800786
-0.00156095340854042
-0.000296754881621071
-0.00402949086364991
-0.00221545874056478
0.00151149390836928
0.00264589899132167
-0.000897713347554552
0.00108353404392929
0.00416313833535559
-0.000303553021641731
-1.56372112128063e-05
-0.00202568035146008
0.00186771470618735
-0.00387841829222423
0.00094281198886541
0.00149159738536683
-0.000835146536164197
-8.27168194178986e-05
-0.00128054976316549
-0.00382986783027363
7.6068516297017e-05
0.00398314596811481
0.00049200109990726
-0.00987405566029412
-0.000186061606912807
-0.000259896166415094
0.000937929504423281
-0.00265085839187457
0.00017029944646071
0.00481844545954916
0.00149075490829499
0.000238981480179323
-0.00332449450608349
0.0108377458699159
0.00259064095055265
0.00390668117982712
-0.00485129786084936
0.00101314966864545
0.000911932912245474
3.00738832951977e-06
-0.000341706870637319
-0.000521494407663595
0.0102288208780384
0.00164958738910948
-0.00217760518676876
0.000757582240154115
-0.00119017599022287
0.00448487219644239
-0.00130498164918372
0.00167415326004132
0.00368184297683459
-0.00395292005917689
-0.0073351085398858
0.00462788865692473
-0.00190963378823092
-0.00272836984494742
-0.00380032213598068
-0.00360500011260146
-0.000761000360509628
0.00123384117679222
-0.00023827811585159
0.00125378652896059
-0.00392507067356954
0.000160978570199915
-0.00269557730794021
0.00468069836807979
0.00132822414779243
-0.00372904879883199
-0.00374547531874528
-0.00726590137066177
0.00023410352525884
-0.00133341083538961
-0.00209422691874412
-0.00176535190895144
0.00207176296239208
-0.00107204013641851
-0.00554841687859781
0.00334526928369811
-0.000543891539698613
-0.000872785516147182
-0.00163032126269967
0.00203030010679969
-0.00155105403857658
0.00173384608427814
-0.000553326984406815
0.000988979432647495
0.000171052255496923
0.0094971325079124
-0.0018076226858318
0.00250903315416915
-0.000764404781540177
-7.2556469221636e-05
-0.00137441502151235
0.000170202663689678
-0.0103764086715096
0.0049254368740221
-0.0082345379035252
-0.01056773968445
-0.00285886966428495
2.37464856331273e-05
-0.00867710187221463
-0.000722485125570169
-0.00668687310389476
-0.000870095686477265
0.000519027694258341
0.000641889395726785
-0.000337707671056521
0.00387473186365264
-0.00525777517452199
0.00210364807160514
0.0022729689224572
-0.000439266345876052
-0.00142791953185796
0.00198581171369699
-0.000101215431336013
0.00123698961795414
0.000550612523081827
0.00117913441894676
-0.00134196948995148
-0.00660971500248025
-0.0023985237968353
-0.00139232379932421
0.00146293764076233
0.000998095723976766
-0.00208923117962708
0.00140210091404172
0.00209581902153094
-0.000311206561388996
-0.00435740561960185
0.00116719228921182
-0.00110027585342311
0.000563781001179227
0.00058736174985682
0.000780404611923663
-0.00143902598880766
-0.0062200394058591
0.0060518604359225
-0.00170337680194492
0.00523132363140624
-0.00849715949272227
0.00567299818836984
0.00258640296939245
0.000374061484029262
0.00152213096609385
0.000413631636758088
-0.00228413925652978
0.00135013559761821
0.00452598347844172
-0.00266496362660985
0.00807740793490021
0.00382918817274931
-0.000148454930155183
0.00237207684409291
0.00506751739737712
-2.18486852887668e-05
-0.000212389293721071
0.00992044976305477
0.00201633671455184
0.000415320448904463
0.000575735080344362
-0.00110726487985915
0.00296901338906496
0.00194161880765424
-0.00461447991854956
-0.0011954468272724
0.0102269540577422
-0.000866568503325641
0.00108083883889029
-0.000462260468332494
-0.0042549051728853
-0.00256160327874243
-0.0024700496742218
0.00162832642561978
-0.00208180502102367
-0.00213381482430288
-0.00389000262819277
0.000218408068489551
-0.00626526354768444
6.2031720248341e-05
0.000836263583948952
-0.000636617493286151
0.00431175433800166
0.00102159954062229
-0.00225006376511453
-0.00124965705884548
0.000576536260736768
-0.00439854615574274
-0.00417692092613063
0.00275404361547361
0.00123059083705169
0.00484481217240621
0.00409464066026185
0.000471130297284004
0.00264249435880403
0.00309224511754108
-7.18595843380074e-05
0.00173148455750508
0.000705427247660021
0.000800814926037329
0.000824739647852426
0.00316255361447121
0.00186631365996193
0.00151484713971187
-5.67247340568125e-05
-0.0029440074169448
-0.00174438686492735
0.0017647602165945
-0.00121249832932422
0.000141484730305316
0.00101301880180912
-4.08268346859947e-05
0.00226124798894988
0.00232237830661141
-0.00188371903008998
-0.000268919376824294
-0.00210407532855437
-0.00229627057323882
0.00156734227589599
0.00164486892110861
-0.000505592838764516
-0.000637695619620958
0.00802928449317895
0.00182200046434069
0.000836243692760732
-0.00154579819233432
0.000729741044506457
-0.000568333714664731
0.000425082457592239
0.000233351749524268
-0.00125188001983241
-0.00152341005823376
-0.00118320230018422
0.000176546953965328
-0.00117394658173331
0.000669551171189804
-0.00244608570803995
0.00214995670979802
-0.000558981480273521
0.000545082370247008
-0.000276914168870394
-0.000412186657339438
-0.000500747683814543
-0.000761679032248631
-0.000714950341048283
0.000125053280885146
0.00286133198424564
0.00130990736806288
0.000419055322207809
-0.0061177471136383
-0.0025221445884389
-0.00541198725893209
7.61772328475061e-05
-0.000384949096938494
-0.000994513241640689
0.000114437567614726
-0.000559856198514419
-0.000772420725493872
-0.000765975968618762
0.00287281428631161
3.50639443509564e-05
0.000409428156478205
-3.80338858740507e-05
0.000399479443794945
-0.000183173144585275
-0.000376365309094811
0.00016560042415005
-0.00289194954053412
0.00141093922259315
-0.0010567038257688
-4.4472443995111e-05
-0.0039923715950167
-0.0039081215456059
0.00125610163396806
0.000300873087409463
-0.000460003215508272
-0.00962274527113749
-0.013527568629456
0.00375723718877956
0.00349388561156055
0.00100104667244807
9.97931504505118e-05
-0.000707343071681165
-0.0016041431194947
0.0028259943016975
-0.000813776397886292
0.00155486428255594
-0.000388383849716841
-0.000380543279885587
0.000144863212122013
0.000136757311994775
-0.00284693234975947
0.000621700916454492
-0.00185898756788287
-0.000420390843969468
0.0001721667609355
1.78012669519324e-05
-0.00109986862202541
-0.000752942777015488
-0.000810157837536665
8.1761849889929e-05
-0.000829603953914019
-0.000356231771933804
-0.000216512394071911
-0.000113565704578953
0.00130871326404757
0.000469763745009852
-0.000772743534867916
-0.000174384714296032
-0.000267755344267416
0.000754274074955937
-0.000731244693651071
0.000336410119572847
-4.5618022331718e-05
0.00122790725812559
-0.000115446061529931
0.000427423842175324
-0.000413630581220191
5.32907118005869e-06
2.73026170917893e-05
0.00230022492867642
-0.00061447646122236
-0.000758136605836357
0.00243608056503939
-0.00023388237710312
-0.00151520472286755
-0.00106134603512797
3.37998188304748e-05
-0.000345104751474287
-0.000184648456849346
7.94389371118218e-05
0.000679683980997108
-0.000373380032247433
-9.14739424013977e-05
-6.86378896599075e-05
-0.000372548039546553
0.000386363801489141
-0.000300301894228104
0.000403375074889567
0.00121226055161433
-0.000328337326886628
0.000593304444278719
0.000432223912743704
-0.0016919792749137
-0.00109949578589993
-0.00154094990914732
-0.000137356797205587
0.000767633659649073
-0.00062620439054622
-0.000787239522107308
-0.00105080400482937
0.00134761931284162
6.1780512286467e-05
-0.000721738336574887
-1.74741485060535e-05
-0.000647793108362333
-9.23989440097621e-05
-3.9065498308814e-06
2.10560114234283e-05
-0.000350992000041241
-0.000482137792423526
-0.00201180989251683
0.000828513111796152
0.00040423747557971
0.000166274748000729
0.000366005332324127
-0.000243879111273397
-0.000439113473704954
-0.000215708110288114
3.11384464795125e-05
-0.000171241923296225
-0.000236134888845704
-0.000122091033580084
0.000410509715239673
-0.00030217365507523
0.000335464830542531
0.000122997185953958
-0.000196993450688958
0.0002657140014898
0.000188883355426824
7.22313089281372e-05
-0.000451877970715885
-0.000227393715902017
0.000140891777031632
4.02565790570704e-05
8.89289231370898e-06
2.02250609966605e-05
8.63292004129262e-05
-0.000159424102377066
-0.000502827107573416
-0.000254777913036832
-1.41214478347218e-05
2.14655266267341e-05
9.60044838026307e-05
-0.000120088299217633
-7.14383038217353e-05
-5.13172979569478e-05
-2.73266372221317e-05
-4.09277617098477e-05
-4.07236232064147e-05
-6.71961331128445e-05
-4.26588340157507e-05
-0.000130017110231315
-0.000112961536734453
-0.000115693243828188
-0.000109043827395168
-6.59779751824679e-05
-0.000134306531631663
-8.3916974307637e-05
-1.92645268452831e-05
