-0.998288326863549
-0.964048153125067
-0.829447182369512
-0.649239442230293
-0.359316646325286
-0.297436569487508
-0.147639038292442
-0.140593336855114
-0.125961001608693
-0.104169282403109
-0.0936627998147402
-0.0810949846740499
-0.0635710083161219
-0.0477881062658685
-0.0429470934076645
-0.0183342854148976
-0.0626670671779366
-0.0380970648215165
-0.123652436664831
-0.000480505029630256
-0.0170846028082343
-0.0114184404707866
-0.0187723848644285
-0.0541109574492423
-0.0354852203411885
-0.0532170706364516
-0.00293407318017342
0.0478066224190978
0.000902335118635241
-0.00466780476316049
0.000915111278720982
0.004224771750379
-0.0159298367507014
0.026124956140601
0.0398963152430509
0.039901475747771
-0.00881093611077516
0.00199278352719946
0.0664610719282328
-0.00641465210071087
0.00817241909695495
-0.0252064244952623
-0.00178954602258955
-0.00872631557881474
0.0106495609505733
0.0612639352457036
0.00456705649285489
0.015645506903168
0.0271470229144478
0.00659377473752634
-0.0683282146251589
-0.00485966868929147
0.0480298952168281
0.00910289608608106
-0.000864058758425979
-0.0257317489010627
-0.0167806927973243
-0.00784163910023268
-0.00309477695961231
0.0179988513769806
-0.0259722192723931
0.000486088412225056
0.00878977766975176
-0.00459718517699206
0.0155194562556622
-0.00509406032250179
-0.00977935869147899
0.00657559658626237
0.00629439836826106
-0.0105953811411622
-0.0118514010290976
0.0326613246654138
-0.0246116452179627
0.0147555121914965
0.0134909842035105
0.00743170190800836
-0.0181697407026479
0.00903441275066547
-0.00718042395720344
-0.114865344372307
-0.0374817317062482
-0.00102807452169587
-0.0308296181016943
-0.00328969914742422
-0.00763515196451413
0.0229779244980157
-0.00261855637645016
0.0142527048782589
0.028151521562288
0.0211414290665549
0.00503838038456078
0.0117088316053158
-0.0830365406070212
0.00245618486535603
-0.00989778483432033
-0.0289447978385999
-0.0426326636259645
0.00440615345220892
0.0482505689859958
0.00226615332122523
0.0232405948853284
0.00300542385171218
0.0602087748599437
-0.00535217898280844
-0.0102226737364482
-0.00242990422709433
0.030192905251273
-0.0186845598344979
-0.00150196217655794
-0.00106487871301648
-0.00886896877194197
-0.00139112331609595
-0.00151105626358391
-0.000872065296125649
-0.00591441124029042
-0.0425738117423706
-0.0292918335371233
0.0238442028239718
-0.00286059689579885
0.00968764101123038
0.00584589452908028
-0.0155434318644107
0.00173162782729277
0.0169869041806468
0.0206836521096164
-0.00372638077628018
0.0444036293504459
0.0111682180258034
-0.00326310410205142
0.0093624084883192
0.0116560152596046
0.0166918468750367
-0.000308411773144681
0.00728517136078093
-0.0162199729582206
0.013165835336008
-0.0129266252163625
0.00132857672683123
0.0154593263759388
-0.00440552961044107
0.107693498270637
0.0125279823487521
-0.00117669795698241
0.00247534574247705
0.0121215539115969
-0.0181642265484526
-0.00205257882466032
-0.00368848107006854
-0.00369526923063353
-0.00213412794332097
0.0132900935867292
0.00676146351884659
0.00456118950529416
-0.0127450691718555
-0.0128548084306473
-0.00490372501552519
-0.0148514090651075
-0.0063810669141813
0.00763125709671444
-0.00196593657174714
-0.0254896726978392
-0.000132727801248327
0.00102900985944998
0.000121859850109449
0.00256960790894192
-0.0175097602339668
0.018379149151998
0.0190178295087409
0.00447486777747617
4.68894475915628e-05
0.00582703022002827
0.0153073006533938
-0.00116291536054769
0.0274038978409306
-0.00331545209502709
0.00253123104142016
0.00949332611210791
-0.019980437891152
0.0416315356874533
0.00478997401206983
0.0155720409418932
-0.0158264107686989
0.00271206217869392
-0.0131346683009813
-0.00166632788865035
-0.00819256437121329
0.00471383854192359
-0.0176252667311755
-0.00227525118140392
-0.00200208944301881
-0.0155905919102884
-0.00672683121088536
0.000945572879779876
-0.0133743945026889
0.00962785778709024
-0.00409677430302072
-0.00239300804997677
-0.00229231749105258
0.00369873594461827
0.00979090203119316
0.0137753035105798
0.00179825417718901
0.00367462113790506
0.0104712796133695
-0.00463341296919623
-0.000258590896793066
0.0019121553638043
0.0055232595044601
-0.00317387439028306
-0.000655477159092111
0.0114874754624024
0.0113083885138316
0.00904181307060535
0.0104259982049951
-0.0043597239150453
-0.02964005463996
0.0104445145297649
-0.000445531152149039
-0.0011839096469192
-0.0221228427765806
0.0126219187764639
0.00116519982016569
-0.00286158377793312
-0.00299305651621959
0.00216082493727271
-0.00276685351131514
0.000838929325808863
-0.00560814398756602
0.0124413865076561
0.00217056365175834
0.00414628809164125
-0.0176365543517824
0.0140945361691834
-0.0355437012815192
0.00911932078589341
-0.0021567439591663
0.000415928372509608
0.0236774897539215
0.00962399503982252
0.0257691126384793
-0.00509312436992892
0.00158466130912082
0.0105804411446772
0.00850801300985917
-0.0273116833534964
0.00219989231600391
0.00491463138596547
0.000955819103686003
0.0515220715928306
0.019510776888055
0.0186690830136947
0.0461439971749216
-0.00166028805230619
-0.0191863053040045
0.0127942013129598
-0.0224987277602303
0.0109366619489954
0.00113019405860862
0.0199075433900014
0.0171989108303693
-0.00825301315592061
0.0046247016995379
0.00367534981224982
-0.00103889037775878
-0.00382079511620235
0.0105432397221124
-0.00501394883734203
0.000566663511734094
0.00689349904365607
-0.00113480413296955
0.00609401150014277
-0.0151424678597106
-0.0217624987895867
-0.00180483252128142
-0.0121569508470706
-0.015013817885297
0.00283491013107986
0.0244456221888969
0.00137210298774051
-0.0110732233928236
0.000192689463789127
0.0239839483465083
-0.015096238866148
-0.00693571657514378
0.00412883237416437
0.00668336219468853
0.0232106937848728
-0.0400147476798671
-0.00596703399749465
0.0101992145143475
0.0112116554276865
-0.00148676249874932
-0.0453176037035691
0.0322282526226252
0.00219086047771
-0.0135752879867811
0.000897443225422875
0.000767360283663907
-0.000418600099311136
0.00817086460517992
0.000463679918612246
-0.0090779421737017
0.0079242683372465
-9.35052291617111e-05
-0.0306386673673054
0.000836131475792154
-0.0276968701582111
-0.00611322448067598
0.011759767188716
-0.00531985307343345
-0.0102032689587139
0.00148075432586417
-0.00488838568494787
-0.000862561854637788
0.0082033120066964
0.0185397802396499
-0.0153476531978401
0.000808667010469642
0.00757571114357824
-0.00295759747730205
-0.00542434517841614
0.00780332291076208
0.00119719772753309
-0.00736976813266732
-0.00224414355962397
-0.00237036784765772
-0.00145658118593091
-0.00267711662438606
-0.026026399616719
-0.0523699856858935
-0.0139737312880798
-0.00438290641258711
-0.00597734957493286
-0.00623793366579833
-0.007654119618141
0.00170290105027945
0.0237982863068337
-0.0261100976521698
-0.0390481871451083
-0.0119189976185957
0.0050210934231532
0.0033133450059794
-0.0105867442661827
0.00230519838448168
0.00477252390669307
0.0187185998362302
0.00350367980090762
0.00200852006721372
-0.00743559564283206
-0.00662747778599236
0.00330021676402336
0.00799859137150597
0.0187126947773156
-0.00308790299559652
0.00846866392795141
0.0197129082953281
0.00437945649357149
-0.000581225156642002
0.000678655921487889
-0.00244338190629912
-0.00941193012862661
0.00924676280089134
-0.0155651885067438
0.00724968181037826
0.00417137491702965
0.00930833167672201
0.0460170870881144
-0.00131026323138786
-0.000149571358379921
-0.00747760510095039
0.00912505754902056
-0.000423059891007026
-0.0171719122172696
-0.00909389811235148
0.0153512957512729
-0.000423525535362836
0.00473834778053228
-0.0032402957064754
0.00155912336536837
0.00128892642585182
-0.0015378999933341
0.00583484818492758
-0.0118431048292885
-0.00587400691395513
-0.0117323172165219
-0.0081052008720254
0.00692637823265902
-0.00262302972115314
0.0359699127752768
-0.00478940324791817
0.000235852582938307
0.00076972831470558
0.00201811808621062
-0.00383092366406489
-0.00736730413922152
0.000756287481249443
0.00131719681231033
0.000603786129410758
-0.011754037717754
-0.00377737846287077
0.00605682287863765
-0.001324302306363
0.000171581248957877
0.0274092043000651
0.01409233936218
0.00910348977521902
0.0029870037907766
-0.00361051865785918
-0.00183436087123475
0.00118504446778812
0.0116881003627314
0.00535553924010199
0.00105192469588958
0.0579366084261713
0.0289932996690697
0.0432553556887592
0.0050159239137295
0.00221687620690547
0.000364486331482591
-0.0098581076631841
0.0100109646150813
-0.0127855907852398
-0.00636233239691713
0.0136065141896875
0.0242931749393186
0.0106334492842303
-0.000718638394330229
-0.00202156706937232
0.00205154065485827
-0.00182260071026236
-0.0565943572015812
-9.56343761426034e-06
0.00322658156700175
0.00461137724829486
-0.0172501759950588
0.00665849286439646
0.00249711751290193
-0.00158768657787885
-0.00541703620149015
0.000415297044655599
-0.00735638548078028
0.00154621008443614
-0.0103993694822392
0.00165114639580535
-0.000762884258194411
-0.00474710916834233
-0.000205763718276716
0.00295292726896566
-0.00310126342199208
-0.000824020706511906
-0.00243668129090421
-0.00624397629639656
7.00018338031642e-05
-0.00209658117570038
-0.000794010496680299
-0.013065923765004
-0.00201727001082075
-0.00560288693106896
-0.00350602911310597
0.000180417952813772
-0.000698079573531889
0.00195504645652692
-0.00363501494549289
0.00976185480570208
0.0126337621742906
-0.00841990586891449
-0.008642305943866
0.00120052275576354
0.0111810076623767
0.00492171594584953
-0.00733722598694573
0.00505035558849794
-0.0127825757906061
0.00063758284063339
-0.00580463219201381
-0.00432858656426471
-3.78295488102942e-05
0.00193607692211516
-0.0157908665619669
0.000391976548941696
0.0343435477271363
-0.008176532270104
-0.00547613898398574
-0.00365629035167767
-0.0099609403504881
0.00589964110244349
0.0082984514447618
0.00816342819597662
-0.00218266154127705
-0.00184752249925535
0.00747869393392942
-0.00269879340426928
0.00204493882235422
0.0255234514183443
0.00518946830117486
0.0106167125657673
0.00375657207825268
0.00717568736309411
0.00388674281023822
0.0010452192372238
0.00589707880609682
0.00784786339451248
-0.00396013318768013
0.00131279430863313
-0.0263337211969488
-0.000921632476756462
-0.00144306853337746
0.00195683570076687
0.00159736121402581
-2.18105375649489e-06
-0.000716797704623635
0.00406576256905908
-0.00587552370197951
0.00141546403350052
-0.00136657557849095
-0.00107741569035296
0.00328286513364308
0.00371583805210795
-1.16527558472329e-05
-0.0206715045680014
0.000404598245888002
-0.00209594627099703
0.0103454273255877
0.00543700317504647
0.00154715928613429
-0.00119456476723158
0.0211445104174618
-0.000431701758639541
0.000629283477356481
-0.000909000121368704
-0.000217017316856574
-0.00493985069936224
-0.00884604957455102
-0.00491629283471551
-0.00134500347701106
0.014174561902527
-0.0390593602817019
0.00364962680826693
-0.0173997120849213
0.00049501050493012
0.00519077534941915
-0.00364936282878355
0.000244624007000115
0.0230978522505502
0.0283413420759068
-0.027488221685164
0.0132604351074426
-0.0484075702857821
-0.00337179282250929
-0.0102009546198607
0.036244600695212
-0.0169779432306718
0.000812015195137967
-0.0040017074566374
0.000128839481103034
-0.00414154959967529
-0.00672384513676995
-0.00128929541702105
0.00598591657378255
-0.00949699218577294
-0.00393508486040707
-0.0138102929125004
0.000210129683131739
-0.00309129626183843
-0.00654806590376847
-0.00180395897615083
-0.000220735051241294
-0.016707739899585
0.00330091820943716
-0.000500525600936006
0.0041894366598412
-0.0248947361254029
0.00582364739373994
0.000197175522513067
-0.00200194477594728
0.00959516501158026
0.0030814605107282
-0.00206796242823827
0.00770823050404309
0.0038949237165512
0.00124704220346259
0.00532930059735333
0.0150865631287306
-0.00601698180513453
0.00126276849037615
-0.0127753333963296
-0.00258228340653303
0.00137783081480174
0.00405504748313709
0.00810566745791414
-0.00079188211293239
0.00564780835762446
-0.00149836253892917
0.00690121326703243
-0.00427246183807745
-0.000885991991557918
-0.00155808034550972
0.00509323108034315
-0.00205023597655599
0.00246604532517544
-0.00318562084419182
-0.00511604954651672
-0.00301653657080724
0.0120527502653357
0.0062456987095705
-0.00133132721363449
0.00669653073204487
-0.0152717252814108
0.000867630477017503
-0.00421929272873811
-0.0264466883528734
0.00828120708472196
0.0026003668226782
0.00163288715107361
-0.00751153974753695
-0.00134058391764096
0.000859644121852853
-0.00590302939507218
0.00052886850746954
-0.000536009588350562
0.00325967354668732
-0.0060845738320022
0.0029130341945219
-0.00234681186258028
0.0283701924551695
0.00746785843849912
0.000343378771046719
0.00805705354193451
0.00312414588691466
0.00208109785960476
0.00134565690888208
-0.00207951661101057
0.000455356276562327
0.00596151893754752
0.000735756150171265
0.000352752018120099
0.000323203938591971
-0.0106470367297421
0.00894760705187144
-0.00418665049278869
-0.0150928174583906
0.0107726348657038
0.000331459854002557
-0.0050144632181713
-0.0274342361473828
0.0105444564558004
-0.000829637955906696
0.000153984014844934
-0.00834365455705302
0.00386707330534609
0.00272070292876427
-0.00673908444355729
-0.000658350927983154
0.00437987574428091
0.00031030305988701
0.00172690296545173
-0.00326893389056384
0.00275779259143835
0.00597819451072046
-0.00241502355367983
-0.0062708594149238
0.00504500729266835
0.000990783333654549
0.0011805471794164
0.000876720122173176
0.00315124975296353
0.0100150388729726
-0.00164207175919665
0.00176350071706329
0.00260079342343056
-0.00610564285907535
0.0128569655894517
-0.00526044706085835
-0.000892208234609055
-0.00873763591959765
0.000135955462084893
-0.00131392469936326
-0.00365875945661673
0.00434984309339102
0.00185795638205987
0.0199070357834981
-0.00396050478735784
-0.0122731957295749
-0.00167298282297086
-0.00328851177125663
0.00215501827949848
-0.00430948633105386
0.00014944896953169
-0.00290467552342837
-0.000214040071146654
-0.00358689174533947
0.00376977289540216
0.00295786307508203
-0.00959030754249762
0.00515436483724237
-0.00862537533395355
0.00429659215101023
-0.000890972020053778
-0.00375462533002614
0.00332843364005148
-0.0224892204009492
-0.00347675163133263
-0.00140292809392792
0.00146328705290131
0.00407922606552782
-0.0270917620242322
-0.00652804352223019
-0.00278700686295529
0.000129196258947623
-0.000890248115034514
-0.00105302781198864
-0.000966574128299531
-0.0109677134142008
0.00936153602133603
-0.00946423144918473
0.000585008196471082
0.00043488239790819
0.000333559727098189
-0.0209141473917459
-0.0190170274350204
0.00117274635489319
-0.0131116971285053
-0.014085273816119
0.00420162101669258
0.014490999528653
-0.0034837105083632
0.0178651453482449
0.00650087206972851
-0.0145976127162732
0.016675285756913
-0.0306068469010946
-0.0218747703215294
-0.00401049882741766
0.0025133564977125
0.00190202634379053
0.000447293519523132
0.00668120652634862
-0.0025391966772729
-0.000753387729220655
0.000318248347241732
0.00243847526039712
-0.00352522207520676
-0.000114198464222844
-0.00368698379050948
0.00118807504554809
0.000783599985242324
0.0117067205197198
-0.00344964304002103
-0.00018231390563547
0.00255741818748836
0.00259468420113276
-0.000909370425784291
-0.000747825079498025
1.78283947483804e-06
0.0103424377844001
0.00173535213356205
-0.00394446809869405
-0.000913091439643401
9.82050070548841e-05
-0.00379754394347962
-0.0148945936990999
0.000192052302434031
0.0100431115232595
-0.00839050444300232
-0.000781192991855469
0.00676895531255723
-0.0257443535638027
0.0176914550625475
0.0100203938028376
0.00286574973185595
-0.0223971025075237
0.00147970051263262
0.00118640932657527
0.0226142157986745
0.000564365885381595
0.00694728595147998
-0.0363101808013836
0.0141409058672591
0.000601900031551087
-0.000470314880125488
-0.000536127104833281
-0.000214766411998904
0.00161065650681613
-0.00184360514904237
0.0015104545927085
-0.00176613448615591
-0.000738061688449549
-0.00327411738508264
-0.0085807486885642
0.00366217797227463
0.00220171271649484
0.00155177448360126
-0.0229553609589354
-0.00282464572636718
0.000316343387844133
0.00196764335906543
0.000615810759563499
0.00502612251159774
0.0020384852222016
-0.00809109756116022
0.00145726825036772
-0.00298435541412211
0.00667661655128142
-0.00196768745085424
-0.00432903873177143
0.00608667753497084
0.00133764533124278
-0.00495926764150557
0.00107155979453875
0.00183358296627837
-0.000862997515291805
0.000925558460180952
0.00208007750473378
0.00117669798514762
0.000258478403099964
-0.0043369309711414
0.00384823318382864
-0.00221972939430056
-0.003519180453156
0.00171460691903649
-0.0051524324509815
0.00470321055682981
0.000878352980048721
0.00356795807551761
-0.00196357665624103
0.00404203802443689
0.00165829269954766
0.000739665500818972
0.0133825448178019
-0.000544297051852667
0.00279495614855957
-0.00115947853177061
0.00318882993428544
-0.00127727409370233
0.00229783761848055
0.00305022531974607
0.000556137313668789
0.000992935092185527
0.00240022361783869
-0.000569954650549604
0.00556055055915751
-0.00391399713031745
-0.00419474862062032
0.000154570686660846
-0.0084772310650446
-0.00984797580861585
0.00430574796406367
-0.00348949496170063
-0.00363923532419691
-0.00255938762029589
0.00452611282445839
0.00210778198200331
-0.00231439296890487
0.00583644413810714
-0.00800670945179376
-0.00456019645588858
-0.00089655414786189
0.00173070729364111
-0.00282344665312037
0.000273578544190079
0.00330580479772302
0.000576265488231746
0.00191757392534958
-0.000631763982612674
-0.00163899884215975
0.00168305412659227
0.00209449222522564
-0.00213758802166722
0.00145203576230258
-0.00120019949605661
-0.00155573253951199
-0.000283529746681587
0.000152917122846241
-0.00150721500747184
0.00103580762202792
0.000285192290163227
0.00621523925446383
0.00323825950834706
0.00408594417559606
-0.00248503911466581
-0.000810172861788631
0.000457536607633655
0.000495997964174489
0.000792516971674187
0.000145938080419006
-9.86783391695421e-05
-0.0013533794091349
-0.000346318108667925
0.00184523411284024
-0.000431266398376152
0.00395180718232513
0.00668806040095982
-0.00130006441802353
0.000771684959637503
0.00165478158799862
0.000136423950700313
-0.000442900181149604
-0.000622256236615766
-0.00121096417373337
-1.47944123225672e-05
0.000542319125353566
0.000135156237705054
0.00690838025490328
0.00668710325281111
-0.00158513751580231
-0.000424915112409714
-0.000321130383104814
2.01174118637708e-05
0.000372580160150404
0.000677831786959539
-0.00429594617579852
-0.0100432638368224
-0.00239372809122352
-0.000965287660543297
-0.001911185045747
0.00346510444445255
-0.00243702575889505
0.00191817622633843
0.000576536267509746
-0.000127738508735549
-0.00245644174540699
-0.00556499324084758
0.00252394777894601
-0.00107142839972329
-0.00200878367132976
0.000677147698439971
-0.000638051802963984
-0.00579051680253936
-0.0013315773319904
0.000366626363480542
-0.00100601451187882
-0.000321050648417193
0.000881463711242951
0.00261822849262581
0.000197456957755033
-0.00082981654729755
0.000978586476140031
8.45195548034156e-05
0.00255920585603175
0.000624861865954242
0.000410792597949489
-0.000263428321578266
-0.00131655437319028
0.0011835932136179
-0.00231585466118546
0.000250170462657492
0.000159632002118506
0.000740778026336879
-0.00291345115362202
-0.00148055696004682
-0.00207043843106602
-0.00096643511951231
0.000239037490694835
0.00399560067787776
6.10349517902687e-05
-0.00214134099908297
0.00106660976469227
-0.00263711011726344
-0.000840836748432256
-0.00112687285899187
0.000973258876929455
0.00269876931495235
-0.000271332049638892
0.000210081448002842
-0.00040691621079058
-0.00250360561288005
-0.00197868950786851
0.00186590302411737
-0.000124119037193067
0.000362301571382017
-0.00303605806328989
0.000302063042832262
-0.000781623476443461
-0.000145110978093965
0.000287764169043406
-0.00223658530552055
3.31644838984669e-05
0.000706551977778498
-6.34162928288157e-05
-0.00074210605200678
0.000361991597261055
0.000603628996306524
0.00100405355517968
-0.00012164400590428
-0.000568322485276986
-0.000557917149117613
-0.000628729689018203
-3.97607225771843e-05
-0.000509922186633513
-3.709943560279e-05
-0.00133820160311049
-0.000580270152807771
-7.77244962557553e-06
-0.000673904220512693
-0.000246306647244375
0.000284240365177211
-0.000646378369430378
0.000127286864818771
7.01491549834633e-06
0.000116166359917967
-0.000435997454870932
-5.73288698301079e-05
-2.81155700210472e-05
0.000138001868076315
6.25456546191391e-05
5.45152627820881e-05
0.000357868478606555
-0.000798483543633384
-0.000234211196454364
5.06641112790643e-05
0.00013907210753691
-6.61024614927181e-05
-2.37989045402023e-05
-0.000274432723716125
-0.00032349169271037
-6.90144929364805e-05
-0.000261233782540039
-0.000175460511624572
-0.000182277000269996
-0.000446303609551536
-0.00028738003481488
-0.000168452405323731
-2.78261765104029e-05
-0.000309203195955641
-9.99683996758857e-05
