-0.993014329780477
-0.993878706763082
-0.913570822723366
-0.838013382685853
-0.754913851674863
-0.529409646426667
-0.350156307758053
-0.201906107672194
-0.100239149108794
-0.0653128742131489
-0.0661941790443682
-0.0599508351930795
-0.0525001729522849
-0.0209767477728285
-0.0256346394948911
-0.0537773121712498
-0.0934398033440331
-0.131013416677055
-0.113902030274596
-0.0921214793345824
-0.120261511617327
-0.0474290996548975
-0.0167291627718723
0.00674665259529449
0.0874204522196687
0.0488689223564145
-0.0291684042299265
0.0644877110242366
0.0108839567332614
-0.0353564676204952
-0.034271625299109
-0.0646320160268823
-0.0429243946225236
-0.0262423386406469
-0.0248505372955689
0.00516342943832461
0.0186028454571527
0.0199706796187279
0.0177287628312415
-0.00549587725524403
-0.00630429321216489
0.000543208259295329
0.00433918765340525
0.000120737973328839
-0.0300651217256015
0.00804508027884715
0.00103192894893315
0.00697353478215231
0.00081453644078688
0.0084811618331874
0.0359549888837249
0.0433870212226791
0.0359116292849039
-0.00804710050327018
-0.00539452565367191
-0.000685639373198741
-0.00637149084754542
-0.0480642861217923
-0.0163795186366103
-0.0177177428439402
-0.0141118129421289
0.00788330147192948
0.00568315297137583
-0.00200402296847761
0.00145060573747228
-0.0154687391175419
-0.0267376636052904
-0.0138275357134852
-0.00288860300683442
0.00430516236000239
-0.0304183097479171
0.0132634193973818
0.00529153282343438
-0.000301132838798227
0.0165701504685335
0.0119464585851666
0.0194278198032948
-0.00471173843730996
-0.02777275509737
-0.0379674396870249
0.0111363549578212
0.0124500226264956
0.0115879510978321
-3.06986022236347e-05
-0.00902502626852594
-8.22437989458254e-05
0.0258191853487788
-0.000275541347254846
-0.00928402485686958
-0.019727209048604
0.00463288018088885
0.0139980762536539
0.133078442538097
-0.0554265049192222
0.0067684613510933
0.00247651813293163
0.0174798349354382
0.0359151311768977
-0.00746937764876648
-0.00926049476515132
-0.000838777614431337
0.0395499440077304
-0.00180285615604717
-0.0253526112042744
0.0186042004854728
0.00748428994580999
0.0110270272339682
0.0236101709515505
0.0248576332515976
-0.00329765320071828
-0.00358594883768041
0.00333265722644799
-0.00214163499686197
-0.00103993348824893
-0.00114851563527341
0.0105631753772311
0.0168382625988196
0.00548234998892745
0.0116455646623523
-0.0287510237721782
-0.00578652263620219
-0.00758996967488746
-0.0211641836903786
-0.00946250269244428
-0.0129294690618072
0.031090069892356
-0.0188396638506088
-0.0233240885624193
-0.0423841193955933
0.00631115011269682
-0.00376841541370261
0.00349047041224298
0.00689161605214059
-0.0463031891221378
-0.0115311041814177
-0.00810643101072362
-0.065201938368528
-0.00442925067568332
0.00205193333632747
-0.00248844404904333
-0.0129987677972135
2.54707013954414e-05
-0.068607804756541
-0.0188307952272536
0.0286145439082014
0.00265893189545668
-0.00518247649685959
-0.0107483089320577
-0.0189670307997772
-0.00969916749008075
0.00452514764541197
-0.0158996511448784
0.0257261293391062
0.0138061795799555
0.0461134147872895
0.00859245035288511
0.039144737980911
-0.0217607639721308
0.00834887949560513
0.0226428720914021
-0.0434056273494237
0.00181734177854859
-0.0464290884111886
-0.0799491969618819
0.0110578452762349
-0.0424033272612065
0.0242733217320305
-0.0267452218348124
-0.0743771031923768
-0.0166718061520757
0.00520033730809978
-0.00441558321656209
-0.00206398999837638
-0.0200964883715629
0.00401507640595058
-0.0213433306860334
-0.0867947350034244
-0.0231773475211412
-0.000229483750228302
-0.00338630820926023
0.00288888840066296
0.0447129188252634
0.0544705262321187
0.0360149499999908
-0.00752143033046438
-0.0308122062134511
0.0133155144326079
-0.0164029104454985
0.00990063851123212
0.00826166894270732
0.000505634194734738
-0.0120902279280923
0.00535237663882842
-0.00464540610045502
0.0642410887653456
0.0183844972975679
-0.0099357173558339
0.00186136772098824
0.0131959282962591
-0.00624882782695626
-0.00465184976555082
-0.00213273244492975
0.035898757383488
-0.00394689512381727
-0.00138697694380746
-0.0080272412071749
0.00760614032091599
0.00819150817179777
-0.00939241586343101
-0.024895348540079
-0.0130778764150613
0.0114340327793692
0.0145991222550389
0.0133268199955368
0.00947902863968766
-2.67872345391523e-05
0.0522559074952352
-0.0208475562933082
0.00348268106155826
0.000629033283456679
-0.00595148794522419
-0.00147701574704575
0.00223968660367344
-0.000615144765583869
-0.0341098804648969
0.0630583260172512
-0.0143511408625104
0.00544544889048323
0.00205386614044347
0.0156972389819884
0.0218225583684526
0.00500799171857465
-0.00295772747224244
-0.0223963351592261
-0.0496273641919363
0.00352873882583168
0.00160284680390115
0.0286191021454386
0.012856397907385
-0.0125696961289703
0.00296946845563932
-0.040606979270914
-0.0321545815607295
0.00737448023640425
-0.00461793769704531
-0.0102707833338878
-0.00161949337174403
-0.00379878077776857
-0.0195633974808949
-0.0230256509617956
-0.0156173191530945
0.0137972204419346
-0.0131957617918604
-0.0331347726532663
0.00742289464510511
0.00451964222202311
0.0163294057982715
-0.0107772472997891
-0.0198262911997645
0.0108310500561405
0.0284178809739104
-0.0926774073951866
-0.00372731742690113
0.00108394246666233
-0.0420869394617305
-0.035242080163154
-0.00655662027188353
-0.00367538847819457
0.0198468795176239
-0.003640047574529
-0.0075847314540421
0.01119855260663
-0.0018925274241807
0.000616049299304219
-0.00185089885469032
-0.0144695977305623
-0.0261297499105913
-0.000898207313592091
-0.012061840319746
0.0288306829668968
0.00726488414919342
0.00709394266551419
-0.0116956700388153
0.0142408331260358
0.0174009836104693
0.0108190817069963
-0.0470169367748176
-0.00134625297083196
0.00528016660787345
-0.00532716174465604
-0.00536124101414201
0.00987058046454948
-0.0120369351107474
-0.00565876747100735
0.00658623567726577
0.0203084402437364
0.0257633790250038
-0.00314158009533574
-0.0116075819460363
-0.012663983632984
-0.0273577320872648
0.0293781383810196
-0.00677803462245578
-0.00100553017609124
0.0166881245324691
0.00198749282979852
-0.0174633363219213
-0.00683796750609433
0.00809262182672262
0.0118109632010054
0.0108276759667109
-0.000862089737532646
-0.00883655067132483
0.0215855813683775
0.00125158190382177
0.0145209826692419
-0.035694417283952
-0.0193684365641993
-0.0014794034103015
-0.00316481585809069
-0.011195398771287
0.00253994444916972
-0.000214001599123945
-0.0462635542632729
-0.0117315296600917
-0.00465427646303751
0.0147503009475867
-0.000352226381091534
0.00843326438900733
-0.00962351386076818
-0.00910979899489379
-0.00322480763633272
0.03734713888061
0.00824715754332069
0.000924323257799316
-0.0145173559822171
-0.00112211879524588
0.0215273162545983
0.0401285133081428
-0.00532329873535584
-0.0163070187775806
0.00830536401417974
-0.00135047042533327
-0.0148352084284792
0.00754013163764745
-0.00825262465778628
-0.0590378521213288
0.0051463857611599
0.00799251565874822
0.000518350271328917
0.0149272600303056
-0.0096106717194792
-0.0176798043667467
-0.00169220109592891
0.0104132355227994
0.00224786967396464
-0.00805062496347946
0.00543468996030535
-0.00120505851851887
0.00447684612738292
0.000584489614971927
-2.03811320859393e-05
0.00678792047345718
0.0123859355823235
0.00340406914326984
-0.016469723473728
0.00308001190321546
0.0134747476781391
0.0543352683101392
0.0234099617482817
0.0211121753411489
0.0270649007122214
0.000731266306990205
0.0269146316065701
0.0130079478454123
-7.58875644148779e-05
-0.0111890219591889
-0.0468597582818352
-0.00115741578303607
-0.0413888386401202
-0.0624349589854948
-0.000700528423103537
0.00970610588059487
0.00912344277074486
0.0161798391214468
-0.00290070890592079
0.187951631545531
0.0142288213470911
-0.00973124721894356
0.00192625931095934
-0.0390763536147059
0.00164523492876445
-0.032500832398545
-0.0112622485312235
-0.0125653729165004
0.00558086378193783
-0.0127960488605439
0.00679439469049904
-0.0025256733628667
0.0335191590513915
0.0822035229113934
-0.0363479800856375
0.0207425738025957
-0.0267597974642077
0.0467023628149429
-0.00299980588620242
0.0191263252011482
0.0067818552237969
0.00312952001737644
-0.0136970285560055
-0.00487031255411084
0.0214636816977973
0.0116485382985583
-0.028479295605407
0.00466529767516822
0.0114413251188047
-0.083926221919577
0.0213467656556002
-0.00823653912300642
-0.0146515011177725
-0.0181897560257416
0.0151424243161802
-0.00895031892280496
-0.0391511991525146
0.0690368784804178
0.0399977495176115
-0.0132244720258198
0.00934456623456257
-0.00409051683066931
-0.0353868951283555
-0.00246216084743573
0.0500271089344841
-0.0162302289904196
0.00132143811826778
-0.0180980727558549
0.0629377382865133
-0.250876605714051
-0.108665688067441
-0.014412537052908
-0.00242247289197361
-0.0951595392563379
-0.046641410885756
-0.000376115148943458
0.00983904673295711
0.0114304474376536
0.0199601852954718
0.0139194781657511
0.00634047402355377
-0.0556089844293319
-0.0124260492429617
-0.0149717822301536
-9.25720407639156e-05
-0.021180085349806
-0.00254165981066098
-0.0058224148200859
-0.0036787771259082
-0.00793874153413083
-0.0127468217526465
-0.0205237682526323
0.0389951691645108
-0.0121978247597704
0.0476745498026169
0.0288157650469994
0.00608068418095477
-0.000809584889243922
0.00175573389583894
-0.0523396286454538
-0.0114188652113152
0.0356133572611187
0.00396159304868411
0.00250540748794142
-0.0120913280069297
-0.000430887032131586
-0.0246261508201915
-0.0144129379829889
0.0212717845606392
0.0378914027805353
-5.00392477592213e-05
-0.0165680307257171
-0.00437038888912437
0.00644080787939204
-0.0385314045473688
-0.00351523277912309
-0.0294048208397784
0.0132788964737409
0.00821783525799693
-0.0116480798439476
-0.00293601057759954
0.0040138008494202
-0.002391312132375
0.00100640237319783
0.000844577595274336
-0.00685402313482809
-0.00012967555816812
-0.000200803749338584
-0.0592905130161663
-0.0363852656638373
-0.00772236657275681
-0.0098553215737143
-0.0241180522466987
0.0376787618077393
0.00171269636788076
-0.0169414756797095
-0.0347505435933136
0.0181858812132459
0.0141636784063416
0.01045575723609
-0.0241828441095537
0.00196903158712467
0.0310910868898277
-0.00831185770514064
-0.0179312530698666
-0.0118802982106467
-0.0230408584826126
0.00107314444905623
-0.000166197025395923
-0.00116486965228158
0.0121883851722929
-0.0126146305270842
0.00270303333972479
-0.00299035026314
-0.0127058066553267
-0.00103848356794454
-0.0029908754387835
0.0125305306703626
-0.0241246475877598
0.00703827088137183
0.00144216236056215
-0.006558892752266
-0.0189008370898701
-0.00294874911363051
0.00846460858498339
-0.0175627181095366
0.00981747139886385
-0.00762263891239718
0.0113509355019312
0.071035391231445
0.00382144787890408
-0.00356629586988144
-0.00300398116531845
0.00424422909585125
0.0165300115460692
-0.0517198789060955
-0.00138471635779614
5.55284940682177e-05
0.0035094213900441
-0.022592130090991
-0.00304629732250596
0.00136655006971848
0.00653152549644831
0.0163206058862719
0.00793498300759086
0.0112753940045816
-0.00699209723808166
0.00519927016968075
0.00482161933076251
0.0038932175717442
-0.0012252151211837
-0.00198146179797095
-0.002017953960517
0.00111115497486909
0.0039868258900458
-0.00310179619783468
-0.00136740024056588
-0.0012620483706292
0.00257039655028295
-0.00128882603629788
-0.0157054565806028
0.0065410357787941
-0.00146727501848148
0.0103345868292653
-0.00527598725564181
-0.0117520505308452
-0.033082189860952
-0.00729277818326017
0.00940294963403085
0.000627719172898359
-0.0134786581359785
0.00126316503685932
0.0200596254928124
-0.00465175227315255
-0.00449497821413567
-0.0224023497982647
0.000577342494649411
-0.00297926841101443
0.00210323868876847
-0.00250387353151452
0.00373968767936844
0.00320637974373736
-0.00152960082494516
0.00100597981631872
0.0239420915437997
0.00410729943486832
-0.00855009945506023
0.00449033624423673
0.000807469181471477
0.00329521682029398
0.00431629546407375
-0.00349640185959497
0.00389166109730313
0.00402428192188958
6.01269148435366e-05
0.0111938654680491
0.0037606000188875
-0.00125777638561171
-0.00380015886794912
-0.0349079791987005
0.00319005122691101
0.00563239303291464
0.000709898500317387
-0.000649057632311005
0.000240450811592866
0.00579264962219785
0.000238316078004839
-4.06677877910116e-06
0.000111804892202895
0.000203682978965213
-0.00209555206587933
-0.00100606110210156
-0.000684298284015218
-0.00263483058839343
-0.00168371480840142
0.00972394314626781
-0.00461591848111037
-0.028791238129166
-0.00246525557080485
0.00214114796829855
0.000583411762600473
0.000833530147480898
-0.000845880424990058
-0.000389454810446674
0.00455677884331837
-0.00287346004623778
-0.000172620731622616
0.00718172640786087
-0.0109805861619576
6.0506224543783e-05
0.000967294956952969
0.0137639434749829
0.0105667096870112
0.00617552361439203
0.0047646491010671
-0.0062707184642784
0.0453394003272568
0.00523495644258292
-0.00943802602162779
0.00134856894926577
-0.00405278573487739
-0.0109529363610046
0.00112501564908095
-0.0106352703568457
-0.00603880956578821
-0.0187707272159187
0.00195527380628489
0.0043309062588195
-0.00178908136756892
-0.0116424650975814
-0.000859036115335092
0.000331903876626471
-0.00486497550159125
-0.00385250082765568
0.000777072948731981
0.000617827939848133
-0.00757139989178447
-0.0106215050846779
0.011037442264224
0.00145436882326972
0.00145641357240227
-0.0063012453653548
-0.000659767869346452
0.00243664165442219
-0.00253001451455206
0.00370219605823923
0.000986750184567055
0.000120645194593852
0.00504926467423285
0.00321205129248435
0.00873948705113615
-0.00130200838398907
-0.00139801421674799
-0.00050800075973823
-0.0034635385048775
-0.00116308744962698
-0.00133106078366605
0.00136002119863143
0.00713454975601422
-0.0273143914709738
0.00551886703661386
-0.00823414626939636
-0.002741610639936
-0.0149864833959761
0.00416935371134285
0.00234168929768258
0.00833516513072048
0.00150138953377792
0.00240723128632718
0.00150679330032949
0.000251927920698624
0.00443082060518091
-0.000141644593941263
0.000562197249865782
0.00203053810807957
-6.50085266097871e-05
0.00243861035298201
0.0060267202485822
0.000533523889575695
0.0055357667419746
-0.00516778741621663
-0.00597411441186281
-0.000727195728906986
-0.00190067683983494
-0.000459478705772131
0.000282016708832987
-0.00140797947693373
0.00256116048261598
-0.00314386086298413
-0.000656373196607019
-0.0034806970467012
0.00648744621970428
0.00421779811009147
-0.00919996437672131
-0.000299099696635486
0.000855462016244053
0.00781184827476548
0.00447435309467422
0.00304695124871557
0.00988290603574505
-0.000498120875104641
-0.00783439482538084
0.00802249836266974
0.00186430683930735
0.000966223180061761
-0.00019084507840778
0.00727622503950139
3.69366657489071e-05
-0.00393024584096119
-0.00122141513108731
0.00392507875636711
0.00890092034264735
0.00594552146531931
-0.0212420404861668
0.000866878997699367
-0.00152881942791278
0.00147099704236177
-0.00282808935925585
0.00815322000877357
0.00173280138140183
-0.000597169338023871
0.00151810216729572
0.000487574961414115
0.00162140131307789
0.000466786239569785
-0.00582888854240101
-0.00108491573365131
7.78109306116236e-05
0.0123967517557492
0.00357178768078193
0.00343088276026432
-0.00733113530349269
-0.0067856794859342
0.00266465031274665
-0.00204706233076735
0.000357381767574033
0.00214716531089905
0.00339543332616738
-0.000637010773516682
-0.00183051709417622
-9.51140829012127e-05
0.00344275581533386
0.00062803378592836
-0.00147733222955059
0.00245176985186197
-0.00230299250328843
0.00229741298698363
0.00301733753479378
-0.0103303954447949
-0.0127801111667486
-0.0119951391027093
-0.000789817298305683
0.000950968804242423
-8.72005577332935e-05
-0.00358886947074355
-0.000535654436708559
0.00246292533931057
0.00945076792852354
0.00249155558828035
-0.000133251108438552
0.00660344774311339
0.00901592645923158
-0.00148908404305623
0.00793283514556883
0.00295948774725165
0.00551053994646394
0.00654090919185114
0.00634751068420915
-0.00190666388584845
-0.000550474158112915
0.00403058052704079
-0.000110130761327344
-0.000222473506761072
0.00468912687322224
-0.00401088999171257
0.00597272251839866
0.00121443391122115
-0.00412069011502295
-0.00823439297257879
-0.00779981552621369
-0.00288270235332223
-0.00827916702673751
-0.00120800443563388
4.48129805929615e-05
0.00188062132059798
0.000353386340500214
0.00158079413901282
-0.00165334281812536
-0.000370353758715504
-0.00275431135864345
-0.00995643797851407
-0.000198951089552252
-0.000872964003466865
0.00364980208779011
-0.0140799613191833
0.00510951704282045
-0.00299018882226596
-0.00492363427100428
0.00185825505891596
0.00291303162885086
-0.000301505395743201
0.00210841082490081
0.00442953879562426
0.000143071681976708
0.000156319101629764
-0.000285273662076282
0.00142677504119257
-0.000187387649535225
-0.00136043874960201
-0.00277466905023525
-0.00163739741952164
-0.00229216782037495
-0.000959575516359952
-0.000369797640197592
0.00111635194949668
-0.00094707521644984
-0.000248339422873443
0.000227946507652544
-0.00092407806075822
0.00176875238579964
0.00113904881503484
-9.87582468924287e-05
0.000140208747517527
0.00123812982537947
0.00163169696457278
-0.000856653695243002
0.00174366615180575
-0.00116953167732445
-0.000570671510956105
-0.00243439326506868
0.00278794333810969
-0.00133880873676756
-0.00154649215817754
-0.00154323569536797
0.000125772051213799
3.57271057580539e-05
0.000182770073694949
-0.000151767611054697
0.00041936526061692
-0.000498764937634672
-0.00150137552279585
0.000590312401916905
-0.00580784730468778
0.000397810003744998
0.00100013743596852
-0.0025127590280865
-0.00540289574972601
0.000716680115169933
0.000343383888523902
0.00311268475747595
0.00309580091634263
-0.00113697850635072
-0.00115176951284488
0.00120074911615548
-0.000836425957896666
-0.000633278887316571
0.000411991805810678
0.00108575647039055
-0.000267952369640905
-0.000917057280475757
0.000662581458634127
-0.00325551249127325
-0.000998783274358455
-0.00072351907814855
-0.000702782795469275
-0.00280714956326805
0.00106828773349353
0.00283276174458019
-0.000587533805959807
9.15120445238718e-05
-0.00144251414764368
-0.00178749020472764
-0.00235238125020762
-0.00748270924870577
-0.00585945797795521
-0.00164720280356309
9.00356901619125e-05
0.00407860353492866
0.00314648604519917
-0.00224692961967249
-6.68593012663845e-05
0.00010328525935686
0.000911561787136636
0.000632699308319676
3.83879066526401e-05
-0.00166861764326311
-0.00108612989019708
-0.000798716551932573
-0.00165871233328579
-0.00405770751699567
-0.000544422263512882
-0.000274212348516704
-0.000810959006266017
-0.00203309541506094
0.00459912948260318
0.00149573367627128
0.00040689753442289
-0.00104442191605006
-0.0007830635748501
0.000207634151997181
0.00224548754661304
0.00173613766630687
-0.00106998945464544
-0.000758488967613457
0.000810237676693732
-0.00126741279103779
-0.00104000765776611
-0.0033555174296273
-0.00357641568952792
-8.9310595174555e-05
0.00183527576124802
0.00012376581702017
-0.00269400159710848
-0.000410083105568484
-0.000279344023168382
-0.000431510096982444
-0.00010028347407691
-0.0016879903922667
-0.00152692419699677
-0.00642704636281178
-0.00508744486868557
-0.00134763870935459
-0.00425006235289818
-0.00238492115850591
-0.00281274312809687
0.00177455949949275
0.00124463454998237
-0.000698410734699574
-0.000674385736265062
0.00249980520758003
0.00184620749838716
0.00508732009508141
0.00137081959940916
0.000481229199831908
-0.00229074480678011
-0.000680867819447656
0.000516521774487733
-0.00127557816068122
-0.000373987959312638
-0.000238056202493278
0.000194298632150411
-0.00026153385084923
-0.000634720909177014
-0.00205978551786975
0.00157070177063133
2.92744880217748e-05
-0.00405838153127309
-0.00650747582423859
-0.00246685988509802
-0.00359576395539307
-0.000689516971393735
2.4821743823962e-05
0.000819818341185117
0.00142167465949796
0.000528368642730964
-0.00184802600722985
-0.00347022247615308
-0.00525620273323229
-0.00581644083044372
-0.00190461003470673
-0.00078932948830316
-0.00174080002446471
-0.00211239137057031
-0.000249841937118293
4.32688408540274e-05
0.000629493379470008
0.00039796180564597
-0.00110543635116536
-0.00106111280544532
-0.00168479647229608
-0.000813696175925371
-0.000919444296902311
-0.000598492687415352
-0.00115027667575676
-0.00166634098077289
-0.00255740012454586
-0.00171197918804814
-0.0016844194481482
-0.00235418217273466
-0.00185027997031919
-0.00155292424056288
-0.00116555669568881
-0.00108256813740827
-0.000309616723064143
-0.000328083721715873
-2.53726976844024e-05
-0.000733129615685577
-0.000889829735086346
-0.00178370887676726
-0.00200625205012166
-0.00106518013959302
-0.000813682866653458
-0.00149099842195939
-0.000791279456321625
-9.60215636518195e-05
-0.000177690226760339
-0.000780485119750806
-0.00151783375272208
