-0.975633633134401
-0.951524905452583
-0.877994764049358
-0.79042187114048
-0.656983648664874
-0.557943565421155
-0.357129582574464
-0.215959333448701
-0.130681976844979
-0.109688814722009
-0.135843055019232
-0.0738624623423978
-0.0219321953778157
-0.0391596531179673
-0.0459969251761325
-0.0825459437798245
-0.0641331949327826
-0.0125541322651467
-0.0599211144518608
-0.0214608385986739
0.00335624160494907
-0.0282893072912507
-0.0591110381399901
-0.0331112930244971
-0.0458916818821388
-0.0306387818675384
-0.040144717920086
-0.0286144533469054
0.00985286718413896
-0.00980451520924304
-0.00295007879801817
0.00638605942656384
0.0281200976018205
0.00543635697189891
0.00616704928446881
-0.01213915830309
0.0102647507801254
0.0286931812244932
-0.0194197226501136
0.027532277159532
0.0278066974268503
0.0987753017028623
-0.00190979604108521
0.060946118202698
0.0402012953753009
0.0500091825377232
0.0504980236594691
-0.00843036764493543
-0.00550573159934814
-0.000587072089978336
-0.0124127242691108
-0.0428438237772538
-0.00606988803246614
0.00278954833972094
0.00662444842536657
-0.0104201181072516
-0.0252184812131921
0.006587736390935
0.00156155752344552
0.00696304597312968
0.0141034008694364
0.0164417653626733
0.0107781360837395
0.00588420350928338
-0.00362035134839189
-0.0310028853737997
-0.0573670055950292
-0.0546878407112958
0.0164467181865523
0.0134606987387884
0.00491354533391887
-0.0266395888982065
0.0454210028631678
0.0347265615744471
-0.0357150819809856
-0.0659286593627473
-0.0321378653882716
0.00429592874132001
-0.000631421204939649
0.012224356645517
0.00641823720803966
-0.032970834703401
-0.0265361124043485
-0.00310510993843221
-0.00460964707144371
0.000271024767315607
-0.0113445350505434
-0.0107814465693086
0.00527515237661164
0.0124838069149892
0.000997272271542039
0.00500052088404708
0.0661109584851745
0.0118510665171212
0.0307000584298856
0.0243821657302753
0.0188519988559669
-0.000242663187572576
-0.0258951243213896
-0.0807368743745868
-0.00922659293794269
-0.00610017941386304
0.0044985355821013
-0.00193016639357838
0.01204839210707
0.00795744720156812
0.00353298697711466
-0.00822674378775079
0.00390319303420512
-0.0102331036321653
0.0057190664792081
0.0219402474593104
0.00876156968327202
-0.020628774249813
0.00375169680034778
-0.00334303975258159
-0.013753186778851
-0.00908788584196918
-0.0014766696380934
-0.0192247613351767
-0.00232603734679027
-0.0066028327085391
-0.00990003622791022
0.00281434472695705
-0.0108062456263827
-0.0434200903382442
0.0215254746816985
0.0141406598010175
0.00307633508775699
-0.00439692898627422
-0.00749389550058751
-0.00814371117558879
-0.106982917195509
-0.00399955875853484
0.000688624454987771
-0.0057155306826452
0.00397952036701335
0.00802251411526162
-0.00868343629717327
0.00880822296813502
0.00271813269654871
-0.0132111369123643
-0.0107136733436311
-0.0205965240142607
0.00812688854784317
0.0117449147482139
-0.0121580282092679
0.0104909842555709
-0.0172247033376406
0.000975392449181142
-0.00221572052909628
0.00344872259947775
0.0228708836669361
0.0172200689775894
0.0433279081716481
-0.0157689528895255
-0.0103805375076475
-0.014782251325918
0.0112671040985534
-0.000215029479443305
0.00793921180117364
-0.013596725381034
0.0183317499051693
0.0109736301346253
0.0318723174910745
0.00772695079407222
-0.0203022548854374
0.0802914495254849
0.0264361004567734
0.000929570050667666
-0.013621076642553
-0.00186515348580888
0.00542510741396602
0.00660675743951873
0.00555839687522049
0.0364812600454081
-0.0327298828798469
-0.0097143242826527
-0.00170650929096326
-0.0056178440668246
-0.0013127547636928
-0.0109076677190745
-0.0030663960414429
0.0184953239244143
0.00950140737751485
0.00511639259122456
-0.0117466769522609
0.0174472079898081
-0.000582297713635096
0.00490504188840584
0.0283444289023558
-0.000565379345190783
0.000892435467360185
0.000222073874285539
-0.00114014216647672
0.00593461736996565
-0.0280514976291503
-0.0105572585963042
-0.00535016774230887
-0.00939668879786397
0.00846664130792343
0.000628330317084903
0.00506834828286574
0.00903928255855848
0.0173346508903761
0.00652232477014097
0.00486807247812155
0.00175468293578529
0.0111619528460461
0.0139307793607852
-0.0141389834928669
0.0102917088201968
-0.0062368513167009
-0.0242521289779698
-0.0317534427583474
-0.0044002266630648
0.00117893253793109
0.0181420588999211
-0.00258250696309731
0.00145725349628775
0.00149323776798853
0.0157085102325053
-0.00174257877344951
-0.00107585244297924
0.000182227333648907
-0.0221764506934441
0.0132921890268728
-0.0142576678794733
0.00848402052066909
-0.0102265456226975
-0.00512743395293057
0.00412739203867635
0.00847100284269735
-0.0111630316477075
-0.00951903785978981
-5.13129278333288e-05
0.00173500420645732
-0.00214276098517919
-0.0101622684228304
0.00295013734956996
-0.0224803492536575
0.0698074754590144
0.0435230247867906
-0.0124870696014346
-0.00211588346255842
0.0215168251006274
0.000704560773809345
-0.0171416386967407
0.0223957624900908
0.000615552858009013
0.00547883007228394
0.0107425703106783
-0.00217130124707086
0.00220090274981796
0.0111166403897629
0.00694437041807549
0.0208426213128651
-0.0247274263130755
0.000298095761696006
-0.000926550061908211
0.0132516128432801
0.0194655990708739
-0.00773197494963339
-0.028672575125996
-0.0424796701866731
-0.016322904681088
-0.00827785167979383
-0.00787521299982895
0.00186238299474979
-0.00427007139080713
-0.0170282454566112
-0.0127482314416308
-0.0181581925227325
-0.0112557995501056
0.0144231006189468
-0.0100832601887205
-0.043915068869915
-0.0429780597209195
-0.0220862636649392
-0.00199852939900867
-0.019320353849353
-0.00303256198168498
-0.00283960202520393
0.0014440109281941
0.00084647812115077
-0.0018609347257555
-0.00617691855213417
-0.0156473891781866
0.00727572913810477
0.00130716578892671
-0.00306894615216458
-0.000154375694222946
0.0059184860668043
-0.00169752605407728
0.0306877682582807
-0.0106062038351135
0.00269459449856504
0.00864447811953076
0.00206549212392799
-0.00954298512950117
-0.00286428065119227
0.0186915383582279
-0.0324199246722017
0.00237375738891584
0.000743261580266178
0.00011272962861651
-0.00223586106224085
-0.0179346777362396
-0.0107294683196203
0.00205742082450641
-0.0281199803967901
-0.0288201535480534
0.0245487622339461
0.00257619799622007
-1.84242334140327e-05
0.000945004059740327
0.002710321753191
0.0092204204657073
-0.000260197476624549
-0.0218347996108758
-7.95860331696762e-05
-0.00648670635369156
-0.0190860879590271
0.0118180135460198
-0.00125203859880523
-0.000826627396439401
-0.00375313679053514
0.0246247726925488
0.0270402023521249
-0.00108609149629045
0.00266816871780218
-0.00525005593979707
-0.00913751179217521
-0.00776240884152126
-0.0183953146508657
-0.0262746939094408
0.0517106483684491
-0.0254694236809443
-0.00761632133165306
0.00383085352252726
-0.00701092448164187
0.00731804398593747
-0.00639425212349393
0.0666741953497683
0.00824806290810547
-0.035680618238388
-0.000775068611689527
-0.00140459841654459
-0.0132723936207823
0.0346694712098127
-0.0667722811614337
0.0202297619097239
-0.0112833645869082
0.00509723827935413
-0.00668707031384915
-0.00437315692922449
-0.0326121947341374
0.023005080782506
0.000864777770515432
-0.0458272772247317
-0.0518752875093749
0.0246239281286106
0.0393515217814854
0.00266662265190478
0.0375036269433451
0.0350172070761269
-0.0484228030187572
0.0176151572936464
-0.0077993509338705
0.0011729863737004
0.0481194128654037
0.0012380277225042
-0.011119997910901
0.00382176718250444
0.00210219878279106
-0.00782609374831702
-0.00137533855074675
0.00938355989582608
-0.0107319562682742
-0.0118086070128487
-0.0138711459393384
-0.00734990281091419
-3.13527987422443e-05
-0.00925050170085602
-0.00136415527713664
0.00739540893898804
-0.00566598115923556
0.0195351857085926
0.0159999071010183
-0.0058965327023112
-0.00257856077142398
0.00360712684590073
0.00143226860744736
-0.00516472279745581
-0.0259923290144449
0.000410471619972339
0.0311151917065942
-0.00574976393517531
-0.0632510370114628
-0.0278844031826002
0.00149632113109013
0.0221016500747535
0.00162232085913528
0.00335187164613153
0.00736742406677238
-0.000891797702964325
-0.00679286441887117
0.0141200272225534
0.0139799962388558
0.00194703099303959
0.0112710695720891
-0.0020928398879987
9.00294003001673e-05
-0.0338136863967479
-0.00767674026788894
0.000733726324254301
0.0719434783590683
0.0100171145745418
0.0175358767383042
-0.0774800075551956
-0.0248261320857597
0.0206662849397763
0.0012687274475957
-0.00379206421754578
-0.00291580170549799
0.0199142139215755
0.00996083348555614
0.00459160675800195
-0.00891981405438747
-0.00550695007659949
-0.0210588953715359
-0.0134230672238917
-0.0159142909151009
-0.0414944280271646
-0.00429940588533696
-0.0849083150217749
0.0162030180344863
0.00549151883361488
0.00833908362971632
-0.0139661405189906
-0.0036330238812693
0.0157351816307715
-0.00456367263485791
0.0068627511475191
-0.00833111839819448
0.00983114424566661
-0.00106310529847065
3.24427028033855e-05
-0.004030760922614
-0.00299693984288951
-0.00892429014606898
0.015345860526629
0.00068339164810491
-0.00238613309334173
0.00211556385166121
-0.00458719209260393
-0.0236617431956157
0.00336837522214733
0.00792270410943232
-0.0118854532238771
-0.0458721928686021
0.00505377674792282
-0.000667266295743058
-0.0145677057996202
-0.0264500797802921
-0.00997122210706225
-0.0106575101104949
-0.0112565474863881
-0.0112823881653688
-0.000448934782608242
0.00252947545218692
-0.00320291624531527
-0.0287027041401626
0.00804332417053637
0.00639401577952261
0.004525750861512
0.00307267106348055
0.00166392268360763
-0.00496043327146663
-0.000468493194458706
0.0123311146746645
0.00593151525636778
0.00977856836544645
-0.00228535574751527
-0.0326681337495723
-0.00194834771889954
-0.0001048930672559
-0.00347545816037412
-0.0029981121499118
0.0192538734670387
-0.0140391613412024
0.003313177766779
0.0139998864380587
0.00432834720375182
-0.00039958163145754
0.0604298159218912
0.00204626791727689
0.0062043098725281
0.0012059920669045
0.00153906343492093
0.00437770696575514
0.000158965266968713
-0.0155404492110083
-0.00498358876193615
-0.00653303722619454
-0.00164155589339741
-0.00758243243017496
0.000779409268195321
0.00212693423904073
0.00393503744108306
0.000175847784430952
0.00987411567649271
0.00846393719565514
0.00432214102487324
-0.0011398747816258
-0.000236090601854746
0.00250192417245991
-0.00553807815639836
-0.000652390864763036
0.000704649193374656
-0.000145704040630078
-0.00233513267397347
-0.0142309053401022
0.00565742961904139
0.00888917478885922
0.0238484134872569
-0.00249079875222273
-0.00786655904730672
-0.00522017019350393
-0.000144546506507069
0.00665466119353277
-0.0194516670812971
-0.014075568634518
-0.00124523673949611
-0.00615448017006472
0.000815208795810189
0.00373453989682542
-0.00122870376521702
0.00372253886309285
0.00472659038905808
0.00403001280968376
0.00546293309976991
-0.0121215981305537
0.00978793592233876
0.00227397587577667
-0.00203637192962768
-0.00119159411773224
-0.00209314331217705
-0.0139966559430875
0.00126604851328793
-0.0118411021958491
-0.00176130476182274
0.000567109575736345
0.0014362556293185
0.000540337664690934
0.00231993789615249
0.000964578895212147
0.000548246564355718
0.0035071043366136
-0.00690581760453863
-0.00134248416026475
0.00411933748744035
0.0013203031087815
-0.00515887329047938
0.000644545053396158
-0.00264550767576453
-0.00282648590689779
-0.00138284155563891
-0.000759970550810048
-0.00239554345893716
0.00986867303506612
-0.00188273653362993
0.00710707364449761
-0.00666997771468701
-0.00909261659104165
0.00120012019023428
0.00807434574713125
0.0292179605092618
0.00446395684949573
0.00504035500015308
-0.0292353957683597
-0.0213340247220085
-0.000227236465010608
-0.00142447718075363
-0.00998346766100951
0.000656955404654666
-0.00364722687342333
0.00116745824621712
-0.00100628305716506
-0.00367836238079718
-0.00675252024075244
0.00517017095067847
-0.00381997090984923
-0.00577259494435918
-0.0012518059709386
-0.00866180525266529
0.00443608758073585
0.0108537720586369
-0.00187018768966517
-0.00333705806045296
0.00960729048782066
-0.000506722714195386
-0.00330875907973034
-0.000951809715333966
-0.000859993569725856
-0.00261378150909515
-0.00658675839432671
-0.00988406504000894
0.000289400084335777
-4.89927394246349e-05
-0.000991513501623268
-0.0113938683923693
-0.00307850479632545
0.00259030462659536
0.0183483873645445
0.00991782490047628
-0.00794859871644592
-0.00560470868813553
-0.00910743138893995
0.00338357489534276
0.000450128930202937
0.000586786964181828
0.000185168520233338
0.00400501645973123
0.00356662048809953
0.000374436859563888
0.0108976024622682
-0.00204022989319217
0.00191883015762633
-0.00387301362474829
-0.00139100747309314
-0.00468524804782599
-0.0012888981451077
-0.000586334140873968
-0.000869898009497388
0.0035262227643205
0.000478367195767567
-0.000299287113255906
-0.00894163333349372
-0.00034759546304782
0.00607085264063191
0.000782245655607242
-0.00645559910203389
2.70019852627638e-06
0.00161856130523375
-0.0073863381182163
0.00201711528688949
-0.000345272668327474
-0.00286508517101265
-0.0160042476287597
-0.00138021304165599
0.00147219138635899
-0.0094653506831456
0.000725626635639893
0.00750419744612295
-0.00121502743346483
0.000541870312951905
-0.000709619029024727
-0.00226975480887003
-0.00398511676899437
-0.00221021466598304
-0.00199680812406005
0.000974920000937546
-0.00121672215476756
3.62686199010713e-05
-0.000827389890259864
-0.00137916173166596
-0.000983361738964295
-0.00190107704579788
-0.00330853997110045
0.00207995690917808
0.00303565914037144
0.00163949414102894
-0.00108003887360057
0.00268099824289855
-0.000288979595244192
-0.0036141824706988
-0.00110678282258713
-0.0039425441822679
-0.000766161614799718
-0.000563769568600648
-0.00128453562725195
-0.00273867271476381
0.0013944123206007
7.18052828042727e-05
0.00146713536340618
-0.00155285727873507
-0.000566998242285863
0.00084789391824159
-0.000322848119330634
0.000779339801182197
0.00325918899534719
0.0106513907037864
0.0018887989312643
-0.00580564890790847
0.0002422093168829
0.00332602694292693
-0.00658209624399376
0.00634492809982644
-0.00733828990200598
0.00116395926830328
0.000993125739121003
0.000955222231693628
0.00147650023676436
9.39574073242872e-05
0.00276725177821356
-8.56632854415129e-06
0.00139332263925698
0.00118264217626964
-0.000491730472727949
-0.00181651577488258
-0.00147053029814963
0.00606365533717701
-0.000874184173935426
2.06412904444712e-05
-0.000862739069184775
0.001941378655928
-0.000240205677631848
-0.00335538598401932
-0.00160630171302998
-0.000122170837998521
-0.000519051584316624
0.00166538338132903
0.00270519274405866
-0.00154617198969675
-0.000729114019481269
0.00359606069644236
-6.9112617141187e-05
0.000577240681821675
-0.000135053998318581
0.00102155154324629
-0.0100590151383911
-0.0040161088793691
-0.00235743254703229
0.000832803198826881
-0.000165087309775157
-0.00709131051354484
0.00696752498754312
-0.00279164384055552
0.0104071115279047
0.000503492334406987
-0.00539939246139235
0.000892103149667209
0.00144684778328732
0.00260086299927643
0.000233597000504329
0.00237026113011279
-0.00148306274026696
-0.00134889886546667
-0.00308497824957559
0.00165720977205663
0.000541965810186644
0.000583228328196277
-0.00202562034381688
9.82127417701942e-05
0.00647898625646493
-0.00335232533618901
-0.0073124477609627
0.000678734700864162
0.00289560057789631
-0.00354241225844102
-0.000165536311231073
-0.00369825615523574
-0.000539868042657712
0.000244595983717405
-0.000468808780376132
0.00053664088940916
0.00196921470275103
0.00158226034361018
0.00248601865574648
0.00321194514489892
-0.000720248868890311
0.00232979808187961
0.000674734096939214
0.00524434434160298
0.00141435184855807
-0.000764750048275199
-0.00456041191237756
-0.00291541415324117
0.0247759980025678
0.00824874684225017
0.000477705194323834
-0.00262202661092964
0.000430942389797372
-0.000186829238390151
-0.00293137919973392
-0.000572273845495911
-0.000413673422614783
-0.000881683719410758
0.00124143084386805
-0.000894235267368795
-0.00291834047282631
0.00175230834983568
0.00470466985290875
-0.0114957560764132
-0.00170274271313767
-0.0100667972662513
-0.000416034213373711
-4.53579716083416e-05
0.00167371243928378
-0.00813342612641709
-0.0042508399800176
-0.00027349852959362
-0.000996696311528831
0.00943617077501579
-0.00108996807178804
0.00174366146960818
0.00450311627334413
0.00107070262873071
-0.000130410310428758
-0.00149859153776819
-0.00182274398972513
-0.00999193177415596
-0.00635335781860626
-0.000611213060538188
-0.00113240301417655
-0.00197474873493758
-0.000219302696928434
-0.000281492527561267
0.000498692881691823
-0.00482973784802077
-0.00154012193151861
-0.000187983246772516
0.00164255779998459
0.00472078035367828
-0.00237254296888622
0.00055647265662449
-0.000205987216738189
0.00229604433790234
-0.00104648080690032
0.000102908042044816
0.000313266886306966
-0.000734697815913348
-0.00104574786782619
-0.00106909953770504
-0.000848416987743858
0.000561820213338787
-0.000213187489747104
8.67267760139571e-05
0.000576762023622862
0.00152824179834431
0.000949368435953407
0.000583832373675714
-0.00173024001499025
0.000876590918190889
-0.000365360224711199
0.000344181854471871
0.00204017633438062
0.00152854340178966
0.00364756880019329
-0.00109794381831784
-0.000106161276216396
-0.000304938615307058
0.000154074448469389
-7.49265358280747e-05
-6.18768746407265e-05
-5.04193893249899e-05
0.000843049794835033
-0.001827011758124
-0.00236188240860286
0.00358187382261678
0.00635082486548883
0.00137690534172154
-5.1992589068263e-05
-0.00404428571586441
-0.000927303820006959
-0.000222309251967224
-0.00540364723875902
0.00329246754090318
0.0046902169404426
0.00181253185963071
0.00176085695520798
0.000748248098557604
-5.71952786922552e-06
-0.00600629665634314
0.00148245505122304
0.00130707453131621
0.00118117001401771
0.000112926103336239
-0.000313760780737727
0.000912142621960662
-0.000690218121340784
0.000648903343081076
-0.000212142211290291
-0.000356667196512756
0.000534573681387552
-0.000804500088549848
-0.00398176781623572
-0.00134248817467007
0.000143115458000801
-0.000387806027472514
0.00232185154831361
-0.000575491554967931
0.00140072336420286
0.0032901837236688
0.000286305463173516
0.00018351524975066
-0.000273687295212954
0.000446690341164881
0.000434613504346636
-0.000320673105499007
0.00789079683573838
-7.33413143299338e-05
5.36692844790051e-06
0.000225424314847876
-6.09925325750256e-06
-0.000890617995393407
3.3471318135278e-05
0.000443949414800597
0.000627828404063297
-0.000624114357591694
-0.00145896423893711
-0.001320608469414
-0.000664967712436281
-0.000435215425461311
-0.00235326260092419
-0.00213644363022265
-0.00150231967805353
-0.0043576906274388
-0.000312015015888294
0.00229033803895414
-0.00030906166552273
-0.000998012013361015
-0.000598420171051174
0.00041184389917767
0.000887977879568432
0.00034906019482595
-0.00092245182095166
0.00706542139054298
0.000763677766258454
-0.00280675933405933
-0.00055150209020766
-0.000342742619081148
-0.000137175787464541
-0.000536324262930759
0.000700329258942048
0.000854309529437337
0.000503186747248106
0.00256240281254652
0.000919888142534716
-4.90930141138976e-05
0.000538741622414957
0.000394482667989274
-0.000147129117566191
-0.000767909440159922
0.000390841681786278
-0.000105067519403778
4.2543218311076e-05
-0.000236295004180016
-1.71545216423847e-05
-2.41439917351073e-05
0.00105090648020104
-9.04046988305441e-05
-0.000259035597257932
0.000684286468703588
-0.000359935694666278
-0.000417855201898138
-0.000426408061396639
0.000228424333003121
0.00012480412840344
0.000379761398131473
0.000423429030226234
0.000290769532246804
-2.68109784088227e-05
-0.000110515097127056
0.000202991843364911
-0.000973214503925992
-0.00115957189272026
-0.00088942523339102
-0.000746412797514862
0.000575347571199742
-0.00194117083445023
-0.000596657027181527
-0.000311931222941753
-9.30936319980686e-05
0.000282430681807727
0.000202339733634373
0.000143328231340882
-6.40301399464077e-06
0.000590056712441659
0.000190202294176917
0.000227466304351637
-2.32627070267073e-05
-3.51230597437316e-05
-0.000135647421895586
-0.000320353110615896
-0.00108956912146076
-0.000194297099832041
0.000944571825824828
-0.000295965306788598
0.000202646723622389
7.49124141262432e-05
-0.000671480470513651
-4.82250265384341e-05
-0.000258514557600187
0.000554102361055451
-0.000329264926561529
-0.000346373547039808
1.48019665748418e-05
-0.000292024010392833
-0.00138659297687794
-0.000124601532836205
-7.94693583999237e-05
-0.000754525951925204
-0.000318204217616066
-6.65551864413637e-05
-7.6616359392789e-05
2.3066682290765e-05
0.000371072816151137
0.000715188668604162
-3.07378378217697e-05
-0.000241980049595796
-0.000401110617353996
-0.000227091792125796
-0.00105095859718063
-0.00130465959823013
-0.000887682771341037
-0.000814927431648019
-0.000209023027457198
-0.000454913568757678
-0.000402094734938041
-0.000204615619705943
-0.000494995463259798
-0.00101707218329925
-0.000974382172896375
