-0.958412118905943
-0.966747666980198
-0.932787812099895
-0.807505661368766
-0.712997303274166
-0.612965608661269
-0.516363277519239
-0.389419801503208
-0.302769886259124
-0.0857678914135316
-0.0170250171708016
-0.120321436841663
-0.16470633976054
-0.132292311849012
-0.129691795541678
-0.0995083765565312
-0.114986331345396
-0.152838748388127
-0.140158388595782
-0.11492760725045
-0.0973464246781526
-0.0322744271269142
-0.0506888596581519
-0.097353123758085
-0.0381687522190787
-0.0552200420187119
-0.0693000742657701
-0.00474011025485187
-0.0222406377924588
-0.00615735886201856
-0.0675846514462862
-0.0328820525933978
0.0118270471310874
0.0333948592664441
0.011480224011335
-0.0402391203725744
-0.0317074891978624
-0.00961924808472158
0.0487185363596032
0.0214991423421702
0.000574288957189428
0.00498347346625517
-0.00139801102584155
0.000698395106766436
0.0089194939857289
-0.0255129756528624
0.00366720025474216
0.0483662541245023
-0.00374077509927779
-0.0348304018966862
0.00509931970762097
0.00298019609386851
-0.0148989490008052
-0.014682404226374
-0.0499737978375663
-0.0348608811967496
-0.0139801261335107
-0.0206488187746507
-0.0631325139099366
-0.0155728749797327
-0.038461989899211
-0.0349871640169334
-0.0258335299380253
0.0120613190419137
0.00423582451972122
0.0124014947204573
-0.00668622456374034
0.0307738678880591
0.0126418261052632
-0.0215927874223172
0.0104494040433555
-0.0252240727293208
-0.0167787943455814
0.0134096087338349
0.0096465417382592
-0.0179454155455028
-0.0387527870083148
0.071665686410398
0.0627091441185675
0.0256297066074246
0.00457284505308824
-0.0581157762127761
-0.0477747548167206
-0.00708287639717328
0.043396708356507
0.0125930663384792
-0.00341352490307894
-0.0665142802692316
-0.0376953496879623
-0.014964892698572
0.0074506987330158
-0.00109723397571232
0.0188856830597264
0.0256044837698481
0.0221949776094804
0.0252510293403645
0.0312168335007247
0.0329904730408666
0.0441670306374486
-0.00304125206238877
-0.00276497516960102
-0.0050891546031406
2.7382643972099e-05
-0.000870160172146972
0.0697709080838244
0.0367147020908391
-0.0147764667706058
0.00737629149474705
0.0182692355677395
-0.00330979040808346
0.0114761944153759
0.0251811111866304
0.00625187541354731
-0.00236372831229174
0.00269633894010413
-0.00487033132889741
-0.00196765228061889
0.00556210709319462
0.0217624575429233
-0.00562951451702578
0.0104402899827894
0.0127183698053125
0.00235990851493333
-0.00206873261832155
-0.00226788914814352
0.00380855811638155
-0.00645725341386917
0.00518627380066752
0.0044354729298497
0.0323936230072188
0.0426854889459587
0.0155411608190892
-0.0108422693370795
-0.00635584938575504
-0.0456925868446749
-0.0658182155581534
-0.0906849735556387
-0.00722340767119127
0.0235819408150598
0.0111451874698027
0.0297672577237996
0.00455075562726311
-0.00933693125018743
0.00720954002864467
0.00781678970063037
-0.000756594236179108
-0.0478783243470406
-0.0246616686115126
0.0199248809962739
-0.0704161426734073
0.00444439161877236
-0.000380796459496325
-0.0107729173235899
0.0117894516450636
-0.00113679024076629
-0.0130845787881073
-0.00918194625315072
0.0171821593265937
0.00372100704435212
0.0295829725103375
0.0111998948804851
-0.0129661058252796
-0.0393094040246814
-0.0083507893082725
0.00494203102514604
-0.0235267657879167
0.00321992009942223
0.0124639355318368
-0.00235905429091128
0.00165024681467384
-0.00708313721879333
0.000531428287729646
0.00502247203588058
0.0013811977892033
-0.00303119315874327
0.0134396390191575
0.0211310347822827
0.0248093114777848
0.00334275278251446
0.00139713032814949
0.00304234598297651
-0.0209777024062075
-0.0188893490532478
0.0112911215480677
0.0207985320573218
0.0236805258319359
-0.0985889117690769
-0.0515394521488371
-0.00818236581893034
-0.0140283981413779
-0.03818877923976
-0.0254280194187458
0.0229802329337581
0.0396228402437772
-0.0255473144521471
0.0145294363459367
0.00127462906703314
-0.0395988603151287
-0.190670988782545
-0.0115839637949249
-0.0116212514826463
-0.00477124205443177
0.0164384460756748
0.024154428649037
-0.0175840517925815
-0.0383051312554115
-0.012172482121275
-0.0144633766843187
-0.0896514568049802
-0.0285648006755484
-0.0225957357002657
-0.0186628193227517
0.00207707551846159
-0.0237013798143781
-0.0138116196049242
0.025696697412957
0.0156334376911505
-0.00747836358766599
0.00408536732610308
-0.0055613013260685
0.0123362465600179
-0.0506561136116611
0.0132711759037418
-0.00734014071130654
-0.0166036216761316
0.030684538801626
-0.0196245046710638
-0.0174795136701264
-0.0152702591800981
-0.00626730038542133
-0.00676240978851605
-0.00443192657186053
0.0157961775317738
0.0172060276409857
0.011978583105774
0.00655726011350222
0.00512756574313096
0.00150136378635833
0.0157110415599753
-0.0126306656895589
-0.0234119735444083
0.0335759421658893
0.0675434234397529
0.0115587959121221
-0.0128474789304696
-0.0134701821224491
-0.00275546475608446
0.000310304105730165
-0.0145329151752389
-0.000136426377701703
0.00668715250683169
0.0116646677036884
-0.00611213262746021
0.00670913361962497
0.00998322345944267
0.0117066275596057
0.00746617641261147
0.00604352961393965
0.00558373685861721
0.0134447194283925
0.00394617076866657
0.00150544814865548
-0.00175615196605884
0.00152900464985599
0.00646884414099375
0.0126072650796
0.0010731275016844
0.0126166303071586
0.0244571235573577
-0.00223249018528652
0.0156566244248703
-0.00454675811867821
-0.00362400536313512
-0.0029858585250846
-0.00372592153752186
-0.000421602087693611
-0.00908592580715668
-0.00112455853332717
0.00141971868687075
-0.00176819665990887
-0.0181795429604123
-0.00285493367722228
0.00291273414828577
0.00462783087080874
-0.0029537163407261
0.0108137116842014
-0.0009704640488543
-0.00582306642391039
0.00164213453727274
0.00727976646968118
0.00113351061167227
0.000284409233343775
-0.0136833616822959
0.0173801728504841
-0.0131182438279149
-0.00969772441193007
0.00133120840905961
-0.00759047896804297
-0.0203947406027956
-0.0250677407008204
-0.0272266060384047
-0.00206325394494108
0.00472400949461239
0.00186262063459055
-0.00121003870214918
-0.00636935090581219
-0.00216903850897625
-0.0114901787699524
-0.0107569251242801
0.00633050167878574
0.000313795481671766
0.000286905926623755
0.012193650317868
0.00469641431570865
0.0092658666581456
0.0022048641681344
-0.00504736911579051
0.00558549112710388
0.0527734087548952
0.032274343863325
-0.00111787631905771
-0.0104876159419102
0.000236312064198342
-0.000833954346068685
-0.0163561075914085
0.00474499477057165
-0.00447717557190166
-0.00434538241693822
0.0318948336494073
-0.00334452855895213
-0.00225947714196439
-0.000839966109035007
-0.00777589535826505
0.00734614252692198
-0.000941388388670854
0.00247894229271307
-0.000232258399863936
-0.00621394711779073
0.00511353232080341
0.000467792663061742
-0.00150006208831739
0.000270530025669661
-0.00337283072222763
-0.0126557421304909
0.00689371842729315
-0.00790341620034608
-0.0362995394915075
0.03116989054053
0.00653229264989225
-0.0117308870486992
0.00818337248032586
-0.00695253253563046
-0.0423385238257315
0.0358078511380364
-0.00522757043527972
-0.00518594089328
0.000678319173360629
0.00208870835208893
-0.000879617058387662
0.00497132216170128
0.0019088030985292
0.00330316851096973
0.0143515064704775
-0.0143490504785086
-0.00825170199960566
-0.000960039753937793
-0.0121406700933885
-0.00293072706746627
0.00139916243800746
-0.00913677978487313
-0.000121757151992559
-0.00149639110776989
-0.000646005002493391
-0.000146790341791427
-0.00113497948762653
-0.00321159658785457
0.00474889885059343
0.000178859034208587
0.000155777000950831
-0.000195847111188792
-0.00316831280202874
-0.00298525830310145
-0.00296746845093615
-0.000892543593155431
0.000689977601229075
-0.00566253572006074
0.010655540044366
-0.000111436254667622
-0.00873055248598276
-0.0555100919698518
-0.0110602891201471
-0.000932323054953968
0.00292390328907217
-0.000647583968407798
0.0072812476280485
0.00979569326688887
0.00643758796342454
-0.00645425496648016
0.000179759550337824
-0.00291436300320659
0.00176203582499996
0.000302197091752311
0.00247903169286312
0.00947329202086373
0.0110150048972321
-0.006104057989544
-9.38384635439744e-06
7.18136202368463e-05
0.000102572860146338
0.00231022807128897
-0.00900696775734576
-0.0120902346142561
0.0240924938287316
-0.0171546784102475
-0.00134106807158372
0.0119152850811975
-0.00488226237315787
-0.000625683119732867
0.00339395087135921
-4.81478920613541e-05
-0.0169157674791124
-0.00245363927808845
-0.00218119480136827
-0.00280486291076483
0.00316412709626967
0.00943629867166009
-0.00221304622116224
-0.0292968023587553
0.00838839854619416
-0.0182241275529334
-0.00721105321958015
0.00436045659168623
0.016872870849672
-0.0053954475722601
-0.00461846142136234
0.0179916105332561
0.0026155489659546
0.00272956470322053
-0.00443183670716009
0.00637686009165701
-0.00524361749243555
0.00838674708690523
0.00502348800396763
-5.98564872593273e-05
-0.00573900893181229
0.00386713833621134
0.00165480563406705
-0.0115430801452817
-0.000940720270858335
-0.00759717353303486
-0.00127970514372926
-0.00133047642186696
0.00048880572236493
-0.0046666584712165
0.00429726871565828
0.0154620252778979
-0.00886915831162252
-0.00152849464325965
-0.00310040085566699
-0.00023619703157801
-0.00350725530330201
-0.000125235846217097
0.0146302244390304
0.000994114553856221
0.00160903632393554
0.00542226682690768
-0.000276719308599564
-0.00102571907713352
0.00991123884158326
-0.00214679656534598
0.00131402075143652
0.00447566080745221
-0.00269452896437718
0.0131891364002246
0.00142373806142031
0.0276545719251826
0.0117229196763044
0.00192747927862469
-0.00338171581534705
-0.0119820858310311
-0.0022978643392581
-0.0153916833575883
0.00115697599156355
0.00172200950110558
0.00366506232643497
-0.0016297617676857
0.00369682077209092
0.00470303243431852
-0.0207431395032892
-0.00153829785715485
0.00621514481674288
-0.000905045279960564
-0.0059675612327303
-0.00648953766930726
-0.00558347622723768
-0.00605584364506133
0.00262116039255928
-0.0196246026380332
-0.0044396717165041
0.00345477962177425
0.00283784150175411
-0.0212327222591835
-0.00972473944433112
-0.00738917337560883
-0.00580579585955113
0.00034723243131158
-0.0020038772218941
-0.00426336543828258
-0.00655293766876132
-0.00102220672550712
-0.0027833300156031
-0.00904583245506733
-8.39155053856785e-05
-0.00145364439372935
0.00531724095365577
-0.00829320651708606
-0.00381311333426822
0.0177221806574588
0.00891601319341636
0.000950636926728943
-0.00289978324117787
-0.00409827579626316
0.000411084288691424
0.0109051436660754
-0.000439862472647594
-0.00340757893717783
0.00386178314265124
-0.00182854208282738
-0.00200490889846307
-0.015854354193392
-0.0343017020156821
-0.000733134734662248
-0.0213942384350603
0.000365109050850942
0.00532597571016399
-0.00258573276533506
-0.00175166190130908
-0.00113800236387453
0.00329855290604283
-0.00684952317739297
-0.00157796929693772
-0.00075003016511014
-0.00669734180985546
-0.0101343650889604
-0.00121092320830379
1.00006572242252e-05
0.000792031612769397
-0.00666251572208706
0.0215855155224514
-0.0118420455364267
0.000122028023407542
0.0023743052881924
-0.00181577331679452
-0.0185522290290475
0.0103849899485418
0.00191338814138502
-0.00820971634440447
-0.0104090563423756
-0.0148823002035023
-0.00685825023260748
-0.0084292119090492
0.00466959714535289
0.00719425150166796
-0.0122428560283737
6.45010434890904e-05
-0.00981811130556633
0.0141356626130217
-0.00501324403590327
-0.000370131274380918
0.00141924579989483
1.58407980202961e-05
-0.000933714646355725
-0.00250557859935873
-0.00121551319595273
-0.00848497388223101
0.00674482398326935
-0.00446420558102038
0.000239807004569907
-0.00101938193940602
0.000186374506491021
0.00056519300296615
0.00349759727466867
0.00534202304950423
-0.00524584394484493
-0.00445035890462567
0.00153180197213475
0.00193533790309155
0.00137370457616293
-0.00136512077568702
-0.00122657098835899
-0.00183332588268281
-0.0017758174474886
0.0020136575257969
0.000713830275744255
-0.00510822321912951
0.000925785754532851
-0.00247763404651587
-0.000680600064640545
-0.00397195427760017
0.0126663608084084
0.00210623661572486
-0.00131528115163064
0.00267137597789629
0.00375781440911658
0.00197801559151002
-0.00523092000986542
-0.00205958323627278
0.00701345643236609
-0.0104496980469177
-0.0115494504234594
-0.00299031440422213
-0.00146030514301953
-0.00236353408526486
0.00393593807847193
0.00133252884531625
-0.00804225136138541
-0.000429648470424731
-0.00332064793637151
-0.00195193316338933
-0.0026939190082542
-0.00402451828957477
0.00663478044956612
0.00434154269861579
-0.000624575668477545
0.0125867240129489
-0.00846519416211145
-0.00467140301456377
-0.00242584398666919
-0.00550163822786788
-0.0156558456132615
-0.00799474932084143
0.0043513059166774
-0.00291295501389521
-0.00114699790530249
-0.00106210434461908
-0.000778066858065439
-0.00118014104390865
-0.0154038157803038
-0.0484602024622018
-0.0336344549204065
-0.000201199031624431
-0.00236983629184617
-0.00171872555264904
0.00329751081518873
-0.00109805824200376
-0.00166959643945549
-0.0003765466500056
-0.0063747772615643
-0.00119324997438945
-0.00270656093745678
-0.00140523335679062
0.0163190942445716
0.0285304711280667
0.00507538714515368
-0.00309347343765443
-0.00318960526417358
-0.00741227556254263
-0.00032440423805208
-0.00418245419220517
0.0120516029148352
-0.011602872707698
-0.00149869434109267
-0.0013844824252667
-0.00302622556033733
0.00303595484154223
2.12369831818111e-05
0.00106909617900197
0.015457146890123
0.0147696427381389
-0.00873658542780734
-0.00296907878107384
0.0042623863173685
0.0011454142269648
0.00262007068478452
0.00197462635681719
0.000552850429677672
-0.00214209588848823
0.0036002809078992
-0.000605169442243797
0.00171506521420974
0.00334694657294677
0.0054029631854527
-0.000697875558826916
-0.00317098186454803
0.000921812461741736
-0.00680730377657078
-0.00342218907997041
-0.00435595779970425
-0.006598582738246
0.00444506014361849
0.0038792785369077
-0.0141223422117598
-0.010293175160765
-0.0070589834821927
1.74925188293229e-05
0.000362813390943365
-0.00243125318996405
-0.00123956599080269
0.00147126140842903
-0.00356560701005728
-0.00782224033384218
0.00337891135019761
-0.000730060492482558
-0.00131637458248357
0.00253977550261747
0.000400204173891073
0.00114299136426655
-0.00324989630171929
8.65663954437351e-05
0.000392892684414264
0.00164388832422328
-0.00162801934046476
-0.00224068536047128
-0.00331618099220401
0.00521618298081731
-0.00973838339088973
-0.00625947766081696
-0.0045994014309102
0.00151047798090596
-0.00423492813199739
-0.00680065893036082
-0.00185480845091954
0.00346395729782574
-0.00264518558278382
-0.00597471201026639
2.61784014393292e-05
-0.00202272626032977
-0.0015643750743424
0.00144936689930362
-0.013682302626182
0.00104993929740368
0.0112726508592597
0.0137993450282128
0.00477940306346053
0.000730011066273805
0.00478517009230077
-0.00888141258466118
-0.00481246477481878
-0.00667900641999366
0.000125539523920434
-0.00957277500079304
-0.0076949529578506
-0.00149535508724243
0.00175683138547758
0.00550917670277069
-0.00167809443485916
0.0050652327121776
0.00426766109724696
-0.000671053925659726
-0.00337818664816211
-0.00130689645338363
0.00416074818405843
0.00646470819332412
-0.00177429496522069
0.00386374279041522
0.000195633760887003
0.00126543665605519
-0.00100793846493728
0.00176680456129933
6.17957414393128e-05
-0.000923696700195521
-0.00100370648622726
-0.000762304394552934
-0.00287374847944699
0.000186584748795036
-0.00383765912285406
-0.00161757480481649
0.000406586196901494
6.50448190965495e-05
-4.91418113328444e-05
-0.0021931661025703
0.000567457810088746
-0.00665594109826227
0.0021026464747714
0.00382267453567945
-9.09759405815596e-05
-0.00390406625726611
-0.000150823347463746
-0.0005564874281911
0.00398793803083106
-0.00141913886115119
0.00502390074698292
-0.000556603711606425
0.00133082436653612
0.00335852173180597
0.00477799639486035
-0.00120118009087931
-0.00441668606350128
0.00297262010397201
-0.000562107414850647
0.000322437663583927
0.00165390206318548
0.00110968931635676
-0.000420612767887568
0.00111024472917326
5.13375219957565e-05
0.00103865928247349
0.000923011682854157
0.000298463330834084
-0.000109916818815343
-0.00289768670955446
-0.00107811412380247
0.0110512876289872
0.00230093435043108
-0.00085420736247917
-0.0129357471331147
0.00160198044462124
-0.0001122728403435
0.00225681757711146
-0.00156414480379837
-0.00104753215022328
-0.00166558708223046
-0.00116055374906265
-0.0017876587421768
-0.00499922468651464
-0.0012559252630766
0.000129462417649782
0.000801241430366625
-0.000668965252872079
-0.00216666306589614
0.00112099814888543
0.000600562602293548
-0.00255027114348788
-0.00104250204671644
-0.000370936438909059
0.00158013039602785
-0.000367929519630517
-0.00153217651805559
-0.00480708838086433
-0.000894502139905292
-0.00208036589854343
-0.00519228632488202
-0.00514788755284
0.00164951337646511
0.000131535901443384
0.00021241052029144
0.000819956956861493
0.000218042842925798
0.000501158799938941
0.000733484539509725
-0.000112415145471259
-0.000629346297459004
0.00207255225718067
0.00248965772795435
-0.00351514282857773
0.00485791703133725
0.00565941536476934
0.000567643654778992
-0.00168257172048344
-0.000667064429633101
-0.000433582840099552
0.000113402588691642
-0.0018802899082367
-0.000928029651027641
2.87721172778009e-05
0.00144966745010585
0.000372069129592868
0.00388147365103885
-0.000400158279117469
-0.0015023239545152
-0.000867338068735902
-0.000473672836517604
-0.000190630931970433
0.000945839972756955
0.00127134358230341
-0.000323274695748378
-0.00327590048125651
0.00192773507823673
0.00241035277935997
0.00117049479422566
-0.000386550530490175
-0.00409844234164032
3.05589445020581e-06
0.000234824970788124
0.00193653830879538
0.00393113765076198
-0.00118704232844576
0.000315226014895455
1.86461850375798e-05
0.00216292013505675
0.00484625269044574
5.16256971561948e-05
-0.00280377686955646
-0.000262979273283748
-7.77014164118967e-05
9.59459556025469e-05
-0.000414678433705259
-0.00133938541755568
-0.00216592265603563
0.000708825812702203
0.000557934071534913
-0.000455228675599021
5.72788966249853e-05
-7.85202161328846e-05
-1.02280245244509e-05
0.00301922570601841
0.000233346264673839
-0.000347939250341973
-0.000559210763787508
-0.00170382724077291
0.00707218229084752
0.000894500907061647
0.000349030861415209
0.000389152196416362
0.00186347482222122
0.00139134078796254
0.00168029155486205
0.00121980604673713
0.000310404182126898
0.00114960572411212
0.000899129742576893
0.00314241958506536
0.000509377565147749
-0.000680281107076797
-0.00221595093068883
-0.00245419224516719
-0.00130687549036318
0.000375475259869863
0.000801989696900418
0.0017060601224103
-6.04321554905639e-05
0.00187542009017964
0.000918473810517529
-0.00132940998757998
-0.00258956891425429
-0.00101712408804521
0.00314384281841302
-0.000640710079673758
-0.000326379739435549
-0.000194642400269542
-0.00339133794662793
-0.00306109973155296
0.000432199128370579
0.00168375179235335
0.00187935537945874
-0.000456681824241286
0.000766162093328829
0.000887846897438761
0.000726055785906391
0.00352465776695575
0.00163114358191795
0.000965426772654317
0.00108373139963705
0.000808645611284921
0.000362707447409689
0.000261561902876767
0.000134045920097027
-0.000380092199990326
-0.00104202284127803
-0.00107704748752011
-9.00701387242524e-07
-0.000350211816988603
-0.000230301196397118
8.66446464633636e-05
-0.00100912745511624
-0.00109756873059037
-0.00135317325812152
-0.000153806070453769
0.000253291673087899
-0.000381249304386006
-0.000281642933818558
-0.000596675270883413
-0.00264154930249052
-0.00140511553370668
-0.00108110872034109
-0.0019102985313676
-0.00276111667325961
-0.00221988878255687
-0.000891873140358032
-0.000221394415313376
2.34076675103234e-05
0.000318898099281197
5.18463149059609e-05
-0.000123772535707753
0.00033568366112943
0.00177196624168915
0.00148072389613266
0.000231476263765456
-1.93402855009241e-05
0.00130973885039471
-0.000234986980473158
4.98556944899941e-05
6.71800610156159e-05
-0.000220095126545806
-0.000886165757738825
-0.00032825586964369
-0.000159037259083019
-0.00110674608693503
-0.000458814903876468
0.000129116449041394
-0.000791053645201747
-0.00372431089499822
-0.00145880971937696
-0.00150936928591782
-0.000874508382910298
-0.000578459507624288
-0.000534724075240921
0.000147841425414879
5.86279758549874e-05
-0.000597274614169521
0.000114769614212739
-0.000166823816064855
-0.000840161086485519
-0.000109458533939001
-0.00147021161178108
-0.000728723424191477
-0.00113252141161594
-0.00158562003732307
-0.00128178597026224
-0.000961228760262776
-0.000248820531234288
-0.000114494267076491
2.06840661996815e-05
0.000103832735416723
0.000610094185608256
0.000340359062260834
-0.000173677060587596
-0.000249557726220955
-0.000127668953645921
-0.000152506276255199
-0.000198703829361277
-0.000308997715154965
-0.000136563298392362
-0.000129567539061204
-0.000214842690070394
