-0.969347243537478
-0.971486601095256
-0.976717873491516
-0.926687151108041
-0.84029670421084
-0.69166181493325
-0.507595115046424
-0.381458412506755
-0.271024570632664
-0.100006941430914
-0.0878120646340244
-0.108228810035466
-0.0881451037721473
-0.0758672262492473
-0.0829262824731196
-0.082970374712701
-0.0781180199195757
-0.0873030776737001
-0.104840754579607
-0.115037653967722
-0.111675942474696
-0.0887030256470939
-0.0249328649469784
0.00683018524923118
0.0137085513167472
0.00959623738475124
0.000935255252829769
0.0130164363360831
-0.00472607083156232
-0.0089457457043608
-0.0200065254365393
-0.0120265828850172
0.0179418168250413
0.0158279811164942
0.00222229709868054
-0.0318206621400235
0.00698169559279895
0.0139661215304667
0.00303500949639527
0.0196803949864066
0.0290105665997681
0.0427631414319665
0.0119652579589381
0.0201206203039969
0.0786884317006367
0.0309896766056359
-0.000849041404797916
0.0174704829712349
0.00292280106334664
0.0121893540647616
-0.00555081428937223
-0.00124539903402323
-0.00414316491418918
-0.00491541195686354
0.00149663207050041
-0.00439134929547895
0.00589360273109727
0.0521501098673724
0.133267767809071
0.112001067084167
0.0512894541406384
0.012556341271101
0.0244030806561792
-0.0160911086324392
0.0534325895627894
-0.0859023270093978
-0.0239814027235904
-0.00146023565911703
0.00345072561532121
0.00136632498492449
-0.00418443786109522
-0.000697077251512602
-0.00392474394504237
0.0137950729382943
0.00212461567447924
-0.00159678555873873
-0.0024287999609106
0.0367651274233278
0.0277565165529824
0.0376943277948624
0.00350032985847341
0.00198108762414257
0.0506439289137444
0.0807824673432767
0.0408369894314082
0.0373864172564536
0.00577924901292805
-0.000464195232893792
5.8725987943163e-05
-0.0238356122461213
-0.00451867410389552
-0.0185093439965882
-0.0175189445542697
-0.00145635508554182
0.0125532300282721
-0.0252960114422585
0.0018149363709082
0.0268974921364926
0.027570903084834
0.0270332998450493
-0.000160356312893635
-0.0130106175170816
-0.0304378621314368
-0.00749532417351828
0.0169518065230008
0.00238694981575499
0.00677860952033975
-0.0345115702869376
0.0271406220146299
0.0227922632313004
-0.00088112757356329
0.032080572042564
-0.000918526833668946
0.0297189552053229
0.00619904725110492
0.00895374458368279
-0.00280022601083338
-0.00912938607116114
-0.00759465509683015
-0.0195378282173603
-0.0233845996440997
0.000983502546377272
-0.00184804614768535
0.0342344089493353
-0.00759166828776656
-0.0223041230880885
-0.0163155090151282
0.0104007447070227
-0.00234388460679253
0.0227277601814482
-0.0455712235101036
0.0392988643645053
0.000931848269458878
-0.0234519061228878
-0.0118716478753757
-0.0287943938455836
-0.000884063395112003
0.0194965962125457
0.012203714495681
0.00905049011538264
0.0313851537284235
0.0124355750196238
-0.00752769640765289
-0.0146621668286257
-0.00151504094643579
-0.000932025859047808
0.0187573535998978
-0.00708859856786031
0.00549962790420934
0.00999307594023874
0.00102312137192153
0.0292505941173693
0.00597134372605437
-0.0278718447997692
0.00141514306635464
0.00842986563368247
0.0115688323598581
-0.00262316967518395
0.00214530196665867
0.000748440801559688
0.00213477594634296
0.00451014803167054
-0.0142696544586691
-0.0178746667458747
-0.0128265308359281
0.000533029419281288
-0.00286504402041598
-0.0159635309400091
-0.000451542654464376
-0.022154962078081
-0.000218499292659255
-0.0563574310880374
0.00706744479895654
0.00517575676944718
-0.0122155438733825
-0.00360652439166833
0.00842186225052188
0.00157320636481719
-0.0180282338212584
-0.0467052548003261
-0.0144180441695586
-0.00228415239425572
-0.0192947856203068
-0.00607325158126559
0.00146043903331101
0.0211322155604819
-0.00885129373678707
0.00797933145889918
-0.0322827784313173
0.0158264022997677
0.0119884012872943
0.012414970514161
-0.00539760125398579
0.00238729147673152
0.0119910008245776
-0.00342104968557099
-0.0101664327640193
-0.0133894919387576
-0.004796616640051
-0.0230760124526167
-0.00554445573014295
-0.00649584609964017
-0.00574953542107591
0.00708671595546416
0.0281668453522919
-0.00117707738503953
-0.0037479292114171
0.0136362670129899
0.00145390445247575
-0.00288263935590814
0.00161585388852187
-0.00421928296927437
-0.00167518375784815
0.00609644340548958
-0.0309625677218727
-0.0120059027579858
0.00172131922823777
0.0211679229464799
0.00487950513740864
-0.0147433610291286
-0.00149593917986858
-0.00565281358170321
0.0118156549389053
-0.00028957665133363
0.00284328194756324
-0.0203951254305218
-0.000570967962583604
-0.0099598929684502
-0.00518056207216882
-0.00942774690383552
0.00465079836475205
-0.00602183373069917
-0.0108093251633867
-0.0204716101589558
-0.000314086333311832
-0.0132273997605099
-0.00316890238310273
0.00417885223791966
0.032319677759591
-0.000553412216507879
-0.000203672681998319
0.00551507473855648
0.00176650568945083
-0.0060724417161324
-0.0327796497982051
-0.0145595822743426
-0.0117333573869059
0.0112189494310135
-0.0130383647616996
-0.0048285762725239
-0.0175380876884077
0.0037895968811492
-0.00132242704450008
-0.0132435643466312
0.0110690308699365
0.000904743371609121
-0.0371646816019816
-0.0156994675844638
-0.0411348883282141
-0.00580955663974849
-0.00427815608538499
-0.00317230730197752
0.00475884782352613
-0.0815617010448131
0.00273875755949193
0.0345980479466636
0.0204398515296496
-0.00366191357508281
0.000299198058226446
0.0037783948155162
0.00284119565856079
0.00455432555141586
-0.00199393280612417
-0.00777157246959091
0.00372628979430551
-0.00654317004961918
0.00262451309187148
0.0274592168673582
-0.0201689121112632
0.00184586509031992
0.0159172176506858
-0.0155647668357735
-0.00153818470082304
-0.0386807434176848
-0.0249900001109227
0.00134027104412087
0.00331129656294651
-0.0589949853107294
-0.0356418307417763
-0.005374980520912
-0.00538123638888013
-0.0153615603115859
0.00232373856511922
0.0358856087211029
0.0362736535529587
0.00261277694675983
0.0030432528956713
0.00776453555992213
-0.0303007146132849
-0.0363758502833001
0.00456586791920036
-0.000859616635363
0.000197210202751565
0.019899497838601
-0.000416920853896177
-0.00206084856689552
0.0128825851484584
-0.00344081717151858
0.0106095922467554
-0.00557493079383036
0.00752727303943816
0.00158619561287873
-0.00414605661208369
0.00982004083841855
0.0400449578247276
0.0021505055740212
0.000903394306017797
-0.00610542010356342
0.0031178850718042
-0.0115422057316398
0.0352213944735554
-0.00169703400823895
-0.0246338198378107
-0.00725376948088757
-0.0205954848508395
0.0106038378974224
-0.00389300459683135
-0.00894035915824584
0.0160071877122492
0.00169626535093341
-0.0104822678942446
0.0093817881245309
-0.0375783333547794
-0.0113440511051399
-0.00312506301042888
-0.0083221160548603
-0.000159509021814147
0.0351841047596654
0.0178223471286661
-0.00862970460646689
0.000736459090077258
0.00333343439068089
0.00486961134044231
0.00390989390834004
-0.00240504784943092
-0.00409700115944806
0.000496707908442715
-0.00554405984433536
0.00682379184850992
0.00674749666173479
-0.0106392650046395
0.00105725961226638
0.00146515506802045
0.00575475801601555
-0.0090093281604998
-0.0134836026153809
-0.00771969004141684
-0.0922096431653707
-0.0299643041102307
0.0114723866199555
0.0195027555765578
0.0116781058310453
-0.00744655542521035
0.00814142853787833
-0.025266979159079
0.00313303122683627
0.0103557975571581
-0.00397116146977773
0.00711779101368173
0.00720412119856333
0.0143853176824453
0.0214409016683564
0.0200623734363142
-0.000394974289029751
0.0112096168268108
0.0014544070325964
0.00802122404188334
0.00122151277449655
-0.00327186511246105
-0.0126581354291291
0.00279596260703341
-0.00472324237325468
-0.00625782433397164
0.000762399110271709
0.00484198955957947
0.0198093204138844
0.00741514301060347
0.0124554762497275
-0.00455118105811545
-0.000797560416330727
-0.0122479541802148
-0.0125410240005739
-0.00293541920493815
0.0157916129562172
0.00365732556122931
0.00204426150342815
0.00892292998689202
-0.019566907433889
-0.00592008269926538
0.00783269767265626
-0.00184656277204156
-0.000880974035401539
0.00346837153055564
-0.00716087979952088
-0.00060890903951202
0.00693648753710727
6.95688484434794e-05
-0.0128135937211011
0.00336436802693778
-0.00897640628000631
-0.000360922279268095
0.022200158938368
-0.00985266343113181
0.0070693136947899
-0.00356680328209741
-0.00862069153965987
-0.00870894604272947
-0.00138805994220918
0.000269427202221763
0.00732268370451053
-0.00146909416178275
-0.000704124432888291
0.0017476050857165
0.000176162305662819
0.000248788140729991
-0.0142519868344539
0.0245916682877369
0.00419344984190967
0.000419290931621661
0.0110527068758348
0.00429959932887096
-0.00586104118833768
-0.00331819292598148
-0.0111646732790892
0.00528427699165044
0.0119091531494137
-0.00814395315604737
-0.00707578526508735
-0.00110758300175543
-0.00413998755501123
-0.00396061727892479
-0.00721646644946616
0.0031661102275225
0.00338927950567846
-0.00894162055223078
-0.00436248047178214
-0.00883823949175809
-0.00235076771864666
-0.00652138091284808
0.00366178105625044
-0.00253751795927627
0.00644323358342528
-0.00555614469845464
-0.00557472924065601
0.00401273681316151
0.0111487572369232
-0.00474529017992829
-0.00181257984125081
0.00108046602158739
-0.00669384522961377
-0.00690670528078116
-0.0122183330267534
0.000821822721873593
-0.00292469218449599
0.0019797619924443
0.051586804329529
-0.00314794336089646
0.00237179180150521
0.000970998125968646
-0.000564014610562409
-0.00538468330263061
0.0094420850721435
-0.00111118264609948
0.0112459787230582
-0.004009064597108
-0.00965660665343615
-0.00690163568672309
-0.00575946684553611
-0.000424161022338473
-0.00073297486178083
0.00327580345526134
-0.00184233974787165
-3.76464326603537e-05
0.00113537546319638
0.0118529796379044
0.0197131630032884
0.000371357576086445
-0.000801118151281733
0.000174647937169438
0.000619344043155869
0.00131704762308143
0.00581061795525379
0.0125682053461518
-0.00184055749794665
0.00455140043043074
-0.000406914426360934
-0.00623257348342469
-0.00142138393676912
-0.000632142817228972
0.000338944430734628
0.0024484704310241
0.00208926470629245
0.00225903787486125
-0.017394220418869
-0.0310300341208907
-0.0155922451503086
-0.0144653660828809
-0.00476006864473679
-0.00138600888280257
0.0090294873452443
-0.0126013535506232
0.00171371420300524
0.00298520575659626
0.00530864500221106
-0.000100037668434916
-0.000631187865162644
0.0040953165053184
0.00611462878289186
0.0141060152426467
0.00252905829681927
0.00904779388142523
-0.00232878474442929
-0.00377496454423565
-0.0096924277557896
0.0024182034546683
-0.00278581178551657
-0.0128882297561288
-0.00159647415431469
0.00283673118700471
-0.00450593644161318
-0.00826955066727083
0.00122238226579178
0.00120178985915593
-0.00106616499933906
-0.00135781859378194
0.00534593692280007
-0.000449980863159727
0.00646284477951613
0.00317807298567573
-0.00281869993926006
-0.000903150054000695
-0.00173938710522044
-0.00472172220386366
-0.00527365452108322
-0.0025140662504073
-0.00154907799392801
-0.00165386908756
6.60234451488978e-05
-0.00181397174040589
-0.00102433435443616
-0.00900442585844266
-0.00265681362575242
0.000751501157856871
-0.000640642286613104
-0.0013220747962882
0.000281123048974568
-0.000787893980014431
0.000668068340347811
0.00398089003721704
-0.00078249552277026
0.00131394232307743
0.00466079781877015
-0.00891650292252181
0.00973904082856718
-0.00708925110442474
0.000273911232569895
0.00134625132662853
0.000420567665828346
0.000241529857130997
-3.55658412241615e-05
0.00499648330127575
0.00478960144389799
-0.00792655500104411
-0.0145021800151062
0.00126769859975234
-0.00172273141129014
0.00245867299159576
0.000671737756219359
0.00451605964692212
0.00243321944958262
-0.00251222761375249
-0.00852983926701997
-0.00139452855796209
0.00188311002269729
0.00298425396034291
4.14813846559221e-05
-0.00252063752731592
-0.000343076803818712
0.000950952853095961
-0.00541969567697098
-0.00240551104549827
-0.000677557166339385
-0.00174785207821882
0.000386062411236044
-0.000999042488056252
-0.000311831087603414
0.000730750559334956
0.000470264923967124
-7.98572059288968e-05
0.00529179650130411
0.0025000381714346
-0.000312377350395831
0.000469419964914567
-0.00132986474162807
0.00263306167930154
0.00770885795775777
-0.00914869749297359
-0.0156921811672168
-0.00727592184031909
-0.000449756207930629
0.00175609984566101
0.00352263979761577
0.00369436559735507
0.00314592477892485
9.84506590691529e-05
-0.000770274628799341
-0.000702611972892096
-0.000933023767589353
0.00221251066436797
-0.00157367090916541
-0.0103399259271413
-0.00213858574194467
-4.98652666089615e-05
-0.00856958186111667
-0.00282212312266774
0.00597795280569434
0.00145153608461296
-0.00105335247233205
0.00418103339746804
0.00408614207761501
0.00522135295263417
0.00766052438838521
0.00129390434482761
0.00372513588062417
0.00817538867689487
-0.000862374913231387
-0.00197916404487114
-0.00392929430822487
0.000644041039692392
-0.0032720456653176
-0.00120785416372831
-0.00850355799505174
0.0079518719624191
-0.00165791515527137
0.0061327279312454
0.00104949687803254
-0.000770316758171176
0.00153576684264962
-0.000528751772881549
0.00348563630075827
0.00170972145192746
-0.00301239238647646
-0.00106875479614531
-0.00308760072342568
0.000770380404119356
0.00224469991174088
0.00155017353322951
-0.001512594623557
-0.00106358120383084
0.00069357412513135
0.00127846312206316
-0.00588539409318107
-0.00930171613340031
-0.0214831857730237
-0.00494265551068076
-0.00128133583668234
-0.000464624296078729
0.000248444745995962
0.000650383346327483
-0.00554690115497564
-0.00327210440626181
0.00121835891367916
-0.000683744770649255
-0.000361129829979828
-0.00022835738773376
0.00751409374740691
-0.000206996292657151
-0.000329915726859416
0.00159712819121272
0.0113844067071664
-0.000197464835947602
0.00320890571935774
-0.000748335368949339
0.000967747767820214
0.000597702975894565
0.00206184059804024
-0.000511397072909522
-6.83880375885742e-05
-0.0148549343344236
-0.00151545728764363
0.00253570684077277
0.00195320277923953
-0.00565562068446595
0.00240778981189205
0.000998750693320175
0.00030212329437569
0.002240828020421
0.00342540565372965
0.000128016190808432
-8.53263592472829e-05
-0.00344867689373675
-0.00173358364777236
-0.000673725481848284
-0.00116134901700308
-0.00172919828857384
-0.0149470004298201
-0.00961625730132688
-0.00286172216273177
-0.00086313121023889
-0.0016129772589046
-0.00594234770748807
-0.00430080027958523
0.0034616113059795
0.00571955565282921
0.00186770077060917
0.00213164626749797
0.00542787516237083
8.08712288234176e-05
-0.00633235547869135
0.000789308173475344
0.00107270882386999
7.92456472180226e-05
0.00316885079117848
-0.00124316028926117
0.00204806075555935
0.00388626800315734
0.00325879321876164
-0.00432885476465056
-0.000812454733444044
-0.0120764013301704
-0.000116771211759382
0.000108458919296971
-0.000802767442243699
-0.000702622500028052
0.00329134399432377
0.00637469299573507
0.00919202328857619
0.000393611288941097
0.000625463611368003
-0.00115016840475227
-0.000451147772181504
-0.000545546307919655
-0.000110204928287651
0.000651928057609533
1.79676702131816e-05
-0.000176774147761388
-0.00289765283845746
-0.00200892664000628
-1.22414820064076e-06
0.000308190316579851
0.000684085703946669
-0.000744020205281432
-0.00118852306039803
0.00184470873982233
0.00321955658838047
0.00713409493731573
-0.00111457636071981
-0.00684875808084529
-0.0125950745532164
0.000660798933058887
0.00120524366634156
0.000856236493551198
-0.00133219552047296
0.000101475011034767
0.00139151089529154
-0.00249716244215216
0.000833102755384719
-0.00825423274408549
-0.00461679309496101
-0.00108251897689924
-0.00184437315869348
-4.12674975760743e-05
-0.000733927771123924
-0.000922432515170763
0.00239751167937355
1.49583127492777e-05
0.000437095651662083
0.00389769067659018
0.0029135122124877
0.00273443373559383
-0.00343304202699616
-0.00111377636495556
-0.0096660895995076
-0.000498528540183405
0.000154500142930905
0.000255341719325306
0.000190635649627534
-0.00117245013391842
-0.00905243518077604
0.00128816772728299
-6.38336940149433e-05
-0.000795074850774708
0.000253608069567549
0.000746923650827611
-0.000542250383972988
0.000159285078753207
-0.000781407269598166
-0.00126378107441862
-0.00248285700456328
-0.000996151092866424
-0.000683326815052656
0.00103222359361201
0.000679914052032452
-0.0017225413887796
0.00152235770075719
-0.00233386048711287
-0.0017013533941656
-0.00706595635130703
-0.0045830607250683
-0.00494036703873047
0.00019047085690397
0.000153391084655602
0.00299482519432822
0.00169384876682805
-0.000792333505213858
0.00174052335895739
0.00107795624666789
0.000596602256088772
0.000837553622281153
-0.00212213267059634
0.00372837117806461
-0.00118198210727575
-0.000363566567639305
-0.00461756980260265
-0.00208170045464797
-0.000208048201698322
-0.000324571230375348
-0.00757592311678145
-0.000207654114241694
-0.000272813634364653
-0.000656331060273184
-0.000226829373670154
0.000952637078172146
0.0020983863347511
0.00131701729487804
-0.000471270811772424
-0.000457260743961578
0.000114088729982392
-0.00339692599963193
0.000837015086962852
-0.000576327612829735
-0.00122919165352348
0.00111942937450919
-0.000508443588789192
-0.000205119443778433
0.000105660581888445
0.000822537169174815
0.000336877346017191
-0.00177688759563558
0.000360534214650035
-0.000476650672249694
-0.001372709155901
0.000152333953421197
8.1704014437585e-05
-0.00305427095953764
-0.00114260497746429
-0.00346915179795616
0.000249966748190318
-0.000938319304849062
0.000541969910149265
-0.00298355341662679
0.000152117711883257
0.000811213107614897
-0.00125557094986195
-0.000884832815664512
0.00165106039205967
-0.000349812104898987
-0.00449226931868049
0.00045721215490051
0.000366481222965648
0.000526691284953593
0.000397675118940504
-0.000410689729050593
0.00174776641831019
0.00183519434673077
-0.00191607525230497
-0.000932439576339188
-0.000578896145958178
-0.00314252802124849
0.000166140607825347
0.000533631824805729
-0.000682030593754421
-0.00500701535726223
-0.00223484559739739
-0.00038859447209501
-0.000811542563411764
-0.000295273571001505
0.000277465122313207
-1.86128303596988e-05
-0.00255214621275996
0.000571867523752717
0.000129143930996128
-0.00086509035532506
-0.0019495304459547
-0.000795716194634753
-0.000645302019864055
-0.00204270015669172
-0.00126375720121581
-0.000332745686330293
-0.000897983947308767
-0.000521838387734423
-0.00170766922275951
-0.00146083866012171
0.00119561289146208
-0.0021401964663875
-0.000321881856883942
0.00049983263791486
9.07487289594502e-06
0.000196733006637439
6.31316222915937e-05
-0.000856213998268481
9.01883198851374e-05
-0.000567443064347034
-0.000702960887655735
-0.000839340880759673
0.000747770983094174
-0.000940851709287073
-0.00255788944283704
-0.00153379814351882
-0.000536632872336912
-0.00317599580394098
-0.00070143506961578
-0.00519999897950756
-0.0034710032798294
-0.000259095049807292
-2.5259087975452e-05
-0.000820967984014496
0.00116558453462604
-1.23710131786168e-05
0.000628698079723667
-0.00056812484347446
-0.000944674832613755
-0.000912440553473392
0.0008611971296686
-0.00161217434297411
-0.000512910191223135
-0.000117924770325861
-0.0010830174875584
-0.000233795579425673
-0.00102050230589391
-0.00072633873283605
-0.000309546695533896
0.000337273527318698
-5.3553072971742e-05
-0.000439727092286785
-0.000662397290366581
-0.00119810852843709
-0.000343565214246783
-0.000401539226530807
0.000297537838255694
-0.000208811360290888
-0.000189968546425663
0.00164522128634935
-0.000599798252584308
-8.36623414781278e-05
-0.00023504259823162
-0.000379446104688894
-0.00087101598118454
0.000208846310527511
-0.0015784535008463
0.00265710963674592
0.000101513375699904
-0.000511872541613482
-0.000289428948072112
-0.000240809353646612
0.000214984585396797
0.00020852533411267
-0.00128155058119461
-0.0018042566380267
-0.000791011845754707
-0.00141644001658955
-0.000251418848946689
0.000437394389796573
-0.000160392669006073
-0.000628529105265458
-0.00234661931775555
-0.00161178070750103
-0.000383933663251086
-0.000144580887620594
-0.000626427006334145
-0.000695853086380153
-0.00117977517584378
-0.000629861941605926
-0.000203182988437689
-0.000491056254366714
-0.000526454529386176
-3.59829923695155e-05
2.78280068683557e-05
-0.000416084732481587
-0.000255657064104234
-1.11222282756684e-05
4.7296683534347e-05
-0.000279804444531856
-0.000492209096832472
-0.000361660508520774
-0.000399266944296054
-0.000396199603922282
-0.000864025212100343
-0.000402688991833629
-7.90173226255399e-05
-3.58202831276144e-06
-0.000104300644462871
-0.000133184127991318
-8.46575406295761e-05
-0.000672824804805838
-0.000382204657243265
-0.000279775335480508
1.4171353281338e-05
0.000133504873964281
-0.000293634534073176
-0.000386104055665546
-0.00039574400473696
-1.3116859150458e-05
0.000304860154048616
0.000100625366985217
-5.41668892956971e-05
3.75404593873396e-05
-1.34561876846337e-05
-0.000271708367561502
-0.000345642972230534
-0.000362397844623725
-0.000403997102268044
-0.000258593637960149
-0.000157487892250977
-8.16248379116507e-05
