-0.986775430171615
-0.986775430171615
-0.986775430171616
-0.986775430171616
-0.986775430171617
-0.986775430171618
-0.981460743962821
-0.967263559902868
-0.930397135438503
-0.82168995258802
-0.736278211719251
-0.667350400664405
-0.562331265640175
-0.513395106298261
-0.600705955356256
-0.675271591365418
-0.692524044366404
-0.722409942599718
-0.721689427665007
-0.640069399199575
-0.555158023017933
-0.458832948277257
-0.321807710010688
-0.219117180592417
-0.200075812959034
-0.208695984939468
-0.197770168382324
-0.218186282459126
-0.259218910937239
-0.234839407665724
-0.158447025675258
-0.100302172843211
-0.0654836800746804
-0.0271592657790341
-0.00977802873752006
-0.0288061451494962
-0.0688184478448456
-0.0845573254639954
-0.0957792156492475
-0.105341115177376
-0.0936624942830677
-0.0642743038656067
-0.0404492945347908
-0.0402512244442591
-0.00220833296296067
0.0253924049856452
-0.00134693568964408
-0.0240984777570752
-0.0292938153840197
-0.0521344848794798
-0.09699099140774
-0.0811799598384657
-0.0816451830390929
-0.0903125240024087
-0.0689010466211536
-0.0190054474756298
-0.0240859926359739
-0.060365268213186
-0.0744705780761413
-0.11322881771405
-0.185448220242176
-0.210128740725771
-0.174463799909476
-0.130446056323087
-0.0901290697327835
-0.0306717934393729
0.00501495344251367
-0.0174450917075588
-0.0343463103146649
-0.0512873312256409
-0.086348207882055
-0.0911090045215085
-0.0870210102542645
-0.0722282217553591
-0.0463515769512689
-0.0209335982590679
-0.0084766771785369
-0.0344756542337652
-0.0341525933735631
-0.0424290115992565
-0.0732352194086124
-0.0597442036194693
-0.0276343958195577
-0.0240068126459648
-0.0171926649375426
0.0163477469821717
0.0234057005624383
-0.00435863293699566
-0.0132791922870433
-0.0121347088382945
-0.0185270888279244
-0.0277076185668382
-0.0270913774320545
-0.0189356065552357
-0.0310364795529426
-0.0223659559997578
-0.00969333906609593
-0.0310388618484598
-0.0456405369151445
-0.0262847638320949
-0.0265246163509716
-0.0466732531369814
-0.0480772643299305
-0.0280228793821781
-0.0325093310846939
-0.020602037393106
-0.00752581200327404
-0.0123878296128912
-0.0240172171964038
-0.0235666986594248
-0.0226601864938221
-0.029437075946491
-0.0287667639649682
-0.0184768299909926
-0.0196139293762299
-0.0187385010136324
-0.00504730968097844
-0.00303420390563154
-0.00362613981495595
-0.00593513205253685
-0.0122042438888684
-0.010025407852346
-0.00942963749625519
-0.00480508489080335
0.00793439265167069
0.00550683226992271
-0.00709026639866744
-0.00780232114626417
-0.0127898562991547
-0.0193233005588464
-0.0168470248056438
-0.00918679013297867
9.86674604028237e-06
0.00305642842846152
0.0142363551908557
0.0109144683056223
-0.00655014553071932
-0.0138459024850392
-0.0125846200655863
-0.0176615902729225
-0.0171721476090083
-0.0136122331548736
-0.00658385085048309
-0.00231312775781725
-0.000781544887722342
2.73494354729341e-05
-0.0018416181713993
-0.00774599448683375
-0.013741243776325
-0.0130125368246981
-0.0107825628121226
-0.0127105680142745
-0.00859192236814171
0.00299054380868335
0.00645853711150076
0.00462961122009124
0.00936825935328523
0.0074872328165924
-0.00133030191357298
-0.00367097819503236
0.00607023830165421
0.0104857401201581
0.012226902458742
0.0112600437370572
0.00213663448505103
-0.00262209721800556
0.000160414736824213
0.00185075489480387
0.000627828728506003
-0.00127012412916925
-0.00129983373135809
-0.00483234700236834
-0.00594695380839361
-0.00268876301880323
-0.00158623594778183
-0.00251558129837229
-0.00610125579588532
-0.00766871182814602
-0.00534324204044202
0.00274423770431226
0.00325648688642181
0.00103621377483079
-0.00172439059125219
0.00333034156866409
0.00690925089404816
0.00215444973497821
-0.00151958284345616
-0.00447105554934047
-0.00566810941377271
-0.00477331343774547
0.00342768481730212
0.00572887539115683
0.0108180669528468
0.0192386633557732
0.0225446925579901
0.0208540976264543
0.0221930677375958
0.0185780460818487
0.00421269739366367
-0.00481775474260062
-0.00295470162859325
-0.0025224678183396
-0.00206817873337328
0.010017486003976
0.024989895183062
0.0150480938737653
0.0134481188881423
0.00826339493863459
0.00134752177764459
-0.00182295008026149
-0.000443174818760818
-0.00119024303948594
-0.00377671788594459
-0.00481401736935058
-0.00595974492394363
-0.0091550825633073
-0.0149778754543398
-0.0170136226126406
-0.0111744488937447
-0.00611492863811975
-0.00509483900992332
-0.00257680114592801
-0.00608443247192359
-0.00673805809583221
-0.00552523166553809
-0.00587164300659726
-0.00704627499962779
-0.00707582222956869
-0.00709505746835905
-0.00669525994537138
-0.00677754983337179
-0.00834629781931077
-0.00970461932887609
-0.00911139664017821
-0.00874325134809344
-0.00517730065117556
-0.000940729384236447
-0.000595725324722044
-0.000351312728098564
-0.000761761325718404
-0.0035349415451306
-0.0111719317667076
-0.0106067344929109
-0.00717254184508603
-0.00852085711879046
-0.000884055053205996
0.0104369154913977
0.00836286628710093
0.00215990190630822
0.00192560839635172
-0.003093473564087
-0.00902203572361556
-0.00587391742365413
-0.000409272909872539
0.00384752213128786
0.00243157139249363
-0.000838611399132696
-0.00301825057425201
-0.0122853593399615
-0.00770524831574125
-0.00353407125933827
-0.00395808241088023
-0.00179598183016802
2.4417955932339e-05
0.000615818453598148
0.000669813841893743
0.000848958703879868
0.0023371978488282
0.00897230665879295
0.0226884233834514
0.0237380142485599
0.0171121084861516
0.00231611160704477
-0.00699623756313115
-0.00527052689219674
-0.000844759980105554
-0.00144757384324537
0.000220798361211702
0.000513230696750646
-0.00411410528616489
-0.00468764659864201
0.000345583981563269
0.00476856403168522
0.00158523814322652
0.000158574486864168
0.00241417583073293
-0.000957325358278189
-0.0133780421132072
-0.00306987136639242
-0.0107445139634338
-0.0217908078732602
-0.0176511974088546
-0.0171440278109341
-0.0242626611225121
-0.0201627428661818
-0.011005181836321
-0.0128033842814549
-0.00364896326141568
-0.0101359046242513
-0.0260550231825407
-0.031114669176878
-0.0306961294169608
-0.0394549661204743
-0.0420581942925473
-0.0231898895269617
-0.00230791065629625
0.00152204223407949
0.00627458107101688
0.0165394789933447
0.0114609409502387
-0.00915686172602568
-0.0211900959170523
-0.0260675189917073
-0.0385850119535203
-0.0383603861167304
-0.0220564394538124
-0.0181573847362248
-0.0170096375382883
-0.0171736337997729
-0.0128232393686766
-0.0146712877312119
-0.0152585160775803
-0.0165934593050161
-0.0236186064987425
-0.030693090106782
-0.0259438116927111
-0.0326340425118281
-0.0334808043503005
-0.0241284134624244
-0.0136029047722924
-0.0211862151944173
-0.0177283809175499
-0.00782849885558817
-0.0162657464508939
-0.0368514592008832
-0.0426116657919583
-0.0437547758138669
-0.0533287289598724
-0.0441954786351741
-0.0148589578387229
-0.00124508127817952
-0.00655176248130248
-0.00460872989997616
-0.0145283032224872
-0.0616510760356129
-0.0771162900805152
-0.0568090909556627
-0.0425885875721161
-0.0359604430197574
-0.0289113289085932
-0.0146006935465177
-0.0138319172332163
-0.022349818095508
-0.0285432459474345
-0.0219862604221538
-0.0174247539277413
-0.013331407244949
-0.0116628108466743
-0.00733817210738438
0.00176441423892161
0.00219204177145657
0.00460607949904146
0.0119614513543252
0.0118124034658664
0.00541431157733838
0.00547564103648515
0.00466317826184724
0.000562900078271693
0.00579567501202459
0.0208094813533419
0.0203415423791564
0.0100963749208408
0.00828057559537129
0.00605361883719295
0.00838239057653973
0.00609060041036885
-0.00555463541789829
-0.0106364992577167
-0.00574963069823522
-0.000298153909429243
0.00381310206999394
0.00225297666190932
0.000627468857146646
-0.00617513331236391
-0.00544881535765843
-0.00852192832149207
-0.000441203717355109
-0.000145508492147859
0.00174848373675133
0.000768675113103587
2.37066587096508e-05
-0.000178684003561481
0.000109091952117183
-0.000600094279224606
-0.000606516933749765
0.0065325538578151
0.00692091423220679
-0.00192890399413341
-0.00612313645168542
-0.000534051822916504
-0.00113493079431094
-0.0101282936785702
0.00346966179336548
0.0247235492856071
0.0241464409813874
0.0205137292408726
0.0204592493222046
-0.00235056595186875
-0.0256381112708006
-0.0174481253233117
0.00238534216507101
0.000117727954588549
0.0167301323529282
0.0489805996842612
0.0411396123383783
0.032905410173111
0.0399309908123288
0.0256686517238621
-0.0154093147580835
-0.0284098046340917
-0.00658445053561582
-0.0081618528895004
-0.00241930944649775
0.00840669650290587
0.00387362852414588
0.00379148922159613
0.00473235003864965
0.00443714844183841
0.00407060556000715
0.00587483837115033
0.00408241119763493
-0.000801678850412869
0.00401673911096137
0.0111563558238721
0.00724997405026978
-0.00145321700831151
0.00188969574609686
-0.00213035737502223
-0.00292348175506229
-0.00302515422459022
0.00539762246992015
0.00206700951364369
0.00407807910011375
0.00369782299489035
0.00156067730339213
0.00178679153936893
-0.00107062025175069
-0.00437348747915515
-0.00550303645730654
-0.00506895231554567
-0.00247347457944298
0.00648847234629843
0.00198295566799638
0.00313346299611536
0.00432880714116243
0.000522629377293117
-0.00227152578922025
0.000497207458337946
-0.00601881447496513
-0.0179273661809688
-0.0158810753530327
-0.0138585681101957
-0.0197508072376209
-0.0180300957865435
-0.0130614558743912
-0.0168855218108583
-0.0231778167953922
-0.0142517534941672
-0.00329600540407493
-0.00558211053569693
-0.0064192031379669
0.00180171783206062
-0.00289013556230768
-0.0204929174152268
-0.0287360581632899
-0.0256189467570189
-0.0170074636399284
-0.0199748803828069
-0.0224602534208048
-0.0275328588279976
-0.0139157310195795
-0.0146832963939343
-0.00824196862134399
-6.13738890562145e-05
0.000942372541174702
-0.000538600128017814
-0.00272869501214434
-0.00386385918715703
-0.00562677925502117
-0.00302700052729595
-0.000738590739013391
-4.18108463554503e-05
0.000219741169969903
0.00159832368313811
0.00113728931699917
-0.000947236421496941
-0.00188174202703077
-0.0026669876830393
-0.00366648596743397
-0.00331429985064778
-0.0019250844803047
-0.000673684910693924
-0.000435249757396017
-0.000756697501979137
6.4429017270423e-05
-0.00222038389455348
-0.00133980170595392
0.000240821706989427
0.00117532185214062
-0.000979391337131349
-0.00200786201821075
-0.00155301610130924
-0.00305179860876839
-0.00615140740298109
-0.00842849833517039
-0.00741690758738378
-0.00582099604894063
-0.00234965307322873
0.00374303068574822
0.00236527249866278
0.000740624719992965
0.000332656295330665
-0.00234162776948495
-0.00547488537957456
-0.00267999160288027
0.00386121929974176
0.00556325635177422
0.00473818585126264
0.00117833043817621
-0.00434553296960631
-0.00529653614832101
-0.0024681075838818
-0.00171120843444002
-0.00270347756527934
0.000252625519263277
0.00280572930665488
-0.000661155382779521
-0.00552354983852224
-0.00270960597451492
-0.00136397544409166
-0.00321060353835781
0.000405443718288655
0.00386607555144684
0.00216180084899719
0.00148933286566974
-0.00141395678148855
0.000218066391992893
-0.00284439407594568
-0.005005384337051
-0.00942861484763807
-0.0131822737183936
-0.0110212293593566
-0.00822759469027813
-0.00575575548216604
-0.0025357959944676
-0.00246431064556073
-0.00195630216990948
0.000766758131951003
0.00173460046157826
-0.00208091824895903
-0.00449393667618074
-0.0046763694675298
-0.00608469003572781
-0.00647007518398156
-0.00233514521037108
0.000221041303276362
0.00118540476801027
0.0012243588410338
0.00267907284844761
0.00108216920142934
0.00152140311976111
-0.00166936686290609
-0.00306052472166302
-0.00463589430265425
-0.00398548938026763
-0.00287796035886147
-0.00318437460631352
-0.00295361969850929
-0.00655068621412893
-0.00788851459329746
-0.00754223658973217
-0.00456412390340693
0.000294789467413053
0.00204555746063574
0.00616767830057767
0.00515454407389412
-0.00475372562668912
-0.00978422483331886
-0.00752783384374139
-0.00590645730318896
-0.00542378722865125
-0.000296903772720965
0.00427755638608895
0.00225190174946305
-5.92774375805004e-05
0.0033958074749165
0.00889247037020761
0.00428050394553139
0.000130179816929758
0.00038740333763929
-0.00121073144234204
-0.00506931301044225
-0.000761888799543199
0.00263335671103589
0.00368562857741452
0.00610087003319538
-0.00163556143906565
-0.00347373370662701
0.00106113641814958
0.00174842526128819
0.00290817940199386
0.00641386493584267
0.0103489026242862
0.00627428940887478
0.00225458008654352
0.00111994226456552
-0.00291089104403245
-0.00515270179432452
0.00269998527366963
0.00850138459084889
0.00861240775175927
0.0110910811860278
0.0101105890852867
0.0013936938182901
-0.00159003858773634
0.000180419434744153
-0.00457114843361059
-0.00368031226013637
0.00666520704383697
0.00546886752289961
0.00469810991057932
0.00323968322403045
0.00239807654468617
0.000704524735938558
2.28171827242359e-05
-0.000486752422032565
-0.00052059517616676
-4.4544748108442e-05
0.000248124790272629
0.000299294789850753
0.000100905214978457
-0.000545548861678533
-0.00216666166723253
-0.00310987445058361
-0.00322308592384399
-0.00274346974383243
-0.00194834195682249
-0.00132548166037676
-0.000322883556476339
0.00029802394285497
-0.00110175771917724
-0.00343699363417145
-0.00315469516922815
-0.00345427527759224
-0.00520641812244044
-0.00791198753714059
-0.00855848526966885
-0.0134103729149104
-0.0220192826786312
-0.0192771871065544
-0.00860768674019884
-0.0062004230829124
-0.00171834880374756
-0.00202322892406003
-0.00314509215164714
-0.00809034580704643
-0.00741489128057959
-0.0088934463650152
-0.011462517530029
-0.0111580184414638
-0.00723927644226804
-0.00519814969662003
-0.00384599147749216
-0.000223435112405134
0.000832416773875287
-0.00339602314153223
-0.00583029615990614
-0.00685617401241158
-0.00952385817196691
-0.0069146358969674
-0.002397329608606
-0.0013444403209243
-0.000753013806339235
-0.0017001469267737
-0.00518196173112881
-0.00820210881741215
-0.00752487965172246
-0.00586298407092267
-0.00450013845935801
-0.000439383641756797
0.00242962153126316
0.00151437469479707
-0.0040585092134135
-0.00553315503256242
-0.00763365230339381
-0.0122240936473068
-0.0118918061515756
-0.00873236924264539
-0.00693796310683967
-0.00553859995748369
-0.00260088958364398
-0.00167809061283341
-0.00373422354864512
-0.00393553748337537
-0.00314785904430383
-0.00644032905929152
-0.00778281328119154
-0.00541560247663939
-0.00285271244325324
-0.00241425687963889
0.000700201577586683
0.00549650112211827
0.00691071991465502
0.00437550815417664
0.00320992738759173
0.00274438195478215
0.000736684650376086
-2.10939601077574e-05
-0.000307236438101784
-0.000954062631885719
-0.000686638287596723
-0.00111462838455473
-0.00121566109962243
-0.000742358145522346
-0.000843825628236434
-0.00120729080367791
-0.00110542278842509
-0.000862624414197741
-0.000509429720271798
-0.000187529793463189
-3.01213522929507e-06
-9.112420713092e-05
-0.000104920302798076
-0.000309656075306647
0.000910369524489391
0.00295730283699074
0.00203430336455248
0.000752649855438798
0.000303440150994071
-0.000218453909545751
-0.00111537926764522
-0.000738620108955859
0.000476443531672583
0.000807279892453514
0.000838585783001648
0.00109383956560723
0.00124653895864457
0.00127979576445273
0.00241772149737511
0.00360567663274314
0.00241464503129658
0.00215200132917682
0.00437717048345842
0.00592250921312996
0.00467555355959842
0.00384039790113219
0.00346608294659449
0.00134900223827353
-0.000166405510595177
0.000357645538597861
0.000346321797703414
-4.69358949806104e-05
0.000602940106355275
-0.000435576255295671
-0.00164993424549409
-0.00168051296875855
-0.00245753359777368
-0.00262364300908966
0.000345495387558647
0.00112480325979044
4.51697766896655e-05
-0.000692620684904209
-0.00120403045384873
-0.00149605043400958
-0.00263955120639941
-0.00188059777378682
-0.00250783772238263
-0.00284310270720423
-0.00364988721200172
-0.00280590597302131
0.000179987117315713
-0.000294475228629857
-0.00219517689686128
-0.000676933786454174
-0.00145444941397558
-0.00336279239374152
-0.00592002533935471
-0.00434168605678585
-0.00202429724308752
-0.00104653984395322
-0.000110991329139697
0.000467380607263574
-0.000388629239980252
-0.000414633607982407
0.00113862835013096
0.00314397115514837
0.002258909904378
-5.21160023418043e-05
-0.00145469241500379
0.00056410638726534
-0.000643400202003592
-0.000782423153947177
-0.00167422632230979
-0.00103761436028344
-2.52264121740776e-05
0.000966690279950023
0.00243448250417916
0.00200035834355049
0.000913215901027578
0.00110497487982532
0.00184261299009107
0.000557299586356197
-0.000687050115114289
-0.00105409212119329
-0.00298183591668801
-0.00538426597590738
-0.00516261040468661
-0.00372713112974368
-0.00277485186177595
-0.000566134457941642
0.00130482072438096
-0.000565366985923594
-0.00238082271121702
-0.00219074592831154
-0.00301347378632896
-0.00731873149335739
-0.0080281520516117
-0.00776473901449364
-0.0100364996677264
-0.0100359906167901
-0.00825409679615906
-0.0078452975969432
-0.0077044927907599
-0.00498560589496618
-0.00507366611783052
-0.00432442597221442
-0.00159808186312194
-0.00153926253801853
-0.00433922557880415
-0.00532403275881728
-0.00537579476133539
-0.00628466091912183
-0.00568876542025067
-0.003186232188857
-0.00193293101163307
-0.00162041172643913
-0.000136797102310611
0.000229509779535599
-5.09780883839677e-05
-0.000312647540483678
-0.000528801655790734
-0.000734882014557312
-0.000487335710655958
0.000256491961469482
0.00028322363465197
0.000139664359804704
0.00042713497109932
0.000119389868259464
-0.000562033629297277
-0.000369903701134954
0.000186504334249876
-0.000198768569666081
-0.000341934658455424
-0.00152475555425019
-0.00285983366800092
-0.00307245108112652
-0.00348527027255513
-0.00421909095845553
-0.00346694836946387
-0.00255812294210787
-0.00147496972873425
-0.000906944253572903
-5.81780026145887e-05
4.91779693410709e-05
-0.000200997046238882
-0.00117097893786847
-0.00106071856765536
-0.00104526821649104
-0.00130161942594507
-0.000686194917090973
2.53942096244737e-05
7.58561861555183e-05
0.000200772596735182
0.000463396800149775
-0.000113668779798285
-0.00126225742570634
-0.00180230849070779
-0.00180709480338155
-0.0023103779573569
-0.00238737499879303
-0.00111838331274884
4.06909413857919e-05
0.000244274983275666
0.000850192975176387
0.00118266727757219
0.000614163280061345
-9.8084216364491e-05
-0.000844875508903039
-0.000511283887798062
-0.000291996739590517
-0.000299320382267272
-0.000525812859244803
-0.000991382966197783
-0.000740536422745828
-8.34138856127334e-05
0.000233816901076004
-0.000108662480612107
-0.000219620683040033
-0.000322624762867102
-0.000918154752451898
-0.00134537985143524
-0.00124973272385817
-0.000947833355930532
-0.000565845683363814
-7.26292855746699e-05
0.000366696148183232
0.000192371097244128
-0.000704959265151754
-0.00149065954667357
-0.00129630461750134
-0.00150445644287582
-0.00147974378717286
-0.00129144282353338
-0.0014752611501666
-0.00113224492209362
-0.000462370034594367
-0.000934467105121668
-0.00169703087934028
-0.0016994968109568
-0.00129869836024153
-0.000809057634179648
-0.000474405813125034
-0.000113234848918046
-0.000238643700758015
-0.000184646430848812
0.000255431152522851
-0.000497178450971804
-0.00101991284561544
-0.00175989343441533
-0.00266809089330419
-0.00266039637334386
-0.0022026989289371
-0.00175309991442206
-0.000980084549091295
-0.000206101855326472
0.000102386248351695
-0.000447034174956663
-0.00149037426426741
-0.00371962492699461
-0.00476975478998663
-0.00413008093171088
-0.00312060592809949
-0.00145845656997883
-0.000259915044894324
-0.000479526505384229
-0.000746454063182163
-0.000845539359715383
-0.00147078395798557
-0.00189008210269674
-0.00187139494147047
-0.00186114394667956
-0.00174546997199253
-0.000881273997796328
-0.0002609923744231
-0.000295815910418769
-0.000678008728935058
-0.000902187047449714
-0.00119791215965593
-0.00175183631983132
-0.00187258875724534
-0.00139462458054955
-0.00133654734534192
-0.00138110027087606
-0.00159362348639244
-0.00117830213631394
-0.00214966314441741
-0.00143785981834341
-0.000923295243702023
-0.00107119381695181
-0.000630666626495276
-0.000399779133872669
-0.000653748713449022
-0.000847921486464407
-0.00101582648014032
-0.00160737792616113
-0.00182970873373567
-0.00144520677211312
-0.00105833842909526
-0.000863972721168033
-0.000354932971354157
-0.000649776236762891
-0.00135616773831296
-0.002049241799652
-0.00189118820091252
-0.00044615256141335
-6.16388026854714e-05
-0.000573095344654418
-0.000851877465419199
-0.000604466132217705
-0.00121551491329898
-0.00108063098085516
-0.000176531498702523
-0.00037940469274776
-0.000256971886424074
9.28411853153732e-05
-0.0001060197321136
-0.000455059517817538
-0.00103207020021715
-0.00178165929516957
-0.00232598010886224
-0.00235564623683563
-0.00185896611012933
-0.00119699262918116
-0.000707900772766295
-0.000174917598369468
-8.37778569742784e-05
-0.000829655596093768
-0.0019819024356754
-0.00318786662819626
-0.0039513352164039
-0.00391046060861596
-0.00293186508087315
-0.00138716777814582
-0.000627954208015871
-0.000516557438819688
-0.000288259231043811
-0.000432204848201721
-0.000754101391667702
-0.0010104507240887
-0.00115768195105327
-0.00134035837687782
-0.00135521182109357
-0.00133417260666723
-0.00133417260666723
