-0.999559155382931
-0.999559155382931
-0.999426165994526
-0.973765292203117
-0.95616659085845
-0.925407739963064
-0.848182285625547
-0.79708822030646
-0.792546748963336
-0.757736371149247
-0.673738320898302
-0.629664115828277
-0.619682555690131
-0.543414862374787
-0.470618528115686
-0.4207040535647
-0.411575879451402
-0.384030048262892
-0.333219287979173
-0.341721058139634
-0.372138411480134
-0.335759259714283
-0.312131434928662
-0.318634927111793
-0.23568268497527
-0.109237151957998
-0.0875378908030551
-0.101600595430722
-0.0889785648481823
-0.141693985938126
-0.249267890962242
-0.25719004463327
-0.186659295687047
-0.161246017780078
-0.126037581324967
-0.0782616114776252
-0.0783476102791686
-0.114271437667003
-0.114582295603115
-0.103624606141131
-0.116929352148453
-0.148879033724203
-0.153015304670984
-0.165764383766781
-0.160590158858343
-0.142393312218362
-0.143488220177558
-0.136685833759539
-0.1210894962017
-0.130260313488497
-0.139478412506349
-0.110292197371921
-0.108268816284907
-0.124371207511567
-0.097600964442727
-0.0889171124698189
-0.0912170284473612
-0.0532818343000438
-0.0294745690596382
-0.0586007951469091
-0.0702524723103701
-0.0594300113084281
-0.0764813816634007
-0.0839172871029539
-0.0727346975092504
-0.0631779159977222
-0.059331290776295
-0.0493796279450645
-0.0546239525684476
-0.0788516836701907
-0.0974298265340534
-0.113991848122453
-0.108119130921634
-0.106514610077628
-0.0942196038830135
-0.0668896935989918
-0.0491290285929808
-0.0567575413424075
-0.0558617257874326
-0.0492014423969222
-0.03834551980763
-0.0356766984737759
-0.0346543501197069
-0.0159116587664824
-0.00551427820003043
-0.00569121184998657
-0.00344724194840596
-0.00493983336128319
-0.011193868075633
-0.0157419657234442
-0.0208691935456614
-0.0262670362784025
-0.0298229868494865
-0.000850752712219311
0.0124361672708499
0.0009537908981367
0.00388112373641287
0.0140294849359704
0.0014878237498686
-0.0119359960725025
-0.00602712165324107
-0.00377669456042361
-0.0107738109530012
-0.00732806217597966
0.00201643625320938
0.000486821308681771
-0.00318298080408244
0.0160186306266811
0.0168460303978332
-0.019986184088932
-0.0252638445764603
-0.00800640352491678
-0.00550029253209161
-0.0240614508039426
-0.0232683070127845
-0.0140305904443413
-0.00576474570972126
0.00312683694616239
0.00297971325506279
-0.004180468762832
-0.016193476096166
-0.024636819892447
-0.0246605943247438
-0.00749921629537398
0.00245036309156159
-0.00421923377881712
-0.00540288607000903
-0.00377938252059442
-0.0158716523730186
-0.0266932099276082
-0.0225765243417237
-0.016769018185009
-0.01969343553484
-0.0151095841958825
-0.00459723332292176
-0.0067586816013374
-0.00879072473878205
-0.0102390420175013
-0.013166458843568
-0.0195123734286666
-0.0235764456577509
-0.0308628766786678
-0.0257660548337114
-0.0183206816384668
-0.0156667993552034
-0.00743041076711976
-0.00616722595542736
-0.0104029848798705
-0.0152708809830466
-0.0204393612004807
-0.0264835732341348
-0.0298182571165507
-0.0278946559523207
-0.0205493470274743
-0.0105546657828182
0.00371234544174548
-0.006366238298936
-0.0237513847229634
-0.0248025366892916
-0.0181828883471535
-0.0151667704615058
-0.00647774987753595
0.00528833646088087
0.00493806334916714
-0.000895341490267433
-0.00381513259405096
-0.0115464651869866
-0.0223295129463658
-0.0213859806532876
-0.01080232162617
-0.0183967978606874
-0.0103750824386647
0.00407217616418436
0.00330752296654025
0.00206204017307547
0.00322850921211583
-0.00121177365353548
-0.00875232846976128
-0.010778962917724
-0.00939801498929398
-0.0145535326158521
-0.0191702698291811
-0.0233998405766549
-0.0273403071303123
-0.0233142769550878
-0.0225951088163071
-0.0197588052093436
-0.0120860362622633
-0.00939934056955179
-0.014293803585937
-0.0172632186260007
-0.0160089541237308
-0.0270689652637442
-0.0361021197553006
-0.0318992457699538
-0.0285486487158757
-0.0380915858053231
-0.0334208693614445
-0.0181148119783952
-0.0159473729337722
-0.0210642607896974
-0.0259359927950079
-0.0193812079525182
-0.013909221082214
-0.012071325405631
-0.00527171763870111
-0.000542676817720016
-0.00259457696201678
-0.00397233339925562
-0.00453699046658855
-0.00863530036685394
-0.0116296465456479
-0.00956411245804346
-0.00674524247061995
-0.00627825970761887
-0.00323366918646358
0.000183391792324614
-0.00100560974836021
-0.00659724649865574
-0.0072191038273043
-0.0113414485496664
-0.0212558265402776
-0.0236560376278542
-0.00746871084868258
-0.00556435258615696
0.00236972571081907
0.0146345326999777
0.00841799697130679
0.00540614536600539
0.000621860154727335
-0.00726049597346413
-0.0114987674869976
-0.0111801392249095
-0.00938522931171072
-0.000949158603328741
0.00773841637269039
-0.000621314481379207
-0.0120307274005646
-0.0161676245330197
-0.0194115299457776
-0.0260852050760715
-0.0225967635174072
-0.01249911375959
-0.00822138696336761
-0.00385959733997279
0.0060740200353091
0.0117610255641256
0.00984210954202935
-0.00932529658646664
-0.0161256048057505
-0.0136084189686345
-0.0139736836050754
-0.012357112534188
-0.00184786573659484
0.000848016177995983
0.000196830484472339
-0.00342341481685157
-0.00195360965815194
-0.00661366719206822
-0.00773757796814936
-0.00730370084018872
-0.0127033699849809
-0.00722820211102977
0.00472752474032241
0.0044913074660504
-0.00116202595242985
0.00106447803524988
-0.0064931070706476
-0.0238165818773133
-0.0335651250264793
-0.0294004954975911
-0.0316005346163226
-0.0348411885772509
-0.0175530163052671
-0.0103877259522476
-0.0155750047212401
-0.0172970208410352
-0.0083095132778579
0.00278241415593584
-0.00282590245967249
-0.00244388919136799
-0.00404415753931501
-0.00631588296585994
-0.00239057557167547
0.0050711295696311
0.0027783753802846
-0.00452352070379676
-0.00944057135633753
-0.00603374465713969
0.0034710563023645
0.00438793993156341
0.00713518809012038
0.0160419562539794
0.0184714495992715
0.0170213474079101
0.00940373905593465
0.00375779691784325
-0.000695874224808586
-0.000178323672318033
0.000918418705567156
0.000235345367517954
-0.000685417693458863
0.000277138969261508
-0.00794494690202755
-0.0126575586362556
-0.00843642055944093
-0.00516806096872842
-0.0044071137613636
0.00345995626587323
0.0118864880980008
0.00427389531957001
-0.00519989002762406
-0.00904751023624481
-0.0141112962336593
-0.00744271446265699
-0.003156355188406
-0.00293990140182558
0.00640854509265455
0.00841358195833355
-0.00554717958236321
-0.00805168989349277
-0.00361938344288525
-0.019778078103369
-0.0380162324805889
-0.025659296944947
-0.0147377208374539
-0.0250628454612054
-0.0168478429503893
0.00806517490865293
0.00880329676344411
0.00201033785456571
0.0179319773366949
0.0198894659475657
-0.00574513971661024
-0.0212717422373274
-0.0209856282050633
-0.0291857558211285
-0.0271351228241261
-0.00767207072455299
-0.00131375988169772
0.00198998997319251
0.00192706193577068
0.00060975194187118
-0.0116189589852152
-0.0207241000069228
-0.0345396809640799
-0.0410871728145126
-0.0386962904664837
-0.0227430075999633
-0.0151403416930297
-0.011354896911253
-0.00332439866150211
0.0026272755210792
-0.00334520779793928
-0.0111667636938254
-0.006846295027877
-0.0160169585548152
-0.0166688755318155
-0.00579258985855532
-0.00131337786513999
-0.00132291038418504
0.00284042028122412
0.00329126060597097
-0.00453259701887733
-0.0104527529793825
-0.00876077696394558
-0.00742151164577349
-0.00594285984440364
-0.0019216071153076
0.000561282026341432
0.000760569534085704
0.000575502549386977
0.000517808480888658
0.00228368578057683
0.00131394583327046
-0.000675249894795021
-0.00875991074697684
-0.0179884792760631
-0.0267416422190807
-0.0224566937550785
-0.018289008327562
-0.0144152375900414
-0.00945138216356962
-0.00374369325490825
0.00038594766883353
0.00445077867275456
0.00253967231578421
0.00154798932103033
-0.00102592590337233
-0.00475209136671327
-0.00652531861241915
-0.00529881197680791
-0.006461302333614
-0.0100702114694951
-0.0107578007256031
-0.00963420137977994
-0.00510447228908442
-0.00540395992030942
-0.00357504581709526
-0.00270035827848319
-0.00516177198324232
-0.00348381627467688
0.000640280405861027
0.00170988991864927
-0.00122962227032435
-0.00215598256764067
-0.00209497083635925
-0.00391091056974344
-0.00624582216507144
-0.00445469193871221
-0.000603570386739575
-0.00120521740900839
-0.00244286442899366
-0.00109062571560457
-0.000100559879887356
0.000775295438500369
-3.26195807465561e-05
0.00288095399951507
0.000628637385805095
-0.00374778115684214
-0.000286174253794978
0.000511199963043483
9.14224667204667e-06
0.00116634813809562
0.00493888969087416
-0.000640410611046952
0.00366130235090346
0.00553653983283948
0.00204263163078827
8.2154686709115e-05
0.000414398995157626
0.00411431256151785
0.00447572426725105
0.0122097807071653
0.0202693008619896
0.0087167041268596
0.0142028289833323
0.0199379890025262
0.0185466122208181
0.0212269505038657
0.0317771400701072
0.0296817158636162
0.01520948081576
0.00948671556526732
0.0107296628615035
0.00600979889042815
0.00463909010042469
0.00774055451104787
0.00584787514768969
0.00429206302227167
0.00481176366486468
-0.000301286576214966
-0.00143884904686755
-0.00195235541922969
-0.00619148146085233
-0.00468047672120165
0.00554103934803128
0.00694489399619697
0.00523701980381323
0.00617231606565756
0.00538742874678504
6.37112298541116e-06
-0.00316730112103839
-0.00274089791852711
-0.00490261473752242
-0.00782291596761592
-0.00761586219036163
-0.017935141608117
-0.00740365805176244
-0.00840160515797065
-0.00207101487974224
-0.00482435293402211
-0.00474004207750844
0.0030835210346612
0.00199049477720097
-0.00727009748346282
-0.0084108601708259
-0.0124287843037733
-0.00893893738588871
-0.010770952710006
-0.00641058431517028
-0.00527823582696956
-0.00583577822093719
-0.0020449280972374
-0.00390877471163551
-0.00529160634936014
-0.00662152607836259
-0.0071437829468723
-0.00856004413228625
-0.00895571614248543
-0.00689721884233386
-0.0047011858786386
-0.00453354789792725
-0.00335147554958773
-0.00348093491545308
-0.0134729951652171
-0.01842575651501
-0.00306230695565804
0.00226795061528132
-0.00084408265366389
-0.00103747062680988
-0.00359508978726117
-0.00555430096354746
-0.013497177243905
-0.0173450369267397
-0.0123531523403063
-0.0119908006080039
-0.011264145437822
-0.00159874043572037
0.00183018395775685
-0.00500971243103854
-0.00911306419049078
-0.0074962726686636
-0.0110641520432579
-0.0168748198201463
-0.0125126294765061
-0.00603406665525463
-0.00777027552691981
-0.00304327089389075
-0.000451887570478024
-0.00407362613565763
-0.0140515174543852
-0.0223714921082252
-0.0249842356759656
-0.022367384331417
-0.021782904703089
-0.0205794682467238
-0.0207548068296553
-0.019202446162595
-0.0204405673703922
-0.0253655562430663
-0.0277023247503678
-0.0203635059412871
-0.0221877132257988
-0.0289872831317283
-0.0209346779558673
-0.0147603253603638
-0.0137780364731526
-0.011925195663557
-0.0104642555766595
-0.0119432582787583
-0.0128603028060059
-0.0125557804864399
-0.0117559368354547
-0.00980644275614469
-0.00746017087598573
-0.00419754558709407
-0.00282400246795244
-0.00320135763141209
-0.00100007648206248
0.00322587622497532
0.0029676092212474
-0.000167749670778438
-0.000347850807257969
0.00738051017939454
0.0052526036037708
-0.00714828392284079
-0.00146847377502586
0.00101666117347163
0.000496708000229978
0.00217000291603798
0.00108316940126034
-0.00350200528492449
-0.00271489726161556
-0.000197875279369965
0.00122601802948913
0.00144978948431308
0.00182008411817566
0.00178846338291934
0.00126125067608369
0.00158307108682972
0.000515272487662978
-0.00291136055532771
-0.0028591966134625
0.00190462754123011
0.00317722887454653
0.00222431042432535
0.00482857642547308
-0.000403835547972495
-0.00862963990044906
-0.0075129789565418
-0.00649044556382117
-0.0053347302081113
-0.00575340639836111
-0.00499144531801311
-0.00212419231242569
-0.00131974993260293
0.00289837000768143
0.00493962488844579
0.00509333640215024
0.00235732109540979
0.00268192975413775
0.00268143098164617
0.00416078557309624
0.00452864222212193
0.00217941995063944
-9.44349786143903e-05
-0.00853052072061196
-0.00273620907387093
-0.0028847890786503
0.0015555416630855
0.00210844972692988
0.00209188014517568
0.00122548822093872
0.00446979665938519
0.00268020488156731
-0.000148346117432632
0.000175600659225759
-0.00146932269742272
-0.000780265094224783
0.00250558211201572
0.00414164505384807
0.00557233457193283
0.00987257044349614
0.0106143142191457
0.00478782714488578
0.000896325265187299
0.000409269003887674
-0.00300275150474166
-0.0050450010216388
-0.00312091294377833
0.000392573492675743
0.000719237455290966
0.00128303805642368
0.00375565661996
0.00082700682880957
0.00343870797996984
0.00426485289086307
-0.000513293467712496
-6.27422229316872e-05
0.00103429864143668
-0.00072901673366352
0.000168884363545422
-0.00191456829694002
-0.00515301624139196
-0.00745456368872509
-0.00754268389043168
-0.00726033997832502
-0.00679498310887062
-0.00420167200039948
-0.000953337633234787
-0.000845914103930278
-0.000940512536149656
0.000530868177062125
0.00145777095633993
-0.00146060152457012
-0.0034678868524159
-0.00277007751159824
-0.00372578692591891
-0.000536294898021038
0.00882107338367505
0.00854441243783462
0.00680801480808404
0.00413993406875436
-0.0044039645397106
-0.00707794427898277
-0.00239667002880238
-0.000672516330500726
-0.000593797078479189
-2.20399399034166e-06
-0.00182878721221233
-0.000592665121877632
0.0010010200227529
0.00120741406359793
0.00202363754638156
0.00344776488238346
0.00358911828613465
0.00284980263513262
0.00242125659916852
0.00187920324495111
0.0030714324494574
0.00206169336023971
0.000507994740459001
0.000960193914643878
0.00128958558033951
0.00130058347679218
0.00169234259419604
0.000780784933596847
0.000534436256575083
0.0005178132427806
-0.00150787786863505
-0.00322041786235091
-0.00372997689366182
-0.00428126379136384
-0.00515067942903872
-0.00312809254268346
-0.000539298893734124
0.00026715298593993
-0.000314970079055887
0.000216417316447272
0.00139841200407971
0.0016115409616257
0.00195211297322125
0.00303754802845177
0.0023024241949298
0.000817751578582704
0.000733592842427252
0.000993523293768824
0.000612075623283292
0.00064601283762236
-0.000337334361902967
0.000134750697522198
0.000438256951845079
0.00344925969973539
0.00258615687305594
0.000107194349511131
-0.000585231090497416
5.90877321535052e-05
0.000179380801500944
-0.000693881954611594
-0.000620473763039615
-0.00102600901893609
0.00207580222269169
0.00499717427443034
0.00151887435723239
0.000197985869160878
0.000400392319418694
-0.0021883455790006
-0.00463812943208848
-0.00359801296189723
-0.00146956699232123
-0.0014582869959095
0.000341646918211654
0.00438940812548557
0.00346781475247788
-7.84629260346585e-05
0.000736122947561003
0.000702978557260698
-0.0036134707797324
-0.00229330601364666
0.00341646422273546
0.00134536422989677
0.00156250579518255
0.00411236707085278
-0.000585974955096839
-0.00261669338444256
-0.00259526278821425
-0.00565760335792855
-0.00825312389383445
-0.00688209434938309
-0.00936784090931319
-0.013354903276254
-0.0126384208993427
-0.00940762218784662
-0.00321462837383176
-0.00208480477674347
-0.00496084949042943
-0.00601681480245522
-0.010249207360018
-0.0178828620025205
-0.0195799517000718
-0.0162652745552378
-0.0144006446632894
-0.0101692031422822
-0.00338767355217116
-0.00111417794282649
-0.00266841928606678
-0.00328509632418611
-0.00391580369761506
-0.00541407000363712
-0.00629370155360814
-0.00373848765230805
-0.002667418073802
-0.00269305547663755
7.25662202623645e-05
0.00208719053904534
0.00217290532012584
-8.05782509836802e-05
-0.00274163277465999
0.000969799026595908
-0.00502363080335146
-0.0108020215009991
-0.0137369211529373
-0.0151824371789679
-0.0137713027787126
-0.0100394503460978
-0.0078236989378467
-0.00643693899272817
-0.00423849749818747
-0.00480124186128433
-0.00986798284515943
-0.0113929684043485
-0.0132282234045627
-0.015443158285196
-0.0154889619723856
-0.0132239128508658
-0.0132300939446959
-0.0116789649341097
-0.00686047794669258
-0.00215231105432252
-0.00236429400236893
-0.00304970689221309
-0.00554064607663266
-0.00191951512637538
-0.00260950449863234
-0.00354135471708962
-0.00461559982433478
-0.00158304068802133
0.000107356537080431
0.000767721655447323
-0.000458725419032453
-0.000477038444401443
0.000115479612136058
-0.000708947278833088
-0.000736170161048948
-0.000544925344170369
-0.00112770615954398
-0.00141131291593406
-0.000704206898172061
-0.000613776015709887
-0.00156027238505222
-0.000644114553192439
0.000439879344650266
0.000220722947494803
0.000521149401227118
0.00162130801837108
0.0013542543528705
-1.59603695297046e-05
0.000254599665317245
0.00143413232093972
0.000964906261699913
0.000529842568510299
0.00166078710933564
0.00238272363979935
0.00176548197897723
0.00176721878554315
0.00217285543933666
0.00111821976305069
0.000418240970658077
0.000144779405688955
0.000247852558841455
-0.000127022267189089
-0.00125642765733754
-0.00363791004174419
-0.00490533411003961
-0.00489621164594898
-0.00532449487384369
-0.00499860106271211
-0.00328803029813864
-0.00122822672208299
-0.000424767739192586
-0.000250073060483449
0.000563103981776613
0.000438190473822344
-0.00155389848111534
-0.00264408342931851
-0.00235327362316048
-0.00228639687846867
-0.00165923239512999
0.000336811938778564
0.000832896566983236
-0.000376886815428958
-0.000494222631677663
-0.000406053213340377
-0.00222879232911276
-0.00221429410227821
-0.00123965829568625
-0.00184790360738281
-0.00165443807304105
-0.000218882338407855
-0.000206418242872065
-0.000818328598504816
-0.00108583558574968
-0.00163774341601845
-0.00267397343642344
-0.00188025548504662
-0.000774842167881908
-0.000178082992856625
-0.0015538013767635
-0.00238989310608453
-0.00372788986844683
-0.00615992282993518
-0.00732379171179742
-0.00703233191071939
-0.00730951663838094
-0.00664187097467871
-0.00453761564294351
-0.00397741663676955
-0.00282926027383795
-0.00112149871121161
-0.000793277826029997
-0.00154424079740662
-0.00220673991725662
-0.00253789749280052
-0.00340328361110939
-0.00419437803915144
-0.00409974202022265
-0.00422373479435787
-0.00334055024424989
-0.000899283639204708
0.000167823761047407
-5.86399651810621e-05
-0.00130152937552228
-0.00262413644552492
-0.00408461154461731
-0.00743404001469192
-0.0103908482439918
-0.00878781727087119
-0.00532604481838555
-0.00397804228473069
-0.00271949399900133
-0.00144043355590478
-0.00194626573837512
-0.00344745178097744
-0.00628381274829366
-0.00696275848717154
-0.00930763050886712
-0.0126167086089461
-0.0120609438381255
-0.00939064384343625
-0.00826605486416319
-0.00661384454383734
-0.00525650720059878
-0.00284197497638385
-0.00223582450504855
-0.00143072942259881
-0.000552835518908596
-0.00191403212372416
-0.00370444028995407
-0.00453578210394666
-0.00475502952195009
-0.00570337027786026
-0.00547329013712599
-0.00639516858646883
-0.00863275068545762
-0.0081467315055471
-0.00642298554806054
-0.0054937444245292
-0.00476469494863776
-0.00337407082457893
-0.00385966464301003
-0.00508933446127068
-0.0065557328216539
-0.00744218494905098
-0.00771808781341364
-0.00737491362359699
-0.00559886579450687
-0.00426467712030994
-0.00434298133168899
-0.00511335230729998
-0.00655062898607188
-0.007988597287393
-0.0097994240554589
-0.0102802903430768
-0.0101604113776006
-0.0113276842139966
-0.0120751048280691
-0.0139188097927079
-0.0153778841911183
-0.0165701207555355
-0.0152019053995941
-0.0128351036099591
-0.0121249921419064
-0.0120143731499984
-0.011410946333694
-0.0126322014584977
-0.0157718980649667
-0.0171839188882279
-0.0172349583735669
-0.0179876389781709
-0.0160435626902754
-0.0123690157399972
-0.0101403227700926
-0.0113500268421977
-0.0119700365305325
-0.0108611015344123
-0.0101012094485992
-0.00952499343195617
-0.00810472072935715
-0.00619321241247778
-0.00607157279792854
-0.00611259835570378
-0.00747596827803712
-0.00823775997597985
-0.00829135082308281
-0.00715152685761125
-0.00315226223604637
-0.00122581410486354
-0.000678683376603083
0.000440714525468892
-0.000390464426720532
-0.00423074178655011
-0.00743884799538763
-0.00862396791775657
-0.00990989911273375
-0.0103055359466516
-0.00651660906717778
-0.00342082626898404
-0.00157382331612454
-6.18617206546295e-05
3.95434553498861e-05
-0.00214738985611117
-0.00381138156831414
-0.00495501831627035
-0.00647713415870713
-0.00670954738881837
-0.00425946946164072
-0.00166794056741293
-0.000942421658690422
1.62932560717717e-05
5.34188083353608e-05
-0.00172135670734123
-0.00269719291936224
-0.00266443052177517
-0.00312502128235125
-0.00341241289741117
-0.00207169711038138
-0.00091554793130059
-0.000830009599283713
-0.000448027816710024
1.87356305463938e-05
-0.000456524415369565
-0.00113312774368429
-0.000927392483299
-0.00109139026555672
-0.00128607397287449
-0.00103351656536673
-0.000858886639602617
-0.00125178096317991
-0.00131334969556723
-0.00108255329185067
-0.00099378445922111
-0.00106191352241278
-0.000737285205744812
-0.000694994252051301
-0.000917112780552829
-0.00122294602312942
-0.00112618936466737
-0.00102721784756722
-0.00102721784756722
-0.00102721784756723
-0.00102721784756723
-0.00102721784756723
-0.00102721784756723
