-0.983199344800806
-0.983199344800806
-0.983199344800807
-0.983199344800808
-0.983199344800809
-0.983199344800809
-0.98319934480081
-0.98319934480081
-0.983199344800811
-0.983199344800812
-0.983199344800813
-0.984460834461533
-0.983365717956103
-0.981451026447991
-0.92761424407819
-0.797288424539582
-0.759263918452285
-0.704379156352809
-0.554138033478561
-0.529163119374513
-0.617441681762662
-0.609255299562357
-0.550749632111822
-0.536055512442075
-0.486876212978077
-0.393340376753686
-0.312890847139189
-0.286728492871652
-0.297694695888352
-0.319098807339402
-0.355611124842385
-0.39265670572417
-0.344749047264377
-0.223322796442273
-0.143809778265631
-0.100404762121224
-0.0365130817832705
-0.0315465110485231
-0.127139709777639
-0.203658584408482
-0.231707560520149
-0.271118604644217
-0.268579044290746
-0.162711544804976
-0.0469201242371412
-0.0252316451297107
-0.031086379378767
-0.0411677864399302
-0.101708593916929
-0.148070437330854
-0.12987682128607
-0.110654703684092
-0.104684451590022
-0.0777592052973941
-0.0351667513079837
-0.0229557049277162
-0.0313100325991517
-0.0465478654758798
-0.0514439254987732
-0.0358315965879537
-0.00870418492764669
-0.0152857192629223
-0.0269786728494446
-0.0284028997079143
-0.0523395661798937
-0.0709719208072061
-0.0396426207159901
-0.0142583259144181
-0.0098629268080939
0.0189543605406925
0.0274164530329657
-0.0218873410955385
-0.046054846735282
-0.046233526236093
-0.0628526923083364
-0.0696863188610002
-0.035552194902513
-0.0169381557589613
-0.0259441746844826
-0.0176202926266966
-0.0104709199570624
-0.0336360388425246
-0.0506012897751728
-0.0409861325740584
-0.0488420198283891
-0.0527840625984279
-0.0303259012918838
-0.0155523692828795
-0.0176643385054015
-0.0112482912335386
-0.00406145890175482
-0.0186448681316311
-0.031228944466233
-0.0269036682032546
-0.0301904116496806
-0.0174375036475857
-0.00371447803023416
0.000873241634757611
-0.00259217342569994
-0.00438424726209357
-0.0134784798367811
-0.0149297209210056
-0.0186253404178802
-0.0199133170976402
-0.0242435651830145
-0.0291247184593313
0.00389743689802079
0.0355361793120971
0.0279392503430427
0.0189307735579549
0.0196766570469661
0.0014944480140758
-0.0173766547787253
-0.0160021466544967
-0.0217839318542395
-0.0338420687662226
-0.0128515294513337
0.0173750131946473
0.0161748558115056
0.0102729057915529
0.0167889243883158
0.00663882509255862
-0.0103859871494597
-0.00804557594149671
-0.00815953487584606
-0.0263038256524803
-0.0234342048308397
-0.00730466504778254
-0.00309170987734298
-0.0040787522930695
0.00319018833249488
0.00354000462272644
-0.00283841677788431
-0.00724086715736051
0.00177316695956005
0.0107905683113441
0.0216322979201451
0.0123173638687345
-0.00602800940494401
-0.0070681900981748
-0.0156882029339896
-0.0291951494493642
-0.0318039558222974
-0.0158413801074634
-0.00488793957439715
-0.00950855845713281
-0.0088098968575476
-0.0163164373126566
-0.0208161974334132
-0.0154937551575283
-0.0149847749134447
-0.0222211915754369
-0.0236165054064528
-0.00618980041865566
0.0104508075367829
0.00953440464248535
0.00726339697530115
0.0120420583867127
0.0101621189060492
-0.00449436371954061
-0.0115394641614447
-0.00325618087636206
-0.00131039492439004
-0.000392804089259956
0.013901297650204
0.010233839118124
-0.00246470724940593
-0.0132653019479269
-0.0125719153568596
-0.00443730658065689
-0.00308498145509304
0.000712250177794984
0.00614357247577445
-0.000823696918299865
-0.0179706594472257
-0.0195560341784235
-0.0192445309134632
-0.01176629067353
-0.00848059368168189
-0.000258474888373121
0.000552309119874444
0.00406747419497948
0.00975578705489937
0.0042788031346626
-0.00652342489561382
-0.0105965782381171
-0.0118715820219928
-0.0159555622664147
-0.00940736473586663
0.0108354208701056
0.0177049478925808
0.0115972746555893
0.0122578827161033
0.0115463512346234
-0.0101141525039429
-0.0270996975185013
-0.0275932474413622
-0.032774730975457
-0.0245890119268515
0.0087787527917024
0.0261807194760538
0.0188776652627011
0.0177634095295016
0.00922563246614589
-0.0013656928446832
-0.00312999276670103
-0.00315801306545974
-0.00999445242917277
-0.0109675211445775
-0.00911552617014238
-9.03849422956146e-05
0.00930266958592347
0.0108488398564493
0.0132084201995504
0.0186308225103756
0.0184505460949252
0.00988873280708176
0.00523604127101491
0.00504424088091071
-0.00410998957936979
-0.00705930788033495
0.00538524799457918
0.0215568831350899
0.0330530891200605
0.0413196560602153
0.0401342101456738
0.0289836935631449
0.0272547116848287
0.0246217333247475
0.0174588504976849
0.0146209656235798
0.0195460924903105
0.0238884034707024
0.0268733489696064
0.0266482376088182
0.0245652761886743
0.0133010988643804
0.0150439403545361
0.012063014828441
0.0134723366057748
0.0219722430789888
0.0245585932590875
0.0175086219598215
0.00729032194959978
-0.0052018391588205
-0.00600154255022776
-0.0173072178334149
-0.00163872109111304
-0.00109093567857166
-0.00682101445651865
-0.00812475108727036
-0.0096195085492582
-0.0242763504628051
-0.012749803291664
0.000962179899146202
0.00389298600935864
0.00828726551385408
0.00544261617122491
-0.00645353180406216
-0.00719110228008879
-0.00410320728916305
-0.00311698313306627
-0.00310759890623858
-0.000534038971013111
0.00116240875684628
0.000803365486817623
-0.00373021659218844
-0.0142732562375134
-0.00341405303754191
-0.00758498149113784
-0.00739272458199968
-0.00660094716200527
0.0108845753250495
0.0064794820308628
-0.0144287041567089
-0.0127182927475395
-0.00361225259132071
0.000786237172391091
0.00217162871742449
0.00801819541551359
0.0125993693441745
0.0101327653717104
0.00461805243239151
0.00305401079037984
-0.00711943994977727
-0.0101191640852265
-0.00633743450395038
-0.00464203254905204
-0.00559804198577664
-0.00360813409944051
0.000706594014182963
0.00145770467208504
0.000351202449734081
0.000212519448187128
-0.000748631933651097
-0.00393828905197634
-0.00561221831863723
-0.005065686393556
-0.0123363780447315
-0.00537529350576138
0.00518580337936096
0.0110832753200691
0.0155095449278214
0.017329171348036
0.0148053301413477
0.009253889064646
-0.00319832840425223
-0.00327739345251682
0.000101189495104311
0.00325681880804216
0.00156342700329712
0.00304217894181186
0.00825476330434735
0.00129971805520714
-0.0309570684331617
-0.0177421185612456
-0.0127192159581477
-0.0142311781660325
-0.0112971077877816
-0.00889160241802725
-0.00825942461013153
-0.0145396651721249
-0.0178141409847067
-0.0265516912591584
-0.0460486163058102
-0.0511530534081332
-0.0419381471018746
-0.036670271845527
-0.0366298001026375
-0.0235602988367613
-0.0209983718070641
-0.0223954894426851
-0.0312841159459145
-0.042843828063229
-0.0427215858249256
-0.0487693185632246
-0.0466542670603272
-0.0378903742871803
-0.0283886901311216
-0.0163201788907818
-0.00435906101933508
-0.000100738093289809
-0.00147420061242943
-0.00621843606423568
-0.0202201681089915
-0.0300759360561628
-0.0345175081646086
-0.0284613235678896
-0.00380559322241172
0.00545349195626861
0.00201296796325877
0.00414663307289374
0.00104607366987072
-0.00947209893229238
-0.0155166034090409
-0.0198572031984936
-0.0300856266066774
-0.0289646480748268
-0.01512338427573
-0.0145449668546487
-0.00791593701380332
0.00581362730745315
0.00411721694241523
0.00166081427310964
0.0102799368358429
0.0377251987456831
0.0114852813253038
0.0105635077982636
0.0124915134639521
0.000479295183639161
-0.0153725752865964
-0.0126179924242627
-0.00987681477926114
-0.00620774605619578
-0.00137218070832902
0.0128281060008775
-0.0103822081561861
-0.0277016871711398
-0.0401708347602022
-0.0418060805606091
-0.0637098476709604
-0.0546505838141007
-0.010012894991079
0.0121658060310006
0.0143351764116338
0.0195891589084089
0.0186130428714803
0.00344684219908365
-0.00602694950655956
-0.00521229276548209
-0.0111288602694035
-0.00600078590409632
0.0255910923210946
0.0300601411240662
0.0177577982805282
0.00509660468516299
-0.00107974374338276
-0.00138169586675631
0.00404716440358519
0.00734491184555575
0.00922767216165628
0.0154797043459209
0.00375004704317411
0.00212042433046084
0.000534280042471292
0.00422448971757502
0.0142773675104785
0.00561650622847903
-0.00793842109941723
-0.0136850086376005
-0.0140491872987065
-0.0182279338293874
-0.0134013061913856
-0.00313934749836494
0.00150571297807383
0.00518476937574451
0.0284588619595135
0.0278570607680644
0.00925565366029562
-0.00129408099555023
-0.00226189656592177
-0.0140146253345624
-0.0193475356599112
-0.0215021187221265
-0.0309417077230119
-0.0362496828304755
-0.0190410314069907
0.0055725974809288
0.0105409031944591
0.00696127309350256
0.00633080676897814
0.00088847460095327
-0.0150059574372131
-0.0191807250978997
-0.0101795657039357
-0.00628225971092536
-0.00429570426139189
0.0103858937229
0.0178417640831734
0.00432728206899684
-0.0131668392045789
-0.0149042585124898
-0.00952368186472683
-0.0104886974202682
-0.00381969828890903
0.000455382449728233
0.00188886223630616
-0.00357059164634468
-0.00730671671940922
-0.00542066886422085
-0.000228224469267901
0.00250346992270839
0.00138199774568636
0.00715843148186055
0.0107166638511215
0.00563217253077919
0.00492460353326912
0.00279300252956082
-0.00315739309018455
-0.00522303440785131
-0.0023019488469112
-0.00124050932740042
0.00442815875211825
0.00856780576028992
0.00290780694440531
-0.00309334239329787
-4.74781483027569e-05
-0.00164600565585156
-0.00599100647660143
-0.00532296368149001
0.0124635148248145
0.00916596910048293
0.00930363629049718
0.0174945649019643
0.0109527886458202
-0.0153660192606858
-0.0250334750789209
-0.0233919475389372
-0.0285542985255081
-0.020560229621995
0.000752818191221433
0.00642047429102351
0.002738011206305
0.0140682111033565
0.0089665539090627
-0.0216827203018542
-0.0352775632145236
-0.0420747221644631
-0.0371542334139766
-0.0256155461666431
-0.0162992377831613
-0.0147469311430578
-0.015705731997891
-0.0102862450777273
-0.00345680104701452
0.00247205904734307
0.00388902280515644
9.8065751649472e-05
-0.00364886561909015
-0.0108543667685805
-0.0223412545066467
-0.0272600065256779
-0.0242900353962402
-0.0219565863128441
-0.0153445263105254
-0.00160546786067115
0.00916647468612457
-0.00323197261745533
-0.0326485186487943
-0.0393920919669834
-0.0323556283294029
-0.0420933835155363
-0.0278222664707572
-0.00145272277343881
8.10674531610163e-05
0.00656489453208691
0.0136537381479565
0.0197616363508792
0.018080656861928
0.0146696210664374
0.00608931265110902
0.00243017301856452
0.0027560413777448
0.00322361188838827
0.00395062463833115
0.00976736699298283
0.0151882230825839
0.0140338809636672
0.0118873565705696
0.0100840714222486
0.00727819119422355
0.00136088725595371
-0.0010540867027717
-0.00376538305725371
-0.00518122811936349
-0.00645379787995837
-0.00157522083237704
-0.00195184247073414
-0.0029540545992217
-0.000537197002396
0.00253447388925604
-0.001714792299092
-0.00137957189902802
0.00911343602429233
0.00965620635455316
-0.00918600353134842
-0.0087830371361744
-0.00100025746726174
-0.00177711926912442
-0.00106034116830683
0.00986027732229372
0.0133809917587805
0.00982798439673188
0.0142124205730433
0.0149973137762463
-0.00110981587186859
-0.00781571461712194
-0.0075334284784842
-0.0151824694038365
-0.0236089718598069
-0.0166669594787025
-0.02164075854341
-0.0265803609281445
-0.0202387178118379
-0.0194227729597344
-0.0257705472722176
-0.0170560488857876
-0.0045427843076044
0.000414267154347721
-3.51365076493625e-05
0.000526838283660059
3.6665127733902e-06
-0.00514543673989762
-0.00685843614131626
-0.00315425298805103
-0.00125621717584368
-0.000281056106984303
-0.00279893428708545
-0.00299339682591544
-0.000638326358350359
-0.00149032952152387
0.000688186658992409
0.00158198035969975
0.00287450162782227
0.000449078604039216
-0.000592855417803756
-0.000896082963611853
-0.00317117678586676
-0.00235136472695893
0.00290924592413493
0.00552373970447835
0.00686347798874508
0.0102141711698351
0.00950146863901353
0.00953633059250753
0.00561115849542372
0.0043853891381865
0.0019891859765123
-0.000163748698373663
0.000664414644932728
0.00213740173686392
0.00255125999664099
0.00108578163243011
0.00337276129734841
0.00253464464978363
0.000245903807508524
0.00385588240841754
0.00468898412798796
0.00348659014654201
0.00220986792685962
0.00234194581058398
-0.0039846168572862
-0.0101850000363231
-0.0102441215957922
-0.0077644241031939
-0.00699425726092007
-0.00728155007880559
-0.00764725478776733
-0.00576135425885921
-0.00393867447251738
-0.00223449740980093
-0.00108765348286438
-0.000682111887972669
0.000187217334579824
0.000410863100732053
0.000872799927062722
0.000204681595186471
-0.00115422246459921
0.00268761165224724
0.00232528337826302
0.0017800106302396
0.0038218278416745
-0.00915892810374975
-0.016355373763015
-0.00860738910604397
-0.00263966263753342
-0.00584137909996606
0.000103603565923537
0.00817189819636773
0.00517770540334069
0.00147092072614622
0.00507777671854098
-0.00180900090992011
-0.00703775482648283
-0.00369726548060926
-0.00201873749980658
-8.73280145515711e-05
0.00864538916033364
0.0201136531373369
0.0171923137022696
-0.00293389359734946
-0.0105972274109688
-0.0135036433198176
-0.0274277607268714
-0.0217867331880228
-0.00161552691418933
0.000976291732925832
-0.00573886275788625
-0.00292182085185063
-0.0103255183289315
-0.0257767187411184
-0.0317499704726028
-0.0267055280492095
-0.0226559574384533
-0.0203478689361975
-0.0105439290262839
-0.00259256490342834
0.00038624180244828
-0.00517688961720913
-0.0212843534861538
-0.0386259371789151
-0.0607310908684841
-0.0654794413407549
-0.0657974458504905
-0.0602936838387747
-0.0476743273031794
-0.0324050004173922
-0.0199067984520014
-0.0123980636836569
-0.0124767673778167
-0.0192673741488897
-0.00953313313635875
-0.0136381204545732
-0.0171706521691817
-0.0138228297400159
-0.0164228978305378
-0.0155297790783826
-0.00613611004700284
-0.00183000973355132
0.000380183272971262
0.00013562568974309
-0.00466702761054354
-0.0204951736923764
-0.00516566399462847
-0.0106152192827479
-0.00519641743527042
-0.00561477685400733
-0.00425124765819747
0.00205625778560283
0.00259180919330282
0.00213384024596206
0.005435256584615
0.00784848441925863
0.00375743734251881
0.00525618866136406
-0.00192805591390865
0.000619196119900988
-0.00239183210975575
-0.000321632692737734
-0.000496970921082903
-0.00362353561646806
-0.00216927523760846
0.000514592366707401
-0.00137810677289677
-0.00320944989889483
-0.000813483988203846
0.00461855813674981
0.00386655641782648
-0.00501856886610939
-0.00632834132655118
-0.0128970314642081
-0.0225640226395871
-0.0188051956832276
-0.0186863087382761
-0.0272037062617443
-0.0203708052103925
-0.00110226296880808
0.0122090882645465
0.0077073466792659
0.00157806049533885
0.00053475135455871
-0.0135788405827406
-0.0266457124758546
-0.016331218067053
-0.00290232091437988
-0.00181304441813922
0.00391273853619556
0.0159403656970889
0.0108349446787518
-0.00093570518303537
-0.00306789086491428
-0.00598780328110897
-0.0106195194291848
-0.0105877672793962
-0.0123284176341685
-0.0192556635711279
-0.0162249845145047
-0.00669652583765831
-0.00891022814013301
-0.00541593906537549
-0.0059445836947804
-0.0113789914369167
-0.000309366235936696
0.00835284364414597
0.0114776377516295
0.0107071156745688
0.0146415207329277
0.0174643051507559
0.0122644701957711
0.0052727818344732
0.00337289484227898
0.00251157598452705
-0.00269173472468255
0.00445795390984273
0.0330522097544282
0.0309748554108145
0.0232964245196526
0.0269205374177558
0.0328428647083887
0.00881616139285334
0.00477194567874824
0.00453125260361851
-0.00657472111809457
-0.0127335970641495
-0.00928058622386837
-0.000903805111401963
0.00021188928505375
-0.00439389669174927
0.00579731110291307
0.0101698023040895
0.00466282501664896
0.00161175882550812
0.000633542863018704
-0.00750735963669341
-0.0124577334843395
-0.00637522588123551
-0.00114788343725251
-0.000454419589418328
0.00178078245848462
-0.00183583505910392
-0.00158789505234362
-0.000913156479489965
-0.0013687848913944
-0.00856285044381661
-0.0102531296532945
-0.00722606773561303
-0.00688472524107127
-0.00325847820682144
-0.00450079879386149
-0.00649513611607794
-0.00633356083459567
-0.00475790709396505
-0.00334982536698575
-0.00203665280172516
-4.61774141863769e-05
4.11305430227987e-05
-0.00227141638432741
-0.00730271742610661
-0.0132084689618392
-0.0196310778887653
-0.0204233239893965
-0.0169650842833354
-0.0105269402367662
-0.0057105167995718
-0.00129270235612321
-0.000618953783277909
-0.00865573743022738
-0.0136063728519138
-0.015863523725748
-0.0201205238072901
-0.023197651072702
-0.0231028927975724
-0.00493895926832578
-0.000809617705831264
-0.00216629112690062
-0.000468194264563249
0.0034905061377197
0.00211668534959357
-0.0020457947117347
-0.000688747165484889
-0.00292238790650249
-0.00876449552314441
-0.00910786722913158
-0.00564701467178994
-0.00512041598406549
6.77040124381217e-05
0.00852982088771137
0.00695557144947681
0.00540347640014297
0.00538572522172471
0.000162653378794758
-0.000956357140217639
-0.00126542408919821
-0.000887935886185638
-0.00136632097834925
0.00179624474308091
0.0062860265042404
0.008312140490201
0.00323448486281231
0.000834490556315477
0.00137270980427159
-0.000172087027514282
-0.0005166150272464
0.00018296547721942
-0.00101083169130737
-0.00397722485072985
-0.00891989860090135
-0.01442850788768
-0.015135076993798
-0.010868992655505
-0.0140032887686285
-0.0125925626558768
-0.00906624335039082
-0.00673500035935389
-0.00578439967903969
-0.00414193367943787
-0.00299833702842931
-0.00318488244660959
-0.00449135884244889
-0.0067286647984346
-0.00799281327022049
-0.00501270549384819
-0.00135273527689595
-0.0034147894781979
-0.0019907302782955
-0.00206529309909016
-0.000697320828126967
-0.000186316406117481
0.00118412049728185
0.00144402696539028
-0.00119473810852217
-0.00570397841875755
-0.00388828261685258
-0.00552162706660718
-0.00497773923276946
-0.00398774884880371
-0.00296809849785379
-0.00151997548883512
-0.00144202903961103
-4.73913002781333e-05
-0.000127350117456333
-0.00139696080750265
-0.0019459000294209
-0.00267439963000511
-0.00543101521920511
-0.00534212749153539
-0.00185406218304388
-0.000310524701205569
-0.000205658026201414
0.000345903039579085
0.000481965366267306
-0.000128964477006854
-0.00107301137522083
-0.000580310982696986
-0.000334231926654834
-0.000813025147581337
-5.80197682800035e-05
0.00102690298637011
0.00123269699116241
0.000937069858326527
0.00128991327156563
0.000120101242562207
-0.00225210312468089
-0.00318186421424274
-0.00282729726690617
-0.00272678380112313
-0.00194709569159055
-0.000467610738476245
0.000126511016222372
0.000696880694165827
0.00215610787320536
0.000849239264374274
-3.21804203923198e-05
-4.99081607019766e-05
-0.000830453616636133
-0.00215987935102266
-0.00259698788393534
-0.00262073139887114
-0.00325232989469185
-0.00342874264415604
-0.00219252231822989
-0.00144694964292106
-0.00195287431756665
-0.00161170761029349
-0.000480051633517871
-0.000171203049351588
0.00031027610259503
0.00221244611486153
0.0019347963067185
0.000245133899232297
-0.00041813259787868
-0.00123378315230625
-0.00356031382022613
-0.00342028888856828
-0.00164914153636982
-0.00196043299944064
-0.00205574406391893
-0.00224944202504434
-0.00403417446776238
-0.00512420755683814
-0.00564626338949267
-0.00567195039323126
-0.00752936904223603
-0.00933535207960125
-0.00894338085597396
-0.00847006089698148
-0.00903199681002884
-0.00888927041908181
-0.0083366322715442
-0.00881608592058333
-0.00952266750042767
-0.00925380448329616
-0.00932045413820174
-0.0108061995800778
-0.011958629631035
-0.0121122010140341
-0.0132381316300976
-0.0140823655153151
-0.011449798452311
-0.00864727165828749
-0.00778981950836336
-0.00676127429896871
-0.00631810643608299
-0.00369436574649156
-0.00431892496963482
-0.00583141349033209
-0.00600871813667063
-0.00570977144357131
-0.00544742450919905
-0.00504224930195724
-0.00434710775360613
-0.00423241302722795
-0.0046086831575313
-0.00484245638466969
-0.00521890910979767
-0.00584880087282748
-0.00651238816923354
-0.00683394816402223
-0.00736203674006271
-0.0080832863589925
-0.00702732971581066
-0.00517829343746813
-0.0043748211796485
-0.00359700291719734
-0.00262444269557042
-0.00315063624794745
-0.00435501465780856
-0.0048973204101321
-0.00575893635141877
-0.00834030443631021
-0.00842539419004155
-0.00747217945056786
-0.00626182261411999
-0.00506970270817988
-0.00246185767204448
-0.0023782816208427
-0.00475020076620881
-0.00624980214995277
-0.00744659814229936
-0.00949998250542005
-0.00959226016493421
-0.0070301191713805
-0.00563515855800849
-0.00568206003455922
-0.00493833193396926
-0.00464284574838265
-0.00578563138103605
-0.00615655222525603
-0.00589012270407931
-0.00716875414424918
-0.00864529916826389
-0.00852396773731417
-0.00762423022702994
-0.00650847700724106
-0.00626358464097353
-0.00649815940438761
-0.00794255098937537
-0.00943993124404745
-0.00966968991098273
-0.0112719476825002
-0.0122159987669179
-0.0122159987669179
-0.0122159987669179
-0.012215998766918
