-0.995727365756445
-0.995727365756445
-0.995727365756446
-0.995727365756447
-0.995727365756447
-0.995727365756448
-0.995727365756449
-0.99572736575645
-0.987385072954129
-1.0015744093531
-0.96968290717141
-0.865742285171579
-0.804763029129193
-0.793780522652309
-0.754398252097994
-0.765105059380832
-0.771440439989662
-0.698914008581837
-0.679443458907038
-0.672557471811475
-0.59824655191424
-0.603191929331004
-0.629113756717525
-0.601274020269648
-0.558980123665472
-0.533980871258573
-0.497013466933103
-0.429392764330256
-0.404222334764042
-0.408396696445463
-0.360260839480979
-0.316316851929219
-0.348069684117293
-0.344259345998749
-0.295437297975758
-0.32360939170466
-0.378532455097311
-0.332390002984722
-0.254691810086912
-0.299124406067446
-0.273812675703005
-0.22355157609455
-0.271076431867926
-0.29266004668043
-0.248249723302726
-0.237506295989997
-0.267210958393856
-0.260111994659754
-0.249435575286764
-0.283294462284388
-0.337679829333629
-0.311960662121247
-0.268114576750329
-0.211191506619475
-0.175886823634321
-0.155156909993083
-0.158554068701959
-0.162359731111472
-0.143110610665903
-0.135550556345001
-0.152222459569687
-0.172209716091759
-0.165152240886984
-0.147256393280022
-0.156310204079623
-0.150519666719034
-0.111238181384711
-0.103249171735441
-0.121483458464961
-0.104287931836212
-0.0941318326590987
-0.12619489359167
-0.134285982827621
-0.104873376898538
-0.10312819440442
-0.108355410209938
-0.0796159420622327
-0.0569169232047302
-0.0553672653614162
-0.048852113551897
-0.0275942672712896
-0.0179102759893782
-0.0361414388729416
-0.0250730273096738
-0.0192751899487668
-0.0295692638784867
-0.0341431554129791
-0.0308342910380453
-0.0347203170382529
-0.0132684043824121
-0.00406901097026348
-0.00656095688460901
-0.0111088839458787
-0.00777996983100627
0.00556879368024939
0.0101231316356619
0.0216512625564536
0.0383819409646602
0.0280929573786193
0.00322235039323425
-0.00339527093339258
-0.00832656271790838
-0.0282433916698986
-0.0285069149700345
-0.00797047164372737
0.00341728003304092
-0.00608421157822389
0.000121865631290838
-0.0180591070616248
-0.0563952342857143
-0.065661517842732
-0.0450262044790137
-0.0479724732739075
-0.0364482012864071
-0.0016303402522895
0.011874850956545
0.00520393731330927
0.00468390327741814
-0.00913790633521431
-0.0102698478710687
-0.00283284494088913
0.0016834660023952
-0.00227171187840895
-0.00824528849046047
0.00273225471574048
0.00122633765547756
0.00524800964651187
0.00619606328956388
-0.00616892016988177
-0.00995538923793962
-0.016009739817251
-0.0329036043679307
-0.0486361618003596
-0.0514809392849153
-0.0600773078005356
-0.0557188597571135
-0.0491362740936765
-0.0231888798944314
0.00429118072084456
0.00252301714084341
-0.00942548202128545
-0.015855676772485
-0.0328822783781741
-0.044292752082015
-0.0372909590176656
-0.0290687997699181
-0.0263219419412912
-0.0128563378093207
0.000667340004943938
0.000712662193808304
0.00706434571504025
0.0163315035664759
0.0113136346574739
0.00898742403696691
0.00224314154017431
0.0071520930147086
0.00372008088979201
0.00880932807283898
0.0033666118165425
-0.0098039432720766
-0.0098133301944613
-0.00114220395283807
-0.000387277849039393
-0.00759061386309375
-0.00454062896474881
-0.00404618251297308
0.00130179098133232
0.00645257723441833
0.00416614111910853
0.00346974932408562
0.00413260986971425
-0.00421249285463086
-0.00498320541864054
-0.0011540321889609
-0.00533229206922735
-0.00626827657812623
-0.00133389526827854
-0.000734755808484336
0.00153215678644663
-0.00832990004576781
-0.0248299468333193
-0.026157765976531
-0.0145358602641649
-0.0189897703671834
-0.00681571666737318
-0.000537209059151854
-0.00119543602885569
0.00267903586112114
0.00159173377667567
-0.00539268694539238
-0.0126407959460628
-0.0150878586673352
-0.0180795910578513
-0.0349599655834829
-0.0113604747697855
-0.0022058942468049
-0.00198017651099125
-0.00093354483127702
0.000845030525921306
0.00902836041378558
0.0084995021068455
0.000379332135140762
-0.0113349082288284
-0.0174475999180422
-0.0211051900787279
-0.0189966156746246
-0.00982118611792773
0.000709346502142122
-0.000418604058887084
-5.15999084837607e-05
-0.00809558445733717
-0.00916682803069441
-0.0118332931964433
-0.0157473544820465
-0.0198770003081661
-0.0156402070706141
-0.00544755382656129
0.000225322247288555
0.00100453735471929
0.00647717239760767
0.00148346381604259
-0.02183790596795
-0.0176349934675226
-0.0165698370740385
-0.0210666855525833
-0.0130537169603773
-0.00767432241550021
-0.00873374440827111
0.00201273842948843
0.00274147226517611
0.00266632910584357
0.000554775999510577
2.85178747580859e-05
0.00126649165139025
0.000945789424924384
0.000626709604687927
0.00343587255326961
0.00392732360874849
0.0075442165404959
0.00434114523941786
0.00551216814665681
0.00366011141550073
-0.00934357141745588
-0.00199364897497038
-0.00735133175196721
-0.00717264910851451
-0.0015013346515937
-0.00981589395117015
-0.00673740611231615
0.00813732643379589
0.0160550860309483
0.0357486956452033
0.0408541117968864
0.0304041345775224
0.0238914550362781
0.00928669058058179
-0.00306516035149066
0.00232252586877574
0.00926866153584561
0.00951127317918069
0.016991680028928
0.0369677653863029
0.049951013518317
0.050119430482222
0.0483374259602173
0.0492928068179604
0.048851766731252
0.0347057630452624
0.0246172746306966
0.0406445499606854
0.0496684890078747
0.0531993865491792
0.0629859230119391
0.0488672933194565
0.0206231108590781
0.00989420070890811
0.00477242930416733
0.000963180560990947
-0.00080013706755474
0.00178561760891509
0.00214794963319078
0.000451991804395716
0.0122098431328845
0.0249224577999657
0.0294697487224511
0.025958311718841
0.00486569879685665
-0.00219324882364105
-0.00827593364725483
-0.00738585061026804
-0.0128818919574328
-0.0267327895863723
-0.0249373632613074
-0.0128690699364475
-0.00074212433001937
0.00547405021107901
0.00257292168801845
-0.00234331492548421
-0.00101786011504841
0.000705943643381688
0.000293032381676921
0.00278995171326643
0.00940575173872852
0.00256814178510481
-0.00569576682153124
-0.00183464945056861
-0.00666258563454526
-0.00998505383876098
-0.0112408103710988
-0.00558973484306228
-0.00326615285425287
-0.0031846133857979
0.000214888983083821
0.00307731404364452
0.0023026151028997
0.000171198950316954
-0.000255313291905905
-0.00267132614519178
-0.0054187278575238
-0.0020631808073483
0.00069488987647794
0.00547843422171659
0.00326280957742755
-0.00123688131717922
-0.00392018721687295
-0.0108420885583011
-0.0145793431517154
-0.0117018712249994
-0.010815644929485
-0.0114196257304657
-0.00507545717613391
0.000439768887678475
-0.00199346699081033
-0.00468917084238742
-0.00611781568218557
-0.00750363470177596
-0.0125777034361407
-0.0182723464380822
-0.0277195133117027
-0.0311639161629671
-0.0334151775488614
-0.0307713159477446
-0.0212619811778342
-0.0151766802192331
-0.0137463346056739
-0.00928436137067848
-0.00346899530458991
-0.00464393290390117
-0.00825096853863567
-0.0164534625399134
-0.0179562097867443
-0.0185048084827208
-0.021149599173803
-0.0167414550361812
0.0018571244461222
9.05279616441376e-05
-0.00145790376994996
0.00277813992022048
-0.0113042837271905
-0.0251053728948652
-0.0138988444738657
0.017802130148147
0.0225983453438342
0.00883840360158748
0.010187642281942
-0.00118053802324061
-0.0226773852798647
-0.0230146860546386
-0.0143730590143764
-0.0254676575166895
-0.0187719150299013
0.00778507579217255
0.00824935985727969
0.004304430198234
0.00742728512719762
0.00318836455445951
-0.0132594694813005
-0.0250883006921106
-0.0154987765636313
-0.0070478674206197
-0.00436752314995928
0.000856720559267312
0.00156148741189111
5.47960702399949e-05
0.00149792790957026
0.00175417907484325
-0.000327397263716263
0.000885475302718636
0.00370120650621437
0.00307264386653146
0.00709431618679578
0.00700239670330579
-0.00160975078845738
-0.005847810534663
-0.00432497842746504
-0.00788246106755752
-0.0104679596540903
-0.00396013481043119
-0.00215235561462146
-0.0045289072915801
-0.0111550693541514
-0.0102400488734417
0.0135653431613396
0.0353373189929855
0.0229747873561374
0.0192548655204589
0.0182428310473726
0.00993289458768379
0.0077310039554974
0.00606850535130537
-0.00454996854299883
-0.0138961488414849
-0.0121248213085933
-0.00563280064802313
-0.00685739081192074
-0.0118420138673433
-0.00911259131589747
-0.00281089586137308
-0.00366667830504609
-0.00503070524781247
-0.00118146812470481
0.00125112342465059
-0.00245925827626809
-0.00353399008823206
-0.00094916036907269
-0.000499478916300223
-0.00451476458020298
-0.00681076679170426
-0.00660994206803712
-0.0079808034607719
-0.00331053664841608
-0.00413813899563493
-0.0110887849785874
-0.00613493718991417
-7.30902986215767e-05
-0.000659471560702615
0.00387920402068016
0.00786347864149691
0.00201925092824857
-0.00353199225092714
-0.00156889452664827
-0.00319199099110222
-0.00221485464793964
0.00247894403745015
0.0070410855864788
0.00898508866695145
0.000152771731544156
-0.00471936212148962
-0.00516176765686806
0.00202441842960049
0.00304100623078492
-0.000861906946844274
-0.00193323305925001
-0.00233860481747457
-0.00664365479156066
-0.0125046617448972
-0.012961392410146
-0.00869887872336152
-0.0187218666374106
-0.0312266058916324
-0.0197282621560878
-0.0165595690378091
-0.0187796582746062
-0.00838843334164395
-0.00107633589917887
-0.00953561432816634
-0.0107927716605031
-0.0065299090084819
-0.0147152724861001
-0.0242197082351483
-0.0138600698031609
0.00234294658130531
0.00456463396337353
0.00215436172554051
0.000494961905066866
-0.00354638549027055
-0.0105860411874537
-0.00935990314725702
-0.000314976104044684
0.00158539214179167
0.000154392943062806
0.00503194399761492
0.00693828187987091
-7.94462296033593e-05
0.0003455858282778
0.000538560493074321
0.00133861767727363
0.00293727000279483
0.00400731756241313
0.00489641057756123
0.00472324697352275
0.00369629234044122
0.00320821606821823
-0.000124613812085598
-0.00395007816170102
-0.0089736186653088
-0.0161178027789283
-0.0257944810099991
-0.0216761734606435
-0.0140147903151442
-0.027552462350743
-0.0283544305426166
-0.0146195473575236
-0.0161956665003496
-0.016004857265721
-0.00562718428708467
-0.00279301373013651
0.00227529446776407
0.0122066760637586
0.0109279238892334
0.00209618265898824
-0.00297027918852985
-0.00361682641870656
-0.0215352794579707
-0.0331395800097627
-0.019064857975494
-0.0157707070538023
-0.0137206541095805
0.000317454303482912
0.00896311762972909
0.00300057024916219
-0.00590608104259064
-0.0155143579447853
-0.0312008818750177
-0.0492254998602139
-0.0435151566682978
-0.0262777011906349
-0.0079232822565446
-0.00100645063721091
0.0055972244213398
-0.00203267144420993
-0.0095664124699071
-0.00175872982238381
-0.0073180846418651
-0.00862190901885557
0.00146621405300651
0.00417094768070182
0.00467759991108849
0.00550437242916399
0.00212199554389575
-0.00742475736069234
-0.00916380749650915
-0.00940899494166387
-0.0138563073149817
-0.0119601765158942
-0.00188408267149557
0.00386329190010398
-0.0277045966940419
0.00489093853560824
0.00507380172216188
0.00171558260861845
0.00596146275548827
0.00928978697562383
-0.00237353855769864
0.00556533771086662
0.00526504771166108
-0.000749389022201717
0.00111157698037707
0.00507103049749953
0.0028012079663291
0.0005924109455224
0.00735020327681333
0.00782671481106343
0.00649208937118563
0.00866832542528423
0.00831344903771154
0.00215638559710429
0.00132469727433993
0.0036929281022926
0.00263307660712767
2.63836514814873e-05
0.00570763244057098
0.0093921894767703
0.00695230135825289
0.0067589168191679
0.00737356057184426
-0.00301359699528214
-0.0280228082810456
-0.0350429962188141
-0.0269360526063247
-0.0263279995629038
-0.0204781475735458
0.00481927636353943
0.0149690743485663
0.00377420866824718
0.00280851207331403
0.00371520445130582
-0.016312953688836
-0.0317166274592121
-0.019767739379083
-0.0106010165829078
-0.00865697075281931
0.00406768784419762
0.0184805579529846
0.0129306725371233
0.00239773705673635
0.0091381418958788
0.00133549035488901
-0.012016736954543
-0.0112921781447276
-0.0119836173096735
-0.0169654922458427
-0.0175244515499442
-0.00795695155650702
7.31204509302474e-05
-0.00285413972888709
-0.00288068509654442
-0.00230849070274205
-0.000763825655338684
-0.00982931112444935
-0.00736480962965671
-0.0064330580568411
-0.00620881390110893
-0.00238365555326807
0.00125376710993328
-0.00128931621657492
0.000428817190145242
-0.00182267168630128
-0.00993176379550017
-0.0156319276090061
-0.0151117709702655
-0.0101731174200082
-0.00577271612080708
-0.00123528239891196
0.00508959747472436
0.00203016340947706
-0.00846249863145909
-0.0110685159511622
-0.0117886812591186
-0.0175176902614117
-0.0174639270343147
-0.00760588099104041
-0.000490285554145913
0.000303071929669962
0.00514450352599414
0.00966319514196209
-0.00641233871552613
-0.00505406788456127
-0.00379422505132288
-0.00452669038684564
-0.0115214323017356
0.00726680672933739
0.0332055054006486
0.0251513537548074
0.0181706993059536
0.0147572695325503
0.0075858716585551
-0.00102022061977372
0.00492511585063956
0.00647619913303455
0.0150585144083897
0.0199907329619523
0.0238096132227901
0.0192593307221803
0.0113864288638072
0.00607743578905902
0.00256997985885466
-0.000736009636522261
-0.000771485764736455
0.00373297765524834
0.00588017985124098
0.00627879681342796
0.00925182867511966
0.0072981002186207
0.00506924498506091
0.00568510939196558
0.00410131319399128
0.00459720479902528
0.00566188001984578
0.00575283747350152
0.007007963937863
0.00315043402514145
-0.00365892365340256
-0.00279935889598805
0.000417892179454447
0.00196913477030785
0.0042769113060102
0.00347471934091786
-0.00230915035718139
-0.00548582121167092
-0.00522482454924811
-0.00749329367124252
-0.00861963117315544
-0.00303079993947378
0.00079848293045901
0.00170937486604836
0.00146639625047372
-0.00605354362233486
-0.0147325938208581
-0.0139427065405695
-0.0114496814086381
-0.00771829372162731
-0.00334945554037839
0.00428117401997463
0.00261772567852742
-0.00498837432794357
-0.0077671897726302
-0.00911097142432174
-0.00601936075321847
-0.00242190393132877
-0.00365289597506293
-0.00319573948879616
-0.00030254723221022
0.000211935421626496
-0.00206717184610655
-0.00227899514255766
-0.00161266107281645
-0.00269169326368895
-0.00307821480668154
-0.00198261767253179
-0.00220447627848213
-0.00797555431537624
-0.00425031580629917
-0.00600138270268905
-0.00497827539738632
-0.00518066026587033
-0.00182258530886237
-5.01477634620336e-05
0.000156941633123828
-0.000785556083181788
0.000662703978292704
-0.00030129318239068
-0.00155475908248557
0.000130688447891212
0.000388752995380985
-0.00255054784734579
-0.00558125751559097
-0.00665465396903415
-0.00616404745617678
-0.00300995533635728
-0.00650486381953245
-0.00684516900865417
-0.00543779590931845
-0.00579527635077619
-0.00722617681895346
0.0019288843857914
0.00870362983375807
0.00467609165943212
0.00281092667804098
0.00217334382684367
-0.00425933083475109
-0.0082386499878409
-0.00549940814245152
-0.0043023916834287
-0.0037530395896046
0.000339405408585282
0.00472597184964394
0.000756463577106343
-0.00287862743294955
-0.00413149742944282
-0.00797778137030458
-0.00822158952728745
-0.00465387251946732
-0.00211644555488063
-0.00168004912654312
-0.00149441551397257
-0.00166980069178573
-0.000822767834269846
0.000487838517179883
0.000511505237133191
-0.00030038205801512
-0.00661672158719293
-0.00993647462292067
-0.0124886882124329
-0.012396828710692
-0.0106232782127899
-0.00913898120793094
-0.00687815030281194
-0.0044223856231428
-0.00454590934284543
-0.0070474968858058
-0.0113720362923673
-0.0166250429279558
-0.0171862666968305
-0.0241849500607193
-0.0175525480911677
-0.0163198130570088
-0.00352340147792562
-0.00472497938578164
-0.00446613194166337
-0.00278474737580627
-0.00571703900604403
-0.0130945073474668
-0.012607208367517
-0.0116949379381511
-0.0116450464720102
-0.00694806092131674
0.000409257983841671
0.000769067208254385
-0.000383724660250383
-0.000248468864150725
-0.0062972726412866
-0.0165777707128325
-0.0189797997248689
-0.0145865803809186
-0.0128750442858473
-0.00974544968686353
-0.00224073045648468
0.000955076124333972
8.44428740076181e-05
0.000477944019825576
-0.00340297786658552
-0.0120425875132646
-0.01331237203685
-0.00823265902243635
-0.00573060946881347
-0.0043386487399115
-0.000402181634310975
-0.000635474238015562
-0.000462850792180762
4.29841521982496e-06
0.000465529844337371
0.000830927571312029
0.000285100884018518
0.000992587360557111
0.000454950118005476
-0.00119172637775622
-0.00193222397195189
-0.00281177297412916
-0.00438564182240173
-0.00390970617820443
-0.00231848660719131
-0.000729540239457508
0.000112267429135896
-0.00225568830633255
-0.00473946661887641
-0.00530320234676739
0.00164058310732939
0.00183861209646771
0.00353493809361635
0.00454400942652806
0.0037789906921648
0.00206965826033176
0.00117254519005915
-0.000291621245961709
-0.00231699716048774
-0.00111460371083562
0.00176253015379684
0.0032689207462968
0.00190577815993154
0.00124805249447257
0.000956248737552639
-0.000823234654157965
-0.00345876568453139
-0.00199339181390732
0.00152972108528038
0.00291118788199089
0.000798299073441258
-0.00310797496044046
-0.00325707144846154
-0.00316111762841138
-0.00189233193955732
-0.000297912684798907
2.00930591265054e-05
-0.00244829413744005
-0.00136093022200466
-8.43841820020658e-05
-0.000616313857593931
-0.00172845272539782
-0.00105353303678549
-0.000374268968563215
-0.00138594377966452
-0.00290261823557753
-0.00353871551474447
-0.00313713952305016
-0.00280585563032299
-0.00176565125276208
-0.000961629542447218
-0.00159239555176833
-0.00332035820051231
-0.00387626654436122
-0.00301849633945026
-0.00269290704214339
-0.00149449491124324
0.000486700822159496
0.000431317441637066
0.000602467702790385
0.000882646746134039
0.000581844701147265
0.000263476974329239
-0.000546294452679557
-0.0011640997018794
-0.00106579203715989
-0.00149251581590785
-0.00176951083963191
-0.0020891747230631
-0.00274870668792035
-0.00319853351819483
-0.00187710167966443
0.000262452450909669
0.0013791747073645
0.00133202894407772
0.00120678165016219
7.40582025787937e-05
0.000413955910129123
-0.00011713795955482
0.000536627816354501
0.00156231513226274
0.00121888414368865
-0.00132212782204626
-0.00449149948007431
-0.00314958508496097
0.000261342243894547
-1.35476510215833e-05
0.00170737690989397
0.00205063401012754
-0.000871400536499873
-0.00331374837021659
-0.00316721767839715
-0.00352313063203769
-0.00144618611287989
9.77183151971354e-05
-0.000369745018251535
-0.000215907125069537
-0.000343669444842454
-0.00187101407501839
-0.00526841360794671
-0.00787443841729972
-0.00882154834505596
-0.00859130079409801
-0.00596909709098287
-0.00324707475479283
-0.00125519908660664
-0.00122570749101228
-0.000827603503298599
-0.000183753688605968
-0.00065334640204631
-0.00132669722699563
-0.0008325986668466
-8.75931888388659e-05
4.48183151481543e-05
-1.7040289938237e-05
-0.0003041924187541
-0.00112988829517774
-0.000916752157126357
9.83816380149384e-05
-4.4825966148234e-05
0.000159799891559023
0.000203432773225413
0.00054601634296636
0.000302335519699981
-0.00134450693970616
-0.00169035091915711
-0.00192939166314513
-0.00189252837424521
-0.00124377011429714
-0.00041457365389194
0.000625146310050511
0.000648438036921214
0.000498409793605068
0.0010133654310089
0.000638597150232133
-0.000766841760382607
-0.00102771501968803
-0.000647426632706168
-0.000950434056019826
-0.000344028024348521
0.00111908169005013
0.000603399194149736
-0.000167530645756963
-0.000392942475595065
-0.000240045631396032
-0.000856231066252499
-0.00105651697771434
-0.000132979978840863
-0.000693531831776438
-0.000553661342222388
-0.000172459093417444
0.000437513542112286
0.000246818257777152
0.000380304526417797
0.000268685243726142
0.000207189320000652
0.00039089748701218
0.000306635701664595
-0.000159062310886757
0.000192506983918933
0.000383310107105013
-0.000754545610237335
-0.00130515740595385
-0.00104219691683133
-0.00176696223219586
-0.0020833132050289
-0.000833973084676028
-0.000193778025531482
-3.82156607540631e-05
-0.000123787151021399
-0.000698134644115654
-0.00135266219196183
-0.00151502151638841
-0.00110942435716694
-0.000671738356160021
-0.000268007097521921
0.000508113114278089
0.000187845224826562
4.14645092441034e-05
8.79532815915317e-05
-0.00145610092097306
-0.00361544629496842
-0.0030512821000968
-0.00206299668056726
-0.00197904691036229
-0.000241225845536238
0.00149391569748014
9.6543890838146e-05
-0.00284063093171617
-0.00510621449562375
-0.00822923489297021
-0.00999050099289206
-0.00829056269249324
-0.00605756365345762
-0.00427028299988922
-0.000682916176252435
-0.00105491886625725
-0.00385607740684595
-0.00709036836216739
-0.0105389445874944
-0.013217991060928
-0.012620912133127
-0.00901335799018978
-0.00561013620919947
-0.00305767650986306
-0.00120537623489338
-0.00101782712790401
-0.00113776951375839
-0.00160247588199756
-0.00258232102643731
-0.00371925483634202
-0.00373170464432869
-0.00373170464432869
-0.00373170464432869
-0.00373170464432869
-0.00373170464432869
-0.00373170464432869
