-0.982043471880703
-0.97695911376926
-0.957708043948926
-0.909976174367598
-0.841974995782403
-0.775604302134958
-0.655232369263911
-0.490229428451363
-0.351632587713391
-0.293700326694539
-0.187217962383224
-0.127806190342746
-0.156871967715851
-0.178398434423682
-0.179245629978464
-0.228589032328029
-0.251962110969421
-0.198519181509734
-0.153373562708392
-0.133598465682066
-0.0889564206142603
-0.0538701548811114
-0.0834420740425038
-0.131063512848979
-0.141297281947225
-0.140537039880738
-0.140013380081541
-0.105167739941986
-0.0583402069450025
-0.0366768815621469
-0.0404149448540574
-0.0349464741445701
-0.0293521089442327
-0.0523341431828397
-0.0779042190175893
-0.0766042497334221
-0.0709761758622395
-0.0877721510872946
-0.125396861800021
-0.139811181775586
-0.146776683774455
-0.157836345432891
-0.142377755502619
-0.109682108835253
-0.0947946404500227
-0.0841357914637496
-0.0629325514589553
-0.0630561961300163
-0.0914279649152025
-0.111919529349398
-0.111724466607874
-0.10900775290913
-0.108143253376426
-0.0977428754540987
-0.0785153918032022
-0.0841185425361637
-0.0867392847937769
-0.0751665640245258
-0.0818235787999483
-0.0874011467695388
-0.0868148321384359
-0.0914692370087301
-0.11037108181093
-0.134095421181247
-0.122906192099171
-0.103206608967808
-0.0927034269308949
-0.0687961810745053
-0.0475876170674644
-0.0623033842005354
-0.0839869836569491
-0.0774230684157454
-0.0616738629128386
-0.0532954828630785
-0.034688569870013
-0.0177311592732412
-0.0114614783585869
0.00424245325557879
0.00799581770598671
0.00115083030551756
0.00270375161314361
-0.00774211347445997
-0.0481313952765723
-0.0377445036516644
-0.0306522808943472
-0.0218942946066365
-0.00964191260881824
-0.00188977880292925
-0.0115459561250581
-0.019693350603191
-0.0251639726347799
-0.0445419589424333
-0.0551877272872301
-0.052871563813162
-0.0333104010560607
-0.0206466804872826
-0.0165267543858554
-0.0188761370643052
-0.0217956322665488
-0.0204424263115471
-0.0333576798954121
-0.0256044367375829
-0.011131117559056
-0.00590308967633674
-0.00885343959059223
-0.0185090876680449
-0.0284661761590005
-0.0351262991642344
-0.0337195601552821
-0.0302962971410174
-0.0209682472928966
-0.00703983355275996
-0.00552001032525539
-0.0103701547737161
-0.0157783888917536
-0.0248369203626336
-0.032282376422457
-0.0225756800805052
-0.00865335865563124
-0.000525547091360511
0.0076223315445022
0.0107260421895337
0.00213374721400784
-0.0115669943014463
-0.00992867569116969
-0.00969593975904156
-0.0211417029615002
-0.0250904287283924
-0.0154211968899917
0.00122428273067962
0.00237269954706602
0.0063766553502599
0.0110473792291782
0.00584274006657452
-0.00717950196073204
-0.00973956179184273
-0.0162033046851923
-0.020565626173011
-0.0262003875244379
-0.00702089205671282
0.00344224520954508
0.00543563145171487
0.00542205797233003
0.00437974092050406
-0.0164653235801413
-0.0384164796009163
-0.0391771024501916
-0.0327059366254378
-0.0299252534671313
-0.0103348756820667
0.00503410193801104
0.0126732804961856
0.00388565664625657
-0.0013569949936181
0.000784745025661998
0.0205965423238139
0.0286007477334941
0.0120076043992075
0.0180724201094336
0.0207518754268644
0.00119068535499939
-0.0112946951996031
-0.00842138766971202
-0.00896749284577321
-0.00634382985522604
0.0138284365459793
0.0272619882577656
0.0276070856463303
0.0163765122158876
0.00696633766759928
0.000149725139036558
-0.00242463048529046
-0.0010247483909125
-0.00482570357521452
-0.00727677774834538
-0.0133985991007652
-0.0286652946057615
-0.0178344423230581
0.00913579544471282
0.0151290539327544
0.00741040707513694
0.015762637467422
0.0140847391885115
-0.0046944839458799
-0.016970780512934
-0.011933170024575
-0.0144324522339277
-0.0157208676087802
0.00911911278515915
0.0304339121463993
0.0441351753942764
0.0522950325090299
0.0508858802573222
0.0313108209789439
0.00133268757212576
-0.00815128249147414
0.00316345207744702
0.0105720925470742
0.0224297191865723
0.0413691823474007
0.0465069911528173
0.0200191114690949
-0.0179365304074509
-0.0241851575092728
-0.0159888704334255
-0.0216133219643636
-0.0264651070827548
-0.0239109145906882
-0.0164275365402765
-0.0165351376741085
-0.00344571090877967
0.012361019857576
0.0161970537749129
0.00960728615977505
0.00679657101359208
0.00887699010491703
-0.00295914934354949
-0.0101797781441596
0.00417347067050722
0.000977794232108608
-0.000929199922252252
0.0014771571273821
-0.0132798709801161
-0.0229171501967518
-0.0210514592398212
-0.0195960611699671
-0.024305256989885
-0.0258006467514675
-0.0203899854770258
-0.0169313956990626
-0.00766765693652357
0.00635916759340603
0.00093361051588286
-0.00691615934010114
-0.00772020397965353
-0.0138923097145839
-0.016483625567232
-0.0102511338487285
-0.00425299203330454
-0.0010516486231967
0.000755208049836581
0.00588475159219753
-0.0255223256118003
-0.04535005800171
-0.0431236943728452
-0.0471849835990003
-0.0453805615735042
-0.0236815289660266
-0.00703863482183356
-0.00461059706217544
0.00325081323669978
0.0220458994220865
0.00510350404431239
-0.0137490362546202
-0.0124519669617509
-0.0139089152078614
-0.0207105642821077
-0.0114824860608246
0.00482204632196544
0.0074834966212993
0.00329637124225385
0.00657910540954831
0.00957408108454674
-0.00233874712129894
-0.0110735647462347
-0.00977977263100894
-0.015326715313762
-0.018232327139834
-0.027091604705521
-0.0234328795244298
-0.0215614816554462
-0.0172813840463383
-0.0125095526602518
-0.00781876886255375
-0.00628741008093364
-0.00945533136135793
-0.0157906635777407
-0.0249001640920329
-0.0308675447761062
-0.0280154052775321
-0.0228015028042542
-0.0178620869525775
-0.00878497964776565
-0.00128552743056155
-0.00574601687080862
-0.011590179043064
-0.0132190896490385
-0.0260630900508125
-0.0306402612071785
-0.0299320050241794
-0.0341628089762821
-0.0351541684810359
-0.0254656206650727
-0.0110029261236327
-0.00753843899055548
-0.00582045238351009
-0.00414218696402992
-0.00507930174037249
-0.00502294390700342
-0.0125613382482838
-0.0195920279507558
-0.0156146959723165
-0.0145958659237468
-0.0153810785898001
-0.00591253519112333
0.00500873164305827
0.0041543808171028
0.00127884290547393
0.00265140967692487
-0.00485055223131484
-0.0164690724999182
-0.0150773200002458
-0.00752363941589797
-0.00607707775445555
-0.00400263197363525
0.00271257859193978
0.00348652277469431
0.0027090832706197
0.00325610736138794
0.000741893046454152
-0.000412945935190269
-0.00324411211626801
0.00017556011375543
0.00512835480330449
0.00310813937852309
0.00921035971604409
0.00788703435819836
0.00137916515843802
-0.00789830721331053
-0.00602375701176909
-0.00412173473886751
-0.00308150882907444
-0.000509229829924966
0.00634223316774524
0.00792528886364461
0.000217391603780338
-0.00422272633645953
-0.00538745332630344
-0.0144160743677418
-0.0186872925774
-0.010381737771153
-0.00999421119906436
-0.0052955601084475
0.00613407426835853
0.0110159326966482
0.00786551629491334
0.00996021632604344
0.00802235921178055
0.000564753581781937
-0.00933557154515812
-0.0102316940725283
-0.0192227217127235
-0.022222336994642
-0.011000223051401
-0.00480117951516652
-0.012690601883784
-0.0103645511081548
-0.00750697252247556
-0.00743765519316156
-0.00957764665258261
-0.0116950294485432
-0.0124868507970234
-0.0116931879053921
-0.00962222885452488
-0.00675910742172827
-0.00514531497954041
-0.00378697075856467
0.000916235379292555
0.0010076553189081
0.00216095506365158
0.000932542677638295
-0.000403329690435563
-8.45167025496708e-05
-0.000874222549565098
-0.00128766946275753
-5.40623708001471e-05
0.000271911551541533
0.00156094379588331
0.00424438818839703
0.0062922996096375
0.00625433189800794
0.00479902653965303
0.0023053566270666
0.00148382721827914
0.000192940508707512
0.000685603944289117
0.0051327068074512
0.00669663803685488
0.0058719646789802
0.00615972786072136
0.00480235747642766
0.00228942543135619
0.000962764088724958
0.00139233388469292
-0.00379292519805273
-0.0096589372218842
-0.0116772449955451
-0.0110024860017806
-0.0137005831590753
-0.0131161931418653
-0.0109802664094281
-0.00402176573075887
-0.00086172486134502
0.000119374826471233
0.0013093672628315
0.0011889863661692
-0.00341740598049024
-0.00948469736976296
-0.0115414150541675
-0.0106883689757828
-0.00823528495915162
-0.00319537674945079
0.000412580159959868
0.000266665134516522
-0.000191359024734652
-0.00192410904436372
-0.00343426737805714
-0.00518873604547923
-0.00332706460367799
-0.00266481524305203
0.000989758996255158
0.00903295968457311
0.00314220357637816
0.00339442309414846
0.00446659257815787
-0.00216700207580736
0.000178388147198489
0.00240445761372177
0.00343636272205893
0.00469719314370085
0.00791553846689294
0.00484967577003853
0.00326079341652611
0.00388508018008835
0.00433499164812722
0.00169754638598866
-0.000312341246706005
0.000284104485541705
0.000249521688754266
-0.00373131047398014
-0.00353687022668095
-0.00123096271194181
0.00153540239344146
0.00225080657946791
-0.000408275704206084
-0.000150589516692032
0.00470842410634175
0.00561432478759906
0.00594227426283881
0.00769214372859895
0.00448800541459713
-0.00320796092840322
-0.00794300349942068
-0.00697086118213163
-0.00695249275492785
-0.0030401313833364
-0.00242141934236083
-0.0043095613192753
0.000836446258939982
0.00146952014783447
0.00283778610552959
0.00191574249201277
0.00142247377001389
0.00464723888735395
0.00426006623255841
0.00147647683461978
0.000174641400311111
0.000646925127656707
0.0015461240458218
0.00250431616517991
-0.000158917515911954
-0.000836720971307644
-7.52321612291713e-05
0.000396057631436999
0.00216567409313112
0.00440314463578723
0.00432840160902993
0.00331468819253567
0.00224000205052567
-0.000179315534012193
-0.000734047379526702
-0.00376230502390872
0.00198539651383526
-0.000266119728750294
0.000200656787125003
0.00253649423407369
0.00299618028284532
0.00529726880936103
0.00451026131437592
-0.000400910397630768
-0.00622745639018204
-0.00373080066955401
-0.0003282278337267
-0.000432267821469608
0.00123086864010058
0.000623212770846285
-0.000599023823371954
-0.00096405411646958
-0.000167906650808523
0.000491419811414375
-0.00407641796329085
-0.00563320344462399
0.00150921490263038
0.00562944881587816
0.00177668076965104
-0.00228803484237842
-0.00264972174786101
-0.00476160357475944
-0.00384706386634935
0.00240982497534648
0.00467333020129484
-0.00355776975185468
-0.0103095471881057
-0.00873442130341068
-0.00440220712117167
-0.00308354895942202
-0.00115288797430123
0.00325151672266652
0.00359504898887881
-0.00296103191319734
-0.000337622787025043
-0.00189098536368548
-0.0100290368343053
-0.00541504848168299
0.000127611394086129
0.0013456964843568
-0.00174410445797442
-0.00551824159666818
0.00275334897585552
-0.00459655632075411
-0.00858769324517776
-0.00663244191110222
-0.00527992949734463
-0.00380420564459651
-0.0010254151460214
-0.000201465390620359
-0.00270481428456235
-0.0030991332847045
-0.00647488681048989
-0.00570101266702683
-0.00437735727713044
-0.00202206226748852
-5.57719778264743e-05
-0.000102824842406924
0.00217623764534709
0.0024868867047514
0.00376649276942513
0.00291932062569727
0.00359674808971683
0.000724211321640339
0.000845596690716125
0.00107701626390638
-0.00235692268799211
-0.00474047227029013
-0.00183014872084234
0.00173291461995691
0.0024480796896047
0.00768457063175205
0.0108072063394852
0.00563733063414613
-0.00133376523079879
0.000129369545541749
-0.000170081845621366
0.000139997896141864
3.54366022773107e-05
-0.000459639154812007
-3.65853913722751e-05
0.00235855481456194
0.00418423451357879
0.00272868937885315
0.00349961001384982
0.00689138136930326
0.00474111852199028
-0.00316329320999521
-0.00607635261199318
-0.00432676768967577
-0.00754359184358004
-0.0113079597972818
-0.00170113445391446
0.0059440539930689
0.00689936676842359
0.00731656091473248
0.0086646132447653
0.00181440571709118
-0.00823092509095273
-0.0133096362621512
-0.0106619062131826
-0.010260808906066
-0.00491839773016746
-0.011779096677872
-0.00767173016426867
0.00032654614360757
0.0026599490913112
0.00230681590150998
0.00896847486137316
0.0072629560692269
-0.00450130539496059
-0.00931406435478612
-0.010308165336046
-0.0113399738239895
-0.00916143604758495
-0.000912902101185146
0.00460478563555159
0.00469602705136707
0.00475813397123751
0.00705709851794202
0.00731181267259087
0.00354039871816581
-0.000528014746960339
-0.00101812079809104
-0.00426669234086437
-0.00743928483794654
-0.00160210431821838
-0.000625278403437739
-0.00029735678300632
0.000267485003577686
0.000568371288578142
0.000296580174373403
-0.000372136221602537
-0.00350284683242685
-0.00554177069111238
-0.00732374171877953
-0.00654370364460786
-0.00585305990019612
-0.00675359058474521
-0.00392549582072919
0.00305787964003543
0.00298286529169194
0.00332716610430444
0.00336592538428226
0.00110140887711852
-0.00101908870889
0.000960971164068376
0.000798155159396652
0.00110728934368609
0.00398918072289487
0.00544948080270425
0.003580819347173
0.00260647554138401
0.00134427559127918
0.000854118059302458
0.000868211724102228
0.00108724730070176
0.00186815127234294
0.00341113906642045
0.00399025448012654
0.00508304684332713
0.00294607162381694
0.00201341667896687
0.00248284467832549
0.00116727100320098
-0.00126357084253054
-0.00123688701290361
-0.00153574136904799
-0.00142751384091308
-0.000403625214526555
0.0016860511415414
0.00200872889797898
0.00139146270681056
0.00150953516074619
0.000592652622863529
-0.00118320125119736
-0.00134922573275897
-0.00187781287300308
-0.00294008369202992
-0.00346072172741243
-0.00461926388513106
-0.0027542659005614
-0.000184405357783805
-0.000754359496356723
0.00102126681850577
0.00233784964587814
-4.18706551931188e-05
-0.000188167458218409
-0.00125884456482391
4.6472437832042e-05
-0.000489871700536985
-0.000296462863104132
0.00060503701746456
-2.99562477002321e-05
-0.00126029458871815
0.00102244059120211
0.00244638588640029
0.00146327552512097
0.00103215528774427
0.000539322568687096
-0.00185092803611453
-0.00410663837776135
-0.003636629496532
-0.00274738626644944
-0.00294388330201007
-0.00214472264744711
-0.000828288097664082
-0.00166563813673832
-0.00273410332931851
-0.00197455892296822
-0.000804795896452037
0.000302607995078764
0.00056989464012766
0.00117126113761832
0.000542486474970375
0.000889772795494168
0.0012066397331066
-0.000612028196630062
-0.0016536098456123
-0.0013943152531061
0.00237575404051605
0.00253826222857324
0.000800891744383861
0.000186618570717331
-0.000315050100643872
-0.00155173455235234
-0.00218627244105658
0.000271408342279172
0.000895896452817827
-0.000232118997427733
0.000228357233928067
-0.000949986180567649
-0.00285792064689985
-0.00260874581849948
-0.000427056548205909
0.000788002173026405
0.00610865561256913
0.00505648455914178
-0.0043457908796643
-0.0125745335050729
-0.0148869123290078
-0.0188795671019635
-0.0208129595449535
-0.010019172269657
-0.00398965504832863
-0.00148829103155175
-0.00240443779623727
-0.00410894850091215
-0.00710087724738442
-0.00689728574558952
-0.00459610457439254
-0.00374656022266254
-0.0037733488631787
0.000196985672911921
0.00354605327166289
0.00308851712114655
0.00350979320588529
0.00509921008392013
-0.000583576332948779
-0.00616774587661654
-0.00690483438660618
-0.00729346324465795
-0.0105029828113454
-0.0111595337673418
-0.00759102783835863
-0.00554407581647169
-0.0027912293176697
-0.00178729508432439
-0.00340379380171056
-0.00367426071764853
0.000174438739529452
0.00113544378727112
-0.00274289798355375
-0.00470219579153959
-0.00388919494049784
-0.00936886503617314
-0.0139335721709775
-0.0109266464178858
-0.00972944093816789
-0.0120754702981369
-0.00820265418202565
-0.00481245323935911
-0.00406687701984627
-0.00316305657032349
-0.00146892624829942
-0.00378820487187243
-0.00794862637139449
-0.00854794617089882
-0.00821657147521316
-0.0103177120030682
-0.0101619669360923
-0.00570882706021092
-0.000973991440504978
-9.07106264069154e-05
-6.96977928669689e-05
0.00179239307368093
0.000778032928957889
-0.000585577581051353
-0.00250416160756101
-0.00215320901694362
-0.000946996184662833
-0.000887100713633336
-0.000586532456185859
0.00125230658010556
0.00156557928871363
0.000815233953287731
-0.00168362220477167
-0.0011624396686917
-0.00119512420975546
-0.00105808333461405
-0.00046699672151663
6.44343906733707e-05
-0.000654692507356895
-0.000581360803832593
-0.000267085885597418
-0.000824662093592974
-0.00182842150164795
-0.00286932797923822
-0.00472941987321637
-0.00486636484944058
-0.0027301274109235
-0.00163325916941145
-0.00148842217352173
0.000192870536031637
0.00131484135691713
0.000249383246000712
-0.000399565222521851
-0.000810969427045085
-0.00409632537369549
-0.00461148266539624
-0.00425290426080148
-0.00455547820423418
-0.00548007703253289
-0.00415982073026159
0.0016665967289389
0.00439127247960052
0.00264872666690701
-0.000469163613881891
0.000435729228308871
-0.000312349704297795
-0.00448064117039616
-0.0067114467917016
-0.00584017309824143
-0.00501266368492858
-0.00619397426364165
-0.00638995169936705
-0.00553274800108804
-0.00591287492468751
-0.00734399420714658
-0.00571475798857245
-0.00267122899254716
-0.00363839758603415
-0.0041179862869043
-0.00511510409430928
-0.00790020939072461
-0.0112697650484004
-0.00988163771590878
-0.00631335394853
-0.0060960913117401
-0.00586092680337888
-0.00453039197912402
-0.00405842358191021
-0.00434158428170267
-0.00386436190279957
-0.003780189727726
-0.00613323947187545
-0.00793901188304626
-0.00574592225995948
-0.00227725145280174
0.000150577774898645
0.00337020163604672
0.00286975610795328
0.000194807569883218
-0.000500143435223327
-0.00189682741482544
-0.00370625653345372
-0.00231921182880518
0.000321505183446327
0.000941240463102744
0.00103567635707229
0.00216531572616956
0.00199492630108579
0.000479005830311485
-0.000399830787925501
-0.000524281280491489
-0.00141597999391888
-0.00205683657076742
-0.000419093032360339
0.00054655565418863
-0.000497169172469558
-0.000422916499387465
0.000583119546648081
0.000565030675045743
0.00163290473398336
0.00196019322551279
0.000849871773657735
0.00107305752611066
0.000122940469300164
0.000230992110491867
-0.000642081827304229
-0.000480272419735514
0.000877980523848307
0.0010991555251699
0.000775552266960448
0.0016922780085315
0.00228009449718237
0.00229991924599273
0.00234719937944841
0.00207831167024336
0.0010420392211535
0.000794211619889544
0.00154264561821675
0.00177092570228108
0.00197437071331219
0.00290517204672623
0.00310942278511574
0.00224029623420482
0.00190789641263886
0.00162264456156374
-0.000446426079537886
-0.00174141346211757
-0.000292314705580146
0.000696143383818893
0.000161267784516919
0.000574866219869167
0.000262939777419648
-0.000931179296391956
-0.00102534426250809
-0.00133352993522511
-0.0026731242253889
-0.00326943903701017
-0.00448662411449371
-0.00537612028487569
-0.00299427447418969
-0.000210682001276313
-0.000264619712360928
-0.000375866085745498
0.000354555105461262
-0.00120258059206653
-0.00370628073770711
-0.00417608401352015
-0.0039675250364457
-0.00408319991957003
-0.00318030716722278
-0.000922321795158837
0.000592818950291576
-5.07344265001367e-05
-0.00143641499022165
-0.00131345632672886
-0.00260587674003981
-0.00404554878128592
-0.00430107743293398
-0.00521289854693198
-0.00513952675506175
-0.0043482694640407
-0.0027818367264415
-0.00212218106270028
-0.00178270959307363
-0.00156491798472518
-0.00396340785899851
-0.00682699720717927
-0.00747029456245147
-0.00785506653178091
-0.00770828434279939
-0.00556487785883428
-0.00308972756921247
-0.00279018814992237
-0.00250463773770361
-0.00242041343595338
-0.00463415211789301
-0.00762275977898122
-0.00630576541690042
-0.00235564581361264
0.000131715681553707
2.14331584998882e-05
-0.000151188155135428
-0.00113919382175278
-0.00522457864260276
-0.0100846677772343
-0.0117333485890188
-0.0112212166950089
-0.0116652395439156
-0.00826145044614798
-0.00334700466316213
-0.00230674063478467
-0.00391457407522331
-0.00522416638473918
-0.00755178423493236
-0.0103022321928983
-0.0102210879471521
-0.00726804377396675
-0.00474258147194096
-0.00270913431153266
-0.000454270784297687
-0.000273027885574338
-0.00282727288411145
-0.0054446982145894
-0.00595395137465755
-0.00495091330147783
-0.00694998957746701
-0.00351250596138629
-0.00347602764890834
-0.00608469284772855
-0.00864290566020145
-0.0103444288565928
-0.0113918776918854
-0.0103194841722459
-0.00698316126474873
-0.0033876941235389
-0.00213045086290218
-0.00263809813558175
-0.00341664787054067
-0.0083120646271654
-0.0128595520886792
-0.0125098422742606
-0.0102764541526391
-0.00802222635683804
-0.00543718044310004
-0.00377996106565434
-0.0054519560767934
-0.00796495222339085
-0.00800845240670304
-0.00863258129298422
-0.00996223315490478
-0.0107233483724933
-0.0109391225353079
-0.0119696182474794
-0.0146896687758144
-0.013821480627156
-0.0151070152518199
-0.0151171378025158
-0.0136803430567994
-0.0122614215957772
-0.0107765505637673
-0.00899108147462319
-0.00840657438962799
-0.00959125576270476
-0.0111484938997527
-0.0129753562323435
-0.0152863579396256
-0.0168621187207603
-0.0165194037694895
-0.0154797987869751
-0.0141834990218716
-0.0120985334594715
-0.0114047564585974
-0.0114047564585974
-0.0114047564585974
