-0.964536044735573
-0.958840147286784
-0.946466744353699
-0.88546220477967
-0.85532037592825
-0.844856906704139
-0.759685773170572
-0.715173721320028
-0.734867072162981
-0.697347857597156
-0.609825358417658
-0.547200684769062
-0.514406589782249
-0.440017311949803
-0.395574575045347
-0.436976380266597
-0.475324421456731
-0.470898829839895
-0.507342986201447
-0.547143845211165
-0.503598717233649
-0.45656585620591
-0.455917563126491
-0.419133907581398
-0.364988630861454
-0.39791070480779
-0.451976671651508
-0.4666168182598
-0.49343777456105
-0.52487070026582
-0.521074012866787
-0.472713264999149
-0.398912021091549
-0.351261655659041
-0.361142219526651
-0.364573637578906
-0.320970973853841
-0.301652963323315
-0.300333263968309
-0.264969382600751
-0.245212341673015
-0.243613466940747
-0.197921177112414
-0.165922776838235
-0.175285029523004
-0.171310301570759
-0.156486841553453
-0.171842188892448
-0.193740194799144
-0.18532232266667
-0.184562445156818
-0.191928653898598
-0.165503400986997
-0.136011204360308
-0.14112011462949
-0.145837393368878
-0.13054775644455
-0.141333592691873
-0.178517272017885
-0.157920108308729
-0.108193455351828
-0.0835874114310868
-0.0928703824460546
-0.0735863879241091
-0.0781256304108693
-0.112399805695124
-0.147294431122657
-0.136655323416376
-0.134797907410142
-0.14517671228611
-0.12906719098909
-0.0986502414699978
-0.0931891607418267
-0.0954075061568169
-0.083033520197195
-0.0888909774800184
-0.115381565537409
-0.119493577404
-0.107624886276807
-0.091201615829628
-0.0847955306083472
-0.0667913362122849
-0.0552748616343084
-0.0709294983359101
-0.0745261240494777
-0.0658787791471645
-0.0658763444105478
-0.0751922634855336
-0.0745303031012896
-0.0469142172842276
-0.0224079097593096
-0.0260305643790204
-0.0322438250560397
-0.0222515291157224
-0.0254678319270671
-0.0377517826706633
-0.035774840445276
-0.0265306463435037
-0.0248667380774742
-0.00810478919512186
0.0215243534759552
0.0225225080588748
0.00566307693560299
0.00610631234237296
0.00174142449384777
-0.0203178186955395
-0.0292394103256742
-0.0236417194718008
-0.0179049153356084
-0.0151580810891708
-0.00592806335197346
0.00306687278071961
-0.00141164875959231
-0.00334307176295295
-6.44335211129228e-05
0.00382124049513288
-0.000533522584448408
-0.00283533111288541
-0.00362781711383585
0.00071332627827965
0.0115650700931831
0.0235468391408663
0.0277154119424399
0.0299114405420023
0.0295345734995749
0.0413211769016035
0.0596316841240431
0.0372625270596366
0.0241058704274618
0.0159758459988937
-0.00741845359114242
-0.0185602293083697
-0.00807011909890994
0.00198088912967489
0.00503138313148317
0.0108804128372188
0.0183403872046396
0.0173838283960668
0.00961842226935284
0.00579747975378398
0.00378607919714766
-0.00110721281163741
0.0083765944354348
0.0168885581795219
0.0164906763150251
0.0175051663809514
0.0170954237181508
0.00846168329521945
0.000302389370670945
-0.000799521168980709
0.00205749811265248
0.00189376663874728
-0.00180053781733133
-0.00915182331478575
-0.00281975078111552
-0.00252043763692543
-0.00461363511584734
-0.00144709507246524
0.00123436839214027
-0.00286186279061634
-0.0141452663144527
-0.0251684353696744
-0.0286189977387799
-0.0314771901345973
-0.0328104204055449
-0.0156301610288166
0.00241917317369867
0.00445324001467326
0.00143693218967109
0.00181172262999136
-0.0059328092032562
-0.0318215837875964
-0.0424173180129174
-0.0318108795337174
-0.0273587302322085
-0.0200564438298565
0.000904727317406033
0.0134066164545181
0.00633285253667789
0.00158944078230249
0.00346860024878266
-0.0035485050917892
-0.00119068055245946
0.00295725290012475
0.005791628459531
0.00462337203002469
0.0045587689530509
0.00535355870234319
0.000412242051197752
-0.00274131376490878
-0.00548343485908488
-0.00757161238610306
-0.0148160179961639
-0.0189958510533436
-0.0184727193752925
-0.0108721916328104
-0.00681725947912158
-0.00548731702779486
-0.00158177397951053
-0.00284441247751588
-0.0114725872477917
-0.0167035935806886
-0.0171912893015539
-0.0198556271655818
-0.0176536748428141
-0.00852185555293367
-0.00288690617031497
-0.00454810181589488
-0.00212297830581056
-0.00533728335114258
-0.00974411609074881
-0.00732766657927595
-0.00279480044181108
0.000513276205693229
0.000498042194794897
-0.000747962631742638
0.000455239069937805
0.00133326950347268
0.00632247208982849
0.0156008001449115
0.0135209638788451
0.00857439638716276
0.00671867420781888
0.00346204104466302
-0.000524647243037809
-0.00802043066105005
-0.00527539800081355
-0.000429661642604671
0.000511264114763063
0.00516220809339868
0.00754469104191981
-0.00340551906809885
-0.0143495974327554
-0.010612217642819
-0.00958805319627062
-0.0256041529254851
-0.0227483083819864
-0.0202857977036079
-0.0234606113407389
-0.0248144686990192
-0.0233563738261692
-0.0172175847503884
-0.008249545288442
-0.00289534730269243
-0.00158960421872286
0.00227017227832748
0.00109330666104731
-0.0131898477751831
-0.024537015541037
-0.0428000440585466
-0.0421783776627038
-0.0261539981237857
-0.0112920704465423
-0.00549131920742443
-0.00476591463311754
-0.000281393308704889
0.000796132183857153
-0.00497393263993923
-0.00745773743864756
-0.00661922144286454
-0.00580684738928601
-0.00468653348134286
0.000273881588505877
0.00819502913654302
0.0109204619944054
0.00788946549807475
0.00681403162951981
0.00237187213441054
-0.00460408828823208
-0.00505497344423575
-0.00460364963832525
-0.00580254999858866
-0.00172007313520506
-0.00328901616848757
0.00254088278387004
0.00271390238862338
0.00214457539609511
0.000975849652684778
-0.00363067884246181
-0.00713778152208177
-0.0102287611211093
-0.00755382775705597
-0.00634388497723297
0.0071861679740171
0.0114841349422291
0.00379722230481592
-0.000912069296952863
-0.00124527682394484
-0.00401357466329902
-0.00707001234174238
-0.0123562567945744
-0.0197945349346457
-0.0239384921349746
-0.0231749689458131
-0.0217687580482178
-0.0155300894855562
-0.0112346376818627
-0.0124981719237099
-0.00784430377472257
-0.00259807530603255
-0.00797189130043031
-0.0144298263882554
-0.0148370367267854
-0.0227483603250629
-0.0383885023778677
-0.0278399481085581
-0.000735404565115118
0.00649826552699985
0.00859837461345361
0.0149826592867732
0.014975221343987
0.00471237936887376
-0.00294457474109926
-0.00272230405634285
-0.00751580472949199
-0.00801441469862046
0.00763696683779248
0.0149982055847891
0.0145301539710783
0.0239525569151258
0.0351640902427214
0.0248495015534717
0.0110140078988162
0.0132391774576602
0.00443348409893149
0.0019152973590202
0.00217955126328378
0.00486559522164754
0.00859956497492425
0.0120801562985422
0.0128464370513124
0.00306264213798944
0.00012915950809217
0.00341791579266664
0.00180892114852677
0.0032305346103183
0.0143581160467147
0.0185740433679812
0.0100919070199867
0.00476912888668953
0.00352942162349786
-0.00519754745341755
-0.0133476839607864
-0.0099883592843277
-0.00463006762272063
-0.00384313088880589
-0.00190996015743263
-0.00416058979542378
-0.00237792230935418
-0.00282866349500381
-0.00448875029930672
-0.00439817846153525
-0.00483910283942869
-0.0064030570943873
-0.00703197265838504
-0.00684687250863426
-0.0100839863546251
-0.00562445396999668
-0.00557373031122968
-0.00513501922731662
-0.00436885657112971
0.000166859263682382
0.000425676452499415
-0.0079536673007844
-0.0110226719342211
-0.0116498327682819
-0.0173851297727487
-0.016691035557924
0.00241644691297943
0.0204802148359616
0.00962270335917182
-0.00835703097522817
-0.0058724208873634
-0.000872555701287995
-0.000154203831902337
0.00182767471596212
0.0280094518401023
0.0337031174580131
0.0262239627831846
0.019490243260813
0.0107761134716559
0.00117423516015062
-0.00495079419673275
0.00153177537532198
0.000167707375971727
-0.000474142820995235
0.00296192779236205
0.00655176883647485
0.00157845703786228
-0.00366230804480217
-0.00599258473622377
-0.0131507490908443
-0.0133771800374212
-0.00193048482386238
0.00263590344299983
-0.000574451176452772
-0.00226601058037251
-0.00262877517563404
-0.00291270253280985
-0.00451497853467061
-0.00264455631456404
0.000624308485867201
0.000456972427406702
0.000478448015317861
0.000439743709883644
-0.000107928574841264
-0.000982445640078742
-0.000642476693157922
0.000819642731230161
0.000327554659130543
-0.000245640071457483
-0.00153857075276837
-0.000647233739588812
0.00139313011364983
0.00299890065847543
0.000338635050016124
-0.0019192562866269
0.000832195401255157
-0.00119872094254702
-0.00613599135694187
-0.00698243568695578
-0.00903019479024885
-0.0101801735425175
-0.0101859528788497
-0.00848062528245751
-0.0142601328197424
-0.0160160492805157
-0.0077836935501796
-0.00308709449812726
-0.00426510062759448
-0.00138481961727838
-0.000339414601445143
-0.0061568713217688
-0.00954842528571871
-0.0064744652019806
-0.00768380565993669
-0.00899000037071847
-0.00270054848930894
-0.00808046493767824
-0.0217209503981597
-0.0342067116487968
-0.0350816640085979
-0.0351133777555062
-0.0403456813675887
-0.0274460520260862
-0.0152327390902983
-0.00656097165574988
-0.0102306726355949
-0.0116908647125963
-0.0150304646867755
-0.0243085728613297
-0.036493924683311
-0.0335085806945777
-0.0276564630005277
-0.026925369779839
-0.0222406188499325
-0.00987630911482523
-0.00432089686712262
-0.00696620196585179
-0.00663228678765455
-0.00972395535773422
-0.0139814749585624
-0.0116800507896769
0.00020675049910084
-0.00208557212711968
-0.00160134546896417
-6.58990583060348e-05
-0.00146331852305693
0.000743745902113646
0.00205140079091944
0.000838840914902656
0.00375756526343075
0.00416998680668452
-0.00196348483484552
-0.00188784875714439
-0.000205311096164884
0.00334530330363695
0.012563597513175
0.00198977225762918
-0.00598576259636559
-0.0113514404090581
-0.00336447482163624
-0.00146301167644994
0.00100249341666153
-0.000375801830124965
-0.00279643405714889
-0.00394262492257656
-0.00447174896241487
-0.00358698436026433
-0.000986486031913991
-0.00141599458725008
-0.00368412206821598
-0.00310947567698452
0.00195212335605038
0.000886290296315012
-0.00113387120154489
-0.00451959956805341
-0.0065484434137237
-0.00644024626843802
-0.00835906570527426
-0.00885389846902929
-0.00920836608923076
-0.00673550383989235
-0.00500764988777521
0.000971664732145721
0.0116842560649466
0.00959951817773627
0.00519990203388725
0.00141385302067337
-0.00245101452419378
-0.00899053901112569
-0.00815233693783733
-0.0026303224114152
-0.00252090386323518
-0.0031278124622744
0.00171132424613276
-0.00230888033182333
-0.00726284671675045
-0.00909943201396187
-0.0118197149841608
-0.0152961264288681
-0.0138194736642755
-0.00988718617904197
-0.00640140571193286
-0.00500345856110402
-0.00508245761732981
-0.00320213465565516
-0.00201136778491861
-0.000826586069066957
-0.00170892849834338
-0.00189256683643832
-0.00323266917435852
-0.00453020464922422
-0.00279122330728227
-0.00101507500500256
-0.00275733962385485
0.000519189300359294
0.00483332690110521
-0.00122181951499163
-0.00237663001572165
-0.00230200330724063
-0.00836973222081259
-0.00929313801778235
-0.0018810958742789
0.00172316169704516
0.000911215323731614
0.00340592178424386
0.000768596568269621
-0.000398813041176478
-0.000653799703269456
-0.00373923521322272
-0.00617181501698224
-0.00300193748308793
-0.00321403872561732
-0.00345464622815425
-0.00375352977089415
-0.00373221509004236
-0.00414192911167287
-0.00459642540126245
-0.00489138127627566
-0.00558381327231458
-0.00627419411021702
-0.00626271016558736
-0.00875614340318032
-0.00697219598839181
-0.00715959749847535
-0.00753197247708179
-0.00839730048913283
-0.00663137966967984
-0.0028551974933073
-0.00180586590023939
0.00385568675006412
0.00701402472086477
0.00205762219020697
-0.00125634353569029
-0.00157202961097836
-0.00615234871930733
-0.0103518051659446
-0.0074980661898639
-0.00407978574873434
-0.00341479306089193
0.000895145915733548
0.0037126228336835
0.00301692960340452
-0.00269470524719276
-0.00645837982791768
-0.00706213245224222
-0.0120808328149518
-0.0147589759957982
-0.0110668582392795
-0.00964223482870969
-0.0102221877475914
-0.00520013505135992
-0.00371680353280802
-0.00581855559211561
-0.00499098210426549
-0.00544863319528474
-0.0104241675552663
-0.0089593999983342
-0.00782721738745817
-0.00904053974485802
-0.00894431190004052
-0.00323906793500778
-0.00199610007074866
-0.0037423781967706
-0.00348814428628925
-0.00467558063070327
-0.00966007401903356
-0.0118789317784356
-0.0104256022378244
-0.0119179351862492
-0.0135479511019295
-0.00886282639073682
-0.00468992689043261
-0.00401381082006726
-0.00159586573567933
-0.000221132317499159
-0.00476080681255985
-0.00749092170992456
-0.00558324174838178
-0.00386561210252486
-0.00369226169711672
-0.00100808035402823
-9.45920648305733e-05
-0.000467406989304874
0.000608731418860037
0.000421842699404054
-0.00378868770874275
-0.00726518834761746
-0.00905694461839507
-0.00981264886934503
-0.0122193812684783
-0.0143723178974239
-0.0112537082614815
-0.00935393453776859
-0.0106527493104913
-0.00869530661814308
-0.00801138752037128
-0.00647362979782496
-0.00642554543021136
-0.00808673113347293
-0.00725776784605413
-0.00730888590152716
-0.00931006329605713
-0.00967654138179379
-0.00669950791463535
-0.00401803291450824
-0.00275548734174189
-0.00275027250376221
-0.00222744636403664
2.01119014391418e-06
0.00178531804066415
-0.00042682965598613
-0.00377351934744078
-0.0111553237005848
-0.014476997334171
-0.00977940221646731
-0.00369358030324977
-0.00394512658532836
-0.00157165855960172
-0.000480424236700006
0.000603297669700577
-5.49640704403128e-05
-0.000335777992544726
-0.000947516540891237
-0.00264695891707662
-0.00428684436506522
-0.00352476985322911
-0.000722809697007484
0.00147377295081271
-0.00020150900666119
-0.00268530783181383
-0.00526741899395279
-0.00887183500703793
-0.0127959954986615
-0.0122798072819458
-0.00980624677330105
-0.010246247050686
-0.00776831222935875
-0.00168222314901399
-0.00261253497311062
-0.00445870530245487
-0.00469165273497795
-0.00668816702585067
-0.0067233864546142
-0.0075438462578191
-0.00379450746139019
-0.00214546181156591
-0.00173941032309005
-0.000925048231168755
0.000215967242424573
0.000201534062412461
0.000847558306863525
0.00272084161712114
0.00151880399356045
-0.00181005434078789
-0.00230597405524572
-0.00179541958904312
-0.00293725808225901
-0.00166332955333633
0.00220430296166327
0.00251608403741432
0.00296854613812363
0.00527971600423562
0.00328683989115683
0.00127475827733314
0.00178770541846226
0.00165460130811789
-0.000405017371373623
-0.000134527824157531
6.52279587488622e-05
0.00127835597900798
-0.000269224358969013
-0.000445674665950963
-0.00462027412419615
-0.00545832959800815
-0.00441432006677339
-0.0028715969077956
-0.00239064198833306
0.000146585546402548
0.0053438721529639
0.00579100814547356
0.000859919224410517
0.0010570917271524
-0.00418417755237505
-0.00998908811867262
-0.0101781975279888
-0.00338595311147602
-0.000685609892815315
0.0023919094415725
0.00624087683180699
0.00274061574234644
-0.00218658125698751
-0.00295962673508591
-0.00517153138737225
-0.0084294373947719
-0.00571458034915303
-0.00181141667474654
-0.00211153764975787
-0.000750697945461124
-0.00058701680900948
-0.00443552812522371
-0.00789723625331428
-0.00627256567028702
-0.00505469951669708
-0.00357282396425236
0.00258159014607596
0.00570012474656373
0.00032061317863798
-0.0021026454561967
-0.0047973492413822
-0.0149140659860188
-0.0157893840743485
-0.00987680580122713
-0.00620298187009321
-0.00423107659542387
-0.000138375015057205
0.00165726359595753
0.00038120157146483
-0.001124506608171
-0.00175960094940917
-0.00389752770546604
-0.00633658370417099
-0.00698570075534703
-0.00586208908840373
-0.00451121974119367
-0.0031381950241216
-0.00153313454117653
-0.00128405747929339
-0.00172147069621064
-0.0014946849803829
-0.0013346413507085
-0.00574564532361371
-0.00954045293345388
-0.00980885224894996
-0.00968661812046673
-0.00942382290303416
-0.00627448684769091
-0.0020583910089116
-0.00155723831595891
-0.00086324623628798
-0.00231895735100278
-0.0048972479107546
-0.00740048660025544
-0.00726023354468395
-0.00729145629653187
-0.00709234899098855
-0.00456730396322061
0.000670276304400217
0.00256745398914403
0.00117307581938858
0.00182334698330165
-0.00107980496038288
-0.00661973227455897
-0.00745753455793014
-0.0072700659055412
-0.0087039911845841
-0.00520111197772387
0.000534160382196163
0.000369690359060689
-0.000921765639173255
-0.00120947460763129
-0.00444339759130029
-0.0110929703399997
-0.0119613594307778
-0.0106581800456274
-0.00948939727198871
-0.00408408988489134
0.0011375456989077
0.00205002011196059
0.00212976565111734
0.00247251782085633
0.00165420181301824
0.00104477695799023
0.000910259957989087
0.000555846761197465
0.000399897484743301
9.92814807648111e-05
0.000100417363662887
0.000489150640043829
0.000712139414611887
0.000725819900923922
0.00131576478039186
0.00175786920645784
0.00167481529278355
0.000876678103882149
0.000450133534994883
0.000321987262260534
-0.000593019714151514
-0.00252155128614274
-0.00344980108098827
-0.00315857438857293
-0.0010038168280448
0.000591341402615387
0.000301450945723683
0.000465851970437332
0.000874284800809415
-0.000393923926534795
-0.00174769848532878
-0.00138395793690929
-0.00194553048010881
-0.00285204326527592
-0.00190411555631683
-0.000512364954105702
4.49520949711729e-05
0.000430137108467458
0.00103835624677458
-0.000292673334550066
-0.00254901006765739
-0.00279484421691123
-0.000832859308691097
-0.00277585904480385
-0.00150493984062068
0.000399995381989666
0.0005437263888456
0.000294375535714103
0.000328421053636579
0.000584966489064307
0.000547280285999762
0.000668593203531633
0.00136231748754275
0.00152534657101023
0.00106871098624498
0.000819972188008418
0.00115939779603178
0.000241684200348793
-0.000489688437178501
-0.00027374465784183
7.99536962043554e-05
-0.000150325878827489
0.000175017446972452
0.000873033747810638
0.000546513663622707
-0.000236286284601636
-0.00059480873233509
-0.000772430534976746
-0.00143492000556296
-0.00191110855149424
-0.00139775000843859
-0.000718703132772998
-0.00062199199044877
-0.000151464003238986
0.000726051209833205
0.000648453690947357
0.000235103287143871
9.34711419351055e-05
9.83199558695928e-05
6.73340904759383e-05
0.000166896406799883
0.000216517993094037
-0.000361830749162585
-0.00100191421799274
-0.000822217641168008
-0.000499721185087592
-0.00088741850574446
-0.00121206202382062
-0.000974584126606011
-0.0014137569159247
-0.00378421218083112
-0.00496916233937423
-0.00459400165438802
-0.00273548801318228
-0.00164411489753217
-0.0014607011291283
-0.000610704728382534
-0.00134094433952778
-0.00377522695963933
-0.00347620648019153
-0.00302014584460286
-0.00311659598837439
-0.0029211604584616
-0.00127693474257951
0.00109636687227359
0.000469401615475785
-0.000232958742677603
-4.24125129761107e-05
-0.00220381812727363
-0.00568035507790955
-0.00572664729745599
-0.00368751937790396
-0.00397736046556595
-0.00278872681040545
0.000243213142190086
0.00192062787739558
0.000488386759225888
-0.00106348447559595
-0.00164833460948175
-0.00301341689100379
-0.00547975834818134
-0.00615662963748293
-0.00491259643991365
-0.00356467580289158
-0.00203179846020173
-6.59212433245286e-05
0.00055674411837453
-0.000444418832835623
-0.00136539876327792
-0.00284697194472016
-0.00514197417135253
-0.00612877441353339
-0.0046086789823335
-0.00399213401525205
-0.00366298992639684
-0.0023317928147318
-0.000364473814694607
2.88706439119424e-05
4.31413148029382e-05
-0.000174936218077482
-0.000450736159588101
-0.000988443128508728
-0.00153710874293964
-0.00166352699685364
-0.00181228007826464
-0.00170256624226531
-0.00102801273703036
-0.000768158820804258
-0.000907017271822461
-0.000573341392362409
-0.000286847200932186
-0.000391074228896334
-0.000558408827775526
-0.000502024415585475
-0.000669667171091996
-0.000916660674443461
-0.000794090886122082
-0.000645000033222833
-0.000739051646548569
-0.000584606622351786
8.9745421564324e-06
-0.000178638019199143
-0.00102301039570717
-0.00119704183788823
-0.00129243615810137
-0.0017065777058708
-0.0018410922274863
-0.00158467021757831
-0.00153817988780055
-0.00101452453241517
-0.000406746807639005
-0.000230783763372729
-0.000303053228486579
-0.000126013652123951
-0.000263312622291204
-0.00107217605541526
-0.00133271453563114
-0.00122365922302406
-0.00058083347189075
0.000368634324226438
0.000354640104312556
-0.000274128205646826
-0.00049562283010814
-0.0013028271420706
-0.00257123685011712
-0.00346413990408788
-0.00389981193102041
-0.00642938348860753
-0.00477615536362153
-0.00348895199916152
-0.00337770122501172
-0.00351818882866155
-0.00301850418348289
-0.00311324048480967
-0.00330669110099632
-0.00265702829317515
-0.00160275818649144
-0.00132178014372512
-0.00139359419876844
-0.00139430810584412
-0.00181719917467673
-0.00248136168339401
-0.00259505424916554
-0.00230348329026943
-0.00209823067327964
-0.00175372040777829
-0.00130596780018404
-0.00111507012414301
-0.000978357916214483
-0.00106478663009274
-0.0012379814351502
-0.00157627237507337
-0.00237530697842981
-0.00268810287143801
-0.00244719686030034
-0.00228627904516562
-0.00176423995413717
-0.000696038706674122
-0.000195715805348416
-3.0854636693417e-05
-8.04197902608795e-06
-1.66786319191462e-05
-1.66786319191463e-05
-1.66786319191463e-05
-1.66786319191463e-05
-1.66786319191464e-05
