-0.939950174174306
-0.805805553510847
-0.343727402706324
-0.436749617935636
-0.287943072921245
-0.146102186530055
-0.0291436108964962
0.0226973429288564
0.00761291464645565
0.00988521667818134
0.038491085527749
0.00431355047980294
-0.00791205531070675
0.00693150311782381
-0.029803079667595
0.00441114400204124
0.0281131180158633
0.00911420934829774
0.00845734232165202
0.000105742800878134
-0.0204163635729005
0.0326357440448103
0.0046380769802555
0.0417101509302489
0.0642520940424348
0.0154614648938825
0.0240552232352795
-0.000183568017856631
0.03665668675029
-0.00453542232986557
-0.0579476446207998
-0.0141463055203763
0.00903645292684644
-0.00538556566590195
-0.000806405857879681
-0.0266984504627547
-0.000444372785332571
0.00694125911763752
-0.00227703112791345
-0.000228561265023432
0.00754811012415996
0.0061159301723704
0.0431627669264141
-0.0261777010572091
-0.00881386190469999
0.00614410707519542
-0.0155045258860049
-0.00169510092292211
-7.31693447948993e-05
-0.0188921711568884
-0.00626942495130365
-0.00369098974969483
-0.00775330446062735
0.0130368407451288
0.0255848296877199
-0.00655415111391801
0.00225229096718216
-0.05347686705623
-0.00408128223589914
-0.00185615644727773
-0.00523195195350262
0.0174305697949504
0.0134654295550717
0.0169467643644643
-0.00176623126933484
-0.0113012737056637
-0.00457369102177596
-0.00160438405168365
0.0173913931920684
0.0266449641065863
-0.0141191885548921
-0.0180384479148766
0.0333054482764689
-0.00276613723983248
0.00596575018925753
0.0213112606261906
0.00396095153232944
-0.0273596619169387
-0.0142152479306144
-0.00664716346778229
-0.000296210084508343
0.00502727885083801
0.0101615395114492
-0.00864869152255814
0.0048110652405524
-0.0043266584765493
-0.00271773846041463
0.0108248941481229
-0.0225323103080785
-0.0234829865242193
-0.00148469306100278
0.000562809917564405
0.0117990692935316
-0.00768914914919333
0.0118878888926215
0.00679193059097659
-0.0469014249154308
-0.0142407893802658
-0.0111504507420734
0.0178323628386954
0.0108100446015583
-0.0225003295070036
0.0202422562406258
-0.0148222769383968
-0.00231093002852861
-0.00248792565588771
-0.0102575594947381
-0.0018576006413526
0.00223191812891346
0.0103269373928686
0.0120488142137934
0.00638320095346463
-0.00103913960805244
-0.0233388287142248
2.33436590492755e-06
-0.00605047533086588
-0.0221903878286252
-0.0188039724659676
-0.003000184158391
0.0152719012358539
-0.0170059885647577
-0.00257256567956201
0.000343807312119616
0.00528518525109654
0.0181315940886511
-0.00930361526462102
-0.00579348626621023
-0.00881718239193613
0.00409785493283498
0.00226900400521194
-0.0106094037161446
0.00224389523875012
-0.00867176499355842
-0.00468030024363087
-0.0334295973233533
0.000514708316026076
-0.00409652833467765
-0.0193711757737524
0.00213116315601881
-0.00352210938919419
0.0046775256666616
0.0034909925823136
-0.008226799933775
-0.0280140853127395
-0.00260543160680068
0.00356880029537567
0.0177213222364304
0.0120026500049121
-0.00128981504650548
-0.0056569644540329
0.0184948278955689
0.00172793023110973
-0.00148609797249964
-0.000506572255739996
0.000280030548369299
-0.00244795782964111
-0.0119185085056536
-0.00129323252160279
-0.00178606449836891
-0.00153176027074691
-0.00211494780967907
-0.0067786277677614
0.012086012045412
-0.00146598718608215
0.00228809961719994
-0.00225701629969204
0.00205637333448078
-0.000275461236941163
7.06210716321779e-05
0.00529387914784612
-0.00107891869305949
0.00240401195728527
0.00760788920676707
0.00177960682272718
-0.00275773265506718
-0.0034518722145127
-0.00736194276849133
-0.00998858874042064
0.00166232941097064
-0.00129346131414872
0.00338443496901782
-0.00164841126842036
-0.00149311924306095
-0.00226491145686804
-0.000104999110187885
0.00382571761367316
0.00338150508332251
-0.000217441544443011
0.00256449290543686
-0.00307397618693406
-0.0116151608566169
-0.00313560555325736
-0.00195363551592615
0.00352568416617806
0.00394886177565915
-0.0148320236897778
-0.00801107051091709
-0.00191965665305583
-0.000897748182880002
0.0149827873607735
-0.00341466580169367
-0.000947566661547963
0.00129894899130743
0.00368077623670763
-0.00121137247230934
-0.0074024029589391
0.00208307178987375
-0.00267602955289921
-0.00993735924329968
-0.00127483441269994
0.00152707925668723
-0.012678432300026
-0.00188487146178796
0.00411659132545546
0.000705068772343386
-0.014473212665156
0.0101558718829256
-0.000662042525444711
-0.00101730153685522
0.0019106496524855
-0.00114327498135985
7.47666694562141e-05
-0.00584016695183833
-0.00165553692345027
-0.000809791088904445
-0.000847784590862639
-0.0050010370182952
-0.00128437726908339
-0.00264285089524409
-0.000876508887113386
-0.000979504368558858
0.00380960103979329
-0.00205310523431742
-0.00308131054324554
-0.000202850331767969
-9.73494188761062e-05
-0.000270325739284123
-0.000266601273210274
-0.00158194518452185
0.00285813397202133
0.000825307875640399
6.83550697870127e-05
-0.000421099321635048
-0.000192781030924294
-0.00302360424403519
-0.00209499244793986
-0.000758953235516895
-0.00167401998544827
-0.00144103160222176
-0.00408013042756677
8.68178652556546e-05
-0.00125623017138573
-0.00612688609520987
-0.000699468904180571
-1.70059213794689e-05
-0.00199645946268887
-0.000457361242515108
-0.000373337552460245
-0.000262646099081586
