-0.981007263886332
-0.826562002881539
-0.569759709267372
-0.31291980938866
-0.231579719205559
-0.186805002826723
-0.0856365088124492
-0.07214232423826
-0.00474017019190958
-0.020049095056988
-0.0121235846452852
-0.00741836653873173
0.00831669475859985
-0.0102493310199289
-0.0337715240681929
-0.0235338333329513
-0.0113288139960196
0.00824493733985192
-0.00585136995730649
-0.0218176309034335
0.0341873930919537
0.00649200331896026
0.0133256382042153
0.0238306668579977
0.00110204899624935
0.0170709507213811
-0.0168646703932931
0.0071386945492796
0.0157826327156729
-0.0170394057377502
-0.00821145257703061
-0.0312773939640517
0.0188991998575448
-0.000829783456270698
-0.00399178925903063
0.024870742487924
0.016209663300859
-0.0170229169507143
0.00390658537808362
-0.0111168534945069
0.0047788861136095
-0.0216271281175319
-0.0129088871957727
-0.0306965806689219
0.00246032475570427
0.025634400425308
0.00170587429498862
-0.0074040147633594
0.00698517299700579
0.0205045085778245
-0.0364838587879602
-0.000485715184711604
-0.0227727430362865
-0.0146253062599813
-0.00374184516167319
-0.0138125006875353
0.0514636439894327
0.0127230171862272
-0.0476018348409295
-0.017272839076514
0.0108217159939899
0.015482383140518
-0.00155055938711174
0.0220531631763867
0.0458127526468538
-0.0214076828520336
-0.0123400852123241
1.49036491793753e-05
-0.0265404278014817
0.0690836865549077
0.0511518410553144
-0.00135381674062349
-0.00981367008775409
0.00770301604097065
-0.00612519345032496
-0.0289082745368244
-0.00584396741806782
-0.0457112129096087
-0.00198194317939897
-0.0233615833998002
-0.0313032970036887
-0.000102699490395455
0.0187398795797783
-0.0132638881766286
-0.00698606242510978
0.0295771456648226
0.00181047717802911
-0.00419568766145877
-0.00593263962596238
0.0420559021822038
0.00102986210683349
-0.00107998691554024
-0.028322762523108
-0.00280728347845362
-0.00576895362723994
-7.85109139975204e-06
-0.00926946024049076
-0.00143406997804656
0.00149043374633055
-0.0222007293614303
-0.00686839240023505
-0.000997460878428656
0.0533398115157522
-0.00583826133723661
0.00117666944177207
-0.0147356266734111
-0.00814105372862347
-0.00594312955714736
0.0106299068812018
-0.00623167543891914
0.000922331753696826
-0.00737002068286192
-0.00562228273041263
0.00341989215663052
-0.00460596662790267
0.00658202693022275
0.00528934695494039
-0.0159110654254866
-0.0114541969274317
-0.0143939675827523
0.017133622871424
-0.00882943400586639
-0.00279887934330987
-0.00683016050036267
-0.00518858133544328
0.00780250313918466
-0.00094523674569179
-0.00439711006930789
0.0467900001961268
0.0026155783649985
0.0247784350310913
-0.0386121285513906
-0.0144681737727239
0.00277448398576111
0.00628165027992301
0.00816164494255468
0.0287198950271281
0.00458559050706862
0.00662929863634125
-0.0047570777044559
-0.00181462239266319
-0.00291257903568372
-0.00425902199801732
0.00648749368144235
-0.00303340281528498
-0.0334909896340685
-0.00194672593750862
0.00218536209222446
-0.0304058946910557
-0.0293632999839403
0.00075013411705678
-0.00567900085958168
0.00389699343421306
0.00201772635925425
0.000159067952389888
0.00781046128599807
-0.00119814599599724
-0.0130998374809219
0.000966863447852568
-0.00332934725515743
-0.0174713981316468
0.0085738890600803
0.00951510897249293
-0.00518861976126325
-0.0126238558863943
-0.000191314379560187
-0.00393556071446461
-0.000823846557156028
-0.0110017371569977
-0.00493566033085981
0.000481468445486626
0.0123764828954479
0.00246395607714422
0.00151023073659587
-0.00708675618577733
-0.0180717267773651
-0.0112536063364554
0.00539727892346851
0.00195249351579674
-0.000166724424888267
0.00277976423508332
0.00137704851213607
0.0102025365285708
-0.000717442290916689
0.0109524203354199
-0.00110070856945521
0.00775173851917755
0.00107454360745601
-0.0109696397074456
0.0207549929594034
0.00433698219540805
-0.00780314951799385
-0.00895884660765554
-0.000741175110872795
0.00242313405280035
0.00504229340292736
0.00237983501025658
-0.00268301151577211
-0.00749347818725667
-0.00047827001524693
0.00820083754429632
-3.69237370181636e-05
-0.00599931706365009
0.00423222905793129
-0.00121756051848962
-0.00565502143277286
-0.0117031032270533
-0.000480551824365657
-0.00311350808476546
-0.000775136331955857
-0.00460435761568762
-0.00349592662449608
0.00352102451079657
-0.0035623030873702
-0.00514114777435106
0.00115353269416417
-0.00590510347752314
-0.00119388312509952
-0.00214613770392398
0.0057548956178144
-0.00630114538501276
-0.00762627287742686
-0.00310516728335751
0.0019654701836267
-0.000846464659943648
0.00255453799662951
0.00263691090398287
0.00120213481830543
-0.0113478098939899
0.00171076285874137
-0.00434445039415696
-0.00557335848513961
-0.00527248238285283
0.000517103907998944
-0.00112753041154972
-0.00400002198741438
-0.000991814355341595
-0.00786586901892509
-0.00143397543281687
0.000360932271050477
0.00206605818950557
-0.00063486882674369
-0.000249694869613654
-0.000629227568959008
-0.00184190599909939
-0.00165124839787348
-0.00318591195328792
-0.00382287564022775
9.04172890094145e-05
-0.00286796838651779
-0.000406945069519803
-0.00205093771165247
-0.00126976205486314
-0.00508552286821895
-0.00192642431681605
-0.00260345855591888
-0.00110899183848805
-0.000460330717205801
-0.000739169390001728
