-0.966213916358875
-0.925939890486904
-0.429577954075006
-0.234426801534172
-0.233143212394729
-0.0100601251712775
0.0122067704500021
0.00353969061046084
-0.023410905702682
-0.0209319405671409
-0.0123824174043118
0.0260921937198182
-0.0030675540903129
0.000764436810488212
0.0163003821113229
0.00453007703826146
0.00942893195434328
0.0527088735928391
0.0342574824768552
-0.00895053392456257
-0.0027566837982134
0.0640639421358852
-0.0132382900634519
-0.00460400012507831
0.00878907061384921
-0.00669550578963904
-0.00234635518237711
-0.0180922013564035
0.0100676055100558
0.0189472256958016
0.0503416738628463
0.0279814697455592
-0.0419195999284065
-0.0103967013322152
-0.0351632625516793
-0.0334144823600017
0.00514454156415607
-0.00226547754678531
-0.0328887658624083
0.00226580392318544
0.00373974747477736
0.0675307571173745
-0.00240451868385125
-0.0030079175252476
0.00781257574064899
-0.00401805438313496
-0.0122404636676845
-0.000467755994972419
-0.0138495370002103
-0.0191737724424591
0.00237348852237711
0.00296314256373902
0.00136952730879675
0.0203180960219066
0.00670093306060886
0.0160377228305682
0.0114798170876781
-0.00358294760559089
-0.000530886541142562
-0.0314209520746767
-0.00739787981252664
-0.0358037118363881
0.016255505115211
-0.0150827567070498
0.0127242596961561
-0.00714538953973028
-0.0250142996811916
0.00685694879855201
0.00154137053975305
0.00135920027955247
-0.00710064651399803
0.000666331215253041
0.00738861947418142
0.00822059424738675
0.00130702069117008
-0.0365790314856217
0.00821519092077185
0.0985654358184038
-0.0215672176353491
-0.0061226052032805
0.00301664080721026
-0.0176747930226323
0.0230938557055565
0.0185576180381349
0.0147158478778141
0.00679499362241745
0.0101985895778924
0.00784854296994972
0.00273954244112279
0.0299301000053778
-0.007879116708584
-0.0279852922717032
-0.0145401137910096
0.00996556266220997
-0.0323009375909734
0.010231375681016
0.00372912660781609
0.0183412541485495
0.00886742574756772
-0.0153369517874734
0.013541424364625
-0.0006381325798921
-0.00696421135363073
-0.00844869497082617
0.000574823340746511
0.0209075269378438
-0.0206107415938081
-0.00270198957661844
-0.0163836532476079
-0.0110757193786154
0.0116454026962671
-0.0190194383559944
-0.0427520158317326
0.00739272716053589
0.0127382938087593
0.00123385836231658
-0.018057751605848
-0.0125194794931609
-0.0169938271787652
0.00975122471288098
-0.00226079141424192
0.013090063728957
0.00293235944093164
-0.0125085016060986
0.0166916381980189
0.016513472376733
0.00372486635211474
-0.0223381284915565
0.0315075371165494
-0.0121271362261883
-0.046398792167386
0.00235821543229416
0.0137096299624161
-0.00821157076405729
0.0276277558965695
-0.0248137001723135
0.000999649780398326
-1.0203712815164e-05
0.00432438962378303
0.0073280632978715
0.0400445558267756
-0.00985541901564278
-0.00316560069234929
0.0051659368324073
0.0278631160176244
0.00374567571907759
-0.0347535716181295
-0.0272876850210404
-0.0151887871881767
-0.0210205890098672
-0.00226368053849127
-0.0218263049456624
0.0430562491271688
-0.00773664027905382
-0.003698061887486
5.20336654439646e-05
0.00151838600543057
0.0109838256122736
-0.00301581017371731
0.00397734267398064
-0.0125625749992781
0.00444341731968951
-0.00826966185371187
-0.00422483850287651
-0.00361593077024948
-0.00360651351893582
0.01996518553818
0.00152462201765001
0.0229866318136346
0.00790504370087859
-0.00233886578074294
-0.00315600351445326
-0.00225585901775609
-5.99567880355222e-05
-0.00390331896768578
0.000698243823729576
0.00104005822652287
0.00357006717652255
-0.00181332283442397
-0.00893757730461744
-0.000588048485430957
-0.0039095585398184
0.00111842689466299
0.00336197670351725
-0.00572533628757262
0.0143959066827582
-0.00377421139275808
0.0196943166543063
-0.0106769418525034
-0.000500198986462569
-0.00134347951227421
-0.000315165628077389
-0.00358483003893246
-0.00984788323381265
-0.00237009837257704
0.00105077357058543
-0.00341941713015051
0.00138454920098239
-0.0135504145312258
0.00106525772339816
0.00974980221902387
0.00126380893950004
-0.00648502201255343
-0.00733119545165666
-0.0143145740511679
-0.0059217848655996
-0.0185294627268687
-0.000980003509950096
-0.00302441714242811
-0.000215785861750123
0.00102947142054145
0.00118088312043772
-0.00140417743535908
-0.00648150740146222
-0.00821163416808949
-0.00865963670499789
-0.000135836859053665
-0.000304094423208125
-0.000386861279077411
-0.00212216324204683
-0.00723944248160446
-0.00590852616996511
-0.000295600074692081
0.00308228836270629
0.000573810230488529
0.00187124635317677
0.00308358953019836
-0.00145511318043063
-0.00202549629297962
0.00691922809915382
0.00182571653824005
-0.00137668219689183
0.000368797112471048
-0.00487338206316603
0.00192749991453409
-0.00160837720920967
-0.0033017738439357
-0.00288219259069217
-0.0100623991428729
0.00380025700818949
0.000431035150417266
0.000393415625454566
-0.000427596841158762
-0.00314178649095412
-0.00432198993505315
-0.000346579069989929
0.000771898375630044
-0.00254292869659205
-8.93019190563796e-06
-0.000455114785812573
-0.00661183841290382
-0.00438569916085503
-0.000781546580354704
-0.0021500137029166
-0.00411963771096452
-0.00277900623753202
-0.00137522180139944
-0.00203761276118661
-0.00220605499972145
