-0.972357066090768
-0.789629776082413
-0.287505928187068
-0.297395012411508
-0.158476277643284
-0.0137268580989908
0.00239294725825941
-0.0259158133995605
-0.0409326937533775
-0.0626463249917045
-0.054543079608609
-0.00110753987955158
0.0535946704262962
-0.0193712944223213
-0.0349001115192006
0.0385514271529398
0.0135358748040044
-0.00423540428539668
0.0378194462313353
0.0163095242329753
0.013526079376027
0.0974271541281427
-0.0026861059051607
0.0345969103801088
0.020988237951373
0.0285159725453007
0.00105101656861101
-0.000342184699551725
-0.0239040364431872
-0.00784382669141403
-0.0782017730069707
0.00634727847550866
-0.0186326743346205
-0.0012327950996285
0.00421234341408209
0.0249206041383433
-0.0199882000343853
-0.0203795921699738
-0.0230987138307031
-0.0121124069956327
-0.0061405856650545
-0.00477314745162635
-0.00254767633004885
-0.00223501877349831
0.0364433458537025
0.0212115349957075
-0.0119999958897255
0.00213176083049695
-0.0128109293267939
-0.00339931992128568
0.00137400433420803
0.00772744032274197
-0.00434766777690804
0.00744155842240255
-0.00339586048993342
-0.000659246207186466
-0.000853239529363743
-0.00598800966595067
0.00149692272642041
-0.010913718947138
-0.00197410331843126
-0.00213028158166778
0.00375392429071633
-0.0210385111065334
-0.00299090972201814
0.00901247581477986
0.00516761671334721
-0.016025983239162
-0.00694388991916379
-0.00889175162385071
-0.000983024450679138
-0.00335179205576666
-0.00165715847270499
0.00386609388633375
0.00963243425603976
-0.0125592821819033
-0.010563685216871
-0.0140829557000125
-0.00402031862315398
0.00603213255699764
-0.022047381810681
-0.0236614774625512
-0.00425523723767533
-0.00217292065825877
-0.0129380433530141
0.00373923905775172
0.00530326349902767
-0.00965537296398087
0.00697982113545383
-0.00439088549369557
-0.00703402364472825
-0.00612133862839164
0.0011505508073832
-0.0134427367380929
0.0070908013492875
-0.0153729860856557
-0.0164022186034471
0.0191485434016643
0.00527128565105888
-0.000316778511163068
-0.00681927741329048
-0.00836424574747082
0.00904161183314506
-0.00561596122946737
0.00810647288182639
-0.00173886963373475
0.00421617728975344
-0.0001666743227163
0.020623088652401
-0.0214593871807214
0.00397595308705735
-0.00236640710717206
0.000120597096357948
0.00989027541533575
-0.000620750611232925
0.00216277409608341
-0.0134983978507932
-0.00314397071174821
0.00995996558402133
-0.00910241896828001
0.00715630506286244
-0.0123962596303642
0.0202427067011175
-0.000761024364553087
0.00914477252806283
-0.00444345393280279
0.0236279348559329
-0.000202333096356484
0.00149927999344321
0.00393356201046668
-0.0195095632230282
-0.0137226431715319
-0.00412066197243843
-0.000235248013503889
0.00809025589585993
-0.0112406836989554
-0.000895012827692773
-0.00236006789327375
0.000860748278496723
0.000380517795210581
-0.00487591871116244
-0.013301365829103
0.00838318290540546
0.00802987672004258
0.000328120580673187
0.00717824596337015
0.0109960109726707
0.00205545602698033
-0.00218885646892096
-0.0108625917074968
-0.0106232294574596
-0.00476515794979209
-0.000656890201664059
0.00282042338352894
0.00157329686570754
-0.00242731614224669
-0.000639041499857022
0.00895385861901734
0.00382309661433443
-0.00891427086395089
0.000237572988451819
0.00530310224453519
-0.000681391472971792
-0.00452354009218699
0.0049633848829684
-0.00601758883581691
-0.00282433826975435
0.00524512723265757
0.00280065426260369
-0.0010598022511086
-0.00521090483673063
-0.00404454715997868
-0.00121730561582043
-0.00152276533857236
-0.0056331671167174
0.00232511563159701
-0.0126420816809258
-0.019412028279536
-0.000565445032939452
0.00138127104388902
-0.0061786877596058
0.00214353090677589
-0.0136276454467398
-0.0061887306859004
-0.00601523433401777
1.74443977733183e-05
-0.000107787263388363
0.0100577785599127
0.000211188385513703
-0.00321961380371458
0.000658209357633284
-0.00986287651145539
0.00119983432803559
0.00147089658001772
0.000425088311956388
-0.00496782429026634
-0.0024283056555775
-0.00315352414177314
-0.00804958549888712
-0.000909606429647858
-0.00244889473270268
-0.00226782083825951
-0.00418146864812942
-0.00951422567184095
-0.0143483362608825
-0.0059562403540821
-0.00779794374170705
2.66425199928239e-05
-0.000938325594907709
0.0028546344411975
-0.00482409683449433
-0.00668264270349856
0.00256456926233156
-0.0251125057094062
0.00191472638524786
-0.0105296603260461
-0.0111690507941176
-0.00721505033682166
0.00067250381208666
0.00135630288523206
-0.000605036937998854
0.00177313365688378
0.000642183526568798
0.0026159194336876
-0.00473070808845279
-0.00147358190232789
-0.00224810094143062
-0.000358416740261828
0.0011609044188866
0.000802837486856998
-0.0017079095709577
-0.00162144508070134
-0.00211542504100335
-0.000825090586360974
-0.00314372190997425
-0.00286598581116345
-0.00252474726261877
0.00112287399177555
-0.000151648857751637
0.000447182397618523
-0.00283741335161778
0.000367810615508051
0.000409457245114067
-0.000546597975857538
8.75031689779222e-05
-0.00181324779298782
-0.000115962034874813
-0.00056235999631559
-0.00144003408582346
-0.000629662470548515
-0.00241775856216134
-0.00443257155580761
-0.000316101324769182
-0.000744966237233564
-0.000617758605024803
-0.00135128777985876
-0.000125868230997649
-0.000278743580031447
-0.000339635092255133
