-0.964422930127112
-0.910137449923233
-0.739114653898546
-0.476326760585233
-0.29485652826716
-0.247597174420396
-0.167143186468725
-0.159137310350096
-0.167219419247709
-0.186945716606778
-0.190671611741753
-0.161851836998459
-0.152626527336567
-0.123720404554959
-0.0569111991978374
-0.0272039849334677
-0.0209632375312901
-0.0414700955242603
-0.0043823485683873
-0.0259693235883232
-0.0362849704043714
-0.0348804209248483
-0.0559011742187615
-0.0445986088819774
-0.0380238619776168
-0.0386873305188646
-0.0630604667105789
0.00600549428599609
0.018620870694552
-0.00490606430890321
-0.0237719593487934
0.00116677921904386
-0.0173408620958149
0.00100161520739183
-0.00429987067014035
0.0191764253997263
0.00238796571162
-0.00753634997483694
0.0165803250764025
0.00773619312670989
-0.0450815511288589
-0.0461394827112879
-0.011574615569243
-0.00156193981452341
-0.0212532138991766
0.00775238994017152
0.00861432603670638
0.0125629684336317
0.00610255512458849
0.00773148266593903
0.0501962956447532
0.0478755684064403
-0.0251461391063191
0.0148929794210207
0.000468259018392373
0.00401622528048397
0.00122992376657688
-0.0032209303694744
0.0102486693897153
-0.00147504402033981
0.00107915954828774
-0.0074067462095016
0.0216468882292168
-0.00635877302818627
0.000695244179403431
0.0643557876894467
0.00302733253609487
-0.00572982972583964
0.00495230992371799
0.0119832859811768
-0.0143203437112986
0.00265985483198376
-0.000970948065214572
0.00449760515944398
-0.0188427968965947
0.0063300709961134
-0.00993773766333618
-0.00629105251431984
0.00360832373161984
0.00708834196994272
-0.0306878411991729
0.000163905692784426
0.00877259167725256
-0.000500531661161412
0.0243742334137917
0.000688773923293922
0.00288959621300024
-0.00200703424173313
-0.0064291144160996
0.00109542395223108
0.00245201115077546
-0.0130163085261853
-0.0284421994534218
0.00848983351168845
-0.0170341105753488
0.000771882463124509
-0.00535919222787738
-0.0198290315757982
0.0184844458199749
0.00925194542695911
0.00128273029333508
0.0133628496251335
-0.00111653269719038
0.0141298087607376
-0.00575476455918115
0.0220488387046931
0.000389722586001938
0.00300367766211174
0.00480750608085815
0.00042636855564394
-0.0327326969148167
0.00472928035025745
0.00792500351152808
0.0110107584783801
0.00995380876024059
0.00117536938766107
0.0169523570694991
-0.00388026000672472
0.00171462572443874
0.0119799967186429
-0.00584593335818788
-0.00129394243375791
-0.014511806637729
0.00857054923001765
0.00218597690280315
0.014765613753139
-0.00514547479727897
0.000188271975390893
-0.00578470174676157
-0.0136856789269478
-0.0111096984115082
0.0114617071571138
0.00205013591769247
0.000893085147406856
0.00241794173499663
-0.0117013116303145
-0.00719283383141608
-0.0500369743087271
0.0158351259523603
0.0337471986169577
1.11287483098798e-06
-0.00535434002307621
-0.00619059806227897
0.0318153251683572
0.00913074541493539
0.0348324101873086
-0.00281617605377362
0.00335245195435109
0.000932267398766663
0.00953848936374513
0.0679606996952018
-0.00692294222340454
0.00412719760101125
0.114608897558856
-0.0268754795942229
0.00109370021080756
-0.035606152565912
0.00487986134983857
-0.000534088344025101
-0.00702468530357471
0.0195903219529917
0.0144852546549528
0.012810501028971
-0.0150882903763055
0.0455777344938375
-0.000227316878071944
0.0191425384243506
-0.00708403065843012
0.0234845036585529
0.0136938505027759
0.00637595562078228
0.00134220444871634
-0.0232419984698301
-0.000899934589117342
0.00931106540578289
-0.0045368952925539
-0.0170785350248298
-0.00679469023091044
0.0173396513730049
0.00330685935348442
-0.0042899743352905
-0.00864582686397071
-0.0389635704186669
-0.00255675032532571
0.00834695417595851
0.000777895367144538
-0.0239602080432231
0.0507058086664478
-0.00112984539648757
0.00556497781142269
0.00296082274181242
-0.00249045164907197
-0.00266536515613053
0.00186993838602236
-0.00151341136821331
-0.0103059072659574
-0.00972342327485962
-0.0025911179112274
-0.00346200231710323
-0.00876211149658636
-0.00131615084547775
0.00963393958517082
0.00807480446276361
0.0272812190647753
0.00712468655617762
0.00411030987956861
6.89923852544719e-05
0.0153013192906516
0.0392709578128647
0.0496206667684918
0.0111961199670357
-0.00321283253187472
0.00765236980406434
0.0146889129872382
0.000608594638642106
0.00349274707281176
0.00246031123859033
0.00516331879880847
0.026859556255149
-0.00511775560922202
0.003875639533105
-0.0220853415608119
-0.0234568406002021
-0.000453872588341306
-0.00463597278275766
0.00392578214791678
-0.00347172762153456
0.00177036969901168
-0.00318086969168943
-0.00513606098773654
0.0196693620665473
-0.00951712345994951
-0.00116594302388136
-0.00684823580534165
-0.00332415316564484
0.000974438016154097
0.0103125214206904
-0.0462856134721418
0.00355202899512811
-0.0209425626529552
0.0030771744478818
0.0120638086897058
0.00487226762999506
-0.00456777460192166
1.89466351867768e-05
-0.00181907357858038
0.000161221604167289
0.0125818896292703
-0.106811819035066
0.00371036095249404
0.0119379332341762
0.00863798859394743
0.00256344821951774
0.0127868910159586
-0.00453278344210193
0.00390208219812951
-0.000200753301914975
0.00691521482114559
0.000142199584920128
0.00949620533559094
0.00789760006998649
-0.00252854007946496
-0.00575298303114616
0.000702223779171245
0.00356956815431212
-0.00153373126115775
-0.00257898905781786
0.00161132993938779
0.000289503747443712
0.000969723414335791
-0.000261515648884078
0.00060411366798168
-0.00751605051271535
-0.0166057658117105
-0.000768446723549573
-0.00724017654618378
0.00199295838721893
-0.00451956753086702
-9.93353874468325e-05
-0.00777834944516157
-0.00313235301779046
0.0103608314729551
0.00206256570266747
0.0179841850660148
0.00546789782073616
-6.00625672019773e-05
0.00207526143506206
0.00418744482282607
0.00229987853673234
0.00236228125527854
0.0106075529559963
-0.00108000386223638
0.00100156083623263
-0.00770102526942931
0.0503366716256188
-7.10396468856685e-05
-0.0231319846472879
-0.00713840692141801
0.00117150470916783
-0.000901993965264998
0.0222069373736879
0.00461783868536723
0.00100572897742104
0.0103563765667054
0.00206179925307437
0.000753621371146398
-0.00260465731363559
-0.00442685418726889
0.0190332077008571
-0.00567385621659241
-0.0185599393645565
-0.0153506023458245
-0.0147648998231118
-0.00927445371760193
-0.000471586095896106
-0.0143101564014278
-0.00283893054215826
-0.00161897947256563
0.00228436897661581
4.90441122821543e-05
0.000607580197017471
-0.00201776778388534
0.006760084988988
0.00947495305667323
-0.00295622433650611
0.00383010326242021
0.00256283657435944
0.0214259338617814
-0.00210446348081345
-0.011278422576141
-0.0258957037775548
-0.00392503410317603
0.000334375627562399
0.0035705114301329
-0.000450686022111693
-0.000911256051633617
0.000745871587011215
-0.00400404020578086
-0.00070865818362528
-0.00835939309255187
0.00694651693544058
-0.0105633918459868
-0.000861440332486968
0.00571434332052785
-0.00403994676789629
0.00214149843358652
5.81680895344093e-05
0.007148235977781
-0.0161206998627127
0.0136318032854493
0.00305436394524476
-0.00141792624946303
0.0119752897716807
0.0195234811907961
2.83872096574263e-05
0.00129581830598483
0.0027949463222009
-0.000330693335157602
0.00218260087465348
0.0176493637517709
0.0174275756596143
-0.00745526201331138
-0.000237472929385199
0.00391424234441646
0.000432577258215859
0.00157667462778545
0.00333720136780544
0.00085458473496116
0.0103826272246938
0.0323307340533498
0.016442593292386
-0.0119344953790199
-0.00048413256799977
-0.00219159175228989
0.00123782562582775
-0.00819130317505372
4.67359100908972e-05
-0.010255505985175
-0.0058363305499451
-0.000788437145700209
-0.0037935851394909
8.10460427681263e-05
0.00469091600610379
-0.0085616312258069
-0.0258762145724409
0.00143110464963134
0.00300504649638078
0.00960677448911081
-0.000536667799142959
-0.000597767476985018
0.00206667855941698
-0.000886138081998024
0.000597507219696201
0.000116508412402003
-0.00235983173316804
0.00023840889954721
-0.00897675319199454
0.00467742271813003
0.00277139744928069
0.0190341978200992
-0.0118229082812111
0.0275205866651404
-0.0204571630085348
-0.00431594883589922
-0.00115127476797664
-0.0603558227271814
-0.00309244400695956
-8.64912764495717e-05
-0.000703945571936713
0.0146727918274437
0.00971694479923547
-0.000855782583285038
0.00370236941957259
0.0483031661130297
0.00300751466219643
-0.00485910701026316
-0.00632978155448
0.000130317253172067
0.00271729567839729
0.00789077937073455
0.00457653242578083
-0.00501645480750014
0.000190199893213309
-0.0160813039436123
-0.00078130117760956
0.000548995666093813
0.00127537743214667
0.000696768867023377
0.00993512679704154
0.00135395186676481
-0.00132971479109151
0.000682560220491056
-0.00705388464592354
-0.0251975509009474
-0.0210634692545673
-0.024749627405251
0.000662491038259019
0.000225073817035548
-0.00356984502978261
-0.000920947170338079
-0.000380907632685888
0.000924407788464041
0.00254379111802591
-0.00333872345644866
0.00222944530177954
0.00211436753401957
0.000122820802264922
0.000587791469952242
0.00835201278138997
-0.00175082216572036
0.00104086925974223
0.0031532860755444
-0.00183109003329873
0.00207234212263661
0.00180031925843081
0.00156075124523567
9.49252218794157e-05
-0.000778731781616438
-0.00116365081211798
-0.0015486264676468
0.0119358114892279
-0.000830358651227655
0.00395620380865993
0.00148449648152137
0.00101116967949905
-0.0012763864508814
-0.0274371064281911
-0.0029630521678697
-0.00310898871621922
-0.00288966284107016
0.0110835991914207
-6.00228783566874e-05
-6.13006369266826e-05
0.00273121986525364
0.00550714673951216
-0.00153852043861947
0.000538160493711425
0.0572081719903183
-0.00252572089413302
-0.00249796050581858
-0.00886243539288817
0.00169690886569456
-0.00126448996967741
-0.000288777673420417
-0.0025387822256728
0.00452052451495503
-0.00217291690140358
0.000240024678770467
0.00307589798450618
0.00761996339802451
0.000229287667188043
0.00374066439040682
-0.000701956873887913
0.00270749281530712
-0.000107959685242927
0.00109059938054507
0.00341383714558058
-0.0154348648871252
0.000698140129305413
-0.0122811189864553
0.00019073986194472
-0.0008908654782509
-0.00058550567529078
-0.00159629919828195
0.00228898241626674
0.00317778010078132
-0.0124827234011555
4.72401094734552e-05
-0.00341670856574234
-9.59832046488041e-05
0.00337049783702926
-0.00573673615487697
0.000458965251098641
-0.000675524834451354
-0.00338150081194485
-0.00230604402938699
-0.00320558228585195
0.00946190017585978
0.000679344844524024
-0.00544297062768944
-0.00772170688002182
0.00224839439785817
0.000300288106394668
0.0049414498419281
-0.00455045533713936
-0.0117863785831911
-0.000276533350190227
0.000923469585456852
-0.000164935083861137
-0.00117849611714588
-0.0051658668640084
0.00240507184096441
0.00235474292855389
-0.000169641197399521
0.00480513644701051
-0.0052894068123573
0.00205596250445374
-0.00240360540803511
0.00399239972708493
0.00273786613004191
-0.00714807760483104
-0.00882160484446445
0.0105066599242359
0.00805831811307887
-0.000868884938265703
0.000419530810809837
0.00492512338631473
0.0038264050257974
-0.00495422154881323
0.00376955806276454
0.000880700202342829
-0.00401273256080257
-0.00241316245862019
0.00382831396210943
0.0300049697324092
0.0020552532413987
0.0124450516823447
-0.00112197470660452
-2.628277614241e-05
0.000192430233081681
-0.000506298276154829
-0.00323635251425494
-0.00319891350980081
-0.00298543513669689
-0.000977479315651941
-0.00889394139826077
0.000275331428074894
0.00146437631905968
-0.00378159868488512
-0.00162978249055316
-0.00329799478954087
0.000960361926336798
-0.000141437940227577
-0.001105898540512
5.8805506176233e-05
0.000265625626644041
0.00198556224642566
0.00324160780724625
-0.000531515787687736
-0.0005197350108232
0.000692109802347687
0.00153528193135043
0.00045428656822041
0.000511736969302189
1.9826162291665e-05
0.00611149161708785
0.00143827620941974
0.00268118283140758
0.0210335051010059
-0.000750666786875786
0.00465922729618609
-0.00103499892655983
0.000504049562367273
0.00110357386524165
-0.000813979989503074
-0.000420156252059386
-0.00174034009573728
0.00125424413568653
-0.00293965573910278
0.000335361722682127
-0.00290735631002921
0.00198294246839818
0.00047574834408861
0.00341909252587541
0.000427479102116874
-0.00149042931696956
-0.00204896214417339
-0.00293761595273394
-0.00142080559037673
-0.00259021696791036
-0.000686443239435172
-0.00100571568998226
0.000150709064043027
-0.000600493696068334
0.000298224900523403
0.00448944048228497
0.00134917399114671
-0.0079126784903118
-0.00278726672406102
0.00233823003474001
0.000259182903918561
-0.00100010222072604
0.00161203761233714
-0.00145269565621377
-0.000799365686201806
-0.00042944607003876
0.000322121757888046
-0.0021421903185279
-0.00059730081904795
-0.00209763693749842
0.00264329810916722
-0.00539043572017916
-0.00013412173402747
0.00983517420490728
-0.00231734473142078
0.0044531227581244
-0.00151159563093701
-0.000466481042159498
-0.000119397217770008
-0.000485078869351265
0.000354760806843229
-0.000321114648154519
0.00162023861398345
-0.000592123704479156
0.000402353099015673
-0.000843232325730406
0.000558145646825229
0.000954265806359087
-0.00684617319347548
-0.000254352370422162
0.00135813111415785
-0.0114792765983027
-0.00407761625788822
-0.00459961109262235
-0.00234002867470315
-0.00131294663159742
-0.00292094940574619
0.00029516303425279
0.000370225050262423
0.00204424733136181
-0.000606774354171525
-0.00079203163413962
-0.00167171476931443
-0.00365081831085735
-0.00441450045680746
-0.00238265904730296
0.0018858761477947
0.0188899981770153
-0.00021594252754283
-0.00481358537744439
0.00280465029417062
-0.000394819839986056
-0.000866607796085766
0.00294492368062861
0.000846252855787506
-0.00037483505121869
0.00169988041586242
-0.000790100202867571
0.000556024628212873
0.000138487858757399
0.00052141394402826
-9.12632869539725e-05
-0.000604460230940912
-0.0002282478556454
-3.84447780451154e-05
-0.000272845260564588
-0.0023489006855731
0.000406481324463014
0.00105990515993293
-0.000345379470283096
-0.0102882991109388
0.000461983809033483
-0.000187616017858157
-0.000106679681039256
-0.0019065735592503
-5.16080592785363e-05
-0.00103048008884013
-0.000147005382987498
0.000365243851736855
-0.00272203136503686
-0.00102387251224668
-0.00376465502558745
-0.00068107879852676
-0.000696366992659752
6.0126869860598e-05
-0.000104892059517727
7.03108917063518e-05
0.000157694027334295
-0.00151060777057312
0.00209383460242726
1.59514124309333e-05
-4.46127384348819e-05
-0.00021405498259046
-0.00166834081148805
0.000141785327222446
-0.00118441713434204
-0.000261904357676499
0.000280871906570859
0.000428441045008476
0.000267701329266949
4.08065562426392e-06
-0.000993774474181858
0.000462385614089773
-4.30283632181392e-05
0.00114635935428023
0.00111484870070996
-2.70110983531479e-05
-8.99910864294252e-05
2.57541593192928e-05
0.00013463354945036
0.000227813398228248
0.000328228431283254
-7.71253381460879e-05
-0.000663215741504529
0.000477160029589576
0.000892754776741682
-0.000865881332137655
0.0075945018733399
-0.000206972826887021
0.000660214477457795
0.00142008389760219
0.000214725247494655
-1.94102981560445e-05
0.000403623270283906
0.0021406484087123
0.00233570038049114
0.000162269167413649
7.66013106130958e-06
0.00153701062335893
-4.79520329124457e-05
0.000407246094819659
-0.0012430487821328
-0.000301057769014873
2.39469126395544e-05
-0.000549038502269966
-0.000325270469316699
-1.28838632341896e-05
-0.00152555578544345
0.000797825356687047
0.00594698315211368
-0.000569872070595541
0.000238264137829478
-0.000756586815352569
5.02853011165736e-05
0.000446268048200303
-8.06426394961341e-05
-0.000336531171575737
-0.000166267778115826
0.00511169679455882
-0.000343770516263629
-0.000126209362039067
-0.000522760269575357
0.00016940717533523
0.000449360838472177
9.1179601526641e-05
-9.60973272370149e-05
0.000464700630319046
-0.00583362002355072
0.000316918762113268
0.000145719649714195
0.000210829916595273
-0.00104210442874552
0.000576910382543561
0.00101923521818513
0.00204287767430499
5.58744796335046e-05
3.20898975107791e-05
0.00068416080567573
-0.000514911871017137
0.0060769420621188
0.00122745041350856
-0.00111982958466167
-0.000129373580877763
-0.0004715522493688
0.00935431129515371
-5.76123375406526e-06
-0.000854766273000955
0.000906358225931242
-0.000376666788010744
-0.000249281333812884
0.000663564315266629
0.000740997747932428
-0.00185586857233346
-0.000132280036235534
-0.000517041824572859
-0.00131158309305139
0.000605235437862345
-0.000439037460347045
9.40576285975022e-05
-0.000293768905863128
-0.000353958817455943
0.000152693549570351
0.000251071641847455
-5.17400091655127e-05
0.000282920645092431
0.000332528825258008
-0.000157047451589117
-0.000541380160023525
0.000845677922559483
-0.00029475721581289
-0.00248007324231126
-0.00118197351223641
-0.000631930312653556
0.000200931764796817
-0.000363020610731158
-0.00123468339159017
-0.00107677728823997
-0.00129276669554975
0.000517231795980372
0.000498650867942039
-0.000217121984558363
6.85585700443213e-05
0.000200011230230889
1.24210069484424e-05
-0.000369650861872727
0.000631628886643183
0.000122164466607515
0.000143535712775811
1.32233119295961e-05
-0.00246109819890499
0.00150639834188356
2.18604977633249e-05
0.000590026534666395
-0.00418754470483899
-0.0011178467448088
0.000746065586876061
-0.00153800068284277
-0.00220201475445409
-6.66505086955226e-05
-0.00069556735277549
0.000796361551207193
0.000135608766389776
-0.000453270351660498
0.000136237034149389
-4.69454689973587e-05
-0.000268093453905324
-0.00245925100306761
0.000573204317363029
-0.000165576311662735
-0.00313539868252212
0.000640015734233978
-0.00024753159809865
0.000281153662994293
-1.08165581973887e-05
0.000315334086581857
-0.000117806034924017
-0.000113622435644303
-0.00010828383644319
0.000114754551470312
1.2933490981976e-05
0.00117847391997011
-0.000162210445884155
0.000573395511565749
-0.00162379604586222
-0.000212960463113767
-0.00366954931105694
-0.000600479604498504
0.000132469657062568
0.00203005780340068
0.000139881575694255
6.18313099377766e-05
0.0001755637524304
-6.99592698723253e-05
0.000399049282088551
-0.000311880466591737
-6.78159312470824e-05
0.000246669307875075
-0.000336328518914951
-0.000192635658299121
-7.30504234729447e-05
-0.000200321632822188
-0.000217483581107142
4.21756563535936e-05
8.52723317193963e-05
0.000476531499809551
0.000346133878840506
-2.38009479734603e-05
0.000239435513164046
0.000293332281790307
4.35027816392476e-05
1.01399153481318e-05
7.47971843245322e-05
0.00106826717278218
0.000110301993794673
-0.000959346240729617
0.000281067500436642
-0.000595968948907003
-0.000389165058145714
0.000591849181863872
0.000615308641552611
-7.84278288821171e-05
-0.00224984668919031
0.000437842134031904
0.000337684493651977
0.000545947135743642
-0.00065271421199671
0.000485330021724645
-4.59963854414342e-05
0.000785677871927062
0.000255303389627119
-0.000494731730614765
3.85117162125083e-05
-0.000142480307814379
-0.000411071236051397
-0.000330998155244815
-0.000654961874668606
6.80754783218003e-05
0.000194069652825624
-0.000271454896030129
-0.00143185500236395
-0.000808869331632594
-4.60863432519729e-05
-0.00011880966199451
0.000113553143063904
-2.70012399691151e-05
0.000120166011195776
-0.000152774595288183
-1.03100414760579e-05
-0.000376027639716377
0.000741579078270546
-0.000389034376173007
-7.44273239244229e-05
-8.44122417690008e-05
-0.000128836852786407
5.38056464113296e-06
-0.00016311849656873
4.32419749117014e-07
-5.27250495968465e-05
9.84251854855498e-05
0.00142463988984608
-0.000172082308902961
3.30320542238431e-05
-0.000147931722600854
0.000368574509692141
-0.000213297034668841
-1.2039968068083e-05
0.000333301885411509
5.06017697333505e-05
-7.37991226520212e-05
-1.63882046417677e-06
-0.000293321507446521
-6.53085334426257e-05
9.48693185234174e-05
-0.000129810943870417
-7.54482714945048e-05
1.66781423705782e-05
-6.14113769764061e-06
0.000255967366927311
0.000280399184183688
-0.000782235689045335
-5.58418504219032e-05
1.67096821113575e-05
2.72807589282985e-05
0.00073361484109534
3.04401111192345e-06
-0.000129718729200348
-5.48017761302746e-05
0.000173098330386142
0.000135483412020647
-0.000191278377974173
-0.000172186530728714
8.46993996126231e-05
0.000437085692622347
9.01324660184399e-05
6.0884235343256e-05
-6.26296703385115e-05
-0.000239303909723306
0.000121332545533571
-7.88541729474941e-05
3.6628422926721e-05
-3.74228367187094e-05
0.000108478024827339
1.63864837414343e-05
-6.87517146915522e-06
-1.79209076993041e-05
-0.000186184018256857
0.000125092920764673
-7.58826733503721e-05
-0.000197413058629526
-0.000175105759253663
-6.08015926292119e-05
-0.000316020092984404
-0.000183651359167764
-0.000125997783781618
-1.52761508373821e-05
0.00011355785767819
5.39772174445909e-05
6.96988168314236e-06
0.000107995147486932
0.000198117668338758
5.2017320701046e-05
-9.6770972103402e-05
-0.000234192764831986
6.20641866703496e-06
-1.94649128520181e-05
4.43584088908193e-05
-2.37604492848717e-05
-0.000113727545162589
-5.22178210912025e-06
-0.000106664906337515
-7.11298420425378e-05
-7.62355149510261e-05
-0.000169865246647978
-0.000183872560626004
-7.09820969786186e-05
