-0.97348952461237
-0.620820375542545
-0.0895291808354498
-0.20107345812971
-0.0210161694599212
-0.00365715936320264
0.00316624451585664
0.00274170322055884
0.000734035900542869
0.038545196490337
-0.0238969359426469
-0.00113036124943967
0.00909577259450139
0.008353569203135
-0.0126223740423946
0.00904007761724694
-0.0318251707807413
5.8644902419556e-05
-0.0269649683024485
-0.0688675238842395
-0.0355076809077168
-0.00896280644410652
0.0260470812227806
-0.0156671179965423
-0.000881321274836006
-0.00184473179134914
-0.00565356838228253
-0.00553326703382702
0.00507173107591411
0.00402414538250947
0.00350259320706969
0.00406910117222509
0.00175610739503255
0.00271298277756555
0.00107203264909456
0.00290918463358073
-0.00878041766927199
-0.00732196031795995
-0.0184405198034916
-0.00893766062452585
0.02622245706196
0.0178594843461989
0.00330305410789787
0.00302637762462257
0.000486510038960182
-0.00895980318960624
-0.0060895872483595
0.000424950212467566
0.0224440811642922
-0.0169371525951337
0.0219436027375127
0.0137470273679128
0.00343664384388494
0.000614997069899284
0.0209569032106683
-0.00543210754401655
0.00338866228674601
-0.0214279975347736
-0.0118069283011065
0.000410817015529688
0.00149294590712547
-0.00402527272220617
0.00398903357850388
-0.00382357036434536
-0.0070604095668248
-0.0034752101923531
-0.0141657112925386
-0.0114815342278663
-0.000722611563627328
-0.0016068665804727
-0.00450871770859229
-0.0117834349633851
-0.033561956456551
-0.0217754195670309
0.00407726844145111
-0.01764283998494
-0.0049542813650437
-0.00548973531552977
-0.00465932498590387
-0.0261522826542037
0.0019978775452252
-0.0149158769280824
0.00688156511420092
-0.00447231413195723
-0.0122302107299343
0.000126845918473426
-0.0162748072532417
-0.00962793074608824
-0.00226036315275891
-0.00130811403172836
-0.0107489508073985
-0.021474106805179
-0.0124869597491761
0.00407279793273935
0.000152533905897876
0.000333507610948287
-0.00678631431677131
0.000920797227256225
-0.0033606136007509
0.00106991137342121
-0.00479912277518498
-0.00938433396108363
-0.022822891797239
-0.0180477874032789
-0.00228959820460167
-0.00328580002016692
-0.00016770917895466
-0.00571631210542594
-0.00403918593451438
-0.00288225401152406
-0.0126692562676006
-0.0202744291859718
-0.0274910532472723
-0.0117707502278912
-0.0117707502278912
