-0.982754411513698
-0.992157941457084
-0.918833986032564
-0.64268349954885
-0.680774517192425
-0.428322387707846
-0.23046697488028
-0.196780316638418
-0.0185719124277505
0.00304593500939174
-0.00511910792366572
-0.0267054473091665
-0.0637171461356222
0.00333816732729687
-0.042351666844375
-0.0136857658181807
-0.00524019003852166
-0.0213891030765151
0.00310649384475837
-0.00387096169009009
-0.0249621646278309
-0.00684502300918462
0.00440005153268606
-0.0175468220995004
-0.021200895860503
-0.011019283819995
-0.0462916516554707
-0.021077360238459
0.00411031578613764
-0.00646821983707942
-0.0289693768139462
0.000988586990705281
-0.00597531742709541
-0.0221833186441691
0.00694501923074797
0.0203060613132634
0.0139129113174278
0.00841682756589408
-0.00742286402353456
0.00830469519290398
-0.00378172068128349
-0.00351002598826856
0.00330571404653796
0.000585755244119638
-0.00193689327117941
-0.00643378765649811
0.026481549241294
0.0087989809261063
-0.00388971550175903
-0.00377530761055804
0.00852321904805887
-0.030781764533607
0.013716024708874
0.00161597017281354
-0.0111658074800808
0.00589183320822349
-0.000506882854289927
0.000836364247003604
-0.00494072360721043
-0.010532056188623
0.00582852984259719
0.00216180839713093
-0.0193468989694846
0.00189651926798294
-0.0378516439934771
-0.0112732875699904
0.00106884095680927
-0.00461713337128651
0.00238563038847013
-0.0075394234380006
0.000330940474093854
-0.00821944622865339
-0.0227826022426673
-0.0141207452471273
-0.00840558097290949
-0.011899196268334
-0.00415381473092028
0.00131992402200116
0.000749854173261697
-0.00434140469080102
-0.00466976639419688
0.00033699445041002
0.0173271696738828
0.00249045132143975
-0.00103772689934327
-0.0038980208788856
-0.0108433809999472
-0.0175479860578751
-0.00470032172668074
-0.0122169302669042
-0.00645892408023091
-0.00641419343241803
-0.0100411651937335
-0.00621407759700921
-0.00469553561802747
-0.000704242669649082
-0.000867778858713756
0.000883591106196736
0.000906544135676985
-0.000403766574166586
-0.00145283635652778
0.00118339834430785
-0.0108496648115702
-0.00614677341693984
-0.00365063859627801
-0.00266130856717466
0.000495467029507183
-0.0134733597222857
-0.0155606920216818
-0.00228634062634827
-0.00784933380775562
-0.0121654571690084
-0.00319319584440766
-0.00504894458168089
-0.0109194052113207
