-0.994965102063571
-1.00445509915831
-0.986144766647359
-0.890657905008572
-0.858233375649501
-0.84170320373066
-0.813672223790711
-0.781669708420099
-0.744152494111545
-0.708040383403547
-0.685964205857715
-0.641610270023066
-0.578875198739729
-0.575892299239491
-0.571612650137869
-0.540329786989878
-0.537179350747227
-0.51608621212273
-0.47221782885482
-0.434301286486542
-0.423047026115559
-0.419400490318785
-0.411113578844097
-0.41075668658453
-0.403587136386214
-0.366273428796572
-0.333542233073818
-0.325801650470872
-0.319551247606066
-0.312377322629287
-0.289645386398005
-0.260237114073246
-0.259141022514566
-0.272104315385369
-0.264076188918251
-0.260635169791811
-0.239429529921848
-0.244193041141399
-0.260725504183722
-0.304262799676118
-0.321725509335098
-0.30794638764921
-0.273439520041179
-0.228525182710292
-0.196957643612026
-0.187532503307612
-0.194539211302883
-0.19241108751816
-0.16290202296964
-0.121692979875873
-0.106556429790062
-0.118825575008119
-0.138679356701176
-0.161593099841678
-0.157488987432495
-0.132632691232316
-0.107133945490152
-0.104938716872669
-0.114231596386174
-0.132989804671599
-0.128955068571929
-0.121154931414816
-0.0975247489095793
-0.0787945105978187
-0.0776612208213185
-0.0905101172706196
-0.0838176589294405
-0.0539899567359392
-0.0432546595307691
-0.0577349960446497
-0.0431729408017163
-0.0564124080600503
-0.0466905156086083
-0.0402117071010777
-0.0187976515788532
0.0103338329950617
0.00580332471720245
-0.016652072653595
-0.0431244461488475
-0.0451262019594003
-0.0366919184190332
0.00575615866436606
0.000829609887217211
-0.000906589674370385
-0.00696965077810304
0.00550194166015318
0.00338526374328829
0.0134655356899156
0.00857995152596299
-0.00879472817005889
-0.00199890060795445
0.00806157298650833
-0.00748272915378394
-0.0298979856708407
-0.0269293828594811
-0.0202453370698804
-0.0184649368614557
-0.0287852586559252
-0.0249578216474992
-0.0233938277797444
-0.00611981619053109
0.0126619536916417
0.0233272108020937
0.0241128510790571
0.00894508937535827
-0.00444835647952017
-0.0146084662914
-0.0121463944999327
0.00430183749665576
0.00370591480212456
-0.000405632398556965
-0.00131262508965832
-0.00422762111572689
-0.006375620731706
-0.00146119648258127
0.00082214952848824
0.00181059565469897
-0.000330747172930154
0.00783102983080984
0.0126902727486995
0.00600609555995679
-0.000188792983529527
0.00543383364056719
-0.000239827957351561
0.00494747964475826
0.00808497304114103
0.000886635314583583
-0.00743500282779864
-0.00650110162366623
-0.0162481584804836
-0.00846169234162279
0.00327584634563443
0.00423988721964019
0.0119352991258138
0.0100660569129566
0.00222238551481908
-0.00690690300940466
-0.00686864843212318
-0.0237008494340716
-0.0216286720544673
-0.0165227852903443
-0.0146514364466216
-0.00927225022601281
-0.00684655843053734
-0.0102009591567665
-0.0075981945201579
-0.0150651377602548
-0.0150824335209007
-0.016850713615592
-0.00603429263839766
-0.00875902887897865
-0.00827067308775019
-0.000934212093033396
-0.00263692774503851
-0.00322281825547886
0.0024713796801538
0.000325868478516763
0.000558224042923022
0.000651673441012711
-0.00512064664378692
-0.0066216829546594
0.00566797368046846
0.0165563958076643
0.0147655228566726
0.0103716089461473
0.00999900010508239
-0.00666906254586274
0.00818874207430933
0.00780531225622785
0.0156760510819949
0.0174686254184842
0.00146481578631582
-0.00420307548913493
0.000427059448601179
0.00206102353797333
0.00297365846899259
-0.00442810266555904
-0.0028221656140416
-0.00463033239313943
-0.0148777936505558
-0.0145551593244806
-0.00224816392832663
-0.000822874488679144
0.0115561144758633
0.0292733246282098
0.0125464247802687
0.00687107644701058
-0.00424190188127748
-0.000684723072174554
5.74210617471855e-05
0.00102696939666509
-0.00104507284806846
-0.00260229350986047
-0.00442112094246408
-0.00585220512459425
-0.0135115002892138
-0.0178981994779992
-0.0187343879541219
-0.00858262012048961
-0.000135506885527879
0.00320454819563945
0.00815121902907333
0.00718397171569661
-0.000976507781388192
-0.0030169256641543
0.00116231259878552
-0.00672693680097501
-0.00568280152302186
0.00338046702365502
0.000839130356774198
0.00308840528066971
0.00911876871556994
0.0106913230915953
0.0155732010866005
-0.00100107910803171
0.00153777983569218
0.0011983408163277
0.00697725603584179
0.0157953720034364
0.0284556324533416
0.0230966392376558
0.0122205256733022
0.00942521966779943
0.0101696321777662
-0.0155154418947934
-0.0144351207052194
-0.0145866261242735
-0.000583522647127282
0.00527653409502037
0.00345425667129935
0.00416507468626909
0.00596705180224029
-0.00382595390859801
0.000485758846540128
0.00494370798390012
0.00627228963591033
0.00323360729556034
-0.00441746608778313
-0.00491149572597827
0.000654508063271684
0.00470831767089617
0.00950592500930554
-0.00167265016838964
-0.00807898279585807
-0.00455171662684551
-0.00275108250591984
-0.000506396905654276
-0.000611450580719056
0.00281332248629818
0.00939769641277393
-0.00206274317089603
0.00348202592987904
0.0108948671556754
0.0102362737101799
0.00561639169026941
0.0112439116814897
0.00938386313092211
-0.00138972023348112
-0.00360330703175321
-0.00607511321480036
-0.0155363775613484
-0.0212769033057933
-0.0299636973792787
-0.0238879068921137
-0.0207231125733597
-0.00814568130973303
-0.00341469549131921
0.00525732600295395
0.00230709326186586
0.000402411141318986
0.00574492023895638
-0.00986913253575085
-0.0119867567316186
-0.0109841043859212
-0.00486182604169681
0.00185594578971046
0.00326599562145209
0.000806842753439621
-0.00563612567052799
-0.00756461180769858
-0.00356348321787706
-0.00157209329568871
-0.00579638000113445
0.00565534370433972
0.0167633292817257
0.0246495016005296
0.00804335735469265
0.0131932903564947
0.0404790170336509
0.0296744282146824
0.018470565241009
0.0011522629647161
-0.00791918006448102
-0.0033265701845728
0.0266114017906995
0.024771254394451
0.0339139145573792
0.0157483285758422
0.00390942891171075
0.0039863636227853
0.00992896870893834
0.00819632605089301
0.0108037596595315
0.00684271990692491
0.00266218485144823
0.00127391333641527
-0.0252833152007478
-0.0289535187458923
-0.00998771692376899
-0.00718704867738757
-0.00649127660006964
0.00955135977260699
0.012564510545998
0.00448493778106394
-0.000109937127532624
0.00282097669717811
0.0138525269213328
0.0372353482139177
0.0408160876068538
0.0445946902159788
0.0344488185513089
0.0377370501410967
0.0423479753741905
0.0217847545450094
0.0121774553134991
0.0066566131920851
0.00284950969327725
-0.00280561541197822
0.0168477326407005
0.00788983224575367
0.00284031215646291
-0.0076765548943533
-0.00909995933050763
0.0127445820684127
0.0114799402625659
0.00687707429500733
-0.000409790260941117
-0.00285663213556
0.00510353993617062
0.0100297158477336
0.0142638081051238
0.0190945971251739
0.0145776939905303
0.0127218672624523
0.0113028109880172
0.0109317502135448
0.00973529742981057
0.00949620981400473
0.00375431274792128
0.0121058393399563
-0.00555841548464264
-0.0136443784278876
-0.0464094810962818
-0.0515887220943643
-0.0177712010400977
-0.0124797194450978
-0.0164714611827455
-0.0165454597613467
-0.0140018828621149
-0.0123260767472512
0.0272374763329606
0.0382512842593211
0.0156012488979951
-0.00951396964107612
-0.00497838728679661
0.011848299119387
0.0160705437157138
0.00389597613739391
-0.000158374320290408
0.0105120750554842
0.0019495243780528
0.00310538616414212
0.00470497018687219
-0.00844472747965459
-0.0102833066361913
0.000376965845808193
-0.0020792335436523
-0.0129070866887286
-0.00668799322711431
-0.0124654441728451
-0.017954956008756
-0.029535446612042
-0.00724601582118188
0.00768823657590391
-0.00204740708194569
-0.016100284578064
-0.00577610949973956
0.000426930473464874
0.00676196513614341
0.00835004684588106
0.010564973702064
0.00716566176705392
-0.00454108653664883
0.000386604750847444
0.0008624440143676
0.00196244829841974
-0.000767996715848011
-0.00687431536765639
-0.010893882880544
-0.00382228672543176
-0.00216509233683085
-0.00100037504735684
-0.00687973128264614
-0.00354794791642229
-0.00032981977246386
-0.00207532562085641
-0.00555389005564645
-0.00281315788425019
0.000133160237730545
-0.0020684302390331
-0.00366956078920497
-0.0042099731280524
-0.00433428098733466
-0.0100476009033133
-0.00516288646998224
-0.00170259073491173
-0.00141341019220133
0.00745901801046424
0.00988446132360726
0.0166099315988042
0.0191666825921555
0.0232347314573258
0.0159407358575899
0.00958213379924164
0.0081931719095188
0.0101639732316288
0.00816792073877248
0.00555374363774511
0.00479019731513635
0.00652641245978456
0.0107682101072008
0.0182710474161844
0.0138749695755561
0.000352776706685771
-0.00533511775249147
0.0007905578475099
0.000386497421225653
0.00136246923312259
0.0128008188052733
0.0158981750738035
0.032082581600997
0.0205920176853207
0.0197699263585868
0.0118593203763276
0.00968143215432815
0.0195707551217154
0.00747833823185231
0.00904175587800435
0.00607110937082123
-0.00207475721517979
-0.0070361929413942
0.0105111533611598
0.0113159759549334
0.00435816424712285
0.00372587448411116
0.00216020584225387
-0.00213450698335954
-0.00666042282388673
0.00459123887914002
0.00206811568824708
0.0014914326411304
0.00221905414569826
-0.00616661337109169
-2.75548476795788e-05
-0.00130905609050965
-0.00664617577400046
-0.00969652411591717
-0.0119058681978691
0.00342614008336974
-0.00237885261584523
0.00070234318671347
-0.000961454433390953
-0.00213260919460479
-0.00356187014769111
-0.00297396058301476
0.000548444316563793
-0.00534342716814952
-0.00886241202357336
-0.00488882434638566
0.00534502747004916
0.0049542005628201
-0.00545201739866461
-0.000701905626892567
0.00041159638232778
0.00513049092927894
0.0118892207509571
0.0153517023145079
0.0104330041634345
0.0159326359351982
0.0079564166905377
0.00220994295535861
-0.00608051092148328
-0.00978577070269087
-0.0166645986180754
-0.0107304300572949
-0.0135439985613711
-0.00887011376249463
0.00308377257168156
0.00106383871052976
-0.00785850664238808
0.00421470090766846
0.00290629703368762
0.00714082387822008
0.0123801249861549
0.0175799753790609
-3.56555648038347e-05
-0.0162610098211412
-0.0044179123921716
0.00100558331609577
0.00143290422214189
0.00585655758170832
0.0167494790463152
0.0140957259599931
0.00670688702060195
-0.00159963881329472
-0.00527139273832597
-0.0011946981525549
-0.0125055251113254
-0.00339808591812194
0.00577535627222446
0.00633346028157828
0.00706531853818434
0.00657533323962244
0.0144555553438199
0.0123609692963068
-0.00875120094068316
0.000169404205741082
-0.0331387918898608
-0.0195159556426146
-0.0129395520114724
-0.00990953368398487
-0.00797850343491932
0.0164122053192209
0.0483090386759616
0.0340145142619606
0.0323224555280913
0.0198251353467525
0.0171999954926418
0.0179197353449586
0.0130337974196007
0.00622172229762668
0.0107561771387155
0.0105474449718248
0.00258877657751507
0.00555245895326512
-0.00128523429174672
-0.00787367906815458
-0.00595967940504815
0.00921400935061286
0.00158730688681365
0.00164531768132951
0.00177021397175263
0.00427707238406101
-0.000251720351542007
0.00288468428269324
0.0126944444939
0.00493502163684325
0.00201885319612223
0.00107006859896281
0.00162009184465006
0.00108548727747181
0.00019409512955294
0.00036507870893695
-0.00265257294851584
-0.00152963310435186
0.000249955605381824
0.00255575387915161
0.00262688749230136
-0.00291729404503901
-0.00985008453647897
-0.0072994082293207
-0.0188241137470257
-0.0206456244448836
-0.00664949432139817
0.00664343058563127
0.0119120612933524
0.0117685315395765
0.014071594654402
0.0113276927103503
0.0115478804510228
0.00432883705688497
0.00386045142116786
0.00336313521777413
-0.00649769165328341
0.000935372529164446
0.0191336439921031
0.0218464621780709
0.017309658239719
0.0076644061993347
-0.000269406858143118
-0.00481527145458648
-0.0171721027069023
-0.00541599322784432
-0.00901039001270532
-0.0153966522778273
0.00190663469798266
0.00563875847587653
-0.00513127654907323
-0.0221808402842401
-0.0257583337517078
-0.0137921466585333
0.00310667484361447
0.0100550746524219
0.00495954170086975
-0.000545693712694977
0.0027309782256468
0.0106275601843374
0.00634889705991999
-0.00939276052968592
-0.000912024753796438
0.00607795851877351
0.00148793989247141
-0.00351516691311666
-0.00142874919127609
0.00813294120512828
0.0129343623706632
0.000868057389565633
-0.00859894561758498
-0.0123671817692013
-0.0276514398352913
-0.0275994045512166
-0.0081124627637641
-0.0156835580830048
-0.0435638013971705
-0.0185749996136012
-0.000562708540819726
0.0076544671843825
-0.0253670291405509
-0.0507314894443224
-0.0423424943325914
-0.0435153446024551
-0.0544815954035822
-0.0396829490035692
-0.0430130097397688
-0.0698784996349021
-0.0295640526942027
-0.0301300560465061
-0.00638475704107577
-0.00213886942130709
-0.00787348873434112
-0.00671670301657379
-0.0210553616417656
-0.0170173155872162
-0.0108787741133826
-0.015069653504908
-0.0113464910205092
-0.00431764323865144
-0.0013101111189556
0.0103335132711077
0.0305242235589752
0.0401632173646352
0.032833345294703
0.021796256903882
0.0157289529001209
0.0145246317330698
0.0153883624580323
0.0161615920026526
-0.00282325897100926
0.00129799287696373
0.0020659585714275
0.015176791421093
0.0139477593912673
0.013376579296621
0.0124406379442093
0.00293070821646932
0.00187575543482855
0.000671378978046549
-0.00286726870518498
0.00136436636132703
-0.000307362995402854
-0.00697185548051141
-0.00472813686488088
-0.0036239860469012
-0.00453522866314417
0.00057198965733498
-0.00210565483115385
-0.00663204868292908
-0.00654607513150821
-0.00394378877524404
-0.000884851545291839
-0.000938351132222993
0.0027322312900004
0.00661543543571577
0.0017079247169031
-0.00435499647155179
-0.00975532177070176
-0.0131668489807241
-0.0220645048540445
-0.0308849771090937
-0.0219269373128199
-0.00274692733761123
0.00622983329467979
0.00649277719027381
0.0124119056935989
-0.00197649396096475
-0.00632728295044482
-0.00362246901379003
-0.00232094879460636
-0.000481367112217812
-0.00251360113728506
-0.00233906324882743
0.000248443648291047
-0.0010549179653065
-0.00206338449297054
-0.00148175127533591
0.00158037001059669
0.00310054569681114
0.0033725558065154
0.00511039434908029
0.00344988646991255
-0.00370618595653878
-0.00276147148252709
0.0315504590743406
-0.000267932067506242
-0.00929370854001467
0.00499485646090116
0.0129694558449872
0.0118203854131049
0.00804642471736368
0.00503247640580588
0.00219779800678306
-0.00193224958148559
-0.000808620011809237
0.00147725336344709
0.00955184134185855
0.00891868740805398
0.00196457238333715
-0.00445620942998568
0.00455911867913032
0.00640200747854491
0.00735085324647569
0.00482079678699975
-0.0017134727311395
-0.00502293240401736
0.000932394324002696
0.000632228334350399
-0.00144071144850912
-0.000851373483773288
0.00167661377510905
0.00391956578540147
-0.000785098742176873
-0.00239099100833259
0.0169340986044289
0.0163600815890915
0.0119015167971173
0.0101822498173701
0.00963431396986883
0.00687820844747843
0.00437206050012414
0.00256654292985395
-0.000336693280401857
-0.00127846046636621
0.00149737406193572
0.00590497525240337
0.00333632930133322
-0.000251365125138206
-0.00351422950837689
-0.00278731855326453
0.000503558186146894
-0.00291617685826746
-0.00479762089099764
-0.00125055707449495
-0.00208325276248462
-0.00439791588829509
-0.0025537088110635
-0.00177434782307902
-0.00158103096630315
-0.00285467277583632
-0.000543664522409426
-9.5414962788322e-05
0.00284286190808134
0.000132539079815912
0.000855936482609834
-0.00194321339909755
-0.000281349110382854
-0.0019886971185968
-0.00141264992055044
-0.000491073114617942
-0.000183265785964889
0.00292518214915259
0.00524634541913053
0.00486970110820091
0.00669865557544571
0.0064192202147137
5.51628784991503e-05
-0.000304219910721071
-0.000367379758546274
0.00043958073449646
0.000669289218242194
0.00204535921111634
-0.00143204319561126
-0.000198916407608321
0.00292637925113704
0.00220887501632088
0.000822910557553843
-0.000797907511419501
0.000356272637122494
0.000214388855579404
-0.000844444205641283
-0.00502186319933128
-0.00711043382649277
-0.000403134853100427
0.000624350787364732
-0.000795488492036887
-0.00198389893143686
-0.000168539257248766
0.00262061552877323
0.00354751443898737
0.00243224567897651
0.00288843371314336
0.0152837472391511
0.0118594509432447
0.00692392771453952
0.00547893915856025
0.0106384205700768
0.00741765353259433
0.00269859775014666
0.00103065495992394
0.000748626843871405
-0.000924775045558838
-0.00270931270261067
-0.00262751812491859
-0.00231626348822202
-0.00077522549475254
-0.00401791617223171
-0.00776522063166858
-0.0050288077982136
-0.00375667930404228
-0.00593868151952939
-0.00484662834168634
-0.00280946406013991
-0.00498447921331893
-0.00348153338825384
-0.001311026401789
-7.21147935698542e-05
0.000619000506179584
0.00294018088458351
0.000474618333309583
-0.00193735368499926
0.00234623454704863
-0.0044147157557955
-0.00659345633483921
-0.0101540125365412
-0.0114998183575641
-0.00473145121208722
-0.0013558234991803
-0.00054794507251082
-0.00542647091753717
0.000319162077464028
0.00593068533000865
0.0112889547802753
0.0195567431271524
0.0194194819331639
0.00166215458695767
-0.00857439988330954
-0.0155215317422043
0.00743665185023928
0.0131239665331831
0.00666449544915006
0.00788611901842856
0.00539223107257624
0.00413281974119649
0.00240503662739908
0.00444816545721915
0.00655300936911389
0.00320419391846126
0.00413230550437815
0.00316805735645521
0.000459566223238407
0.000913825501440797
0.00244266846794695
0.00331631279742944
0.00215081105224865
0.000480915151969744
0.000883040782783587
-6.52681800328263e-05
3.09400266751418e-05
0.000129670679564109
0.00057232164485693
-0.00268803806020871
-0.00270827154142779
-0.000239354630850762
0.00409695216203876
0.00777999693018565
0.00557449107148729
0.00628488918497698
0.0045143876444916
0.00462504064000626
0.00384139458238716
0.00375470536961097
0.000772211436624608
8.49479969596874e-05
-0.000921470141110401
-0.00224459401816844
-0.00138505449632153
-0.000750097118719238
-0.000543227775943475
1.70257911917659e-05
-0.000298562769380948
0.000547126643529747
0.00118629074628675
-0.000560903456948976
-0.000971471564608749
9.37080017136925e-05
0.00066407629096703
-0.000204904985956265
0.00105769200620627
0.00327339021769003
0.00401705855910179
0.00365397675247833
0.00277900605013956
0.00186144536473825
0.000239078582526163
0.00105722408549093
0.000321369541414774
-2.2451595826175e-05
0.000719812826231665
0.000996490943171583
0.00143462725315307
0.00180031426857584
-0.000586547451616826
-0.00462659634508775
-0.00417751970335029
-0.00571861670502632
-0.00594983911333606
-0.00253859888970916
-0.00424335968431898
-0.00658521085662403
-0.00697830242653502
-0.0117290791312546
-0.0150532504507734
-0.0122149113247314
-0.0130635552056539
-0.0164221976455877
-0.0129625081054368
-0.0107001930425485
-0.0108630914691049
-0.00572299121280657
-0.00139050391761719
0.00359813797637102
0.00492299704052476
0.00329849274131998
0.000253258607323018
-0.00201583589216329
-0.00238329141194369
-0.00244769260972749
-0.00215799706105926
-0.00150224000194928
-0.00198513602107192
-0.00561525606809009
-0.00565547849253121
-0.00240027347807386
-0.0023939654269737
-0.00242678164983157
-0.00207937192790804
-0.00171715752402923
-0.00253739754936333
-0.00174252656530489
-0.00159856097299827
-0.00243894654731553
-0.00152375400783513
-0.00114988235270109
-0.000659595054020282
-0.000625025799421212
-0.000934573197459659
-0.000612646368226139
-0.00109894679541501
-0.00176038228988475
-0.00167715625277545
-0.00338479679229555
-0.00305398758644227
-0.00312021748954449
-0.00260828792114165
-0.00308648774019298
-0.00349156314126336
-0.00215916293902148
-0.00124040336786196
-0.00143969855997187
-0.000157317364172443
0.000113854184632593
3.45347373999915e-05
-0.000119552943814146
9.7235945633284e-05
5.42162555253751e-05
2.40099684599772e-05
0.000220735323190488
0.000248063965872061
-0.000105889527994773
-0.000540034472374829
-0.000763244590951548
-0.000946868150577
-0.000846647961410101
-0.00105405190753944
-0.00125043315322263
-0.00120189157030081
-0.00139677421308005
-0.00229711967376759
-0.00379917677980996
-0.00331249779801407
-0.00264834773075731
-0.00217038653480296
-0.00318340668481874
-0.00498172576912337
-0.00447634086879911
-0.00339972020844083
-0.00416157727839881
-0.00575204781434865
-0.00545401785800671
-0.0051629741784066
-0.00353666500857664
-0.00221391858932095
-0.00265364520197421
-0.00212905994218668
-0.00139612717354293
-0.00121919585335165
-0.00064506460878392
-0.00101676189416727
-0.00147806336403844
-0.00122253732424403
-0.00125715418614236
-0.00176100924383266
-0.00221031229426862
-0.0019619090172817
-0.00151687974214006
-0.00124102540394593
