-0.939062932800844
-0.927301403582697
-0.91378171355755
-0.902529469724918
-0.877371168781721
-0.826140995780089
-0.801994711711189
-0.753446564265118
-0.705309973955247
-0.690417639828508
-0.704968049058032
-0.715645776072635
-0.70823560615854
-0.63830829285665
-0.574948295917646
-0.579981893067396
-0.576046821142557
-0.549360448804537
-0.55334980306599
-0.548202395019209
-0.560021561239824
-0.574401181275968
-0.555246109698926
-0.534764380398453
-0.51466310511011
-0.491949032987128
-0.457009371250738
-0.387651766563985
-0.335108978375152
-0.320675772198883
-0.315828056385058
-0.297611557045068
-0.285341423199368
-0.299794743990021
-0.306003905529183
-0.28557410876193
-0.277732127391548
-0.272041972427962
-0.261831451313793
-0.249320752349902
-0.241484238708271
-0.216822031067512
-0.188020660517229
-0.155650737850345
-0.137603077932951
-0.167443317087562
-0.187886467183934
-0.210282599909955
-0.226609166508674
-0.19737172083796
-0.175931237071686
-0.173713200206688
-0.160917928300545
-0.154764009922094
-0.176241224771044
-0.194220584617608
-0.201524083804152
-0.181326774737926
-0.163338243977039
-0.173226739278004
-0.189394558392303
-0.144651139135262
-0.08917924741999
-0.0598112821054595
-0.0562948012628899
-0.0627017230316429
-0.0703201232635182
-0.0759069872629786
-0.0794805608446109
-0.0719368025390077
-0.0548768834177074
-0.0623480418990469
-0.0663797902636532
-0.0729405672417541
-0.0759574788254908
-0.0945205667021623
-0.0795854036532802
-0.0389566891557217
-0.0325512317485017
-0.0406513207381554
-0.0365137908213394
-0.0473759605092407
-0.0527323524696865
-0.0542390822491076
-0.0622290874095585
-0.039984648633453
-0.0372003078303364
-0.00579925761963279
-0.0018620324897422
-0.00571646442525861
-0.00550352677589777
0.00366163726032923
0.0108615189821676
0.0113486620216227
0.00935600095120697
0.00599033194544514
0.0080883252982632
-0.00128087497277439
-0.0124337416892375
-0.00548819915603792
0.000219167265245697
-0.0139457685438738
-0.0235933335391003
-0.0264504918657853
-0.0258592722915109
-0.020585418524925
-0.018012592928421
-0.0103648263823095
-0.00803103530589659
-0.00871053824444035
5.75351637073299e-05
-0.00397200550594912
0.000263740870560185
-0.0122932745815749
-0.0133097009667394
-0.0268847218540554
-0.0259677123948816
-0.0127231803716754
0.00264666443964202
0.0101814585122343
0.00150258603205192
0.0004735506603342
0.00684502114975633
0.00300803380572815
0.00967965291071324
0.0301389522114167
0.0436581891934052
0.0675948792055812
0.0818412370927717
0.0387159142477724
0.0285158992226532
0.0241059413840971
0.0144459051701301
0.0187856039250414
0.00629243110762867
-0.0174014250666737
-0.00960563283522711
0.00471473387190746
0.0171548329934534
0.0243385155792913
0.0218239822006917
-0.00123086217014309
-0.00955279694623453
-0.0100024879807934
-0.00458535151415103
-0.00427224996160559
0.00375790356784212
0.00575236091897452
0.00918233139310909
-0.000353383895782483
4.53837368922516e-05
0.00732299844096609
0.00713067551252068
0.00113619319699105
-0.000718928517854336
0.0153347761300632
0.0201497348417323
0.0205730203186723
0.0382138829322169
0.035837133642245
0.0128336354295431
0.000525785368300476
-0.00282175484539032
0.00402401850847756
0.0124341215262909
0.0316995031824403
0.0267495180324907
0.0119026770088372
0.0123381265383379
0.0192408267904571
0.0345570969394249
0.017085907209167
0.00848070103393668
0.0114583807837644
0.00983995799325778
-0.00502707124034767
-0.0191736828846689
-0.0199940964713988
-0.00929880126328987
-0.00867028679727841
-0.00783031780804978
-0.0179947261663298
-0.00997020342518741
0.00599568154732625
0.00984081410692029
0.0209835903837793
0.00854561086847554
-0.008185192225309
-0.0116086807383162
-0.0134814709031521
-0.0114134525296
-0.0123638490383495
-0.0142335045474602
-0.0198723729027374
-0.00701852799570806
-0.00766471039560721
0.000248475420109939
0.00251797708865294
-0.000134114092998563
-0.000528505441586977
-0.00634375740160365
-0.0164305768831848
-0.0114576790694452
-0.00429750601214084
-0.000674419172835391
-0.00192798356116707
0.00500069808289927
0.0151552780008261
0.0174011944419301
0.0242358781790602
0.0269356520760489
0.013273443263922
0.00447468310796155
0.00636678218508587
0.00824829256257193
0.0147314916890889
0.0208515603734556
0.0144508815227387
0.00917633468182423
0.00158250877342617
-0.000332543317471947
0.00346803219304845
0.00991488851729037
0.0236398561182843
0.0395987603720974
0.0444545273079573
0.0440599843361615
0.0393480764035187
0.0138926956625924
0.00523588279104112
-0.00097836613819194
-0.00815950618075586
-0.0063810108061924
-0.00597536430191109
-0.00826475898021941
-0.00967403799575656
-0.0100578170464434
0.00604337310204044
0.0152763202410048
0.0236406443418561
0.0103801909709638
0.00915197238360524
0.00358121699987392
0.00154430267566527
0.00768530060382257
-0.000198399878574024
0.00558353721238422
-0.000232770058750382
0.00287998179272567
0.00494239016117749
0.0138929127050709
-0.00211952723637817
-0.0132589787955251
-0.00777978500156583
-0.0159297914810653
-0.0328040943953096
-0.0214355012205976
0.0153918531498044
0.0497943051472658
0.00722382601658545
-0.0180230352374434
-0.00431244061740357
-0.00269170331097003
-0.0129878571907183
0.00573641483252964
0.016760116120716
0.026657841320045
0.011851432879422
0.0029777682419341
0.00539528956223913
-0.0189395581661708
-0.0199733676274602
-0.00802267193336625
0.00366723271196326
0.0137929220100616
0.00188869633298686
0.00915181312472542
0.000166367399855479
0.0148002622558564
0.0191470245788384
0.0272827642164993
0.0118463211615203
-0.00426018567692805
-0.00504082197460582
0.00360618317394978
0.00550379382463388
0.00106762663023686
0.000189571914855495
0.000714824111024259
-0.000430380843086256
-0.0035798035096586
-0.00845762167519878
-0.012027627586285
-0.0228977160536231
-0.0213177544625596
-0.031770283636554
-0.0307274084624663
-0.0232869418592108
-0.0230419680229177
-0.0159413541644126
0.00402729418280752
-0.00937015205028815
-0.00356417602902268
0.00530145705416309
0.00229040485721781
0.00186918655045066
0.0051598743630715
0.00322350362148753
0.00910095581184991
0.00929454818397965
-0.000224992380831577
-0.00123738254925034
0.00793388677313727
0.0104649175783564
0.00661099945618823
-0.00120718077286952
-0.0033700571939632
-0.00330441982804397
-0.00747201875708365
-0.0110458569740772
-0.0197251260179564
-0.0126775153793502
-0.00701123646457374
-0.010173464779145
0.00690745126769702
0.00507760892585368
0.00181872824384258
0.00735912361784588
0.00295127658707408
0.00535889823887052
0.00220669276368154
0.0113820781996149
0.00639442242129668
0.00564750124009945
0.00994377418758374
0.00360116559414667
0.00331969662899093
0.00956244291900647
0.00302949409118689
0.000375016007106654
0.00582301301011495
-0.00463468381397451
-0.0090860351158003
-7.97473016226568e-05
0.00096534238698944
0.000227753860203718
-0.00316148710414352
-0.0127210835840646
-0.00735365957569883
-0.000486893295192195
-4.24597392479447e-05
-0.000877876292543399
6.3801557076436e-05
-0.000860078869596275
-0.00957606728430725
0.00817795440994019
0.0116537852333806
0.0118322787491975
0.0123988634898725
0.0115860928326056
-0.000425840406781177
0.0132594654496728
0.00571194916969953
0.00588350538394353
0.00858880389280899
0.0155533373275337
0.0200991443265276
0.00992762526917483
0.00458374914175927
0.0160340242409554
0.0370456031122701
0.041275554092819
0.0539568025267285
0.0412047302214604
0.0307231057586832
0.00570281718087597
0.00661316563749456
-0.00305466164882658
-0.0122400196668236
-0.00317465732323834
-0.0178325959810106
-0.0229895086947682
-0.0127825411910958
-0.00755243343026184
-0.0148174148944949
-0.0147089580049774
-0.0109350027409294
-0.0135781854898077
-0.0218836159776509
-0.0164566027176473
-0.00418283936115723
0.0100742149619743
0.00437588821823196
0.000389128763633213
0.00117413519341044
0.00341239539745893
-0.0129193939626354
-0.0199804725392498
-0.000992014610546846
0.00895614545744375
0.0139388527042873
0.0332603066959038
0.0173024002243319
0.00485720353217403
0.00636715774616651
0.00671505274435191
0.00176750168728655
-0.0052043572293915
-0.00271442773101531
-0.0073940040410221
0.00112753966299943
0.00313126002162265
0.00118869451560019
0.0010321629507292
0.00226144691626164
-0.000122096123564324
-0.000808957410059679
-0.00788848732312688
-0.000421741037859576
-0.00131703483218737
-0.00223039784018352
-0.00102146533376414
0.00330997948613556
-0.00254860469757947
-0.00437887868920322
0.000555873083613509
-0.00514906479872946
-0.00560689123122645
0.00193992324324897
0.0092624892593515
0.00189513623454665
0.00137944476560565
0.000241827896410687
-0.00398748693677561
-0.0158398979756881
-0.0124628057012587
0.0013323200636332
0.00533237560673684
0.0123381179492436
0.00286985497582045
0.00107723901477536
-0.000268215992655087
-0.00141967593150646
0.000341911822192522
-0.00124260249432272
-0.0026109489699385
-0.000253641038800698
0.00189018916649088
0.00752499552538064
-0.0032460072514433
-0.00932098136501838
0.00174595642076528
-0.00117807424894316
-0.00201801745984555
0.00853794457568149
0.00767109633915192
0.00369705410209586
0.0103563986780602
0.0133439599237904
0.0212061893993219
0.024282155043027
0.0479021384565918
0.0426270493639545
0.0320020694803429
0.0353379869185852
0.0236872770828122
-0.00414079495200452
-0.0186667505725396
-0.0206386115826059
-0.0243915852100652
-0.00654536727489291
-0.000838997192525868
-0.0180286219693913
-0.0394020892510517
-0.0300904873789371
-0.0132602979059877
0.000275048452747435
0.00957488466938096
0.0102564162557554
0.00560819467419724
-0.00426253439545765
-0.00532216815764416
0.00160650317874984
0.021110239762366
0.019320306292217
0.021717993032306
0.0234531491993339
0.0113169463171277
0.000217399556133869
-0.000282892095804576
0.00262833788189056
0.00640316079224479
0.00909243808603819
0.00154371242712148
-0.00441339814821607
-0.00522124097575655
-0.00635747648717056
0.00109847505946455
-0.00389175329966767
-0.0259741605177995
-0.0239752322015
0.00909393132228705
-0.00369024003255569
-0.00555528741223018
-0.00478794346813252
-0.00451131350022958
-0.0129645703751705
-0.0174982425867521
-0.0179322175858084
-0.0122059560341982
0.00565934760905996
0.00576683329259794
-0.00119686804580089
-0.00467452878448375
-0.00506998129889419
-0.008123754041296
-0.0134931983879617
-0.00333789836309065
-0.0033396170631687
0.00567802160978392
0.00460481395555065
0.00713721195136495
0.00778663048239696
0.00288898359752055
-0.00597792887315394
0.000586503409761786
0.00107189321431932
0.00129369098582105
0.00688042509813671
0.0055589392694227
0.00580360284127776
0.0197715569198576
0.018117256803898
0.0145351545389142
0.0108412552304017
0.000374287261140142
0.00127237160500036
0.00227236006807501
0.000853144189156205
0.00135173268508085
0.00204557166335369
0.00118300173755244
0.00298543050666412
-0.000833987755173257
0.0066789015813171
0.0154327997852366
0.015789356358242
0.00973443759164671
0.00548501135110619
0.00342152899766891
0.000220658732078204
-0.00325766182813933
-0.00331728919962232
-0.00281589690534206
-0.000765547457950115
0.00135859300729095
0.0006532782516577
-0.000566164286537739
0.00213713192018667
0.0147539227505879
0.00722755040568712
0.0015275750145159
0.00638962699764617
-0.0126814645460509
-0.0173826595458818
-0.023572227886308
-0.0106332219951386
1.28514928109669e-05
0.000729076184460857
0.000548711561565148
-0.00132421821414602
-0.00535917049342687
-0.00211369195262107
-0.00165245365419013
-0.0011318610462868
-0.000885594786856809
-0.00119211331364759
-0.00443837832828934
-0.00378905922099465
0.00193682534217812
0.00593243618662008
0.00181302602549787
0.00478537826989836
0.00259383206086244
-0.00243000581774511
-0.000946011862899346
-0.00102022947660086
-0.000730336400997197
0.00427428758409536
0.00889784020984766
0.0142048246809373
0.00850053034886303
0.00189077607737774
-0.00481880159918203
0.00216062243357749
0.0101135517606059
0.0108663536774281
0.0101558673646092
-0.00107793608051435
-0.0101981575570552
-0.0147072431839578
-0.0171954756583126
-0.00686634816208106
-0.000920552733662414
0.00472892939423129
-0.00303452806339903
-0.00807636071567793
-0.0133132730976298
-0.00946542632237884
-0.00104560372665506
-0.00218364996227822
-0.00198631129557006
0.000352645435954149
-0.000400948274579718
0.00340349371672857
0.00459868914632596
0.00116894321527364
0.000796756797590655
0.0010936901099858
-1.8651945650712e-05
-0.00156749809409642
-0.00133362254962616
0.000297997276372225
0.00021074183962217
0.00113538543661159
-0.00201187527387086
-0.00404339751523744
-0.00407546595404175
-0.00255373920797509
0.000664272327479202
0.0019959214826497
0.00733744420327993
0.0109601566095479
-0.00380552951062597
0.00164630149820098
0.00249015464345829
-0.000816040820288394
-0.00444701024400766
-0.00180968990337851
-0.000710275702785928
-0.00398178568239528
-0.0110149652239488
-0.0160955691056881
-0.00668214859034006
-0.00499783401866595
-0.010021067525593
-0.0193967356431148
-0.0172475217264579
-0.00465244992564167
-0.00214578246008842
-0.00405671916469993
-0.000320520644972354
-0.00592926849958339
-0.00379774565900989
0.00386822644500645
0.00477219678297325
0.00112254622230085
-0.000312829257308639
2.42376988054528e-05
-0.00249130157033321
-0.00805264281143114
-0.00613916867178452
-0.000145026538417592
-0.00459886174471047
-0.015268602716417
-0.0145182088838908
-0.0112608463053944
-0.0114242999539533
-0.0105517195559906
-0.00952621358509677
-0.0105376854491261
-0.0134926869580938
-0.00873919227560425
-0.00886255057883244
-0.00841440171266346
-0.0127068159593982
-0.0123345642822094
-0.0179401157758674
-0.0299173562842609
-0.0235474618920731
-0.0091528332262312
-0.00817367280596875
-0.0148692607031818
-0.00753111046318152
-0.00299132690582139
-0.00273296837105127
-0.00268437516942534
-0.0115187638498163
-0.021814440550598
-0.0236366763833766
-0.0181433232343587
-0.0161662634883861
-0.0122781883735208
-0.00355897442125968
-0.0159781268876596
-0.0128159686428118
-0.0172563111038579
-0.0174144086466449
-0.00923546129583617
-0.01254980427343
-0.0141398042432883
-0.0161630281774287
-0.0288693177958256
-0.025391980244138
-0.0392260081696859
-0.0220168809570503
-0.016405195805372
-0.0193848674607695
-0.0143242873119188
-0.011853052935854
-0.00634250717379897
-0.0053722046382424
-0.0100009372210751
-0.0042613827292367
-0.000171736992633078
-0.00210294687318957
-0.00511017664489104
-0.00422183164992495
-0.0110776710629947
-0.00155019470651907
-0.00991383149109101
-0.0281375121874226
-0.0207010876298762
0.000978654629483822
0.000665085459160683
-0.00117471820970038
-0.00197705922235793
0.0047829935478655
0.00416627743142202
0.00529388112308604
-0.00956589017819934
-0.0150235904697128
-0.0059967237562979
-0.00449633875862945
-0.00214845609032842
6.97236329996308e-05
-0.00629616650495626
-0.00297893036152117
0.00176671958785234
0.00536788199115524
0.00235544600435204
0.00137778766484966
0.00177604334345171
0.00286707177013349
-0.005674729394006
-0.005344580291207
-0.012190574253633
-0.0154590240930234
-0.0125930249479986
-0.00723301610532804
-0.00145621385672091
-0.00104714634440056
-0.000780220750696419
-0.0007385935976594
0.000296319256982331
0.00248283821601583
0.000154481138120824
6.03690931481317e-05
-0.00207607031570704
-0.00374887035423804
-0.0045728026677913
-0.00727400175315358
-0.00970429330210488
-0.00319831833031817
0.00166120151123389
0.000465410021537829
-0.000838027590536889
-0.00294898054605939
-0.000721898657138407
-0.00116847048901236
-0.00102703045915446
-0.00735477258221252
-0.016154483134992
-0.0117962608237491
-0.0144861707982807
-0.00702628933597556
-0.0100341440273092
-0.0126249246324432
-0.0104353136990481
0.00107283992011249
0.00803128536057924
-0.00449170254523254
-0.00546593413112422
-0.00283946934438159
-0.00110684405598683
-0.00249241852684868
0.000498795865586568
0.00238390583176132
0.00417751017667664
0.000981746756011162
-0.00316199327193663
9.25925957944544e-05
0.000365644277124075
-0.00709277142821717
-0.00942643664646963
0.00939313429657914
0.0131743855407112
0.0061310743366256
0.00221477654649824
0.00189155197063981
0.00526576492990592
0.00246578090133585
0.00102952361999168
0.00127233212254213
0.00347568121791286
0.0069941289423997
-0.000480259793090252
-0.00843257506778977
-0.00646730809092023
-0.000201411727076934
0.00441265227142891
0.00233932165623539
-0.00949735639916649
0.00047926324933259
0.00543620156002993
0.00805375066044294
0.0106615745570793
0.00312453091970207
-0.00768616444237426
-0.0116444121506881
-0.0128792227644872
-0.00939329254792901
-0.00286722330954474
0.00128512719306805
0.000838734381330781
-0.00506611748340893
-0.00400982745276846
-0.00153209030979382
-0.000290870852085004
-5.83995550624118e-05
-0.00114695807561225
-0.00262711532532946
-0.00214491650073649
-5.44124004887292e-05
0.00302880891793832
0.0019542669576796
2.36402065665231e-05
-6.72153975044089e-05
0.000218614173464169
-0.00014251535271534
0.000914880207072048
0.000266331434858125
0.00057998592399539
-0.000231600867436117
-0.00153918490736217
-0.00167705882016814
-0.00483800085108029
-0.00379395665610731
-0.00193146747074072
-0.000751783216653608
-0.000666266730758037
-0.00110897340134871
-0.00207221175359991
-0.00178601023578488
6.59678928153745e-05
0.000185222799579037
0.000355011765102717
-0.000700506316295651
-0.000823545351692509
-0.00139770434864648
-0.000491220492392691
-0.000389414874150111
-0.000662199242194887
-0.00228166931020217
-0.00222193043326814
-0.000958546367926458
-0.000165590657291564
-0.000594923845264777
-0.000852464151484532
-0.000989127125988554
-0.000329413329390733
-0.000189260237094458
-0.000978195201066171
-0.0036417877108175
-0.00444366935928845
-0.00537514417095719
-0.003889534590764
-0.00179216759734317
0.000253191906525029
-0.00137092559862918
-0.0043813811210661
-0.00514512903250673
-0.00367927555841533
-0.00120121651681613
-0.0008323634435783
-0.00403473056490684
-0.00311379467205918
0.000812376587694864
-0.00240059690317414
0.000817192273735592
0.00139681984665014
0.00318653890390708
0.000193446149094485
0.000114766328745755
-0.000721149545629616
-0.00231001622187929
-0.00273124906489163
-0.00612237716783817
-0.00574144163164141
-0.00637233235690951
-0.00806653396594465
-0.00627778414719011
-0.00354330041653956
-6.41498319702995e-05
0.000602347273558474
0.00239693513133371
0.000267199318654692
-0.000229833542058903
0.00235525599717372
-0.0008953403125768
-0.00108362319161465
0.000731280350620021
0.00176884917491099
0.0019802940583331
0.00153686909611979
0.00012548545005027
0.0024493453058602
0.00237411064486027
0.00109235181826194
0.00152898781968204
0.00052132632293873
0.000113803258201811
-0.00230441107082918
-0.0029884033303606
-0.00372566414356423
-0.00406993151886269
-0.00228887322089479
1.24422730992176e-05
-0.000258961759439458
-5.99580150252128e-05
0.000213920786839341
-0.000379748322720676
-0.00101567065329087
-0.0010700611873294
-0.0012932700632031
-0.00119210496940979
-0.00194092324551182
-0.00248041663374951
-0.00169883348868138
-0.00101078002876301
-0.000653071846388889
-0.000670577364494839
-0.000152794165882332
-0.00190492809250567
-0.00156118207356514
-0.000845846488279281
-0.00211400656081719
-0.00142157364249179
-0.00153040910450565
-0.002439438469431
-0.000442196784078726
-0.00259274684001299
-0.00251223914873513
-0.00139044170464552
-0.00101037359487656
-0.000717538884413705
-0.00131308658782013
-0.00114370129528389
-0.000396706162938766
0.000392595294895627
-0.000151306820241157
-0.000983983565691625
-0.0022844996565223
-0.00184179087567511
-0.00164511655069266
-0.00187354032047054
-0.00226301416124037
-0.00264310965401124
-0.00185696834030082
-0.00143715106208038
-0.00186917929570041
-0.0015334420503344
-0.00132525008798647
-0.00103975859121291
-0.00152421442370173
-0.00244014075056141
-0.00362178062346542
-0.0037819612625553
-0.00446579537701221
-0.00556564550013332
-0.0058606890999877
-0.00501611266892318
-0.00401438156400609
-0.00365854028643552
-0.00326386495184213
-0.00343166307175605
-0.00279940327203422
-0.00266483830725772
-0.00332406382142912
-0.00355496917341263
-0.00408016465003871
-0.00510912091180628
-0.00513225187268567
-0.0056603867160484
-0.00567946053489914
-0.00562287415547988
-0.00458723497798557
-0.00322731335724005
-0.00235919337293385
-0.00261445856705391
-0.00199766714211172
-0.00138327730443345
-0.00182236852674651
-0.0023691879726247
-0.0023655252260712
-0.00185679533281912
-0.00174022741179984
-0.00184430779742492
-0.00130437488689589
-0.00105644832868396
-0.00103995702194433
-0.00114875672676006
-0.00129600949796264
-0.00111719215178834
-0.000890339719425303
-0.000646748133182895
-0.00053495256395432
-0.00051786867601606
-0.000553663540262074
-0.000561188732698731
-0.000646709455854252
-0.000878277738818924
-0.000640935429354216
-0.000299658488416857
-0.000244000057034711
