-0.997475677234461
-0.988450606794034
-0.933482928110146
-0.858196623528508
-0.787395106089927
-0.727566435989581
-0.685185007150128
-0.695386228949196
-0.674751444944787
-0.615659042220252
-0.586947298927504
-0.59451308765719
-0.63545800150987
-0.646392772926032
-0.622604873922299
-0.585750404513093
-0.573381964577587
-0.549810441129201
-0.51143285533317
-0.442592927178826
-0.396271137873538
-0.396229062911636
-0.404328618159185
-0.394303657269269
-0.39265227697445
-0.372920775972525
-0.327427534527647
-0.307123836715784
-0.31319116872014
-0.295970089436228
-0.296330451941877
-0.311167744024014
-0.318206481503075
-0.302802366183798
-0.231195136943839
-0.205775358096447
-0.223430761613571
-0.241437504988231
-0.22740444832726
-0.20226357624536
-0.189889903470553
-0.174906436575966
-0.170105401696328
-0.175092297641878
-0.151645354569912
-0.131178264938649
-0.133164017157369
-0.134959580586426
-0.143338793081658
-0.146947334783774
-0.143048037461921
-0.134495225362074
-0.118682780102035
-0.11736446034029
-0.106651561469726
-0.108900308306975
-0.0915825956973283
-0.0517830660933868
-0.0375372340001182
-0.0481213587703332
-0.0566225049922406
-0.0921909817308307
-0.114076899344621
-0.117961383670537
-0.0972485010761563
-0.0846178345258554
-0.0927759543635529
-0.0998772704729139
-0.102058090782791
-0.106162513374589
-0.0930086868774046
-0.0777950218150755
-0.0595848279967888
-0.0605262116505602
-0.0516452402520219
-0.0463850669888908
-0.0460720704217561
-0.0471497655478784
-0.0673250838628808
-0.0686892036459661
-0.0636991684650771
-0.0774552791804617
-0.0648251107837354
-0.0468975397421779
-0.0479801065857331
-0.0623556073938434
-0.0644027249990825
-0.0385383447499522
-0.0270614178965199
-0.0134108430079051
-0.00155432553825989
-0.00645213560898067
0.00207269421938765
0.00564169982894604
0.0269698394163173
0.0233269048623798
0.0333033831517465
0.06736177811153
0.0644009453139459
0.0331200034966825
0.0316783179630033
0.0329720991357256
0.0392680173115452
0.0551936676026997
0.0234720326900975
0.0203154806680743
0.0224364090373333
0.0241972634166498
0.0526796990853041
0.0673942649455728
0.055681374624886
0.048723080781174
0.0550454503079685
0.0678777801018734
0.0467796069264524
0.0193543112262012
0.022180868136953
0.0325161716798977
0.0154405732193172
0.00868899407978051
0.012175615964749
0.0164022643469381
0.0261332561812171
0.009128526310182
-0.0041818399371794
0.000144899206473387
0.00249215258674875
-0.00198356852057802
-0.00306087021539631
-0.000392811019692262
-0.000607142508465407
0.013090854530354
0.00591642403902048
0.00833840585903945
0.000571151620476787
-0.00686007460877592
-0.0120424305709029
-0.00580129242377916
0.00217859182135981
0.0120876490949917
0.0172797313580799
0.00969994075012366
0.000267862033447265
0.000249153359213337
0.00176979323283427
0.00273350461451406
-0.00107985215253636
0.00101692139117986
-0.00671868081549699
-0.0129042483518438
-0.00810898273610515
-0.00166489232569529
-0.00231143623501228
-0.00232136740451664
-0.00766045435025778
-0.00843953170927474
-0.00133858614243487
0.00323229183300663
0.00602379334325357
0.00781853308073464
-0.00127921177298551
0.000315159186341432
0.00648864970629444
-0.00799633312673241
-0.0246885666656561
-0.00873872776263634
-0.0122258346721816
-0.0437547792176691
-0.0390903067225726
-0.00449106451050433
-0.00872395888934098
-0.00365328470477606
0.00308377824287106
-0.00206815874477335
0.00751382926562082
0.0096013240815797
-0.00700436517926173
-0.0081840651777267
0.000558900552975892
0.00683326739005108
0.00844339756926816
0.00814160264876107
0.00664424588467229
0.00429016963486337
0.00230351009480405
-0.0104447001377977
-0.00995359858767609
-0.0102524170735821
-0.00968005149741655
-0.00824465175487185
-0.0121485606459353
-0.0145756177396618
-0.00493567732425769
-0.00308646195554655
-0.00223469163985844
-0.012160900449663
0.00190784342391237
0.00900106303271727
0.0161465553941634
0.0115356640516155
0.00182154431465817
-0.00572165401776522
-0.0134899520835847
-0.0172127735674212
-0.012914486833546
-0.0162514778586158
-0.00405772788744753
0.000901858725710102
0.000777233718269611
0.00246276290363397
0.004501522108492
0.00340048401470616
0.0128423425699897
0.0100111167554957
-0.00468594536423071
0.00330734684783344
0.00184037746187683
0.0048654103974441
0.00377956271361718
0.00566805608751155
0.0094005801929741
0.0145908358983666
0.0239704816467056
0.00709611597418879
0.00410442853533259
-0.00400867241970246
0.000993741336920616
0.00709015643180505
0.0135280995744633
0.00859587727485602
0.00335923733476319
0.0103655662714783
0.00448803713243665
-0.00527197134176498
-0.00168792571059686
-0.0031577686591409
-0.00022887808897405
-0.00164254468868551
-0.00367318700010189
0.000678742216857435
0.00341066329343571
0.00180096520133909
0.0157759458124927
0.0189047982990562
0.0267804651216526
0.0287914883124192
0.0423363672062928
0.0440567589986467
0.0458202293753949
0.0470806670669626
0.0361895269113306
0.0291179359566966
0.026675859111167
0.020516272022459
-0.00107673230250135
-0.0054094516316794
-0.000706885272693468
0.00305611052463949
0.00630240219205276
0.0192308264892142
0.0235635136508526
-0.00184515840328027
-0.00291383295803819
-0.00304253423973481
0.00045127132809487
0.00710734965842922
0.00998106690820288
0.00825901628907603
0.00434411556587578
0.0022156726078419
0.00645010118706553
0.0155987188081888
0.00809862628744612
-0.00383887515586796
-0.00240840232546118
0.0013728082064452
-0.00509944079417835
-0.00936422794216335
-0.00937495456248172
-0.0215050691241262
-0.00212227686379498
-0.00279847319780683
0.00401462127643938
0.00768942156057342
0.0115699232332211
0.00799449400785435
0.00379511395534454
0.00757369189203468
0.0186843083088915
0.0212684615289645
0.0192471426452105
0.0121535763173847
0.00426083910079281
0.00195353562258136
0.00379460533373373
0.0211202675072122
0.0220399264641752
0.00548027961744459
0.00103699968731047
0.000308254438835425
-0.00443579979288408
-0.00303161579501028
0.00161468224485974
-0.000699846695650997
-0.000826234829869195
-0.011453684932256
-0.000750815354586432
0.00183523142094671
0.00787602586819738
0.0081256567755098
-0.00279114146011079
-0.00366741407364087
0.000983397118936568
0.00270907081964139
0.00208836950064866
0.0043054535394429
0.014635831902667
0.0114559421294462
0.00520834705489566
-0.00151130872692804
-0.00245680437991796
-0.00112377670234579
0.00531785640404445
0.00891398512206753
0.010957359446226
0.0113729290274712
0.0130458772831566
-0.00220823472020439
-0.00466089248447669
0.00290713809968038
-0.00071404136065257
0.00518584473777133
0.0144862163807909
0.0268542770972476
0.0208919631436363
0.0170093319989943
0.00822553132861798
0.00311062298027541
-2.18283294559941e-05
0.00570516552281477
0.00291810527851154
0.00261847327803365
0.00258037162499814
0.0035623748946806
-0.00646663193089075
-0.023593582172153
-0.00612932543338367
0.00094905306845259
-0.00167729287294471
-0.000355885764438919
0.0109355783528378
0.0237300281358357
0.0242570898603008
0.0169455313003348
0.0207717962562846
0.00913518362361526
-0.00561896070276683
0.000469452152099586
0.00160819631070452
-0.00208198213978489
-0.00325988893874702
-0.00308290588920624
-0.0120634716694161
-0.0626788617116152
-0.0357434142720026
-0.0109979994056144
-0.0139092753783953
0.00102159621447858
-0.00899514236492965
0.00126409728137933
0.00126014015824803
-0.00508037811249013
-0.00711167684641915
-0.0160222407447298
-0.00300828680897962
0.0132176527270593
0.0130785137484423
0.00103241448744354
-0.00142358578183262
-0.00270633917007481
0.00267636274618433
0.003364619819225
-0.00422135427991695
0.0140388183553281
0.0174041231977924
-3.81108026377142e-05
-0.0110503876593245
-0.0102969617132163
-0.00384057726314375
-0.00336043594371035
-0.00123538629538678
-0.000639800729673073
-0.00291457020486743
-0.00671857973501707
-0.00326935159353215
-0.00195311080110196
-0.00144563123367585
0.00384947695166733
0.00522085454156332
-0.00115166823349033
-0.000190411245975421
0.00108649156800104
0.00554097350200985
-0.00131360535650525
-0.00626591210204089
-0.0123031827868447
-0.0101685791368529
-0.00510339601939257
-0.00412743124990645
0.00137885032754105
0.00568336038506835
-0.00256441076698872
-0.00578335310650457
-0.0177559862192198
-0.0163725288519178
-0.00456703868367441
-0.00560791142857577
-0.0099269021206222
-0.0234045002105714
-0.0454612618509351
-0.0340055365542481
-0.0329537332657029
-0.00700531867964996
-0.00363874865063988
-0.00723617129168339
0.00661170404567517
0.0214012408881112
0.0103083171918288
0.000863483960006296
-0.00214648883166304
-0.00222910383921603
0.00500876687419963
0.017977860842478
0.0086882675776441
-0.00301220687839723
-0.00105394051431352
0.00546010826438789
0.00175991154557184
-0.000992892695865187
0.00337942411588548
-0.000483657572310095
-0.00950901144600092
-0.0168511725787987
-0.00977904461240861
-0.0055215254570605
-0.00234260622891436
0.000294459863966933
-0.00426837481679096
-0.00017687612381842
0.00316936280691611
0.00711963257506705
0.00643603518442143
-0.00207029233789289
-0.00906443776627212
-0.00544287553045801
-0.00571409547174712
-0.00357513856786715
-0.00881277984051626
-0.00485909762288945
-0.0101003816800597
-0.00645968549311277
0.000653427404595046
0.000246998310302443
-0.00173035467405546
0.00392511889558075
-0.00119050588876526
-0.00233514818753773
-0.000547753877364231
0.00355561783269456
0.00928490768315698
0.00732021260650442
0.00462597593579184
0.00416563064320123
0.0052065321897062
-0.00598393677878575
0.00482439152855074
0.00193141740093764
0.000888354959919605
0.00398152678473166
0.00184866154875154
-0.00251287461402881
0.00194730806525593
-0.000724504332596972
0.0017739511934465
0.000457636306201549
-0.00779062287147588
-0.000665522630329797
-0.000500729957278914
-0.00302278598179131
-0.00370852599833857
-0.00511259962832982
-0.00494347137161718
-0.0017311663175413
-0.000709889540804652
-0.0052239663648311
0.00206452042375418
0.012558882647636
-0.0057821170098794
0.00208550184801927
0.0191409131223758
0.00618780276511903
-0.000281309300799659
-0.00246872339373863
-0.00211675769576533
0.000758914237455775
0.00473796280796386
0.000607802813311371
-0.000267387343693437
-0.00103979888871365
-0.0034830930593606
-0.00439573060950607
-0.00157835054927045
-0.00200557490066185
-0.00297234131900692
0.00286354934874168
-0.000233500489967169
0.0112643848350655
0.0190080705969823
0.0239511962520531
0.0101340397598794
0.00699921004944569
0.00470050041913148
0.00748187033896782
0.00435792490933603
0.00585067323830886
0.00776188720117463
0.0109502491665968
0.00151762036919728
0.00322413440404678
0.00153750188981073
-0.00265387643353647
-0.00544393191908367
-0.00863031067546296
-0.00358682576447795
-0.00525635776157561
-0.00796408622900009
-0.000980199741626898
0.008348548002808
0.0155295772109483
0.00671880011614009
-0.00940927496874059
-0.00628775831112812
-0.0014808413665826
0.000572819271660377
0.000322512387673527
-0.00113887585236219
-0.00281003639826146
0.00100419647173135
-0.00056476291135822
-0.000520767753635922
0.000518912681335806
-0.00316843143902722
-0.00345914633143775
-0.00903849659651736
-0.00634941708853402
-0.00656531319074474
0.00047559385218289
0.00577569321393614
0.00835482591075357
0.00339664668341497
-0.00737211049602988
-0.00727068142276884
-0.00200128481700252
-0.000712750648357146
-0.0011362955561396
-0.00574294487283299
-0.0197588338960311
-0.0173938748372463
-0.012437130158911
-0.00628215517943445
-0.00887063630279078
-0.00814120443660053
-0.00526164580306688
-0.00591667358428152
-0.00494957320342815
-0.00192770794215487
-0.00379370114880497
-0.0123861344826966
-0.0184978363315694
-0.00660738122356411
0.00272600036818141
-0.00123569415548207
-0.00764914219330389
-0.00198049140243207
-0.00234749743535773
-0.000554652369086896
-0.00685114918676411
-0.0231959041960367
-0.0176440663387497
-0.0117495136207055
-0.00592892913917685
0.00166236274841202
0.00680569456148631
0.00946156292060669
0.0121102553439173
0.0217474446673503
0.0210730745905741
0.0211985394189428
0.018874090113616
0.0128577999619334
0.0115654833684334
0.0137457983316141
0.0117821283239277
0.00836529999627548
0.0108137929825744
0.00705929287742416
0.00019787764116858
0.00519785020153399
0.0077254725214465
0.00134335599602265
0.000518700171284745
-0.00208089143478995
-0.00319253674858177
0.00794451305585214
-0.00348140552615795
-0.0105324531281904
-0.00487136797065553
-0.00297654766492362
-0.00627270780779703
-0.00788610658410146
-0.00971254981076203
-0.0152166390886041
-0.0192118424482939
-0.0166015794177511
-0.0125422763071816
-0.00309131809234141
-0.00548480806159808
-0.00134885252236682
-0.00247248030514723
-0.00609205992914081
-0.00820109312404455
-0.0089504270918873
-0.0110025057501513
-0.0139626843294589
-0.0110190925976151
-0.0113401902739468
-0.00733413900374631
-0.00547287689977998
-0.00428529147435798
-0.00926526045567477
-0.0141573373130397
-0.0200273689762714
-0.0193497532872544
-0.0160955722685977
-0.0130413632092381
-0.0102604219948914
-0.00594926169974329
-0.00447892929578617
-0.00421342881530918
-0.00821387930158429
-0.0049206102781828
-0.00180537598446105
2.77879886948013e-05
-0.000149482446215477
5.68269928953044e-05
0.00333099554741804
0.00647785411665781
-0.0014897642153976
-0.0030072799623174
0.00280045865111787
-0.00743814498319238
-0.00934128796057421
-0.00529008004068198
-0.00560351518741529
-0.00810407472773978
-0.005089217781539
-0.00419426801735525
-0.00429723751739293
-0.00899770463726038
-0.0193802784497625
-0.0254380637543718
-0.0111138730832203
-0.0103544350151615
-0.00842524414395512
-0.0103764356053672
-0.00125067735708672
-0.00702774539003276
-0.0131244814716959
-0.0185241921562124
-0.0205727165807322
-0.0135378364693393
-0.0118096429623783
-0.014690701195817
-0.00448816822166037
-0.00362608896813398
-0.010252707572564
-0.0139016799175955
-0.013076268267524
-0.0157345290173766
-0.0168819722895008
-0.0165334765901716
-0.0221114530127799
-0.026707483660711
-0.0170797610132705
-0.0220643382117111
-0.0134848229004155
0.00059584693625518
-0.00402020897107883
-0.00742780707028176
-0.0202666285467502
-0.0270317959621512
-0.0303480805655773
-0.0336236269689769
-0.0471599565446219
-0.0197281508601781
-0.0202114563954446
-0.0201723859915498
-0.0313071076551334
-0.0372280486165677
-0.0293567018946728
-0.0241475993489754
-0.0170771053517217
-0.00862865019478007
-0.00506750481519335
-0.00498128258014185
-0.012727345715009
-0.00631413819564654
-0.0047923389931972
-0.00405882826146377
-0.00373414965970092
-0.0134189506633421
-0.0209703688896202
-0.0128306008507423
-0.0152206596788108
0.00136166138998269
0.00229635095118514
-0.00316606084786952
-0.00407342585952361
0.00589597106913174
0.00943831367763827
0.00719775679484117
-0.00537629803505104
-0.012971699221117
-0.00475319730787404
-0.00384745213418658
-0.00419022173035536
-0.00411839396102674
-0.00341589660945191
-0.00431882098334934
-0.00765803332435218
-0.00706576446985095
-0.00814663478169645
-0.00159535907042211
0.011282508738072
0.00800089712241087
0.00355104284706043
-0.00284981296122253
0.00242395367329633
0.00438603480739029
0.00197193482347815
-0.00127069446347422
-0.000190907976988685
0.00126026111044967
-0.000726642487805189
-0.00194806228251233
-0.00612156112089917
-0.00499361520197054
-0.00461476468963593
-0.00371291147842215
-0.00577047295721931
-0.00839177596836125
-0.00793980173865621
-0.00279134573327684
-0.00313763371086098
0.000232089725761597
-0.00251557361627378
-0.000768946783606084
-0.0040287743356067
-0.00517413366206614
-0.00804146685952081
-0.00892995125947623
-0.003006785301501
-0.000457626126833406
-0.00120349072443364
-0.00284912957564569
-0.00122028544700662
-0.00278670701365257
-0.00160495994858978
0.000362598072491616
-0.0005154680251634
-0.000108569008060676
0.00190748913346365
0.00231308151375299
0.00242696308860154
-6.68500264495154e-05
-0.000492012542985555
-0.00375208988206255
0.000592248207957777
0.00483105201641976
0.0058527041497564
0.00508781077928121
-0.00286031573797629
-0.00442961406466717
-0.00562323831074647
-0.00338819417098116
0.000331499787235493
0.00259654720396398
-0.00036067947782302
-0.000783790347353757
-0.000303915053114911
-0.000967822890449416
0.00469930442413975
0.0024878960887331
0.000367573146801414
0.000838753651583277
0.000900357275396414
0.00344473361064494
0.00520877799886802
0.00675983244951643
0.00529472644591021
0.00564154512026004
0.000877435374465794
3.94409432423056e-05
6.76316085807497e-05
-0.00052173279647299
0.00223612383534602
0.00614468798598201
0.00303727544955887
0.000273615742514708
0.00167641764457301
0.00300460127979811
0.001787686943842
0.00246214752480288
0.00177532479929186
0.00127607714374523
0.0019069403764691
0.00356919477614945
0.00667561251823331
0.00432675412707393
0.000512199987322896
-0.00145934431544976
-0.000107989772430146
-0.00206914446662119
-0.00106834810082011
0.000514657732937127
-0.00389371037037803
-0.0024098393516677
-0.000569890331230826
0.000199167408600181
-0.000131727985464831
-0.000226151571031735
-0.000919364960834985
-0.0027190206217085
-0.00289702106041157
-0.00351595244817736
-0.00159661811671112
-0.00166080722386571
-0.000226308154658709
-0.000884513179362279
-0.00542560565531563
-0.00940509983916528
0.000505831551539274
0.0110360440774279
0.00647803387436393
0.00314254737403793
0.00169619420064055
0.00224090454392587
0.00324490292657037
0.00143124192139683
-0.000855615841652369
0.00345916922559104
0.00522724544002934
0.00478529411284425
0.00850687957366782
0.00694297091630329
0.00680138088574671
0.00654793140125203
0.0059004251815038
0.0067437451832525
0.00595405056063387
0.00237177461224375
0.000601247152001101
7.2064858223201e-05
-0.00063898697497299
-0.00089320402735066
-3.39076713553651e-05
0.000285952670834222
-0.000336015851613569
0.000151293237879887
-0.000651575710085616
0.000227001111443822
6.30663867321072e-05
-0.000784714389153692
-0.00112155418812665
-0.00069510406814712
-3.95607312002928e-05
0.000688511872982233
-0.000802676806365906
-0.00085338603094821
-0.000669831258761474
-0.00258605409799693
-0.000526232522243414
0.000128577323562672
0.000135078974349667
-0.000276463130128447
-0.00182808074793343
-0.00292343749183582
-0.00191373126082003
0.00017988272063794
-0.00236339414621463
-0.00415478889156545
-0.00324451911037334
-0.00161487087877475
-0.000970823281544867
-0.00266635752528261
-0.00475902187901791
-0.00234846102401453
-0.00222902401193751
-0.00255228550795605
-0.00453176733564529
-0.00358417370773224
-0.00625431387650945
-0.0037921903441991
-0.00271046868263916
0.00135898645467951
0.00414372371025745
0.00366736311068942
0.00410334845962982
0.00449700072210659
0.00453786982317384
0.00206835100748149
0.00137807706043146
0.00334964331278037
0.00241209451090562
0.00127114351871314
0.000969903817383807
0.00206807495172336
0.00190358763525043
0.00212175585930316
0.000705675519732829
-0.000260052033050838
0.00103721383632768
0.0023067258847491
0.00268625758294832
0.00130373287207857
0.000193125900229585
-0.00121132993651353
0.000305282575561583
-0.000797334269356747
-0.0016428049514337
-0.00144274156651017
-0.00159907929089171
-0.00179023667399455
-0.00120719218062277
-0.000873058263267798
-0.000953700872008311
-0.00068034935491804
-0.000921775483261116
-0.00123565358503816
-0.000911592699607543
-0.00034274376099084
-0.000766323427021698
-0.00123949245539079
-0.00162300049678203
-0.00105666943872652
-0.000858566849799883
-0.000319180714496954
5.50507076733622e-05
0.000449556422766784
0.000280886548501862
-0.000191388208036059
-0.000108388249557652
9.01829673614958e-05
-5.93681693700058e-05
-0.000677728400367053
-0.000772393746384105
-0.000526792687896815
-7.39148491809663e-05
-0.000242579968427161
-0.000146891041641353
-0.000118077404880421
-0.000302286347859836
-0.000527483383579251
-0.000413264296648318
-0.000333425557940111
-0.000558015483752588
-0.000262247817315027
-0.000516402408812848
-0.000506268035254967
-0.000305611242372152
-0.000178993099567268
-0.000122850255720307
-0.000413599339024506
-0.000320868277952199
-1.72169972332016e-05
-0.000155219672216643
-0.000174784337281804
-0.000142293633286009
-7.56892237740526e-05
4.48945169931592e-05
5.18583863557892e-05
0.000240904457323851
0.000195452833416274
1.51249462330701e-05
-0.00010458539706862
-0.000360619404482368
-0.000604588936729426
-0.000441188124072879
-0.000356931178408031
-0.000115135359415669
-0.000215932993017969
-0.000146550167521643
-0.000145782468521861
-0.000193222022814422
-0.000178936647993332
-0.000229656722326817
-0.000130047991022603
-4.61080501984945e-05
-1.45025780725472e-05
-7.60757854113391e-05
-0.000128047297364085
-0.000178209173883657
-0.000274049791785567
-5.69963437063026e-05
9.02561014825691e-05
0.000224599672547951
0.000227809290571649
0.000141489410045661
2.19243295216266e-05
7.05935773668441e-05
-7.86341915132295e-06
-0.000187920758637331
-0.000225082865208588
-0.000170564566494131
-0.000239078786721069
