-0.948143077840481
-0.935824752118577
-0.922908791747877
-0.908551690415148
-0.894330309991605
-0.883102820272443
-0.847972055795539
-0.800687901417171
-0.739869586997706
-0.679890331962169
-0.669813803513846
-0.667654645580041
-0.672008113781275
-0.613070971661521
-0.552526032360027
-0.552913339835049
-0.550311874197948
-0.54562825691278
-0.550837731829538
-0.561111518601285
-0.54831116395816
-0.540937668441771
-0.53903381608597
-0.548770367529751
-0.518462933256204
-0.46826276286974
-0.4549324767205
-0.453070751865623
-0.434748578016205
-0.385060319060307
-0.366053629554042
-0.371524924087097
-0.376651098831993
-0.417098050790442
-0.454565221203454
-0.46201636417276
-0.465896440907907
-0.440346311527017
-0.425868637647219
-0.390395508805152
-0.344632709064341
-0.311230766678823
-0.298224145742548
-0.285062848307363
-0.252454129036892
-0.231577238214212
-0.254002548734622
-0.26209353693709
-0.248521943816175
-0.229031699824907
-0.227215816052828
-0.252449183578197
-0.247126691706045
-0.245780673497534
-0.224162047668718
-0.189118747877997
-0.169379104498507
-0.17652501936173
-0.195155102475741
-0.200608636666277
-0.229951640744367
-0.248280980482926
-0.233615000916918
-0.192626411589308
-0.172452641494464
-0.146144928030303
-0.133396400388957
-0.135139490896664
-0.131673194549966
-0.135084136733865
-0.150021336144689
-0.141814466723914
-0.149214656449062
-0.137997498888124
-0.139134264385062
-0.141889435775307
-0.106574795193011
-0.124060975676957
-0.142054744892379
-0.0993228998920675
-0.0861718137559441
-0.0719646679989333
-0.0675771757965419
-0.0670009800566448
-0.069979378827013
-0.0766082879706391
-0.072271779041214
-0.0493735135362288
-0.0568359517772944
-0.0663606658336243
-0.0698711976188286
-0.0893412465053153
-0.094292550628312
-0.0891254398299618
-0.0674790909060049
-0.0675042055491576
-0.0600830033503881
-0.0656184930011714
-0.0511840197071993
-0.0688195762988591
-0.075176057063372
-0.052710230455945
-0.0544389264912041
-0.0419958180490378
-0.039882729306799
-0.0208625644232496
-0.0327669061008531
-0.0591765915756086
-0.0295482971979145
-0.0146832244745644
-0.0110961755675416
-0.00820213854911436
-0.00516207790222732
-0.0038268429192826
-0.00690361724462795
-0.00873972736057829
-0.0202310193572219
-0.0310273100405969
-0.0688030110651155
-0.0606876174118361
-0.0167235086923372
-0.00131373485373102
0.000537263900159193
-0.00927099218135866
-0.0285405324046545
-0.0474804428248539
-0.0385627503943949
-0.0228780799066074
-0.0601242690446849
-0.0618497915710946
0.022791988414111
0.0486193375724684
0.0103424525065479
-0.0035987711440318
-0.0196261322961998
-0.0256284788847405
-0.0111254998681619
0.0126084781961793
0.000503059379670379
-0.00225986627184618
-0.00302218333491555
-0.00823402749335755
-0.0231260933649063
-0.0251861145304717
-0.0194316575998715
-0.0109805775010348
-0.000595180480653497
0.00739440286280843
0.00564488652243606
0.0114169396896447
-0.0215846002718727
-0.0369826603288352
-0.00793808053126101
-0.000597900132483925
-0.0532866085918336
-0.0366327372495625
-0.0407138757967577
-0.0293070132969244
0.0189762885753427
-0.000274791166063701
-0.020215364600231
-0.0341059208037062
-0.046495582684125
-0.0208292585066838
-0.0244095225514382
-0.0532537358078762
-0.0444363771395622
-0.0222297685433387
-0.00505835151084542
0.00359245939433699
0.00401998958079339
0.00440490565207198
0.0328806630905815
0.0154421504962565
0.00487429760169938
-0.00932004337480932
-0.0225882218134182
-0.000172980728015198
0.0220517154043082
0.0226448156692466
0.0250297336910394
-0.000298077251698767
-0.00501302437637012
-0.0151802130967951
-0.0515357896677757
-0.0516978623409104
-0.0279540248903713
0.00552990529534751
0.0094506096719776
0.00789151601620226
-0.0202174675194101
-0.0262807272721404
-0.0239963246253471
-0.0279945068575165
-0.0109916244292796
-0.000162706380002814
-0.00243201431579512
-0.00864021928657298
-0.00866250831935822
0.00340043304254258
0.00174917658358189
0.00388958774959164
0.00833440720201858
-0.000691693764709667
0.00974704595238399
-0.00956437316462784
-0.00801191780226999
-0.00341847388237952
-0.00963767926449675
-0.0127605978870778
-0.0187095542362339
-0.0109076414587973
-0.00594658849337241
-0.00423389931286458
-0.00447343955799387
-0.00170937998496687
0.00447058194332992
0.000111740344696551
0.00466166111521953
0.00499638578829162
0.0126252083195964
0.00590876620287747
-0.0106838167186589
-0.0181782165823972
-0.0240561828579052
-0.0989070232956128
-0.122898641875641
-0.0604283664432679
-0.0206276399813086
-0.0188508206473896
-0.0266584531936484
-0.0523109599272448
-0.0330145647364444
-0.0210297402370075
-0.0257361659386547
-0.0118043413425065
-0.00419712088717723
-0.0028841476445392
-0.00450877007784824
-0.00596706179393069
-0.00711032432883834
-0.0158245727948847
-0.00964058256113354
-0.00782605299210046
-0.0156034893188111
-0.0155426420524409
-0.011572016401934
-0.00252309068012365
0.012386591417642
0.00684033890394989
-0.00117615267140133
-0.00309829814958136
0.0196835426365802
0.0300035949381757
0.0447319143928761
0.0421869787540873
0.00711768730663758
-0.00395862473947683
0.016874751036146
0.0499700125112716
0.048605651081896
0.0334162561267574
0.00641267994032548
-0.00443443427049465
0.00165402332880325
0.0157042930145855
0.0111610878416678
-0.0117790795176753
0.0115840407518711
0.0052020565075387
0.00416775094851611
-0.00495383820379594
-0.00466756837935743
-0.0097735807137975
-0.00552041159191171
-0.00532469037379781
0.000745915801288331
0.00253582120548193
0.00404459466801649
0.000227118822995026
-0.00219559725861337
-0.0135891166142794
-0.0120214235657574
-0.00408104274708595
-0.00675858761364668
-0.00996138516517837
-0.0062931839560313
-0.0101501998957052
-0.0352190162811642
-0.0369599926942206
-0.0275290797614295
-0.0184443812328582
-0.0285714978123971
-0.0309833489086303
-0.0191170671361426
-0.0111823992726974
0.00277797636636441
-0.000479615266050053
-0.0178185341344891
0.000926209580128796
0.0292352450068132
0.0286489145173808
-0.00151973494439821
0.00524405969602811
0.0129196515406935
0.00464843449850667
-0.00348657000558784
-0.00863714226311442
-0.0133045430581993
-0.0015163904899766
0.00344530853074604
-0.00344444329021637
-0.00515582954377429
0.00223104828726277
-9.99938361349213e-05
0.00254863880160495
-0.00286199461670499
-0.00854912722634434
-0.00848766877736594
-0.0212305269461777
-0.0191208166780143
-0.0141156031547215
-0.00685747392054291
-0.000370085481533602
0.00149791043293164
0.00621048196151706
0.00675182419617334
0.00255125657156774
-0.000939082588602979
-0.000167311741083254
0.00311557041257174
0.00118532284074774
-0.0021429325041968
-0.00127818810077111
0.00548937532306621
0.00676218443579319
0.00898735943143534
0.0136794314983438
0.0163427909237589
0.00791778669722136
0.00769606696549653
0.000397736366099269
-0.000449559112552425
0.000441298939980343
-0.00255604385071563
-0.00435370213605658
-0.00205247426692635
0.000195698099938582
-0.00367642294820429
-0.0359472361709442
-0.0301403631436445
0.00295659386183611
0.000198458103152501
0.00066193441096683
0.00349513140196665
-0.000713291009618521
0.00540824720984861
0.00817645689981288
0.00148893446987304
-0.00588211193234449
-0.0179847978570683
-0.0148869886902204
-0.0114770656179125
-0.0022439472104382
-0.00400433098958727
-0.00022509806935701
-0.00286525350674808
-0.00189703489774642
-0.00628502321113309
-0.0164856972530633
-0.0168491218114888
-0.00798467789639021
-0.00661490309457348
-0.0252043041495151
-0.0270475711153272
-0.0177256223067697
-0.0161027571433186
-0.0171341287452243
-0.0297615782824469
-0.0292266979810598
-0.0211466793854515
-0.0127920616731318
-0.0141925077546709
-0.0204972718380131
-0.0218013025279139
-0.0199566800893013
-0.00592283035626539
-0.00278539817396639
-0.00903371956505011
-0.0168021837628052
-0.0295498466505869
-0.0161511787739718
0.0155282588705688
0.0249898273093952
0.00975593973624603
-0.00673851809427235
-0.00499767858571199
-0.00274428358897103
-0.00493878136734825
-0.0159463281844836
-0.00674753687568661
-0.00585326149988752
-0.00848623249576011
0.00616207177199592
0.00616254709171455
0.00202670588885709
-0.00703299108981371
-0.00369206948292295
0.00401953611211142
-0.0180159400427535
-0.0217726938147959
-0.0187830528323646
0.0156255833007361
-0.00333658172249251
-0.0167400178080721
-0.0205023198718641
0.00157191469606914
0.00169821721567845
-0.00872467876758239
-0.0112299108668772
-0.00319469033059267
-0.0054298949625238
-0.0015873379695197
-0.00103054868149613
-0.00218572318138233
-0.0102864818145672
-0.0206220611659617
-0.024899887789777
-0.018958065190806
-0.0070051004168058
0.00357892734903759
0.000657814551143689
0.0287792447992712
0.0322746010261923
0.0110963927833408
0.0124687368416263
0.0111446956843799
0.00503310278012324
-0.00983229076662606
0.00345068254540301
-0.00366744713107503
-0.000308513002437285
-0.00331370622885081
0.00193182249212493
0.0103144087634794
-0.00862645876842304
0.00090485249159342
0.000633450612411529
0.00117709189483424
0.0195152152377836
0.0115772289522945
0.00981724687870535
0.00422553512309447
-0.0017037019120875
0.00411432380779679
0.00340227850066688
0.00636505909137682
0.00386815025790673
0.00114326594548066
-0.00413461864844462
-0.0030881843592764
-0.00770176561479899
-0.0054462195015429
-0.00305239480098472
0.00125091576616109
-0.000749724306004659
-0.00249462597493952
-0.00797303677865028
-0.0023649557070588
0.00318543616406426
0.000772787885314204
0.00151459120695264
0.00646378275121272
0.00701611169567093
0.0101647939263735
0.00635809479049137
0.00408806010855445
0.00107175415299176
0.00150221944075131
0.00318946426073252
-0.00167489438862596
-0.00483251334086775
-0.000689013090436238
-0.00597077757237346
3.94486816457564e-05
0.00968910226998878
0.00610421738756662
0.00786255726425747
0.000278719263684711
-0.00332088180740231
-0.00492263572727714
-0.0109614026073044
-0.0147915353523336
-0.0126080916854611
-0.00732125439083912
-0.00669380604458279
-0.00328780937750395
-0.00312750158411901
-0.00541284771438786
-0.00687539826795562
0.000424662855509106
0.013779691873239
0.0106598230271072
-0.000562567175083684
-0.00485067384230044
-0.00203604463364391
0.00290204435200421
-0.000929372619194722
-0.00141574876261406
-0.00567598840279809
-0.00542528100328106
-0.0045680443743665
-0.00624177941997217
-0.00367102554172877
-0.00552827884788059
-0.00414196637863027
-0.00288597907485113
0.00278334470389216
0.0136656689729651
0.000734955068897605
-0.00108682918261418
0.0110620911795285
0.0167225998487056
0.0172836043207807
0.0291273363702749
0.00867726448101005
0.0022171783447057
-0.00173795703824514
0.00354246474742122
0.00447014883980338
-0.0026254435917353
-0.00386049933189039
-0.000815801716150279
0.00174469866279122
0.0013217412341954
-0.00109463289341938
7.20446606223878e-05
-0.00240080018028002
-0.00373057432274612
-0.00255598911121857
0.00352336100520247
-0.000916675632621732
-0.00417161802259924
0.0016387929030343
0.0208462409193647
0.00839702312517984
0.00383169108720775
0.00481460803987969
0.00689315698404024
0.000611136125875137
0.00131934780685699
0.00338946359607583
0.00253159347017568
0.0107787801434157
0.0167094901755945
0.0108557874645176
0.00846309540925776
0.00979472619141053
0.0129625159041142
0.00969781451509117
0.0117832575126528
0.00920484197200464
0.00694775113163348
0.0110432252022962
0.013841297608894
0.0133325987180989
0.00660059608554304
0.000833589252780383
-0.00238809602844804
-0.00100990605620139
0.000661290953208424
-0.00120241871707353
-0.0028967450804398
-0.00542608181306577
0.00704015219862877
0.0123559065834144
0.00642386446940181
0.000370125755546914
0.000378539670761001
0.00127937164683609
-0.00466342657902442
-0.00291805073428449
-0.000505957359571174
-0.000641869141383654
-0.000525357269892196
-0.00028837205694916
0.00265931563894144
-0.000541707936245389
0.00167851656314549
0.00150237851901817
-0.00147911978308703
-0.00102810025738114
-0.00029031645418645
-0.00142038358236058
-0.0020902172009734
-0.00160810504633943
-0.0070350685888854
-0.00827728221860719
-0.0105891213443305
-0.0144115069812816
-0.010272862381589
-0.000494084751534641
0.000367935136095155
0.000248754077057866
0.00123432736421947
0.0195742452047041
0.0107725796884905
0.00203671112258373
0.00757362520561282
0.0111761608975832
0.0119774744479518
0.00675390741607612
-0.000900314504272959
-0.00693562520994047
-0.00321067250746685
-0.000521590385316255
-0.000851052245244809
-0.00167385965149742
-0.000121368539307508
0.000351599711519247
-0.00104662695691573
0.00370867076511228
0.00121794699475109
-0.00259419580780578
0.000983312367929947
0.00190704982281391
0.00112238982226974
3.89714275708575e-05
0.00620988164680911
0.00538208007090849
0.00221942791430069
-0.000196667250294194
0.00127501499280129
-0.0040180693936436
-0.00411712936571311
0.0026600062590724
0.0066559127458441
-0.000963301014987811
-0.00899315337437687
-0.00427094634583331
0.00441757706249334
0.00422301702569244
0.00620145224449517
-0.000866572036039187
-0.000107052526381572
-0.0160600369262843
-0.00557070541342288
0.000664802773703236
-0.00290957507846244
-0.00622155794454836
-0.00212524233821512
0.00080328937037092
0.00123309706198192
0.000791075141126842
-0.00333857939204633
-0.00677342471999814
-0.00505337399859425
-0.00208777433215227
0.000170741392108441
-0.00184302046458337
-0.00283935792389831
-0.00192656020618266
-0.00408650091285576
0.000488740205999402
-0.00138740774909014
-0.00189519093880881
-0.00212462404206792
0.00121276114851991
-0.000760694365471666
-0.00305429698682339
0.00191768674618191
0.00448441087546815
0.00658850381669651
0.00753908881332181
-0.00206277445197851
-0.00467806625680148
-0.00459714979625057
-0.00536531275086033
-0.004816023109877
-0.00325316862828141
-0.000184198194466983
0.000896260177545632
0.000469046830012039
-0.00114752372011253
-0.00108432578825594
-0.00458521344325025
-0.00365009258856703
0.000236807515599942
-0.00168215681375616
-0.000222741625722354
0.00134863594310667
0.0019310227004138
0.0015759183020361
-0.00130286549048599
-0.000838548838792939
-0.00127292131032569
-0.00898429739737763
-0.00920913185209918
-0.00668843471577884
-0.000390719219634422
0.000155562063768872
-0.00110564883994323
-0.00210910909922851
0.00528862006349065
-0.00249864356846104
-0.00330623048845765
0.000834375477378037
-0.000664359505516094
-0.000436684395742284
0.00125218474172237
0.00285502746350984
0.00497788044982825
0.00716599085638376
0.00388519196591315
0.00166643186159474
-0.000280485655442687
-0.00249355451974577
-0.00514213235087103
-0.004991472616686
-0.00315710636639762
-0.00349232122370382
0.00356521096200479
0.00164218084686652
0.00140956175310777
-0.00170868743401048
-0.00435747550141731
-0.00797678909120458
-0.00337224733383492
-0.00153856206273286
-0.0027822369305635
0.00121636382624687
0.00175135906637309
-0.000434351606639698
0.00163276328548471
0.00426402145273978
-3.73301343359049e-05
-0.00289233280560083
-0.00528350631062446
-0.00288552911356456
-0.00603813384810749
-0.0099644491745441
-0.00188121233468881
-0.00144808018988657
0.00284272356377343
0.00226088780402638
0.00249853880556402
0.00187154061999022
0.00352941954706687
0.0036789301313781
0.00423047918662103
0.00277160951222528
-0.00468370970631959
-0.00635081230274418
-0.00632176709780907
-8.47468318286723e-05
0.000312572548182033
-5.24368696109875e-05
-0.00369310369244393
-0.00221149414341994
-0.00108355181558229
-0.00270415284480898
-0.000681096658613571
-0.00154225284923168
-0.00179953128011443
0.00140090197978504
-0.000424764349783239
-0.00172337322198
-0.00320150292352679
-0.0041974127647949
-0.00291878305275951
-0.00552695132924431
-0.0089124890713747
-0.00488650633767724
-0.00290384725411419
-0.00357467509006588
-0.00448618158568942
-0.00394243356473337
-0.00624520474612647
-0.00803000539232043
-0.00449458536282845
-0.00232949492197588
-0.00219728866860209
-0.000823475219701319
0.00203799544905013
0.00440011864872246
0.000436734030462089
-0.000188604615988109
-0.00031543040781405
0.000793125198551082
0.00185667779731288
0.000802553571163475
0.00318321860941164
0.00498490422829039
0.00549540777317739
0.00391761089067172
0.00267078974851915
0.00538006115326515
0.00406508570953997
0.000897523804540197
0.00147416733436373
0.00303525591347737
0.00237342751914634
-0.000141768986717892
-0.00303251855797057
-0.00781620455199023
-0.00816726988634435
-0.00495315279889164
-0.00275803057856987
-0.00488891525021231
-0.00804293677207744
-0.00593096478661514
-0.00596690678460659
-0.00504843617692234
-0.00718843882270993
-0.00697767513089985
-0.00669854825668053
-0.00797704001315329
-0.00808998632501208
-0.00597554947545449
-0.00752535469329419
-0.00686946318454964
-0.0034547998983755
-0.000578310988510004
0.00110602930485415
0.00285453904005273
0.00332878523676794
0.00148493114144048
-0.000264667173361722
0.000448587191741331
-0.000267735057486768
0.00212429324715167
0.00311823391207984
0.0045046527951346
0.00139832033857497
-0.00175633615291645
-0.000985879848758367
-0.000714241028226013
-0.00227651208648191
-0.00259762839482609
-0.000796557765794987
-0.00116391923547467
-0.00219052779911518
-0.00175682779384765
-6.88112254702863e-05
-0.00152910621355411
-0.002303381040775
-0.00295022945224631
-0.000701606412717346
-4.70659766333688e-05
0.000219162668510018
-0.000708527448439283
-0.000483767763692875
0.000438537993595069
0.00130629693520987
0.00156171433708054
0.000899066764425558
-0.00102173230472444
-0.000753793625076844
-0.000234863766009612
0.00254296977592114
0.000708935871657144
-0.000593174619971622
-0.00071792201538117
-0.000662420400164675
-0.00236555907942657
-0.00160434471845572
-0.000221660865466729
0.000815202273517723
0.00137811904543717
0.000274730392723505
-0.000124315129218614
-0.00311548790316558
-0.00388589621952894
-0.00323415825537834
-0.00209104265861397
-7.43835899499512e-05
0.000221285391604127
-0.00283115848281085
-0.00305180126787743
-0.00286144628273064
-0.00278420238082065
-0.0061633000030254
-0.00713155324323061
-0.00617455027257553
-0.00379668484288303
-0.00385890512002302
-0.00244498137731403
-0.0042623597170441
-0.0054076451716822
-0.00472471783083908
-0.00393479653600438
-0.00463438545062084
-0.00755874038522093
-0.0051309423742168
-0.00638095648927464
-0.00655862842531468
-0.0042035533277332
-0.0040239042810782
-0.00282177672940049
-0.00200452197866198
-0.00236305901587637
-0.00223282341251898
-0.00190481994690921
-0.00187481568810917
-0.00119858905640251
0.000599901019705244
-0.000149191840028296
-4.96243529089605e-05
-1.34402648448462e-05
-0.000631100137079743
-0.000379946434460613
-0.000511996242867345
-0.00110939158216889
-0.00147099549470812
-0.00141612048127084
-0.000793774968452738
-8.94072568013772e-05
-0.000839745913257026
-0.000229390073869634
0.000360850405406517
-0.000385083577472618
-0.00117909733657972
-1.13674182237855e-05
-2.04741204606922e-05
-0.000788041766253003
-0.00089059090439812
0.000282431182508763
0.000764895780804242
0.00127958003975561
0.00131783520650968
0.00119415408616162
0.00225718628975303
0.00360775568388234
0.00284545695044503
0.000126399274323501
0.000190952053358457
0.00177162047792662
0.00151411984441441
0.000618498318901597
0.000785050635270104
0.000183023772312269
-0.000981670995895614
-0.000719500925339526
-0.00101497757482837
-0.00111970692117996
-0.00098809142493321
-0.00192493464606295
-0.00107075751744578
-0.000899272124586465
-0.00114565595761357
-0.00176184895598728
-0.00236105475886825
-0.00198512553598241
-0.00176522490722551
-0.00151231089718902
-0.00191765952536111
-0.00227877362941258
-0.00100446066211273
-0.00123366440301336
-0.00165027458227131
-0.000648225128816587
-0.00101928001046585
-0.000556488809425302
-0.000430068196971364
-0.000299883383330012
-0.000250117347752138
-0.000337992877130357
-0.000310921733811809
-0.000584242488475044
-0.00195428340731291
-0.00212251501947046
-0.00255556410517516
-0.0019991373444509
-0.00175998125258144
-0.00195681791453246
-0.00106489285853427
-0.00150245823421217
-0.00190567855474583
-0.00138791646058432
-0.00219653582619684
-0.00316306276207475
-0.00213645108651185
-0.00140606467942899
-0.00231648864508052
-0.00197127195857652
-0.00164685223695324
-0.00229284743755994
-0.00415539211339505
-0.00430448854489232
-0.00437736576908093
-0.00511429548103355
-0.00555170357700501
-0.00524999727818434
-0.00444421853625819
-0.00356403066524426
-0.00286133191125263
-0.00162261092280682
-0.00199610810886725
-0.00293596323324284
-0.0025996362566684
-0.00185557238226952
-0.00293996665581386
-0.00274864212773419
-0.00217324798178985
-0.0012104722791676
-0.000149796623511661
0.000597398500767234
0.000346062737566685
0.000175190872568214
0.000224715129856834
-0.000294602858708956
-0.000995809674351797
-0.00211151586966095
-0.00344147197730293
-0.0043553607257523
-0.00410614388533474
-0.00481945082458203
-0.00460046608059268
-0.00394415284607798
-0.00332182882189702
-0.00326167411606064
-0.00343851044840084
-0.00306908713752998
-0.00321913636108512
-0.00341162212693988
