-0.933155178081669
-0.935183396194748
-0.913093482956041
-0.849725905857071
-0.799398295438577
-0.767060609239422
-0.73230276588945
-0.693051598934941
-0.681892197374886
-0.646774666545017
-0.62741143582446
-0.593238633231693
-0.554364683376481
-0.547329533260089
-0.535737988792415
-0.525557666571452
-0.484214138479793
-0.463278869313175
-0.422899151277368
-0.381074062661913
-0.354842758129231
-0.342835886048641
-0.298479086142788
-0.279773039264928
-0.283356955890437
-0.246747895933867
-0.217527570011994
-0.223342748411078
-0.232586610192483
-0.293747198030566
-0.29218592218392
-0.280514808724363
-0.286227419722179
-0.272683426048759
-0.250400113623103
-0.243112673215172
-0.227411107570107
-0.217826942765862
-0.265879379023646
-0.243934642393661
-0.218559393256981
-0.247045788896253
-0.256087310020765
-0.228546781237618
-0.218375020040842
-0.208247891606481
-0.209298687507266
-0.230245771485217
-0.225151441312678
-0.244103140195126
-0.247170306860692
-0.247646417469634
-0.236252703975182
-0.231963919033374
-0.232715171730368
-0.252354730012003
-0.261734582862614
-0.229434087141079
-0.206459320555431
-0.219191625073873
-0.226444194577757
-0.258475111442923
-0.25976081710558
-0.25675352804964
-0.217897447492614
-0.16403628378225
-0.139279522714185
-0.135125624577748
-0.11714500914088
-0.116062517735388
-0.107090443667886
-0.0843116329340421
-0.0800545183124283
-0.0674169147819944
-0.0449338766779296
-0.0528289817508116
-0.051686676090419
-0.0720958582051779
-0.0747875381913073
-0.07361284432085
-0.0714335444644066
-0.0507666499989254
-0.0630611510658751
-0.0448812565938369
-0.0360166719338809
-0.0214920407305343
-0.0172788003547678
-0.0220771383206338
-0.0484359923781654
-0.0548965896721211
-0.0611269636734562
-0.0736916473806587
-0.0439829042282185
-0.0184701683422114
-0.0299144478674594
-0.0370961701076936
-0.0160124995783949
-0.0135298213922112
-0.0180636818642815
-0.0232134799900144
-0.0504577278340731
-0.0562169233409942
-0.0481515523055563
-0.0417174193826347
-0.0429858754489528
-0.0434545358424764
-0.0416016908114547
-0.0271421935822651
-0.0327046288129151
-0.0409793085904385
-0.0465204876680583
-0.0324255647294195
-0.0287809855534279
-0.0345013169120912
-0.0294507713046312
-0.0284624190640287
-0.0394145468029099
-0.0389042677742029
-0.0260305165752371
-0.0245231373463112
-0.0557448052831199
-0.036788964276985
-0.0141580158679102
-0.032484515109538
-0.0584442449485299
-0.105280470783246
-0.0748266763326464
-0.0486378377832788
-0.0465315386503467
-0.0482218240200506
-0.0490618456991878
-0.0365969326251753
-0.024376571853613
-0.0261874526043339
-0.0429345293052553
-0.0535067282156567
-0.0508028101070376
-0.0542080788123143
-0.0432160211829767
-0.0475717964187965
-0.0461685019621519
-0.0414959447080994
-0.0230411158306048
-0.0176070988635234
-0.0159554301399881
-0.019062648835714
-0.0249647101766255
-0.0221961910252258
-0.0183168682955883
-0.034604239064627
-0.0552010399691915
-0.0835373828845949
-0.0927697221202203
-0.0765298917829235
-0.0462122087059752
-0.0487337748119656
-0.0428421300284493
-0.0316305170945185
-0.0278589631959956
-0.0122491008493787
0.0147634293131384
0.0184710062582259
0.00666919244074482
0.0101285901825918
0.00968917861139039
-5.98808883194076e-05
0.00389187674096614
0.0051875551671844
0.00254057055338964
-0.000151357727171066
-0.00402212413536934
-0.00464110011551
0.000118050644579948
0.00491575684251857
0.0170403394782611
0.0120032955519487
0.012742130071718
0.00137235754017515
0.00304766010133639
0.00404751816013739
0.00247921387425826
0.0148319539738713
0.0266673014840006
0.0258551976978667
0.0259298594605357
0.0198399478459138
0.025551108242026
0.00538124361516898
0.00700076828918294
0.00181168713399112
-0.00513275985763555
-0.00444724108248525
-0.00634744438501316
-0.0252367091814198
-0.0552119001072102
-0.0342759766127771
-0.0327694257432755
-0.00622022568589213
0.0105559580367251
-0.0255179129129137
-0.0257129460536995
-0.0252791915662608
-0.0242568850644051
-0.0243604532378848
-0.0271980326212406
-0.0234898254382836
-0.00805836860822426
0.00957541924656712
-0.0102801816924165
-0.0217639353371318
-0.0262656738078096
-0.0242483899079056
-0.0101067366739983
0.00505946628698367
0.00145829906414344
0.00672082545675727
0.00535103578269161
0.0152771295524953
0.0278779497389909
0.0259230053457131
0.0247377298561588
0.0198196970441429
-0.00592794775763726
-0.0205494940400273
-0.0132922205035099
0.00380547685579853
0.00256031786043556
-0.00212820945420311
-0.00323041822332774
-0.00484194638925094
-0.00618823141981076
-0.00257601592914016
-0.00357666709135555
-0.00745984277138678
-0.00458191442125835
-0.00664439562519692
-0.00599103804361064
0.00582938871781873
0.00169688776648104
0.00533857418961047
0.00595355501691908
-0.000798192596185798
-0.00746888453950635
-0.00465089756348513
-0.00519963769717929
-0.0070230302062006
-0.00244789891657734
-0.00212761548407751
0.00032882653100575
-0.000412737165043724
0.0042079748957311
0.00269422865164924
-0.00237659271915143
0.00138992035925988
0.00521285844287667
0.0039558477850494
-0.000946952811526078
-0.0231902595104738
-0.0140077809208195
-0.00923901545710535
-0.00934947684266061
-0.000229318684574063
0.00135859676046269
-0.00677544980734762
-0.00656180395611264
0.000352783564772552
0.00490433911432354
0.00460053416694046
0.00195888454485827
0.00223563680223301
-0.00538958307264939
-0.00956301841581617
-0.0114136783755895
-0.0021567604010953
0.00356962234770458
0.00633119151276055
0.00178107790139278
-0.0058472901785796
-0.00612385146663237
0.00855825885918534
-0.00367778794046543
0.00318429537725242
0.0358738997371526
0.046098226629203
0.0346063308990844
0.028380765678302
0.00847348654791639
0.000573846846782974
0.00801080769038386
0.00857975226820905
-0.0103257408215315
-0.0131336032560204
-0.0111327220895972
-0.0124550533621888
-0.00288263829735189
0.00483429611424709
-0.00145227831837241
-0.0106540371827849
-0.00370890063959079
-0.0104341117468287
-0.0142685323529199
-0.00740975257074571
0.009030003620948
-0.00862766867534683
0.00203580874779835
-0.00158189434563869
-0.00095411508222862
-0.00106481972183608
0.00275691084781274
0.00362123616051429
0.0095557850701477
0.00969580427927622
0.00764281244235917
-0.00342414113188682
-0.0033434726327506
-0.00340916440914518
-0.00160602176362962
-0.00523480673448632
0.00420537383787384
0.0139614192984305
0.0119768327117109
0.00618806204277495
0.00227867015333637
-0.00306530478501032
-0.00200195840307084
0.00245545577152546
0.00608875689072916
0.00490697979071669
-0.00217033481220166
-0.00189554231769171
-0.00219942936287254
0.000199507290163301
0.00192116949313384
-7.24948962462162e-05
-0.000277026991201687
-0.00791603092366458
-0.0022515964315512
-0.00414415235269841
0.00183013074713224
0.00384797842219158
0.00387822879156747
0.00107127406759633
-0.00264835715873072
-0.000324024294761115
0.00308314955259075
0.00534100258426405
0.00418062573447254
0.00265926071366431
0.000931542674408323
0.000817693501132359
-0.00147643279118481
0.00122389134027494
-0.00184934981174224
-0.000667939850102485
0.00204597438240684
-0.00351835732876714
-0.00911614270730755
-0.00460048124821733
0.00389206514468099
0.00533543668389777
-0.00223472827495019
-0.00238351565816071
-0.000674228332130938
0.0137809009842599
0.0163533060869976
0.00181777785212492
-0.00133476645608912
0.0102422485754352
-0.000399192890908078
-0.00551853059855777
0.00621012072424669
0.0407795294931054
0.0318462238229152
0.0120461702636322
0.000937336035358045
0.00428818312787288
0.00717497957618894
0.00699148505539409
-0.00269858807569877
-0.0009031344070457
0.000780009839101694
0.00266000755746844
-0.00458500665092439
-0.0144902346858927
-0.0143922116355012
-0.0107790144205628
0.00101672336501436
0.00333327553638213
-0.00626724955379344
0.00898382125666576
0.0089136179825155
0.00329337322788851
0.00726242151651764
0.00822237086081502
0.0101071939424918
0.00998675022596243
-0.000867640663160875
0.00471406488800166
0.00404816781595928
-0.000208494768422506
-0.00357682937167287
-0.00209997192525922
-0.00258297335549732
0.0200553972131481
0.0116511257910504
-0.0270076497203927
-0.0132009587498918
-0.0219659153026137
-0.0130467307725141
-0.00627711435786973
-0.00300955497389054
0.00811346381768201
0.00739451516420133
0.00173840735791697
-0.00345198334106778
-0.00860135969494559
-0.00381668115504144
-0.00418884747294384
-0.00354584634064535
0.00568272729543444
0.00206861365164589
-0.0047226811727865
0.00148778630465193
-6.7472875195148e-05
0.00441726197690358
0.0075502761083037
0.000329148596740157
0.00161791327570297
-0.00360743549445933
-0.00531208397555792
-0.00252566926219422
-0.00888488080301923
-0.011308916241058
-0.00405814920648568
0.00455134608055047
0.00287930442764768
0.000493568610830478
0.000974289098184544
0.000764495679824306
0.000448019222033528
0.00669288211390533
0.0035472575936655
0.00206632935926305
0.014298300500731
0.0149685882509973
0.0262697396114675
0.0178752522644741
0.0119417550114791
0.0148294041982687
0.00612020361072192
0.0050895922953185
0.00389674716840727
-0.00202315140567994
0.000485398499919942
-0.000470815974111667
0.00318068630413077
-0.000714938489351059
-0.00642870692321103
-0.0105484133738203
-0.000305599953748283
0.000632271636874426
-0.00111930587195689
0.000139767242495335
0.000115647757027395
-0.00246755500802192
-0.00505353430658643
-0.00308015189606731
-0.0022534847037356
-0.00369671595665451
-0.00543944152767818
-0.00528105935885075
-0.00513708610372998
-0.00232166273106204
-0.000700341033398061
-0.00117858849397668
5.48626457094951e-05
-0.00295793911410245
-0.00291698933026172
0.000272104167752216
0.00118407620273819
0.000857528133453849
5.03933752593118e-05
-0.00158528260342158
-0.0027064755840527
0.0023649421776395
0.00254890316080295
-0.00175760113906483
-0.0046470120393848
-0.00619611280048101
-0.0107667576498469
-0.0115838065782449
-0.00919899546417586
-0.000690613079859674
-0.00218778075293766
-0.00523310167796599
-0.00791140159930912
-0.0184101137015833
-0.0189946933974521
-0.0156424726906407
-0.0093484339030787
-0.0100164511507568
-0.0115573374451507
-0.0138013228621244
-0.00737978971595104
-0.00826138385829909
-0.00447005274920873
-0.0013298865286521
-0.00164690808735717
0.00414653166295037
0.00362293606714543
0.00554535110064436
0.0129140964140411
0.00888785166240771
0.0049007983089994
-0.0121214174490087
-0.00696374855896327
-0.00111386076780786
0.00357607606692914
0.00228351788593745
0.00209410068714809
0.000212440486126857
-0.000743415423961247
-3.25472799608912e-05
-0.000635844608222105
-0.000793743184644234
0.00384389002620505
0.00653690244567056
0.00284746022767133
-0.00595565567198986
-0.00200782412270755
-0.00186601241095575
-0.00103985236034378
-0.000760472270325381
-0.00256147090603012
-0.0119392518993538
-0.0115417716970596
-0.00505395999378652
0.000123154573793124
0.000418475063853372
0.0124926259517159
0.0274168450635186
0.0195121833490508
0.0127131889010709
0.00392792734969365
0.00054574478316855
-0.00205424665238054
0.000873989873719389
0.000564837221071027
-0.00488440299759471
-0.00872737042935461
-0.00124407450867789
0.00369327965719771
0.0223205305568307
0.0281313457384541
0.00655510218810488
0.00462332107942172
0.00349826396384956
0.0055612621373447
0.0075144194555333
-0.000510712472226847
-0.00518825803721381
-0.0110882022076764
-0.00434775989705081
0.00129910244667023
5.20181891082629e-05
0.00149726304150454
0.00214510446274952
-0.00184868012886204
-7.90473118578189e-05
0.000762833923423062
-0.00477926771268191
-0.0024745216834788
-0.00179790149436871
-0.000913689140299556
0.00344394471021155
0.00166149202341507
0.00732973588636816
0.00847458325787011
-0.0113200078498704
-0.0275577808854161
-0.0431765523224024
-0.0343583628204604
-0.00472165378979933
0.00881444678952517
0.0022643403408798
0.00143937565262851
-0.00758746696589184
-0.000842300211050441
0.00259578133594027
0.0028680470635728
-0.000266847834439372
-0.00444931484179615
7.9001913721508e-05
-0.00619783455979333
-0.00587063443708475
-0.00576329187625101
-0.000773108612105443
-0.00160158095860857
-0.00243799845305919
-0.00979698033896958
-0.00815873931535786
0.00275476969481288
0.00303986907506111
0.00430981694374833
0.00322522044255068
-0.00288690574482415
-0.000620084167240667
-0.00148447541783875
-0.000657444395944673
0.00147681671585356
0.000102043797301518
-0.00516152585573611
-0.00987613381409337
-0.0101153554736498
-0.0050915879341148
0.00348113768290247
-0.00191222734527838
-0.00113027079076073
-4.67481056000353e-05
-0.000746294041922649
4.39298756965412e-05
0.00117301096593058
0.000462834378092677
0.00614635770702447
-0.00556516628155249
-0.00457566709700491
-0.000428366088894338
-0.00359939040581103
-0.0240619650051258
-0.0125384771094072
-0.00874240742048814
-0.0187752518065266
-0.0270183327138683
-0.0337904724129401
-0.0173151193037533
-0.0280511216527158
-0.0461069759675108
-0.0382661109002064
-0.0330730114820273
-0.00189064110816444
-0.00312890649685063
-0.019843897290443
-0.0139949134977305
-0.000722013402784932
-0.00247029773878302
-0.00566937776416271
-0.00585452561503253
-0.00641964725828204
-0.00839862653251245
-0.00863165153147016
-0.00996302826740841
-0.00222947905824036
-0.00242635703040295
-0.00195604799912357
0.00232242742803162
0.000425059697958924
0.000288182474883666
-0.00289938871666431
-0.00398389767122834
0.00176998971049135
0.0015573462502392
0.00196674264339293
0.00593401361633092
0.0038577745812847
0.00465866592913657
0.000331167731347088
0.00249112448865767
0.00704999202420321
0.00338613651491724
-0.00635436924372008
-0.0123679897360037
-0.0146280621563675
-0.0227623520871556
-0.0389557693260537
-0.0153047839358486
0.000638841177974941
0.00812447103856444
0.00215142044462221
0.00142758341059392
-0.00471774575960595
-0.00395353202683099
-0.00101139633484685
-0.00236010320484136
-0.00526135991551695
0.00915595321716144
0.0209144516148081
0.0146825095357443
0.00525710822517087
-0.000944211104364833
-0.0128486866796894
-0.0100325355951003
-0.00343016497947334
-0.00837381222709484
0.00463738946420663
0.0106250056470074
-0.000760043831705329
0.00045368466074726
-0.00176387831307706
-0.00561967071418298
-0.00190823748167849
-0.000826725173652214
-0.00454435469120074
-0.00358987640991356
0.00344566177789903
-0.0041240470053011
-0.00329011310708619
-0.00144464117427848
0.000512540972366967
-0.00516123824979844
-0.00528425666177805
3.45555073949771e-05
0.000930627015195197
0.00131217692400149
-0.00337729428475145
-0.00668907948585806
-0.00472514134994322
0.00320898422299316
0.00322556551910987
-0.00174309361561251
-0.00336185260449983
-0.00389912167025878
-0.00520274492499613
-0.00243761592466433
0.00300910682551511
0.000329256841690881
0.000946449332585102
0.00374024048278923
0.001618107237189
0.00255035803767552
0.00116642826236063
-0.00364138468420876
-0.00489800724445537
-0.00300367242475605
0.00377791028647133
0.00330965838235459
0.00566741084273641
0.00634922886513063
0.00571325261702369
0.00414326809803398
0.00227332518209194
0.00126625723399677
-0.00087965857138401
-0.0081210888744237
-0.0104385586949315
-0.00747837291830772
-0.00170533115224138
-0.00102470601248388
0.000600742557640468
0.00463666644897464
-0.000860683643221239
-0.00174972742447769
-0.00120013603656654
-0.000407021702004071
-0.00264704920838733
-0.00431546888696491
0.0010403515289451
0.00843472564010058
0.00782178952335407
0.00601200964743357
0.00204953277061217
-0.000400711500300293
0.00251864053085542
0.00294874254208631
0.00276190469870891
-1.63527855621501e-05
-2.60205706605093e-05
0.00134478958050743
0.000802091167506028
-0.00117570146964314
-0.000176247271481648
-4.65344831571517e-05
0.000146730777525826
-0.000389790637980275
0.00134787016911139
0.0037668236941782
0.0050505292421492
0.00353096675986559
0.0043639072939855
0.0035277422405532
0.00876923138416569
0.0174797596678011
0.00702842292896527
0.00474322759710336
0.00599238332103284
0.00548598374465242
-0.00838870036844685
-0.00762586227730022
-0.00237808543095708
-0.000194072670580528
0.000314397820128053
0.00198118640624745
-6.15386119689641e-06
0.00100264518936395
0.00488207235693792
0.00859617309381095
0.00411525307287388
0.00309469666123052
0.00396071486372056
0.00733375654867039
0.00720443352327368
0.00554681846296796
0.0148345196725091
0.017853311746099
0.0114258083433288
0.00454357490616842
0.00517585274341438
0.00621295282956662
0.00724016925285268
0.00859305802684087
0.00663287763864845
0.00389009179939914
0.00788290114667624
0.0105571338801429
0.00348303872607898
0.000920121727405278
-0.00162797055104938
-0.00541168441165294
-0.010357267241082
-0.0116450963213309
-0.00750542586502674
-0.00679770791617637
-0.00506037028762567
-0.00546153496323987
-0.00140688802611532
-0.00186428862181673
-0.00422617444788577
-0.00212480876163766
-0.00065799311659331
-0.00454352119078469
-0.0024010987819204
0.00329336322697734
0.00234454276251766
-0.00133010678604293
-0.000338457064986728
-0.00182285568777107
-0.00375520442756313
-0.00830184247891531
-0.00338621661278886
-0.00223443328094551
-0.00109845412720607
-0.00363151775445306
-0.00650897887892081
-0.00731235667712152
-0.0105399021904237
-0.0106421848024007
-0.0043934316290085
-0.00340694454510344
-0.000629520210422573
0.00131355857963778
-0.00231718737466856
-0.00576559504736321
-0.00396082029663404
-0.00176048068643316
-0.00259340209917372
-0.00510695082672382
-0.00595426546282723
-0.00371772332944636
-0.00217996162178375
0.0051512645458827
0.0058186966267877
0.00639159368097186
0.00333100709912543
0.00144347961502583
-0.000558439751344423
-0.000961246864583837
-0.000862339020490514
0.000589742116519554
0.00177496009506685
0.00351597603438792
0.00261802192828934
0.000906001297540124
-0.000830721334736054
-0.000600810766497517
-0.000674615587187598
-0.00256787663450382
-0.00127720550675577
-0.000446556063363549
-0.00132158014810441
-0.00269165120675728
-0.00452068647315699
-0.00267745623954003
-0.000722187097090387
0.000985522868453473
0.000213200094195754
5.21922217380715e-05
-0.000131848117537437
-0.00126553974564201
-0.00409238116933201
-0.00370160992537452
-0.00381174077805732
-0.00332107025832465
-0.00328015911052485
-0.000971885131984185
-0.00391889009969751
-0.00447720452457118
-0.00564310732265557
-0.00630026050402223
-0.00727626766281659
-0.00742330633988777
-0.00557865017438364
-0.00314751944895201
-0.00367443342542711
-0.00293398646804079
-0.003613164776509
-0.00523812196206246
-0.00540877477088464
-0.0041447930717429
-0.00481943611179375
-0.00472729114629386
-0.00442469837383007
-0.00506399771745515
-0.00530254620120884
-0.00778523181711564
-0.00891104074768695
-0.00930161138401971
-0.00860891826954139
-0.00699894978031779
-0.00693946304992124
-0.00448588468414032
-0.00321721806524412
-0.00304079854178229
-0.00291511198008318
-0.00451343575826694
-0.00468575274901592
-0.00384776097453133
-0.0039764095632393
-0.00222250879587339
-0.00432134731728033
-0.00767157442170371
-0.0066052127338453
-0.00563423151572232
-0.00573402021836899
-0.00664732807319262
-0.00631191854982867
-0.00749070448424531
-0.00524437905222294
-0.00249183132786774
-0.00201173220454593
-0.00168286366174773
-0.00123202762095984
-0.00100132104846809
-0.000542650553084657
-0.000583549603853968
0.0001169339747936
0.00052500731397596
-0.0002026000302617
-0.00111791201021869
-0.00203815592218828
-0.00246360638417517
-0.0015690259756064
-0.00147532386562116
-0.00156324108264868
-0.00163419514369403
-0.00259305369345108
-0.00312742616822074
-0.00306911499736451
-0.00355137852130705
-0.00304753426873431
-0.00354208727716873
-0.00184566300465854
-0.00212179061510324
-0.00130803207671759
-0.00114805927033425
-0.000169982899978786
-9.68825173433115e-05
0.000353157730674756
0.000846970678611384
-3.94979238745591e-05
-0.000579142027737412
-0.000815940815507435
-0.00130185775305079
-0.000277494995591416
-0.00051120263676214
0.000134670766052018
6.9330088101658e-05
2.58776388683904e-05
0.000183321929241705
0.000548882039185299
0.000910824853242354
0.000891505874621703
0.000385675485830174
-3.30120755853946e-05
-0.000221105520387871
-4.59912886277459e-05
-0.000232386041094781
-0.000971061322052845
-0.00145253930873493
-0.00124596735379246
-0.00081345523007418
-0.00138181067852818
-0.00205813047972956
-0.00225471679514332
-0.000887916223385352
-0.000203182719573548
0.000141464895112262
-0.000320715138587644
-0.000954098539855236
-0.00137843312624872
-0.000745820983748788
0.000242716242992046
0.000598786829513465
0.000113066973920247
0.000353940854839944
0.000391437746114142
0.000454682426444228
0.000320750119891735
9.54853927639558e-05
0.000115946884854352
-1.95264884695125e-06
-0.000147914062559172
-0.000529289949027412
-0.00120798791614718
-0.00102231446484688
-0.0010615784688888
-0.00168782296119323
-0.00234600761890223
-0.00193816093600361
-0.00166290661625623
-0.00133190790039447
-0.0014197771425313
-0.000709421540238553
-0.000484564958169941
-0.000787956257105395
-0.00135184659331116
-0.00169212087964193
