-0.983764125885767
-0.971550501634786
-0.826768819458375
-0.599337159284875
-0.404769784402182
-0.237435429310848
-0.210911473087388
-0.269939323504478
-0.162346459894614
-0.175570014568808
-0.096855089396865
-0.0879200406344542
-0.0881264036553741
-0.0932526760948632
-0.0462242695414675
-0.0151948520891823
-0.0334182038730013
-0.0277796539493702
-0.0547489475654451
0.000759246032343796
-0.0127879616706719
0.0306405835471338
-0.00336778072116704
-0.00434792820365894
0.023309354863495
0.0143534017811899
0.0146284998243695
0.0287846727680698
0.00616737210326155
0.00625816770798719
0.00324819130280786
0.0209177110024343
0.0359765678429024
0.0299538696082987
0.00170957576805812
0.00218168068927738
0.00965082823899498
0.00786869847713854
-0.0103339235941737
-0.00148564071931836
0.0108826638681062
-0.0223961622848352
-0.063054435665568
-0.0213387842105925
-0.0099083547160358
-0.0156199552551215
-4.44382955843009e-05
0.0012778112557427
-0.00286423915436206
0.0080923839297799
0.00346546997383963
0.000741186273025999
-0.0144170094651064
-0.0160247464641244
0.0230698447180686
0.0433029072549058
-0.0204370416832517
0.00102704293787255
-0.00399023425623736
0.00550838863423619
0.00345956155637518
0.0466709744750293
-0.0191472260329795
0.00721059346611443
0.0377574362623839
0.00202256192084771
-0.0189893122953515
0.0120595871427971
-0.0290553385273464
0.0436009910868261
-0.00878831095211098
-0.0225601633100252
0.0109854596918336
0.0246034187832509
-0.00930867991276129
0.0370966539824592
0.00497472362673189
0.00667433353022832
-0.00424570659411034
0.0598018253747281
-0.000516693308812193
0.0552802047361052
0.0294850897446409
-0.00297538933139209
0.000677384368111282
-0.000982889620967748
0.0134685734865422
-0.000405350734216576
0.00644711605980282
0.00442642119815307
-0.0196360663861872
-0.00482095474461587
-0.0246806392952523
0.00473665286428051
-0.00439768450472913
0.00639745123567685
0.00923192103760067
-0.00350696526241502
0.00114504839146509
0.0062605676158719
-0.00651612558682402
-0.0172816699403067
-0.00915371934534345
0.0110391373072151
0.000674622175875082
0.00183103794196343
-0.0119416781293868
0.00588615996973363
0.00263900536621637
0.0127379277500828
0.00574136821498379
0.0259587127934137
-0.00390469105668982
-0.0149942542147079
-0.0104875036112541
-0.0126055754957466
-0.021738737695461
0.0173175031739742
-0.00338460810535381
-0.00774944884608916
-0.00336336642325644
0.0168236479582297
0.0122640101698302
-0.00631107536201154
0.0150960466557197
0.00682624614179716
-0.00811168673140241
-0.000990452781392127
-0.00316386250358027
0.00276173295193183
0.0006056369553346
-0.00854918874077865
-0.00271250310938562
-0.000933625425837865
0.00118956912270286
-0.00119227706601958
-0.0278522731306013
0.0050279949512486
0.00167021131559611
0.00910681628698397
0.0449228128584262
0.0277750220456346
0.0277723800612023
-0.00178833563515774
-7.33922215742262e-05
-0.0149821646780043
0.00805984630513122
0.00107200808510761
-0.000533595201433254
0.0249232949742994
-0.00191323913894519
-0.00735271746915435
-0.0078151032857242
0.0174732401230882
-0.0237324487252571
-0.00864434806425373
-0.0162024577697657
-0.00309466989757855
0.0493113058913421
-0.00973564961725125
0.0112207755275828
-0.0025933452172951
-0.0016302271473471
0.0050512058434242
-0.0100231647462012
-0.00431678250109974
-0.010823912729403
-0.00127100128494019
-0.00110728075557192
0.00484385316869338
0.00338767237228257
-0.00925618707741381
0.0062960971694986
0.00929648941933573
-0.00358461906430475
0.0088536931250918
-0.00122757644070477
0.0193814918234553
-0.00550135647277142
0.0123179961902639
0.000204589330404695
-0.00043465559812902
-0.0243058776518117
-0.00701993588281551
-0.0306164126631665
0.0176104522318681
0.0255152854119005
-0.00829553821117611
0.0240033438961097
0.00864168075335782
0.00642063789198678
-0.00116454958639357
0.0168480639467148
-0.00658458767730589
0.00322432897039874
-0.000426191692819784
0.0321188979494323
0.00140169250810625
0.000145395956872017
-0.0218095471272378
-0.00556171825185211
0.163803915998619
-0.0105558189020755
-0.0104293231363158
-0.00323983610763143
0.00973856868448883
-0.0163200744058986
0.00120317480226305
-0.00485032045897958
0.0184057369441968
-0.00651504574507955
-0.000869114682041541
0.0066158836186819
-0.00143713758134137
0.00242597620225959
0.0101820848753346
-0.0270011643879699
-0.00235479609101608
0.0460266751151447
-0.00444223321186768
-0.0232532208181579
0.00499006582717093
-0.00437823988513066
-0.00595371965590228
0.00277606184238235
0.0370966744421118
0.0587521005050414
0.0129788935796993
0.00683828343294061
0.0167631761712685
0.00866819404251709
0.00488897827619349
-0.0185924288555885
-0.0884032351283715
0.042130754855001
0.0105543715937756
0.00306685760201523
0.00948777409180626
-0.00242882281661698
0.00145587827501311
0.00646529273168025
0.00431344452360327
2.66049735156723e-05
-0.000346608277915128
0.028360709701106
-0.00504307868178163
-0.00490729064260576
-0.0044931666906832
-0.000758464103404022
-0.00343459632309781
0.00351486643894028
0.0528302155320873
0.00852807075641652
0.0198800288796765
0.00340784288760328
0.00738514346813671
0.128628925117944
-0.00754591382998019
0.00583548165606914
0.0148256762800809
0.0142180497262858
0.0203428471810118
-0.0407301182122813
-0.00162091586012841
-0.00128555186725245
0.000982857404467852
0.0267387006135629
0.0148250406999621
-0.0230420495429346
0.00523158286031744
0.0103105597942398
0.00203776491794313
-0.000134371126732089
0.0227682059488561
0.00232791054889579
-0.00638516503110689
0.0126886994288191
-0.0047124262292681
-0.0321377180143335
0.012277122306367
-0.00104552057233048
-0.0301121303018966
-0.00942120923711019
-0.0145713084276209
0.0112697833734269
0.0219950001547717
0.0196715737907993
0.000158663399347819
0.00166784109487706
-0.0214285243921442
-0.0108291678512159
0.0023410646965037
-0.00458555463593328
-0.0110824284751023
-0.00275318178610041
0.0126040296115814
-0.0101568470545578
-0.0198379917488682
0.00154836388580918
0.00673708682139543
0.00413555947497566
-0.00191545954706952
0.00333192395589669
0.00140542428482723
-0.00389759564324647
0.00852445039138205
-0.0194471445395488
-0.00972992945196474
0.00247046079849061
0.0174516525634307
0.0372612853867884
-0.00397314799175633
-0.0765923911243167
-0.00876971280152242
0.00509811116543728
-0.0046010962749615
-0.0821769574966722
0.00298887277754212
0.00312377424841644
-0.0230201966957855
0.00405757199574577
0.0113531954916457
-0.0064840800467999
-0.0119524326757654
0.0122182363476183
-0.0021008370961801
0.00371357098738231
0.0110608587433194
-0.00280273201964594
-0.00749070599491467
-0.00355531771643305
-0.00222823572886666
0.00279664066764509
0.048641892811162
0.00887217540830907
0.00127221231119887
0.00756361258715814
-8.61337085183477e-05
0.00188524541419572
0.00701731813639228
0.00391544819643385
0.002501444840915
0.000952605853092025
0.000805304156101159
0.00983399500429035
0.0223575481351212
-0.0366392129211181
-0.0264167347188654
-0.00960369916307364
-0.000600064040025265
0.0219517455938535
0.00181985429340641
0.00833562011737673
-0.00970935400196692
-0.0123736759290792
-0.00302036952648152
0.0138468032742011
-0.00146895118142062
0.0377626607657673
0.00174417510646275
0.00490175739654593
-0.00387262897068115
0.00224525138432802
-0.00200642753319393
-0.00163194825654772
0.00972800009608995
-0.0135399214683122
-0.00207079755701858
0.00692935874288408
0.000103346351996254
-0.00340601479109333
-0.00337746617613527
-0.00893694521355743
0.00517588259051821
0.00521994665668735
-0.00423089744969748
-0.00525719686957767
0.00396619224434328
-0.00670523044766623
-0.0391123974890295
-0.0111062094702772
-0.005420380082667
-0.000493508242289641
0.000808664990605625
0.007771998042718
-0.00409387648662106
0.00196887612796572
0.00199437739400843
-0.00181857382343067
0.00166462360775143
-0.0343019466982867
-0.00540550582166883
0.0107000044601025
0.00428693856740717
0.00992877517218131
0.0258892031163226
-0.00638871117007527
0.00334803314100947
-0.00292995373224749
0.0108450461545556
-0.00859912805206046
0.0318197666794412
-0.00196007536032571
-0.00522972343590284
0.0354467373922636
0.000804525781182682
-0.00163812755825906
-0.00273260087870831
0.00643886685756753
-0.00377973073932126
-0.00772929260955353
0.00835939595773952
-0.00718788587102671
0.0155859020617669
-0.00829317959145892
-0.00393653876225041
-0.00190017715972537
0.0184869722634467
-0.025040929591351
0.0103995474637569
0.0159886394830914
0.0219247980755833
-0.0224628273679012
0.0296579963369308
-0.0267307763554663
-0.00930642945965783
-0.00310162741332363
-0.00329342987634676
0.000179069529168992
-0.0107866292472211
0.000922634354270618
-0.00429171963043262
-0.0176096696711483
0.00863591511966331
0.167790285443358
0.00365384081412984
0.0179979347326029
-0.0172276312996194
-0.0184712032824211
-0.0244795689991257
-0.00890352883743757
0.00395417056713175
4.68548574556691e-05
0.00825067337270151
0.0165941706694196
-0.00856896810368015
-0.00193613244601611
-0.0170822770735611
-0.0296084055325366
0.00126496442910365
0.0331690136863
-0.00532452457778029
0.00779506921695502
0.0102162804655918
0.0122755005342705
0.00238003945820066
-0.00421246902712034
-0.0303442655579995
-0.00114577491907958
-0.00291734175671286
-0.000965260142436809
0.00178133358297469
0.0163577161689712
0.00412036978908095
-0.0108921451035863
0.0105025479322536
0.00667934876725791
-0.0296998248351244
0.0361016046405115
0.00360367748078037
-0.0096387143681354
0.00101648035968205
-0.0200511866851995
0.000741596129496185
0.00653451753146038
-0.00306627429048689
-0.00583367962594435
0.000492042904689557
0.00210769757993616
0.00311403276022985
0.00909863239881747
0.00469835203297542
-0.000593497374832958
-4.27596701065205e-05
-0.0224501804411655
0.0228407360839115
-0.0165224776791612
0.0692520142443701
0.000279184892246031
0.000330023822028249
-0.0047824533326779
0.0722085948647251
-0.00272228482876208
0.00356828189071364
0.00288394034586953
0.045544012886404
-0.00831772702118973
0.0358238238250688
-0.00413638468682895
-0.00904565387437131
-0.0030133230699733
-0.000596903298849861
-0.0038311925620704
-0.016241247826726
-0.00729755495196261
-0.0148559668315064
0.00201748133417455
-0.00946449778052956
-0.0020540193800568
0.0231129424891917
-0.0141227519468302
0.0354939933669497
0.0033820739049263
-0.0106028498116398
0.00162418619822157
0.0116737372668994
-0.00292145393414032
-0.00284162097684605
8.82030419582028e-05
0.00190610196006224
0.0056233730820215
-0.0023015941686502
0.00836982558134773
0.0157463106421019
-0.000372984226782173
0.000903173800206865
0.00123091934905269
-0.0277483864359828
-0.0139610265602252
-0.0236628994596507
-0.000173340503412879
0.0193782880948741
0.00129077303938216
0.00224401573375805
-0.0193386715786555
0.00457151224978593
0.0121535966588905
-0.0484343778944105
-0.00283330846494927
-0.00508311960489116
0.00972612654366479
0.00106006570227871
0.00156586198033756
0.00253664820723053
-0.00205297423172461
-0.00060605308065263
-0.0102756599623394
0.00527393207745714
0.000237349863056816
0.00925764849878025
0.00545245547733472
-0.00116431597776361
0.00918724967185735
0.0148764436280615
-0.000419581363982303
-0.0171013048146583
0.0114811396993735
-0.00255896657458401
0.00115898809920217
-0.000545865464093727
-0.00295339017791014
-0.0189361323198238
-0.0353097270036899
-0.0497718717619461
0.0256741720284912
-0.00172419760772737
-0.00657397330288302
-0.00570244406989687
-0.000668721868820845
-0.00221842231516931
-0.0016056423762215
-0.00194294310041865
-0.00290653919499202
-0.00409912733464102
-0.000523943376435389
0.00189225858102598
0.00505390188023429
-0.00700559001391186
-0.0170878772209818
0.00869791416473709
-0.0032973190015845
0.0197974599028686
-0.00819722217046823
0.00813507503897983
-0.0177693198960817
0.0192002323136863
-0.00139299273542591
-0.00169977562166721
0.00758923772950426
-0.00196615600362915
0.000194781209780519
-0.00387883664496787
-0.00947656461795077
0.00352284583853144
-0.0133668418215864
0.0115523294312133
-0.00152790188353393
-0.00562470631545731
0.00365575692614781
-0.000273117766423791
-0.00514879125574983
-0.00105770152325135
-0.00192918365183541
0.0026999464395156
0.00901307680224242
-0.000653360452219595
-0.0283366352454829
-0.00130081907399134
0.00525377541794559
0.00025906387823115
0.00979158429798775
-0.0148251315577795
-0.00561873019410457
-0.00488298071851825
0.0102652813128217
0.00906069120319466
-0.0151661283487289
0.00298670213134126
0.00302246801538188
0.00500254155765342
-0.0165263277561899
0.0053072210328904
-0.00999081732083382
-0.0054028338570813
0.0007136371624677
-0.00916130128367489
-0.00430857653258282
0.000958927518557994
-0.0148637228990545
-0.00157603308566387
0.000282938099439798
-0.0139736818397355
-0.0252808229953451
0.00737576593734221
-0.00568088477248124
0.000203853464382179
0.00975410710507751
0.00202645373773397
-0.0105779988397501
-0.00194334077099625
-0.00311179971777995
-0.00134076096064294
0.000783932675330866
-0.00143476529364206
0.00337485057153975
-0.00155757276577985
0.00863797234147176
0.0508584505081235
-0.0376996771858371
0.00334699570351121
0.00556321862210745
0.0167375931444699
0.00662282864118955
-0.00049002823737565
0.0290200844582038
0.0107824023922548
-0.000125290525669091
0.00857243528144052
0.00709598961689731
-0.00571944519710512
-0.00476150475115586
0.00609519685629928
0.00429799157146062
-0.00331324508853925
-0.0104834738253621
-0.00453374664570466
0.00284491451280983
-0.000678092599661204
-0.000655377287626254
-0.00592161977486305
2.77993979722812e-05
0.000598513623705203
0.00106772385626921
0.000109693552394901
0.00656179915925253
-0.000123598065387618
0.00900772209729017
-0.00159006943598947
-0.0015967525346407
-0.00977361446707509
-0.0427473405818001
0.00114842810202015
-0.00487908773688536
-0.0116779903876294
0.0358255389308643
-0.00647965382670092
-0.00529530433613889
-0.0165300162513245
0.000169705657379456
0.000809522914967017
0.00265405814391784
-0.00222723854498379
-0.00110022760348148
6.81493758128322e-05
-0.00170237332844014
-0.00165119215420746
-0.0133432710643924
-0.0124608947451205
0.000898569844419423
-0.00296858418940898
0.00218342481805692
-0.000319285218370703
0.00889856680265348
-0.00199511026346325
0.00122580916578591
0.0074603956274843
0.00478187218561245
-0.000465295759954725
-0.00695901746790991
0.000614304419549194
0.00116638915288165
0.00291346644120229
-0.00142219751751833
-0.0170742260824537
-0.00464696408099747
-0.0121591189305751
-0.000159953324560338
-4.09535906795401e-05
-0.00408113977131938
-0.000652092096048792
-0.000258066775720094
0.000388412757482111
0.000938200243740317
-0.00526704044030166
0.00272225545932858
0.01371027344033
0.00373629163875836
-0.0171746630901316
0.002325604089103
-0.00155755801595674
0.00593724928524079
-0.00306183906185853
-0.00202052265387558
-0.000459512756818632
0.00238983569111062
0.000543888512229103
0.000133788961070496
0.00326641731864618
0.00112802651915554
0.011741854376991
-0.00348429057790513
0.00022991416271725
-0.00861186463699699
-0.00123057190798892
0.00598287902704134
0.00387894055384081
-0.00210513275454802
0.00113296025484103
0.00258443736879499
-7.74911947857304e-05
-0.00020609522671058
0.00198923159119898
-0.00235584951375451
-0.00656383132972535
-0.00392581243408557
-0.00391768615930163
0.00787196269515386
0.00447425039046713
-0.00230186103072084
0.00352922164220333
0.0185314949436114
-0.00761511145661034
0.0170742778867915
-0.000605703343980609
0.000779731026010713
-0.0060637190265334
-0.00168595527469736
0.00253428971228383
-0.0176063139456919
-0.0046525948194736
-0.00105849543720573
-0.00211792981676557
-0.0320005223441397
-0.000112103283208306
-0.00206424473605627
0.00151584655361715
0.00152034551346092
-0.019711662697914
-0.00905963131605419
-0.00489681904273278
-0.000138013638262107
0.0177662114825009
0.00310306608256242
0.00208497351183253
-0.0126917072280897
0.00370212047436656
0.00159569589211583
-0.0147409034497001
-0.00269251309644775
0.0113653658442307
-0.0105660666594127
-0.00407446531176765
0.00444590641865242
-0.00934712792681213
0.00396433111620463
0.000166704868537261
0.00266501291384114
0.00163004294877273
0.00997735198364888
-0.00106814741369614
0.00112249767034506
0.00296974335914411
-0.00113650831410717
0.00519749875438255
-0.00880220962682082
-0.0104433455199124
-0.0027491281914538
0.00579990507075553
-0.00450023680192429
0.000483311895578287
-0.000291328794363108
0.0118795567933562
-0.00119846229068678
0.00577050207322526
0.00126258633884792
0.000552369093570404
0.00282405540218447
0.00441517231626618
-0.00204443485499907
0.00230264177070719
0.00914209104718761
-0.00165380442790512
-0.000798260092063658
-0.000243581053512856
-0.00913336950802144
-0.00866234050074286
-0.000584402817244859
0.00310243937676898
0.00168237762227657
-0.00122194812745319
-0.00608206457428933
-0.00174858943331397
0.0101650700926512
-0.00518966091276759
-0.00375790992581149
-1.56611576302727e-05
-0.0090456743047579
-0.0174811621077061
-0.0032190311134553
-0.00473207351753914
-0.00372307779835199
-0.00352333250876265
-0.00335388647698591
-0.00180508963272476
-0.00920950795054622
0.00583234255039526
0.00143034502656278
-0.00183291382520214
-0.000112888663657131
0.00381848476302254
0.000384532970913302
-0.00273943610378626
-0.00135784275254277
0.0139021244758335
0.0179077694894827
-0.00142990044590356
0.000929095467733959
-0.00657303888742307
-0.000849155856797193
-0.00111054774744058
0.00087410555829554
-0.00355466316670304
-0.00106115628315637
0.00723272211799862
-0.00041700514307663
-0.00556426122030474
-0.000985374811588543
-0.00187459558838185
-0.00103088499482246
0.00135478071620853
-0.000423830857179139
0.00172516537655415
0.00245564358055345
0.000622371522263659
-0.000898865119317961
-0.00195419033586755
-0.0102171092723764
0.00113317584972803
0.000431653265118513
-0.00104501830329292
0.00293751103721263
-0.00323711950871109
-0.00195745094750816
-0.00142106660257458
-0.00213091024997387
0.00140964618986191
0.000795246479995057
-0.00683482795515508
0.000345906135682859
-3.26404278090887e-05
0.00146379018268499
-0.00166269447261853
-0.000191842883976808
-0.00173666613418867
0.000600296952456502
-0.00958263411339451
-0.00443069831014059
-0.000724291293608582
0.00779823086339536
-0.00304321576169481
0.00125599452844196
0.00173231473389363
-0.00782627756678621
-0.000124394220553582
0.00429626057053399
-0.000947858564162513
0.00338416072978313
0.00273182866754855
0.00383809871922167
-0.0020325798411284
-0.000765754842190018
-0.00349647211412522
0.00192812410558336
-0.00125702760734044
-0.00134683452641279
0.000380819325423051
-0.00120593976591428
-0.000627836994477016
0.0031062623168472
0.000532828016780774
0.000551131633942965
-0.00378038445915575
-0.00103408688691523
0.0035373932937794
-0.000530820924207101
0.00115197385226708
0.000535426055824835
-0.000151965671648043
0.00108355224286388
-8.30594509855781e-05
-0.000483474236770033
0.000542722567415378
2.09834971747268e-05
-0.000324491346396463
-0.000718186952663959
0.000545716818331937
-0.00379559628654894
0.000400296247570029
-0.000530117102129645
-0.000728333854866971
-0.00159908589912662
-0.00154016022191869
-0.000331651639364629
7.62066392058529e-05
0.000155652242682638
-0.000108116860801629
-6.63420060251324e-05
-0.000559163840430515
0.00186940502422871
0.00263406214013711
-9.75035259217901e-05
-0.000229702415101086
0.000361262492500726
-0.000626564194690573
0.000938171120550462
0.000642932697592033
-5.67528080790414e-05
-0.000780603366723188
-0.0028639759320982
-0.00139691674645407
0.00055500806668363
-0.000150832456215409
0.00105884363853824
-0.000516546223216454
-0.00120721115706921
0.000324582852721228
0.000478960031907453
-0.000610337422256832
0.000627368487105374
0.00110170375857944
-0.000627142224826246
7.42717418112524e-05
1.50793000359233e-05
-0.000395678871927631
0.000274132676619862
-0.000525797030503251
-1.56156336977976e-05
0.000352926407665795
0.00147522883735525
0.00155749395851496
-0.000185915487650808
-0.00116409673287141
-0.000897733966682304
-0.000107851934432278
-0.000580667817679114
0.000130145407205081
0.000831532812414414
-0.00103162599835329
5.16097621108529e-06
0.000361194552081646
0.00159070944013783
0.000424001352058189
-0.000352137384053429
1.88818021262636e-05
-1.58109237753145e-05
-0.000142290902548571
-0.000183158009192629
0.000252459023165428
-0.000221814608532534
-9.52887805729878e-05
2.91930910054109e-05
-0.000362945319897631
-0.000273299015207214
-3.32452726511934e-05
-9.81924323048786e-05
6.93215902468831e-05
-0.000219591356450101
-0.0011073982091587
-0.00043424609949713
-4.7238532200242e-05
-0.000101465192584333
-8.3588545289075e-05
-0.000262347158499739
-0.000222407041876298
-0.000224833209915141
-0.00010893173430572
-9.67371955937927e-05
-0.000129841361006341
-9.49372943239789e-05
-3.24327192424413e-05
-0.000176984468539817
-2.29917206237087e-05
-0.000125195337616841
-0.000196246729484418
-9.28071137927769e-05
