-0.977793397138811
-0.960766331519155
-0.76891284230208
-0.627886641708591
-0.337222653328734
-0.277267767661069
-0.27219122766701
-0.225771839653932
-0.175837569843377
-0.151684998001101
-0.161401434290546
0.0256462644988631
-0.018687708293234
-0.00586492110964137
-0.0358275672397855
-0.0564314003775864
-0.0539963554027989
0.0232698687618533
-0.0309352635515239
-0.00598221241043472
-0.00244212436739729
0.00191360971245401
0.0174193042815522
0.034827014706943
0.0412892535552171
-0.00886100442265523
0.00372800703082527
-0.00136849931738945
-0.0146977695505674
0.0217854245335551
-0.00118498701950739
-0.000238024458141126
0.000580210651094615
0.00805511897380105
-0.0017853582665413
0.0113446351694063
0.000191860667547423
0.00144419785625455
0.0315581953599278
-0.00701142625019814
0.0139105986572024
-0.00826274812387982
0.0220723294503109
0.0200787231757701
-0.000859151379840595
0.0323586839022782
0.00386393459008269
0.011360355006126
0.013008442452498
0.010102355885535
0.00321234555164796
-0.00700099360162144
-0.00779479478119179
-0.0196554123353414
0.00121100850612126
-0.0102730564117713
0.0327476070937088
0.0309888488322172
-0.00611950525398288
-0.0153245467893133
0.00711763895055066
0.00714942499816778
0.00239127174978166
-0.0121452033736066
-0.00445960352591209
-0.00724278587595057
0.00664344258114037
-0.000771688879684877
-0.00139037371339397
0.0338205076540208
-0.00885687600068481
0.0152732454977158
-0.0163238000937416
0.0166321665912775
-0.0133245816320602
-0.012783624134908
0.0176820194416849
-0.000154773174585038
-0.00487056372244964
-0.00981986573082424
-0.0132266618435073
0.0055431658931771
-0.00073964447388988
0.0191494661214772
-0.00405177729114142
-0.00471376980553043
0.00778185371107134
-0.0018078959372751
0.00229348655149697
0.0154163381257865
-0.0106032915138824
0.0134482887680293
-0.00302886091734676
0.00561838837112268
-0.014840207871812
0.00255006948637243
-0.0125582248216651
-0.0306456478323576
0.00161982412346095
0.0712555134918832
0.0143369558599656
0.00559360613231653
0.0108892810848916
0.00384927580106911
0.0212143563577375
-0.000757311077488647
0.00805361714492823
0.00711848028303385
-0.00349063212050995
-0.00352794865344798
0.0127605279055229
-0.000118397910758832
-0.00752635908848431
-0.00784128541212584
0.00612455362584102
0.00135854599003482
-0.0106934410094065
0.0139989171543584
-0.0127409184699888
0.0137785709673941
0.0244219169105731
-0.0411974900700149
0.0236785328809007
-0.00160900737550583
0.0158453108206517
-0.0129927396524509
-0.00979973513721988
-0.00816638226660064
-0.00146190040356941
-0.00654606867356453
-0.000996794154771008
0.00060114353789625
-0.00807803740621168
-0.014824250562194
-0.0818799793846272
0.0142775724326409
-0.00313663993594995
0.0140728483192807
0.0133645701638587
-0.0200222028955299
-0.00427554639963219
-0.0268493221801295
-0.00262331281744793
-0.00877371992031717
-0.015064310252076
0.0446684707004233
0.00594096786368262
-0.0184259156264603
0.0150103368721627
-0.0189266059067176
0.00120640692308156
0.00216561729357632
0.0257863993636422
-0.000476947204900248
0.00356903746466399
-0.0132957762369
-0.0341427581799586
-0.0280573917375633
-0.0392747174346202
0.000313348596498431
0.00623702744664069
-0.0167468377744351
-0.0294170421596596
-0.0020825470707968
-0.00156714849648742
-0.000705822643702288
0.00727169076951575
-0.023756083647687
-0.00682778390399487
-0.0183511884231265
-0.019046086723177
-0.00449879919623549
0.0165982059185761
-0.00745967015705423
-0.00320735511407918
-0.000450018512552059
0.0477167271112323
-0.00155298422919182
-0.0161303171493714
-0.00875033284767558
0.00265367097208259
0.0236296419685712
-0.0276405654805209
-0.0175768920741767
0.00611635469235503
-0.000863248973544038
-0.00981060814886415
0.024098432696586
0.00846005237723734
0.00838790177850974
-0.0218904022879333
0.00116665627368051
0.0168821496255279
0.00278474884377591
-0.00149729206633609
0.00138486835491941
-0.00841771048437633
-0.0801772419442264
-0.00880971434293426
-0.0198695979795481
0.00562980197042611
-0.0422649478789898
-0.00112753872328777
0.00073557147108836
0.0174886235952026
0.00097097201583863
-0.00492013675060959
-0.0040048600045514
0.0187587710960956
-0.0449727698414428
-0.00837472215244386
0.0142114490217233
0.00200221348062529
0.031241144374431
0.014716352979294
0.0038242949538875
0.00338336018856194
-0.00070628968387951
-0.0026493743504089
-0.00360749479054397
0.000858121097356465
-0.0232349764595855
0.00540690616302188
-0.00560264065809739
-0.00170856445818828
0.00860213777624242
0.00174648272440446
0.000550959961892636
-0.00453911277874884
-0.0270388467028926
0.0184602563136663
0.00272331055565232
-0.00865707868934362
0.0218667548076212
-0.0255248777495585
-0.003652191671193
0.00148830727163616
0.00144391619890512
0.0109602279120184
-0.0153159157535921
0.00241762998385645
0.010098879251612
0.000405885525869999
-0.00124969769887925
-0.0142279536044383
-0.0133166477835574
0.0101784716705245
0.0100068896794432
-0.0254671809167093
-3.44668387770696e-05
0.0161575283924216
0.00107862123615021
0.00389064331728007
0.00905990507971756
-0.000169247308465423
-0.0283796314487406
0.0485011263828944
-0.00893180452955851
0.00417846876773737
0.0109578520075963
-0.00478290997642954
-0.0134856167056147
-0.00936423454583501
0.00563914316540385
0.00111490686135043
0.00671344371776709
-1.34688002473246e-05
0.000539086904626892
0.0339800537982957
0.00244204278754896
0.00762073682994172
0.00460725359331164
0.0388055772696797
0.0386780595515641
0.00150720658389115
0.0184732388713862
-0.000468162157486964
-0.00378839180915016
0.00290038953155615
-0.0075619404719477
0.00885345924913955
0.0196707580446134
0.0363508670047039
0.00300607111724208
-0.0437411587545272
-0.0046117768310633
0.0104573660085788
-0.0448974571495652
-0.0224257278172203
-0.00284829991392316
0.0113524879429012
-0.0134602317279014
0.0367398626021102
0.0174301144492056
0.00727240632037379
0.0183683992095481
-0.00281571015097596
0.00489548968866028
0.00502651134507472
-0.00304764224648028
-0.0055416982756294
-0.00435508559402056
0.0119760779134832
-0.000282058367849983
0.0313751919248569
-0.00231547145364887
-0.000635260589803486
9.6333852704959e-05
-0.0137589946488936
-0.014596005678395
-0.022814465952104
-0.0144401159787354
-0.00265188545827336
0.000406600673778142
0.0200063850558003
0.0153756767076652
0.0132099239462977
0.00543266230744122
-0.00367800010647608
-0.0352226473505174
-0.00238208831322003
0.0126876167280417
-0.0139976201383452
-0.00780391957905813
-0.061481000451708
0.00193641297463029
0.000633603726107324
0.0171703377364857
0.00354890204204262
0.0345891257194314
0.000511722811809504
0.0187714059429271
-0.0115947460608429
-9.50871781088449e-05
-0.00301460047489381
-0.000812088498725118
-0.00348753113947055
0.0104106318363334
0.0349084969678625
0.0030617860839286
-0.00334588228047286
-0.00312643382526583
0.000937440718453024
0.00241880237610192
0.00632331118235403
0.00975794172608207
0.00015345868055043
-0.00515092734554525
-0.0055887125930235
0.00209238457547551
0.00181610672543616
0.00521204439892276
0.000221106778364884
-0.00334985652124282
-0.0120663228084238
-0.007505567656193
-0.0146201416258633
0.0287212484477557
0.0178911656202293
0.00378540972053386
0.00967759431464184
0.0158334566976532
0.00113263096751417
-0.00114653394616881
0.0074255526974002
-0.00806150346947595
0.00666367194640993
-6.88469388844745e-05
0.000421048821212412
-0.0063607171242147
-0.00590660897862711
-0.00193048211951643
0.00785355481207557
-0.00625784041096243
0.0261977027485063
0.00466424142375024
-0.000256052526896058
0.0193650030104241
5.16253025663736e-05
-0.00517879169004182
0.00223813116543952
-0.0173518071052129
0.00128519551943451
-0.015825443431704
0.00994648964760914
-0.00972238845295928
-0.000937492676404138
-0.0234177150113008
0.020388836284855
0.00748708135472296
0.00223122772193175
-0.00103591807794851
0.00843104882431237
-0.000537755990876556
-0.00431512643710265
-0.00110277852812222
0.000277626341833923
-0.000693533379837088
-0.00593374086153556
0.00380440969103047
0.00657736117021891
-0.00133577604707804
0.00020696244815967
-0.000451393880491435
0.00129007324738838
-0.00135344308805541
-0.000646410737585879
-0.00779028239704822
-0.000316100267476995
0.0149327029783101
-5.53786987966091e-05
-0.00126036208034895
0.0110659887129319
-0.00792012920766942
0.00265997883036776
0.00129490825670234
0.00463186226314159
-0.00695560733480492
0.00541260748961968
0.0229535694564822
0.00224056167544661
0.00471248798926003
0.00220760386147719
-0.00308839155765112
-0.00733431361979859
0.000978969021760166
-0.0131366082082878
0.00319057950483696
0.03564118106035
-0.000336992646959955
0.0244863459301715
-0.00119824409328279
-0.00782273784497999
-0.000291804669543729
0.000863716834742756
0.00187040261191097
0.000472234673720525
-0.000607611452998615
-0.00460169309790733
0.0221978904791878
-0.006579036177958
0.0233447226983268
0.00342909130143363
0.00120198090373646
-0.00406558979929763
0.0106994364274357
-0.0028716356091231
0.00554062725989014
-0.062600579581238
-0.00240033739493996
0.0280125737175382
0.00482838182561884
0.00557490318101987
0.00125679843131338
-0.00168281460039175
3.09484706529254e-05
0.00619086455523722
-0.00669516360908799
0.00242014731024358
0.00135274854015087
0.0450237433057196
0.0294524020643047
0.000637088472296965
-0.0219633052559854
-0.0110889724578165
-0.00209092286307252
0.00842383383962563
-0.00119027701979917
0.000914830748186373
-0.00931927649664032
0.0049228698069611
0.00774630176175357
0.00342753532205448
-6.50959124527716e-05
0.0077419611311016
0.0157962782211583
-0.00663158589115159
-0.00872601560812056
-0.00409088617904257
-0.000465897132907579
0.00338830598681896
-0.00158641897218316
-0.029080526548069
0.00575051592992571
-0.0128600140719661
0.00332710837773928
0.00392106033115619
-0.000112929403845644
-0.00615009149682605
-0.000614260990594042
0.00265166725915639
0.00433804702245758
-0.00402954186947779
0.0185322038639232
0.00530350015830743
0.00810262002028261
-0.000733669584352649
-0.00275222059089855
-0.0233714273464563
-0.00212141860938497
0.00127576093906327
-0.000539108367140746
0.000251010424339504
0.00210360301082256
0.00470239711426622
-0.00653227464897554
-0.00703198211322934
-0.00246475081106642
0.0112280006115134
0.0108521196163359
0.0102083835154371
-0.00192092652354173
-0.00162392000772657
0.00481005889397746
-0.000645343744427962
-0.0118944142869838
-0.00360590214629019
0.00297079575232162
-0.00616338485901884
0.00577344452919641
-0.0102607822587742
0.00624137266016295
0.0205849479442478
0.000747941030631905
-0.00253268265488044
0.00232574716604315
-0.00639280364675128
0.00192957579345785
0.00754435253821256
0.00328945597210341
0.000687370279332969
0.00659620923786551
-0.00204051978357038
-0.00120015234114964
0.000611269391407844
-0.00263864629171934
0.00232092376263865
0.00738642728592499
-0.00563475627791703
-0.000193716391133246
-0.00102776482938457
-0.000330983061868925
-0.00151892973180524
-0.000319254968358732
0.00058262919994657
0.00201786345882779
0.000103825746006983
-0.000604477646614326
0.00192908669834835
2.08666712440567e-05
-0.00050773616301277
-0.00788925297746414
0.0108266517013625
-0.000571816063474114
-0.00266253898423567
-3.61475678089767e-05
0.00771238397371103
0.000179774170490757
-0.00408340884793939
0.000167863952172019
0.000492872338061181
0.00154864299253833
0.00333951503529672
-0.000518773826417399
-0.000631412935841198
-0.00531973515763643
-0.000721138602108851
0.00289845370084338
-0.00488606451154848
-3.40935580234579e-05
-0.000233141457351098
-8.32483906629547e-05
0.000387830240028518
-0.000683581964511749
0.00332152116878479
0.000120426371086897
0.00770806349653038
-0.00643807865701149
-0.00275078028995774
-0.00545031310949919
-0.000863302057430603
0.0248057746648517
-0.000123885386010776
0.000278038067564195
-0.00545773338648024
0.010625821938713
0.00354323951310067
0.000423150026080388
0.0014567664039176
0.00016443128384146
0.00118744200015664
-0.000560619180571701
-0.000322588434762863
0.000140462293853319
-0.000186576392104521
0.00012392163412966
0.00427282571957743
0.000340209046937772
0.000211442113623106
-0.000176419835568445
0.000410762724631976
-0.000452352598961754
-0.000717892142519232
-0.00298232407929195
-0.00014650816062789
8.35127972098638e-05
-0.00037767644428001
0.00197876309423672
-0.00335519642272074
-0.0126398935192146
-0.000445265069099507
-0.000817780669237052
-0.000872410988984519
0.00116055720776504
-0.00269508357522482
-0.000404946349839361
0.00213580153780516
-0.000248387154886072
-0.00065169740822582
0.00187750714041471
0.000725761656224575
-0.000570366073591685
0.00312990733335009
-0.00042869129136797
0.000531240012404278
0.000890699182699043
0.00589600913957003
-0.00189116881580734
-0.00488347589396073
-0.000988456408683969
-0.0182847230401036
0.000395200536741213
-0.00048654019283825
-0.00840111435807657
-0.0210857912260673
0.00270642807364543
0.00268013063208387
-0.00132632811160398
-0.0191965477327289
-0.00336795178519581
-0.000933093345976492
0.00224972458447115
-0.000811649927889255
-0.000572768215646501
0.00876240011849299
0.0131256797146052
0.00251662638231748
0.000474734354125712
-0.0022878301070686
-0.00358229201694683
0.000492652175999537
-0.00969337909065503
-0.0106297025273137
-0.0126109206937857
-0.000191155941443131
-0.00030857808725735
0.00150914962432656
-0.00206458223005091
0.000728965889467531
-0.0010481615141031
0.000548117233969994
0.000703839932397919
0.00173163471171571
-0.00548905868490735
0.000654897316703516
0.00100659695007751
0.00773039512583391
9.88562098374645e-05
-0.00657892960710826
-0.0029433665183159
0.000979355853333807
0.0010514016537806
0.00345774508269414
0.000813605765971685
-0.000409093062405073
0.00427295774269616
0.00128267201879595
-0.00352533821035724
0.0014601652442698
-0.0147452286150438
0.000239759823307487
0.0107128277754477
0.00999300708062613
-0.00298425257569632
-0.00118552406768708
-0.00365615941179454
0.000833138674869404
0.00146686754932478
0.00705403724569468
-0.0106547884918519
-0.0017514229800704
-0.000598944302611768
-0.0182544003847998
-0.00239667807395553
-0.00226515286343655
-0.00451274604467521
-0.000955101110334334
-0.00519315046874009
0.00241314971063619
-0.00686294418307225
0.00548622556304529
-0.00620633977744349
-0.00159250117056646
0.00125085150805848
-0.000449023403069301
0.00818247497407905
0.00344703093440293
-4.92434167319298e-05
0.000197599776288373
-0.00328925554949451
-0.00204254902030925
-0.00490223613424055
0.000933587289142434
-0.00392199533433955
0.000186227396641355
0.0065476062697233
0.00400837113960018
-0.0048243887383204
-0.00153183166094604
-0.00253934568947523
-8.26457823174961e-05
0.00446135266108074
0.00423515750719601
0.000345011239188705
0.0069383868878833
-0.00828518930596273
-0.000605421679731241
-0.0118236960468054
-0.000110225680586527
-0.00448656954576465
0.0122620820658879
0.0148750862572149
0.000988102052655129
-0.00261956883189675
0.00151437561422038
-0.0100598474025266
-0.00278664568953956
0.00243414910078923
0.00524548340955616
0.00966374036437402
-0.000984225934932995
-0.00026658758503704
-0.000189819689981659
0.0126660168789155
0.0264075574395345
-0.00694507221667907
0.000848854961750278
-0.000200863464276043
-0.0130855577145913
-0.00318695463973563
-0.0198191149637282
-0.00412987179005249
0.000526385306930492
0.00120456517836937
0.00205975103366713
-0.00751297905964719
-0.00476327891684643
0.000581018375866834
-0.00689505320946264
0.00072509387790286
-0.00148255556296899
-0.00029923852103869
0.00251231940815186
-0.00291227190325313
-0.00384369877286803
-0.000465845979533398
0.00240575135297718
-0.0145820740575603
-0.000604138249690874
-0.00185631826336139
0.000547348941305044
-5.27284867543592e-05
-0.00895445004011475
0.00110870820397273
0.00177732404202177
-0.0027616998370797
-0.0041245974269982
0.0119297934774775
0.000498333900256802
0.00263377568561288
-8.50340828764195e-05
-0.00181588462876336
0.00909992287945616
-0.0101140565014115
0.000134714108117195
0.00011834222876117
0.00553549799386235
0.0030532645300883
-0.000447133299354576
-0.00189131253259337
-0.000799935866238315
0.000141469625524458
0.00409728970235767
0.00246835967403742
0.0108221119046988
-0.000288705632398789
0.00379793889438217
-0.00404894865492519
3.72385551272073e-05
0.000764648862927158
-0.00124727089070836
-0.00366199931939125
0.00171806645920522
-0.00113177026386485
0.00392536611647539
-0.000191958115122234
0.00195119068745415
-0.00149758445541374
0.00194641204827144
-0.00404044720847735
0.00169292437180388
-0.000922532890191078
0.00127573114247145
-0.00805882020606218
-3.00686720093353e-05
0.000257338882882134
-3.6477099646764e-05
-0.00939369992217633
-0.0048514613977334
-0.00518579806367091
-0.000682539183827097
-0.000383621381332328
4.09507356743223e-05
0.00245135524101347
-0.00301185924662514
-7.39719308903337e-05
7.62230450288502e-05
0.00040302541164566
0.000100781750483416
-0.005049618936261
-0.000641074876368742
-0.00168616315291466
0.000102842343322216
0.000874894943891341
1.94848158252699e-06
-0.00150988954374251
0.00857747481937724
0.00367710576909966
-0.00471926809104238
-0.0080928097079528
0.000608466893151246
0.00060092691583087
0.00717673578339658
0.0029300763898103
-0.023352724280342
-0.0025498347986207
0.00143684491297059
-0.000757699381658985
-0.00122214705896411
0.00272676329040222
-1.35933063335379e-05
0.000672970525525061
-0.000928558993855542
-0.00756035800473713
0.000108519632941168
-0.00125047085683737
-0.000698752476917633
-0.00675744140255032
0.0034912412326446
-0.000260645521096342
-1.08245864411698e-05
-0.00136275442601321
-0.000155211315982243
0.00224960924538331
-0.000549446179755473
2.15284545816304e-05
0.00022532317680292
-0.00279934208790825
0.00158809278404606
-0.00203917998167021
0.000130046922063881
-0.000493518406969957
-0.00360687084579747
6.3542500884213e-06
-0.00254476402308242
0.000833244288864374
0.00149451486744657
0.00689204601469769
-0.00997272060030491
0.000682902125411773
-0.000294991718771981
0.00190424000360434
0.000895727244750563
-0.00844617934908217
-0.00648781778791523
-0.000302525271602193
0.00221521920290759
0.00120210150913165
0.00401367653772703
-0.000169355893845471
-5.76905233168218e-05
0.0076840475984955
-0.00343382125336904
4.23270552928599e-06
-0.0010121538196076
0.00046422347148722
0.0016136334204738
0.00183477805973853
0.000438529814816888
-0.000618688871665064
0.00202520972095933
-6.49312873310481e-05
0.00103967175985615
0.00018524082531288
-0.000300083120149434
0.00325197539176072
0.000226657489025442
0.0014277499738232
0.00124638292364033
0.000621557116034659
-7.52093442356266e-05
-0.00165261930553621
-0.000841517038229144
-0.00534658229083803
-8.33242012252697e-05
-9.61479211882863e-05
-0.00032549515615444
-0.00152426296572794
-0.000701582713745703
-0.000281330882105916
-0.000214233695044514
0.00633320787678267
-0.001679898525823
-0.0161036911256032
-9.03799735953423e-05
-0.000974677161281898
0.00104697349640221
0.000170242928467538
-0.00264461286813225
0.000583719001804795
0.00109761861579806
-0.000157701463738614
0.000971972903451526
3.774884279917e-05
-0.000583811273174879
0.000107863271894608
-4.83603984413963e-06
0.000543458830909295
-0.00346993030878588
0.000269447119228966
-0.000316430474923037
-0.000185919222900735
-0.00102586315945517
5.19458977373943e-05
0.000173895463772546
4.68541796637105e-05
0.00508412480264056
0.000110198565583282
-0.000612432766834346
-0.00127872214313094
0.000304900138601691
0.0040110327337475
-0.00126766808805568
0.000522662626076301
0.000659828425187685
2.90204502020118e-05
0.0032473319005254
-0.00117288915310411
-0.00142993724405732
-0.000298048342728182
-0.00214909823945003
-0.00252782147692816
-0.00171924679077683
0.00156114608705056
-0.00194823432370778
0.000345323161000971
-0.000574709234821614
0.000175015216042998
-0.00130049578942411
-0.00259457508037523
0.000401244636609915
-0.000761674741981125
0.000965044724893633
-0.000545216253111389
-0.00154628333576362
-0.000456429138326209
-0.000287297283525876
0.000729291968505932
-9.55320234220079e-05
-0.00177009100707005
-0.000303903739827069
-4.63422138416838e-05
-0.000201188333063036
-0.000335049398426393
-0.000409406617749232
-0.000937107894569832
0.000189324915635065
0.000666850512496195
-0.00252601753653776
0.000602510388668866
0.000872515264385179
0.000661462095494962
-0.000527178131825108
-0.000239442138574422
-0.000885902524056352
5.29696924195809e-05
5.31944925720225e-05
-0.000344609253829739
-0.00117909238370937
6.78851277560344e-05
-0.000110597297530816
-0.000434406607997916
-6.80726468722325e-05
0.000163064836867656
-0.000424101838982019
-8.05689055849172e-05
-0.000214761277372219
-8.15877581322479e-05
-0.000172505724958514
3.51035210903703e-06
-0.000376138594641879
-5.65786904670922e-05
6.3679426650436e-05
-0.000264081769713736
0.000297811098558102
5.32681017464454e-05
-0.000178442431729288
-2.34524625920339e-05
4.02278412881748e-05
-7.99978383243028e-06
-0.000189060156707123
-0.000197463400090619
-2.5426198466797e-05
-7.70701485802939e-05
-9.10362250163638e-05
