-0.954950823013502
-0.939592418868013
-0.856951125654789
-0.567987362323009
-0.337054069694982
-0.250149516583362
-0.206468288949989
-0.229984502157184
-0.18541882505219
-0.114479027256098
-0.0460904952704065
-0.0376770994215099
-0.0353911255751979
-0.0474183698484058
-0.0236470024466004
0.00472105028879932
0.0143482144449281
0.0194989753745
-0.0138181713468748
-0.0333040631992407
-0.0162098141941043
-0.0176969788077974
0.00948934376913844
0.010679413919842
-0.00787239704905922
0.0175683190080335
-0.000799814693236871
-0.0114530896476853
-0.0444464130313895
-0.00630559277640739
0.000953993152542588
0.00158225575904849
-0.0205990118810907
-0.0141056003450553
0.0360089065258886
0.0319932467125684
0.0284771421322003
0.0183997347643364
-0.00281227932847827
0.0285835945447832
-0.0395198509346505
0.0333885528286657
-0.0527263376882812
-0.0195932120471926
0.00356247262923908
0.00528323941004817
-0.0400829956245428
0.010425496961563
-0.00552883242363059
-0.00471760916299531
-0.0209424895476982
-0.0662430554383332
-0.0571377627190629
-7.05452152188922e-05
-0.00567229301851888
-0.00523376200778744
-0.0153406907142458
0.0186857201454991
0.0080780237337501
0.0670721994157621
0.0491405582839402
0.016309889179084
-0.023887181869278
0.000198938193696586
0.0303393974952466
-0.00929020911809747
-0.00612435165495341
0.0057780468796806
0.0532795716650144
-0.00109748311313273
-0.00149124626883718
-0.00115332481249226
-0.00687076648889575
0.0188046246355069
0.00077772567034327
0.0281151593314018
0.00750984591462173
-0.00833811857522184
-0.016310156720522
0.035026337287288
0.0142744336821028
-0.000415853297542959
-0.00605662354045586
-0.0655161794178542
-0.00736696007268082
0.0506506974402193
0.00172433385977436
-0.00220810555466732
-0.00637780280846978
0.0276347292796513
0.0274155635562535
-0.0664409490143024
-0.049821639272782
-0.0181435475055855
0.0299874956882973
-0.0108657555780676
0.00565177822671166
0.0118108462035764
-0.0327863740832499
-0.0114257585197927
-0.00174859316865278
-0.006099357351068
0.0165663101248569
-0.0467095510402794
-0.00463249333145691
-0.0283060538800695
-0.0258127065929516
-0.0141150432189329
-0.0174134294201537
-0.00454963786650233
0.0287279866940901
0.0754590115347914
-0.00820161917524438
4.39986744638827e-05
-0.000851157952047215
-0.0101639087419571
-0.0104255644398252
-0.00258480839846636
0.026920692519514
0.0018805086341015
0.00274715035830725
0.142475855811612
-0.00264293076297544
0.005354385670597
-0.00772853934896332
0.00112359473429202
0.00631530202426103
-0.00993633962674033
-0.00702054376751108
0.00180980722771272
-0.0486247856631503
0.0338565436514905
0.000699422603830113
-0.0117169877135838
-0.00271355894504951
0.0234559161619653
0.0158129298447091
0.00518010985386929
-0.0106752310642875
-0.0364760257035164
0.0068969538076193
0.00616650901677338
-0.00728961951556961
0.00223084436697277
0.00672396744221853
0.0301288308665543
-0.0101184139709598
-0.0438823852713562
0.017637736178916
-0.00607212685119796
0.000818318775472177
0.0983504004579711
0.030709999924359
-0.00227663681348586
-0.00548625548267158
0.00279845471819679
0.041061333075536
0.00183176098901329
-0.00921324335815906
-0.0126420708014384
0.00151512767065993
-0.0113538303750812
-0.00107655508345308
0.00983248491081722
-0.0237357063614388
-0.00759983456545513
-0.0087985611730061
-0.0104698141826113
0.00682788562782399
-0.00805711741022769
0.0754728003585992
0.00207073125383814
-0.000268266861897249
0.00735082225655411
-0.00351484263010113
-0.00896713620822369
0.00566959048005244
0.0157906460982712
0.00431069740193553
-0.0533533098737257
-0.0020515273717648
0.00633595126385161
0.0130559071437296
-0.00680417412013939
-0.00329212202413883
-0.00714703999511101
0.0105721064451815
-0.00713446270603403
-0.00631695889176349
-0.000522939593385233
0.0290165010500807
0.0089870223460262
-0.0253447900624057
-0.0224322368748955
0.0125624643341445
-0.00982109222245894
0.00999162483650574
-0.0229272096731544
0.00547855250084157
-0.00655173954725568
-0.029789083368432
-0.00366234891820264
0.00120572293179334
0.000561191479998741
-0.002141613735081
0.00267012631501241
-0.0117538288288453
0.0152575245863889
0.00976244042458251
-0.0040661893283089
0.00841935520541234
0.0386148789480435
6.73158194451019e-05
0.0204830969139649
0.0315449957854271
0.0188924638059487
-0.005353796221907
0.00339569210653923
0.0192756010775429
-0.0100721587716547
-0.00948133244493538
0.00684007917859138
-0.00221927010362389
0.0119924886186684
0.00504631474909101
-0.0024712109766726
0.0492944241638842
-0.00640445479111104
0.0154094511310396
0.0120254322389339
0.0239302210852862
0.0139984906398968
0.0130230107041935
-0.000941328572974305
-0.0183738383064952
0.00658266394556814
0.00783434768096654
-0.00471090333392926
0.00115819565706899
-0.0125109345999632
-0.00703964500119123
0.0279834453175034
-0.0115438650628165
0.00843839082434534
-0.00403198047835282
-0.0128548167339311
0.00157415982402361
-0.00253318674342875
-0.0270500435950975
0.00362769759074745
-0.00477062984231263
0.00191644834707945
0.000261830718103185
-0.00111401957077149
0.002612527285545
-0.00729066000317686
-0.016805964945689
-0.00185427298503508
0.00119965261900762
-0.00664096366154822
-0.000928931265080128
0.0214162430238473
-0.018445053289924
-0.000223418866546841
0.00314029531078134
-0.00570451368086869
8.66995056584201e-05
0.00287371469823389
-0.00685994059605188
0.0138962439673401
0.0134703003537197
-0.0138560090499572
-0.00170094760227187
0.0091041091802006
-0.00852922308852256
-0.00364364265574583
0.00227551098319003
-0.00843451480158139
0.0118596248154029
0.011878101282255
0.00992320353593315
0.0152953480042797
-0.036769109426469
-0.00414369565947657
0.000895508214454428
-0.0170699729785743
0.00811386091992751
0.00109858425992078
-0.0255865010344262
-0.0328399231112566
-0.00417971483072462
-0.00805530003787665
-0.0336677156382861
0.00559473984924112
0.00742309333179635
-0.00316700163911809
-0.00171750836857133
-0.00283269818479512
0.0136978979453922
-0.0103165532468218
0.0645073517621455
0.00665037127819661
0.00420837719588186
-0.00547608427959512
0.0134100939099768
0.000762179683798613
0.00100937730193218
-0.00159620228807635
-0.0156175855366804
0.00271041237148633
-0.0173318341031582
-0.00424927191627073
0.00845399817892973
0.000590801539333458
0.00841702076452399
-0.0508300131266642
0.0119580948425171
0.00943951011271183
0.000710613463675634
-0.00390121715411596
0.0128300500326834
0.00155316885771156
-0.0124927432406497
-0.00370971242414926
0.0116032326834813
-0.011329182949776
0.0169759626280059
0.0238004507718625
-0.000471598778487178
0.0174786717018315
-0.00382025287959704
0.0115118520503028
-0.0137100936181266
0.00338979457209653
-0.00793515700904321
-0.00317035553275994
-0.00144387308850512
-0.0048983297840705
0.0219933903238966
-0.00332649469066166
-0.00409825052418348
0.0294058495589259
-0.0318170847831682
-0.0021785618221383
0.0250733193640481
0.00996788110663519
0.0306469253211666
0.00266743427611768
0.00279615909379261
-0.00473067875844406
-0.0210307977060942
0.0600213885403031
0.0036723135382017
0.00701774691246102
-0.0211895511337752
0.0138517653782728
-0.0212718915898848
0.000418426442166793
-0.0535456756416736
0.00341489816726197
0.00560682278815651
0.00836464635193843
-0.0006656937585982
0.00562214593189497
-0.0220264830828547
-0.00309621552868997
-0.00228638946530739
-0.00308214159463555
0.0017190569503558
-0.00602454145833237
-0.00415574044290907
0.0141241132671009
-0.00320111347038822
0.0184983009065425
-0.0198576138505576
0.00187185590095336
-0.00146725576386042
-0.0330192189854321
-0.00383021305469714
-0.0109096326206706
-0.00241091069585739
-0.000298785718182222
0.00304121625310997
6.79820863350128e-05
-0.000247332419329289
-9.16317143226983e-05
-0.00431338412595418
0.0004232942445193
0.032068675120995
-0.00255034567136423
0.00401623855022781
-0.0077749032949575
0.00398184492859443
-0.0088339141424262
-0.0018310531064334
0.0184743266210546
0.00245508037241855
-0.0100300391134928
0.0334619238079568
-0.000939611855995036
-0.00639520877594124
0.00479773478758923
-0.00801505706787929
0.0176843510366352
-0.0140362897734017
0.00807594316172281
0.0045891286279194
-0.0360724448880625
-0.0143834935241525
-0.00445406920760352
-0.00438213529822072
-0.00354964821572794
-0.00436141852503607
-0.0068895976508639
0.00407592997983228
-0.0169261876218104
-0.00522397802925456
0.00285918235322715
0.00405654807143677
-0.000388476242409554
-0.0138857589446753
-0.0206530110362429
0.00619030103726164
0.00304064786588205
-0.000265781212472831
0.0270453703990728
0.000233785383155881
-0.0109158322303542
0.00216362472434048
-0.000948645274473498
-0.00226721508813117
-0.00443994310343082
-0.00804508221600688
0.00101433335091684
0.0188508294877067
0.0188642273130443
-0.00189800704226
0.0267511289857801
0.00457577373444026
0.00556163736774365
0.0324745884537838
0.0135497686676817
-0.0307288304869992
-0.00355819975306468
0.00119136758288135
0.00110672265642008
-0.0151522407297324
-0.000807857081131732
-0.0314671070460744
0.0146396538548527
0.00394615218806915
-0.000253826883150663
-0.00892255469679343
-0.000413623316543009
-0.0194899026361018
-0.00036099052469688
-0.00482669303937571
-0.00332138223804178
0.000649304281389563
-0.00320707603529573
0.00627526540183063
0.0168504942783212
-0.000464471043783053
-0.000162373717628502
-0.00767528215452462
0.00457585151285512
0.00269349309430044
0.00489636947142758
-0.01876651433521
-0.0303828097203503
-0.00322639813231357
0.0229478432956571
-0.00129809753493586
-0.00397792959460148
-0.00185058906795036
-0.00356766648083733
0.0059285483565064
0.00703954493778805
-0.00372212068381995
-0.00326197090930731
-0.0259274309304856
-0.00159394260260241
0.0122081199484998
0.0083596359302833
-0.00336715189265353
-0.0155937752666294
-0.000267906362545159
0.00270352817922818
-0.0272786753157647
0.00866745610488321
0.0268030169131851
-0.00777094422818287
-0.0246579244170965
-0.0020525322265681
0.00994246986232685
0.0175742265224147
-0.00443738514310035
0.00398663393794997
0.00236931771059879
-0.000262124501422809
0.00291843626068828
0.00324962474858278
-0.00180719430864884
0.0012179305148891
0.00125961735840923
0.0106088569674275
-0.00556758892592647
-0.00180113743274434
7.2532397958105e-05
0.00910133576724549
0.00265356284238768
-0.000939892747916344
-0.0451936231976555
-0.000481674846678469
0.00317518067838386
-0.0108451881630048
0.00395788505791649
-0.00842332467943541
0.00468474096991628
0.00268748906525115
-0.00242028250764549
-0.00299415121287404
-0.000593186576204625
0.0111047850352874
-0.00117904777614333
0.00537712294201741
-0.000229807175837205
-0.000793689404372436
-0.0014142030470277
0.00390862432281723
0.00147911498602311
0.0139346175750367
0.00133472819512164
0.00132225769898307
0.00291797193108323
-0.00534932587873584
-0.00684903441159118
-0.00287880762863045
0.0041739896331271
-0.00627610584370651
0.00468421731429964
-0.00620143636577522
0.000156383634809596
-0.0100841871505427
-0.0049949514587669
0.00284491727089366
0.000293322521847431
-0.0016186365099919
0.00409676241367654
-0.000248627237982018
-7.90051321694225e-05
-0.00124158953647715
-0.00116249328776285
0.00167256928403695
0.00824082393343959
-0.000399974321717496
-0.00877854977988545
0.00292873075113046
0.00113704409093553
-0.00257861007615113
-0.000735994725705269
0.00183331571019341
0.000456405207035956
0.00231606212988826
0.0182532397843086
-0.00331411557226591
0.0106505910078701
0.0210414336476906
0.014036174193685
-0.000442261737978651
-0.00300930709329552
-0.00479986434039431
0.00132419404433062
-0.000834703159750368
0.00231420069474793
0.00776811761601074
0.000794519086997935
0.00145790168887613
0.00534452783135559
-0.000746135634374046
0.002330522563464
-0.00362515548034637
-0.0127742723924288
-0.000669933452717714
-0.00319841439275624
-0.00676483823219485
-0.00542591764285705
0.00177799178124694
0.0048598914221101
0.00125224167894423
0.00254776236385884
-0.0169248620396402
-0.00416862193730089
-0.00149235720624668
0.000487424631554018
0.000605089362339768
-0.00270336108141503
0.000427429987204668
0.00023423192220985
0.00167249866459665
-0.00262930506687825
-0.00314642625047208
0.00270198749188026
0.00676451899363082
-0.000246561439430899
0.00037963875006822
-0.00141813626681594
0.0075679828467221
-0.00362972391569717
-0.00494744895652064
0.000523606513590289
-0.000270413340627571
0.0151276008671375
0.0076525053772331
-0.00361087707206568
-0.00122454058339781
0.0018709722429949
0.0004494178660547
0.00053903152103181
-0.00168463705007675
-0.00301345502712582
-0.0228505015744898
0.00851109092730775
0.000742491546640324
0.000429824146392596
-0.00379603539665756
0.00629472186879512
-0.00110255616182013
0.00145218179310311
0.000739335743203555
-0.00252786856286715
0.00172565055904467
-0.000599355510892541
-0.00885413114623139
0.00100676892902314
-0.00704595172757517
-0.0014116257354432
7.11468838096602e-05
-0.00080340026004758
0.00256415065163982
0.00120658364151897
-0.000402964442379158
0.00126941692585479
-0.00136668454433957
0.00790523893417892
0.00137693050415212
-0.0108762685884703
0.00708936445361046
-0.000552727679414092
-0.0472665318009463
-0.00496107038302683
-0.00112667542251432
-0.00239395492955558
-0.000991333773579931
-0.00327712219548269
-0.000444673064871416
-0.00308634728692763
0.00804179035446758
0.0014851699537412
0.000567081507848042
0.00398681817129796
-0.00305177842986693
0.000925508472904772
-0.00918489177802762
0.00706386503810179
-0.00568739807214071
0.000782635895879333
-0.000175012423326773
0.0096938664468095
0.00307759800452991
0.000741150666665106
-0.00103810562680426
0.000894350579992821
-0.00190451883384516
0.00523992590628569
0.00179882932241552
-0.00258786930503307
0.000255627741861124
-0.00192013377981581
-0.00121237717860941
0.000107859933678253
-0.00380612675738482
-0.000223733111104608
-7.96554654466995e-05
-0.00325577787755319
-0.00229511784152229
0.00138959474123384
-0.000533088266080666
-0.00535460992498928
0.00320144119435146
-0.00490792461809785
-0.00218054012061659
-0.00311467430050692
-0.00632934272041252
-0.00976619906863362
-0.00443705004992955
0.000169683961579153
0.0040681184444737
0.000705007678211703
0.000608929799422066
-0.00208904304762202
-0.00660484856215899
0.00038651394307421
0.000510489719093242
-0.000898027023551579
0.00169995501126413
0.000820368731914259
-0.00519306698845129
-0.000181859227560013
0.00773339736726568
-0.00967699961971156
-0.0081335251745879
-0.000764874882001158
0.00287070107272547
0.00138282694268581
-0.00458279434816992
-0.00061571619644303
0.0139839507794849
0.0201802057728142
-0.00170852366728882
0.000436750284371602
-0.00308087455718929
0.000312772002120923
0.000233718629988994
0.000725084135394111
0.0010832644089768
-0.000642811961776896
-0.00259465039757558
-0.00280984368163193
0.00418646008939768
0.0105727011546508
-0.00595717776685259
-0.00214352406491112
0.000912973950913519
0.000220897812194278
-0.00925190328783412
0.000731830728425996
0.00243280109433577
-0.00251553594830325
-0.0017652933007424
-0.00778612480924424
-0.000207388211195605
-0.000939010374512802
-0.0123023989631819
-0.00358882469317902
-0.0158967571493637
-0.00322302298929861
-0.00318499968651613
0.0018102900998246
-0.00199447511882076
-0.00565827575055159
0.00516220777507919
0.0137324824376157
-0.00310881999206093
-0.00266218492177569
-0.0030313035486382
0.000462052482323525
-0.00140034877211565
0.00284300549105894
0.00540223321311571
0.0153046190773408
-0.00233747356353659
-0.006683743513036
-0.00176387002451185
0.00498626148198847
0.000113931310880326
0.0031753334784822
0.0035374163486663
-0.0329996497173122
-0.00131835269530091
0.000559532079212619
-0.0011685793187023
0.00168525187747376
0.000351728193059741
-0.00755500078118941
0.00488374966064263
0.0203906162351996
0.00102560998102337
0.00732074720648511
-0.00974785040601607
0.00334125469417089
0.000994664768326969
0.00100766988176191
0.000978688724259924
4.91786279543855e-05
-0.00887412945078299
-0.00913712180931812
-0.0024281462535736
-0.00733532586027521
-0.011318338682044
-0.0255592458914942
0.00200541011047121
-0.00457046709480403
0.000883844047566566
0.00775306808037842
-0.00120328371843175
0.00257414061164495
-0.00438057940918883
-0.000219573997647425
0.00319609219108638
-0.00299099192647225
-0.00807660327664877
-0.000708609105043866
-0.00320613130076299
0.0061886448858592
-0.00086736913643634
0.0164624015173715
-0.00167426406923048
0.0013510066593821
-0.00138367571174297
-0.00260417301170835
-0.0109650789569004
-0.00170972770597413
-0.0111588001609686
0.00210746503401488
0.00097351973373479
-0.000534978083277103
-0.00490313974178761
-0.00399771438644655
-0.0101500546891183
0.0019155606593127
0.00119033145637027
-0.000765518685413844
-0.00606972566406499
0.00503628228331527
-0.00231195556551866
-0.00172431536466741
0.00062695292488607
-0.00523552439323817
4.23422418034117e-05
-0.0136213813360961
-0.00103929989041421
-0.00241367512840285
0.0114453088868769
0.00648215151537298
0.0010614434737473
0.00704786734034541
0.000483187570160104
0.000772299369486412
0.00189867062205276
-0.00614653491118143
0.00949108183936075
0.00130441400489094
0.00213431104830298
0.00207349029000387
-0.000510556467677485
-0.00287830290043798
-0.00803768769982218
0.00403682403833378
0.00673172858428652
-0.0147547711914017
-0.00167775957447578
0.000576058246339324
0.000465996272534663
0.00306117421856417
0.000732136661353585
0.00040994550118281
0.000686773969265874
-0.00432265086779949
0.000939149121756319
0.00640434296452082
0.000604966128882198
-0.000752922997710932
0.00804632509895814
-0.00026001760331244
0.00104842376004224
-0.000688072593116052
-0.00116345981477763
-0.000571247363045209
-0.00339744326966926
0.000661198474808434
-0.00541743751196575
-0.0318932972907471
0.00254585874016156
-0.00189557313963332
0.00108164762920399
-0.000232831241797214
-0.00119179919783874
-0.000965309416804074
-0.00585654729221526
0.00178912358592492
0.00267024846397922
0.00347888773226917
0.00282766889821862
0.00155494509184248
0.0081683197621504
-0.00371318124475341
0.00685116792412768
0.00252625093143636
0.00214985318885475
-0.0137185720433845
0.00164888516294844
0.0049007890003052
-0.00817558107135754
-0.000268203304490146
-0.00036747270769585
-0.000974548272516671
0.000351313395039856
0.00609798075185445
0.00158685588541269
0.0091431941982044
-0.0133223638602516
0.00276621355686626
-0.000247753471591261
-0.000509740447299419
-0.0104220237997129
0.00472257585721006
0.00437405341064367
-0.00146165966006449
-5.77182025643427e-05
-0.0034233309733471
-0.00323393195085981
0.00243753175076092
0.00010562614139995
0.00122621718876225
-0.00162366595809234
-0.00147987401233219
2.91302879348474e-06
-0.00383650395397962
-0.00288935346687203
-0.000102265830663594
0.00023471576315824
7.89383268237401e-05
-0.00292588491834799
0.00292592734611287
0.00179737171064912
0.0038547327604619
2.79179788509917e-05
-0.00259916021070769
-0.00353287446717339
6.79957165680616e-05
-0.000410852094463989
0.000431890318715675
0.000245325239840512
0.000707337962605925
0.00326934078337434
-0.00145512746022809
0.000464915968159839
-0.00744091160458689
0.000799146783562887
0.0014433165160817
-0.00376341901742315
-0.00627349307594695
0.00301584790790533
0.00266325251334959
-0.00109705246117348
0.00676452447883998
-0.000139854212700905
0.00178735805498719
0.00347560348169781
0.0025251650829906
-0.00726563982308718
-0.00106906895895256
0.00194568461549997
-0.00179180374837172
0.000720756961397394
0.00213431432099104
-0.00066499289931002
-0.0033936636256493
0.00388519560733265
0.00411337363308284
0.00321997384502713
-0.000317884874977366
-0.000435050654957349
-0.00191658220001175
0.000339904883033182
-0.000715812368404499
-0.00357070105124514
-0.00451170774098057
0.000323179612265202
-0.00187078199606225
-0.000223660627672083
-0.000182317285280954
-0.00176000406788983
0.00205031667354446
-0.00018206104092468
-0.00114267114514306
0.00122130720249733
-0.00260581106584111
0.000514551390746914
-0.00154642268401951
-0.00182976189941059
-0.000107550994280946
0.000532612992988353
-0.000530349879600113
-0.00358771788519536
-0.00160692647860838
-0.000721844259320369
-0.000772203856663977
-0.00200824156423014
-0.000744135732065026
3.76739625212596e-05
0.000336487767993985
0.000593439540695925
-0.0013076186666989
-0.00371183004990529
-0.003044676619802
-0.00178222475610866
-0.00125374155217501
-0.000897435780516658
-0.000254529827011396
0.000460627382124491
0.00049895707567661
0.000643021761213292
-0.0011624905130573
0.000134960616132001
-0.000192565470355444
-0.00073395574707788
-0.000700460269445824
-0.000436579991911191
-0.000611617289183481
-0.000152405587032589
-0.000300297674695487
0.000563040432774314
0.000293930546833404
0.000116084101826648
-0.000894666385586726
0.000246754764957531
-0.000122494422358037
-0.000957503567965035
-0.00065394220137192
-0.00153413539067528
-0.000826172539456797
-0.000646840137678299
-0.000543207742073995
