-0.918546605627491
-0.936453597074347
-0.683494692063412
-0.432046573031437
-0.320505180403514
-0.217105360390394
-0.100910505005008
-0.0718936596434936
-0.0787693142184316
-0.0305991349195945
-0.0747276212632738
-0.0579209285381561
-0.0388786153066372
-0.0647281661624109
-0.0178956031695726
-0.00439752078903794
0.0308415219931257
0.0227311479330326
0.00930399526731175
0.0025432853411301
0.0114855125556164
-0.0133071449091734
-0.0361583786263544
0.0122184434211198
-0.00247144966046479
-0.00268695876555888
0.0238508190676803
0.0102699354498624
0.00100270077457226
0.087655755687895
0.0824871180826305
0.00663159689893899
-0.0228960208469238
-0.00541269234222023
0.00774171002134273
-0.0038744092946008
-0.0484118795394384
-0.0331034159331394
0.00370300213229136
-6.1171956753734e-06
-0.0200582164694986
0.00297913650899129
0.0253307515151234
-0.0118062359112688
0.00441313882998121
-0.0205073581379501
-0.0133633252775918
-0.000428787097583898
-0.00131296829402762
0.0053333409354866
-0.00371815628437003
-0.00222908449770081
-0.000270992082997915
-0.00608880059112916
-0.00868857993650627
-0.019250332546157
-0.0254868017451657
-0.0252551996589943
-0.0301491293330971
-0.00570058349648069
0.0119482575346133
-0.00471420984240494
0.00218148624971108
-0.000156869608217013
0.00644541550051217
-0.062498587052002
0.0121674326028014
0.00934239019529658
0.00561839321991379
0.00907514071101681
-0.00220646249336806
-0.0154767686056774
0.00142894894476809
0.00867299237970127
-0.00925730825445777
-0.0137116963993936
0.00623525336793232
0.00369078176221311
-0.000179278680683107
0.00494670430266131
-0.0150383314917346
-0.00626091493869382
-0.00461970934321787
0.00160132167545405
-0.0143450959823937
-0.00172200180016283
-0.0042111614533396
-0.00480443339189584
-0.00875827035683599
-0.00472753538767806
-0.000243157046274056
-0.0116359221350932
-4.53536596583427e-05
-0.0121266936619034
-0.0261520368258301
0.00554889440128465
0.0267856221256585
0.0790605615157656
0.0384536349694666
-0.0114631396191208
-0.0137506203417565
0.0458800479976537
-0.010799103360686
-0.00155310661692248
0.00405192443095711
-0.0227252052991917
0.0293391546488148
0.0286901269226967
-0.0034133856121494
-0.00331247314359184
-0.00367179232500127
-0.00920751415736294
-0.0064963062219632
0.0108246792871198
0.0134552070472757
0.00108220408083763
-0.0160590372150293
0.011411807758437
-0.00574859539070101
0.000333689766225586
-0.026207995202642
4.19473765505378e-05
0.0190937553996491
-0.0352446653107885
0.000897229197491084
-0.00566649154873819
0.00881919223405253
-0.000766332553810454
-0.00118346031822677
-0.0123395279693067
0.00509047175930329
-0.00366006065808712
-0.0239294473392381
0.00139589328742936
-0.000699136535407445
-0.00421489064718877
0.00994165142791668
-0.0691019914990334
-0.00787687517024947
0.00720833697842361
-0.00380720212283446
0.00249621291612188
0.0118770252739109
-0.00776393272559868
-0.028862380406956
-0.0142323700392708
-0.000786239971493908
0.00167760178866238
0.0119464675820454
0.0429047955149759
0.0108811404700577
0.00344750940476344
-0.013114344308734
-0.0341558011018681
-0.0109366686396066
-0.00856876907325015
-0.000375825534363314
-0.0242669433827657
0.00127504006028917
-0.0459539952191029
-0.0196162714462327
0.0154683102655762
0.0127574962631526
0.000454446923395444
0.00405636689002357
0.0128045512431496
0.000480121033632839
-0.00618106048041435
-0.0221903409774651
0.00993186027362335
-0.00651742884952886
-0.000575182612619226
-0.00918566032561633
0.0169633433483705
-0.00556038156826618
-0.00692741940169255
0.00344691670528041
-0.0035850598788629
0.00822282780987055
-0.0224304201465174
-0.00223825744638956
-0.0359974975208063
-0.00671564306279439
-0.0123598240588695
0.0189679657700257
0.0217558017585075
-0.0012397631875433
0.000953733539568435
-0.00413610224075889
0.00296707204751809
0.0291119837064538
0.0135086495487675
-0.0176459453941842
-0.000552481530648647
-0.00444787657526523
-0.0132855593244931
0.00660238163677519
0.0050850132231727
-0.00603339528258751
-0.0428578394636333
-0.00442592829707035
-0.0169994245037684
-0.0273040509218678
0.00402352808690874
0.00365640146937324
-0.0089678963181611
-0.00257630055050956
0.00391212400053646
0.00116292987174677
-0.00360863549426823
0.00302906602255951
0.00115236008785573
-0.000428273495006684
-0.00820255951424839
0.00194274672599268
-0.00169429027700973
0.00770613617763392
-0.00140803957525712
-0.00545088578727244
-0.00820821302520691
0.00512828531407532
-0.00432055414491577
0.00771458203138562
-0.00169030746391661
-0.00284090177339341
-0.000221534703894671
-0.000634192923163816
0.0016304509942293
0.00211464971500074
-0.00319312709786604
-0.00130075778460081
-0.0021477769928931
0.00342168096005703
-0.00957995865035088
-0.000829780735122712
-0.0057366285136324
-0.00345652786253467
-0.0102485468370128
0.000655131420196147
-0.00283559433634616
-0.00608802791133149
0.0085476752677748
4.21490401113079e-05
-0.00861695964651243
-0.0112768792847419
0.00339646818000554
-0.00258548584470969
0.00358320656723984
0.000178629247486759
0.00172709025455165
-0.000570067686569886
-0.0126302536974036
0.00612516857823353
0.00380356016664879
0.00180963755847499
0.0202379069753526
-0.00546039640128248
0.00528937224601489
0.000220931323048426
0.0120337960560165
-0.00118571878586914
-0.00620140693199604
-0.0158815096977016
-0.0103131556694534
-0.0023342462496476
0.00084497808000124
-0.00662970207700756
0.000677220498435097
-0.00333777386938238
-0.00565361941748512
0.00808038531787862
0.000498293965040936
-0.00300174994913646
-0.000540301982657101
0.000295885194939534
-0.0119597118158321
0.000673049890758088
0.00233749986519459
-0.0104062437042551
0.00404748844778539
0.00213389131176388
-0.00428285499553142
0.000739858350923137
0.00351257629268283
0.00426894420501982
0.0061304096846348
0.00905000858936352
-0.00544633678871837
-0.00333925349858504
0.000644140954776398
0.00474234149167635
-0.01354396243572
-0.00569044776421697
-0.00961163084542447
0.00062930571831877
0.00194904899745536
0.00178496128928639
0.00177832660087245
-0.00127482829655757
0.00840559570358147
-0.00222843751734618
-0.0047084778410892
-0.000780928756491943
0.00582696317542817
0.0066198312785379
0.0030562779252249
0.00391328656312651
0.00599275968988921
-0.00365925108317976
-0.00451233744566934
-0.0139762040377647
0.00433694869490169
-0.0017500037252377
0.0118183619298126
0.000588126054277916
-0.00833333631390433
0.0208705964548779
0.000692495017957618
-0.00110594859399944
-0.000349140182644359
-0.00363850976028709
-0.0152821733389222
-0.00827088740674949
-0.00215177959384122
0.00998852618782887
0.00672001775120443
-0.00237446038941853
0.00631189915689224
0.00327002193997684
0.00265346937795783
0.00167887977291259
-0.00411912845293734
-0.00287367744674886
0.0030049716329536
0.00133281224148977
-0.000550398907416916
-0.000714515271085619
-0.00382181813756176
0.00949579657564739
-0.00558101383805661
0.0152355741427654
0.000782389542418735
0.0023944007574589
-0.000682150983719688
1.74939688427612e-05
-0.000186591036619557
-0.000703443773953059
-0.00854399433603841
0.00204890871407762
0.00346169251339773
0.00327849009860976
-0.001349249151214
-0.00190636613814279
0.00175231623417189
0.00531480216246787
-0.00215591022063844
-0.00413709724421876
0.011483801065574
-0.00433406122910673
-0.000772467038281957
0.010473565626898
-0.000308928814241782
-0.00120768167800766
-0.00108349395888471
0.00860420322372221
0.00510110556104112
0.000437496149432508
-0.0071298915801464
0.00238099224142633
0.00209118657107482
-0.000363096291757001
0.000345485994431711
0.000839107189264593
0.00509928583208713
0.00257454123169037
-0.0107602609042695
0.00583867525797197
0.00145707776532121
-0.00262260834480007
0.002655812389883
0.00322208410359398
0.00807660400115706
0.00287564022464982
0.00160606143964163
-0.0108506759898989
-0.00118306257174881
-0.00194613484164536
5.97286239415781e-05
-0.00560763143292117
0.00479718403483654
0.000280759702008904
-0.00251108027731149
0.0157684763070167
-0.0273043107652873
-0.0013008730423298
-0.0090116146019341
0.0044439349948107
-0.00307946464230841
0.00354331316480592
0.00768470538702445
0.00624111289410324
-0.000573333743588254
0.000446074763021777
-0.00607604708676073
0.0070912898740207
-0.000129397304276423
0.00165229102076007
0.000387711152948282
0.0110475098429074
-0.000224664456039309
0.00520862580546541
-0.000645839746428706
0.000633859943859169
0.000835768370899929
-0.00744251033179065
-0.007611618306099
0.00225201758231757
-0.000149753675806023
-0.000521686496852029
-0.0124673062499536
0.00372713034687513
-0.00178425498900424
-0.00238123964609546
0.00233752427911166
0.00112331810228232
0.000174329465571253
0.00383291534650526
0.000646596602343691
-0.00466710177450871
-0.00236813008107647
-0.000258183135365307
-0.00216815501686717
-0.00394202829350097
-0.00368226329067084
-0.00370842435565806
-0.00384623855864378
0.0373353178453372
-0.0037926393291994
0.000673866587361098
0.00519440373905429
-0.00432459633173415
0.000842647743236666
-0.00105026770144787
-0.0131644778893137
-0.00086141161810609
0.00113455305664505
-0.0108013754851377
0.000124478755762693
0.00270150016892657
3.71432245905606e-05
0.000795968387242317
-0.0231270999290514
-0.000770262509101543
0.00172089461734671
0.000362118650376755
-0.00182718874537839
0.00148669286313303
0.00269623120193069
-0.00019122156915182
0.00430057417940213
-0.0102781985394004
-0.00242502235805231
-0.0108487769377534
-0.000338956085743891
0.00498356258561218
0.000147081346780148
0.00340994786849721
-0.000376816499147244
0.00492904790692815
0.00936799791494256
-0.00487564779985111
-0.00549483139000713
0.000193481442416332
0.000360240380160378
0.0039523007329777
-0.000272028792314745
-0.00102253624044494
0.00367585858469921
0.00411351534642922
9.73307362390062e-05
-0.00688298815663209
0.00454509312218169
0.0040903840869395
-0.01192622299288
-0.00887620033058578
0.000531414004418762
-0.000163230701701423
0.000107798238406251
-0.00120219307730312
0.00328898660080846
0.00115462626224284
-0.000748330979129994
-0.00260597053134846
-0.00492288529268463
-0.00262929720050272
0.0186486815853162
0.000119253558209664
0.00196434401253608
-0.00722314986385232
0.0109565669557232
-0.00400033066623748
0.00958752350735931
0.00167702844959449
-0.00198781920953024
0.00577252691281165
-0.000196492681729256
-0.000860054220821524
-0.00532633715405818
0.000315035007183358
0.00689769579265302
-0.00884558172895109
0.00489547051755665
0.00272107008141853
-0.00321044360525556
-0.0239375029640467
0.00143620950313798
-0.00712215500306889
-0.000640016433991066
0.00424129688114242
-0.00181603004300442
0.0102131609287886
0.00110150066720025
0.012123931045931
0.00103475362633974
-0.0161168888739247
0.000341688364133853
-0.0074562343711969
0.00185057812156221
-0.00463883142668252
-0.016787827329117
-0.0071303059789377
-0.00519008182695474
-0.010160005277012
-0.00489187638371177
0.00197660180478098
0.00181350688236246
-0.00575865617523245
-0.00386426379437724
0.00527235909530693
0.00648357913453165
0.000601986866706927
-0.00244596576192179
-0.00115136679815608
0.0202706683438051
-0.00137579623842781
-0.00713885621309385
-0.00177112858471963
0.00106525747310441
-0.000919916457486865
0.0135190955812353
0.00219334360101551
0.00975444504993913
-0.00306926522628719
0.00141976796872455
-0.00424671743662693
-0.00370963815463397
0.00475273486983366
0.00272068085311422
-0.00480357784419764
-0.00102610015273251
0.000691449210052027
0.00539949446922999
0.00476546805096933
0.000396063562986428
-0.00089821559378949
-0.0011351011836863
0.00497301620193297
0.000523759242015501
0.0017220231213458
0.00210494680851829
0.00424265981377149
-0.000212539051156292
0.000456317575188438
0.00042987488695265
-0.00227466193582578
0.00644346780999542
-0.000640406282232548
0.00146625770723081
-0.00119230907239175
0.000411431171504601
0.00112821208247869
-0.000640734918992468
-0.0165087010523466
0.00290862272124357
0.0034455783533498
0.0120818255419146
-0.00295944815781957
0.000682155811999131
-0.000934774809419686
0.00475720735201529
5.8390618248154e-05
-0.0208974161408408
-0.00159766857739535
0.000935709510663766
0.00413062827724458
-0.000232070119377787
0.00243144016387435
-0.000786211512989561
-0.00278938454547805
-0.00371584371331354
-0.0004204877910607
-0.00421278472212206
-3.71360807364246e-06
0.001801090677412
-0.00234284971582954
-0.00102385126696679
-0.000260327709809865
0.0055647243318163
-0.000395013363410313
0.011438262900058
-0.00032885101403842
0.000623822993639498
0.00205156396295583
-0.00208182763029068
-0.012227536518951
-0.00954808302014313
0.00275339208606965
-0.00491430915316246
-0.00481365798781684
-0.00630638638637506
-0.00675124783908703
-0.00245130658126109
0.00107755279149267
0.00721158028448569
0.0019775948271386
0.00207386196546094
0.00890294634089727
0.00213391774289789
-0.0147191397142863
0.000448675349699779
0.000372538118146481
0.00310674015461184
0.00242658320151987
0.000864699004437322
0.000242635118803284
-0.00132726922981763
0.00397324943258279
-0.00437358324228234
-0.00348212520915423
0.00155888944437115
-0.00665919213434566
-0.00211096623423334
-0.000149597608407034
0.0046069511836568
0.014096367527906
-0.000756727862472174
0.000906354338887807
4.77106577102416e-05
-0.00185957642269242
0.00125673905658613
0.00183277425129059
0.00586895784222279
0.00920306961038402
-0.00125816402071016
-0.00064107791241399
0.00249038206094509
0.000781189962640178
-0.00118949430949876
0.000667372528110419
-0.000338216264082416
0.00405635414022423
0.00296755743154601
0.00534287863869281
0.0026769990332508
0.00219087479319731
-0.00123125113000016
-0.00174118677561712
-0.000438139257620747
-0.000722299214202578
-0.00901736723601401
-0.000698317156648678
0.003075633392217
0.000635325486711863
0.00237217830068949
0.00326782349267468
-0.00165513381283968
0.000284816279039635
0.000359150679433397
-0.00185643543803453
-0.0102088446439604
-0.00382755754410186
-0.000365310265074082
-0.000808621625258827
2.30535930102324e-05
-0.000122278178525325
-0.000748541837580081
0.000281591550071811
-0.00448410654863813
0.00430591324153003
-0.00126354485713997
0.000739637173868048
0.00927188945571734
-0.00974999282708502
0.00261119018497921
0.0109310398767109
-0.000820748103633526
-0.0101306988828042
-0.0148726836392377
-0.00137179312882804
-0.000800083123839665
0.000804193868038837
-0.000891155530740242
-0.0147926146169099
-1.79726948002802e-05
0.00128381581502737
0.00190074377751972
-0.000126715983185297
2.12098481559273e-05
0.000369170872157137
-0.000777076121081088
0.000979009385184719
0.00583813251615525
0.00727525730565358
0.000251328881336884
-0.00273379708325873
-0.00283229779607279
0.00382182808662186
-0.00494940130035289
0.00188108189306361
-0.00158857641066864
0.00169285287905874
-0.00275158597517279
0.000231636841153159
0.000189101268146767
-0.00041028890155944
0.00204283817188293
-9.54130243529267e-05
0.00826195267496977
-0.00185952991448443
0.000596337304127302
0.00276830171471785
-0.00069760989544285
0.00110040923435235
-0.00626862252835307
6.60009442249557e-05
0.00142433581620499
0.000417179102924499
-0.00119871279273607
0.00941312550358443
-0.00163898584733982
-0.00368096103146062
-0.00191427415924058
0.00227574267129227
-0.00114751498204969
-0.00380356464704794
-0.00371615113626658
-0.000387395684125929
0.00267570430714183
-4.10900710246863e-05
-0.00221467231846362
0.0015612848397501
-0.00172100601813847
-0.00208952496410782
-0.000552510373639992
-0.00150324485285148
0.00117028435997865
0.000122737872766229
-0.0035160829559952
0.000915036568066245
-0.00428383066486202
0.00218539003059928
0.00190129283252569
0.000906658380222552
0.0013618490124606
-0.000212306474264264
-0.000604461185412293
0.000437956880398611
-0.00214786892211655
0.0013941757153848
-0.00183079240615946
0.0109177536551862
-0.00365297623187341
0.00141181464525284
-0.00146873995855081
-0.000539531275994855
0.00155046669756478
0.000191371282446095
-0.00238958868741456
0.00020618476889331
0.000817057656214567
-0.00402878460546673
-0.000867043868396261
-0.00350168970975944
0.000347690845260495
0.000273126827355243
0.000393671249213164
-0.000476095643179813
0.00775581008348547
-0.00595819709379611
0.000233440032877301
-0.00264685645559956
-0.00907026222659837
-0.00439925263667209
0.0006584378863709
-0.00160405986416791
0.00202655779064678
-0.00124423658722009
-0.00146245968995732
0.00709986037722543
0.000852106885772497
0.000279337113363905
-7.00554379233413e-05
-0.000214085845033638
-0.00157585382053376
0.00157916112335864
0.00269675249685314
0.00334873121031912
6.93440026193395e-06
-0.0014890317925054
0.00149784220331767
-0.00117517586296204
-0.0027799509612417
-0.00380873905223542
-6.20366880869259e-05
0.00124624529192432
0.000148662646176027
0.00287676652197969
0.00316077129076147
-0.00145328848275828
-0.000950870942043028
0.000189730970739064
0.000381072400760292
-0.000608974284765109
-0.00217346234843298
0.00161769552003142
-0.00324214395287393
-0.00333432807399004
0.00312386480957527
-0.00038551195503912
-0.000113076957745272
-0.000569774604334906
0.00529909810924994
0.00199694534816588
-0.00825459312887827
0.00226435666773411
0.000403057558518396
-0.000100126472411018
-0.00224849886816478
0.00368631927999997
0.00387791167059897
-0.000727781400994055
-0.00143856749004867
-0.00353365243312772
-0.000897407185688761
-0.00044978256997605
0.000110622114493798
0.000528828954841094
0.00142784671142002
-0.000908722182913764
0.00190357082481649
-0.000418063274648887
-0.00257993016873313
0.000331041502241347
-0.000553506168535822
0.000450905962773475
-0.000450701751342116
-0.000390778381978885
0.00112132905534359
0.000215248764657524
-0.002366047533621
0.00136251160838272
-0.00151210648171161
-5.73324789227904e-05
0.00101991521889685
0.000894700130923388
0.00149469297466541
0.00110113213684526
-0.00313260020643962
0.00134145343373977
-0.00608630751450793
0.000398314776679442
-0.00197854398456299
-0.000729418102672352
0.00114733672610345
0.000886826201185515
-0.000104723670953397
0.000123707225595406
3.62298306738356e-05
0.00114123968724677
-0.00192045994375784
-0.00459074957745852
-0.00172098162212905
0.00190417521748805
-0.00283055715309184
0.00132136847747033
0.000624433739226002
-0.000402677196586589
-0.000238508657204457
0.000467844747050517
-0.00213756750337245
0.000167434224450234
-0.00187206606305348
-0.0016181360305704
-0.00018173256458074
-0.00715838058735066
0.000850204234864845
-0.00711145742243664
-0.00138535224728945
-0.00182161067513305
0.000960933963933323
-0.000981699083556894
-0.000941088706342778
0.000710768195038126
-0.00156276035281494
0.00155250320148262
-0.000830890026488051
-0.00205432720334452
-0.00158665380617808
0.00148970016691229
0.00164194680867754
0.000478323682769101
-0.000332715255853545
0.000174184228474471
-0.000623102154629595
-0.00104512596630519
-0.00121106999789021
0.00211745855393679
-0.000760367751418956
-0.000482499489144611
-0.00299742011840986
-0.00104440405176505
0.00108489218376253
5.67917644804788e-05
0.000662490613541099
-7.60619371781247e-05
-0.00245785165951112
-0.00281880895695961
0.000653168507716789
9.12019925675195e-05
-0.00499797451375373
0.00146659743169837
0.00313208334067646
-0.00159882905333536
-0.000360595872991776
-0.0010080757875348
0.00266484599567906
0.000620387022929464
-0.00170548565812466
-0.00140436791446104
-0.00209178653498691
9.80565942460384e-05
-0.00193982721920927
-0.00141979930581029
-0.00165326803615605
0.0018180189781806
-0.00289695510681751
0.000337070913121183
0.000307080633376697
-0.000447867118539517
-0.000930184010213272
-0.000246318364794796
-0.00134602855114261
-0.00021070066310072
7.53511662456367e-05
-0.000141457623619624
0.000199824631947493
-0.000183303878145016
0.00137790092942995
-0.000480238180970534
0.000856327630148037
0.00020175548640793
-0.000918064825331964
8.26629220732698e-05
0.000232007271545921
0.000354241628528658
-0.000178665963812847
-0.000780378324841964
9.25424648998071e-06
-0.000278863868414499
0.000237184943866355
6.58601892252853e-05
0.000408237675071212
-0.000185085056814103
-0.00168008505360271
-0.0032598931367211
-0.00200533160833262
0.000497806123366073
8.60763411042958e-05
0.00164392194633983
-0.000398975902654332
3.67871279356303e-05
-0.0004255908758981
-0.000435018005606794
-1.14437067082127e-05
-0.000628290412526677
-0.000107678293248303
0.000111867542281467
-0.000143858237326682
-0.000213010438005325
0.000211427851468927
0.00123439980094988
-0.00083673057630774
-5.58101015496607e-05
-0.000161514199624156
-0.00024812681634509
-0.000254204379915028
-0.000187101443479088
-0.000142278485015615
5.93322206775135e-05
-0.000552076953965816
-0.000297813118540213
-0.000156640527642087
0.000137798350139215
-8.94091586117647e-05
-1.73567281289769e-05
-0.00195706607251022
-0.000960866074462106
-0.000684974959651158
-0.000490338911241455
-0.000147001422501841
-0.000120611556402417
-8.10573350152213e-05
-0.000186691711286416
0.000349186279877783
-4.83391976703334e-05
-0.000272003970815645
-0.00025370441955118
-0.000149576150537799
-0.000105699209489382
2.95459805586174e-06
-0.000137359031367641
-0.000240005309652917
-0.000132781603557395
-0.000290633863566358
-0.000303604425000774
