-0.975537356303022
-0.98136590181286
-0.811026666931341
-0.641861587752621
-0.403968976976984
-0.254141873258741
-0.208370113762053
-0.13805586042729
-0.0917345278981219
-0.148954188922546
-0.152781821186047
-0.109308773489114
-0.0686164402538241
-0.018929582764415
-0.00784714255042727
-0.0412592189531543
-0.0809821040631493
-0.0325436326395634
0.00502027112652913
-0.0400140790096482
-0.0419196670768093
-0.0176949859926955
0.00374230799712321
0.0135632159581337
0.00392162447558157
0.00291779606912931
0.033994685307158
0.0279777988817668
-0.00107776898157404
-0.00928487058175589
0.0288039553511381
0.0105656556191199
0.0155308865665297
0.0192191111384903
0.0166414665580222
-0.00718649202109748
0.0189313154153612
0.00485992592453343
0.00330272426601797
0.0122866159324416
0.0439869027329805
0.0205853322704708
-0.00053762937004012
-0.0238966278890569
0.000300650472874197
-0.0196595972036806
-0.00551410995600461
0.00738153904628009
-0.00409444563251318
-0.0213730266430931
0.0131858161421748
0.00724016996046229
0.0532690386332175
0.0337949024928457
0.0232578718841989
-0.00658893856496695
-0.00271726799287228
-0.00461564984874
0.0377762242826341
0.000656615325254864
0.0259827130746495
-0.0222100056009689
0.0187686228034132
0.00494989532460328
-0.000372696917874062
-0.000453540779175618
0.00515590515140539
-0.00722829345669943
-0.00208288718672803
0.00115583993677717
-0.0176885558773296
-0.0320087420928715
0.00772653530391292
0.0116318195003691
0.0339870803473256
0.00971063781783698
0.0217563981666368
0.0416072442275076
-0.0129678292843866
-0.00476970211788292
0.00628608264505543
-0.00746006518870477
0.0122700726561767
0.00449502809222983
-0.00560067896260161
0.0169526022505936
0.00213677478739657
-0.00949999117751737
-0.0148604804332211
-0.0232680196042978
0.00782942710537256
0.00301004806022718
0.0189399089993886
0.0219471126265366
0.00505185675183864
-0.0123604060982478
0.0105287673584997
0.118360641465947
0.0973699857958668
0.00829333668555815
-0.00416861948966168
0.000700261205306005
0.00520261220234821
-0.00972753052012246
0.000397143724050129
-0.0044228723951997
0.00833285635157344
-0.00122747699911329
-0.00797178713437338
-0.000118015098072769
0.0131924717404873
0.00431952518626573
0.000709065009055512
0.000919505594404076
-0.00396550180023079
-0.00139744092065224
-0.00689505791106872
-0.0043662938308959
0.0363097355316709
-0.00387881761857238
0.0162693913846896
0.0150397629407636
0.000629997141374751
-0.00451591881352977
0.00665991152486178
0.0029191397011996
-0.0164361144277276
-0.00126670144094682
0.0172745075003921
0.0105957721949577
-0.00695663187684198
-0.00471401937332189
0.000698222728558519
0.000124029624732605
0.00670444614419113
-0.00273761488116974
0.00225291261131043
0.000339350533224287
0.00573520329339662
0.0106159231778175
-0.0365121869659608
0.00203296397442572
0.00199442031306019
0.0221858290741451
-0.0259136848120193
0.0154830555567168
-0.000516505325930069
0.00355679606464304
-0.00965924144386607
0.0363255949626373
0.0113069757917844
-0.00180862510424391
0.0190837444974327
-0.00589377867506999
0.00503709538522874
0.0375991931197327
-0.00128704594050383
-0.00957522287095888
0.00568755145685852
0.000515325800893599
0.00314090495545314
0.0160246498503262
-0.0134724026094739
-0.0293624738183337
0.018577440647557
-0.00148015315295109
0.00147559966189709
0.00748316261609984
-0.00263852530673585
-0.0216754416462406
-0.0156776799553255
-0.00451062434046116
-0.0155907449292913
-0.0250054940149313
-0.0144528538352042
0.0120613953853956
0.00534465091828609
0.0211376677000859
-0.00766199403362264
-0.00401903348201605
0.040073155924521
0.0243686940963124
-0.00531729909253889
-0.00414287956194349
-0.000288863061654611
-0.0203111589146004
-0.0229433071470183
0.00357499710582078
-0.027803586794892
-0.00389193466511487
0.0015422261947093
0.00482350787006835
-0.00157314102991578
0.0118923280158366
0.00521805577724654
-0.000474329326898776
0.000935137158531993
-6.78334274300768e-05
-0.00394473335756069
-0.00180996052994113
0.00187111801090655
0.0202541441691339
-0.0156296645717045
-0.00173025148645384
-0.000256080704427735
0.00979013102239975
-0.0176436117347553
-0.00135546681467319
-0.00523445186710833
-0.00499528156623164
-0.00697725603753284
-0.0187012321056522
-0.00631997128068396
0.0387911119203023
0.00422396200435086
-0.018925009712532
0.0158169809414835
-0.000134366706293285
0.00600628649830024
-0.00328040529033066
-0.00741556444058462
0.0134645217910942
0.00761993511525754
0.00917715879757685
-0.00302415467685325
-0.000461599977315463
-0.00721171583406774
-0.0205558259167093
-0.00455434866523262
-0.00610252770351486
0.0257874900023361
-0.000321564004106728
-0.00222636827588573
0.0212301576175925
0.00822662740336127
-0.00090395415898546
0.0118127075720393
0.0113673713388858
-0.00736355832602486
-0.0299752221603421
0.000472550277449198
0.0020427516531958
-0.0193753865356986
0.00347077571120292
0.0149570295983241
-0.0238185236430184
-0.0105700579896908
-0.000766141522338662
-0.000326454969628081
0.00366392715721654
-0.00102545021680016
-0.00255195549048828
-0.00651484197003037
0.0103878210270319
-0.0194472228580679
0.00926508181443122
0.00207228626003242
-0.0171450110091681
-0.0116981519734369
-0.00396546403154888
0.0040893720036636
-0.00155874208711187
0.00165327857017373
0.000717430998604834
-0.000185959953839592
0.00101603686544415
-0.00138700940457856
-0.00563371450490506
0.00502676435175003
0.0139298910886571
-0.00803417438551178
0.00408922045062837
0.00758715707308873
-0.0143772952962867
0.0038249325927095
-0.0142179717583921
-0.00570299509647896
0.00148024513345272
-0.0270992194918433
0.000307276499588905
-9.2608855013509e-05
-0.00173286573527366
-0.00109653641091883
-0.000910237254281052
-0.00125195772519966
0.0126565505307669
0.0254486584369923
-0.0074806282364752
-0.00255152289511415
-0.0215659991279417
-0.00610337184849885
-0.000628545486162592
0.00368570822409923
0.00902778235674791
0.00262764359573719
-0.00422735578160671
0.00164382174117613
-0.0144730966493767
0.00170517984768648
0.0255999567833055
0.0154017636511866
-0.00039921536615313
-0.000550550278683472
0.00761391051921507
-0.00702415513742111
0.000740100660227158
0.00425550311695767
0.00151809691376119
-0.00105245388314456
-0.00314547477887354
0.000296356500533613
-0.00856127469187377
0.00141014248314679
0.00143357045162468
0.00357341431205167
0.015391682738898
0.00277910361823456
0.00081033131030858
0.000381507826808144
0.00293913249694396
0.00221954505102895
0.0111017989425806
0.00647879459410496
0.0043029245766928
0.000664892672833312
-0.0143682073348593
-0.00323157622965861
0.00158018763274462
0.00690606864606667
-0.00099181678606419
0.00761961973446502
-0.0025676047817612
-0.00115450348619277
0.00121606109185018
0.00340164873522134
0.00577061651527188
-0.0112260569409838
0.00516482932374292
0.00366280050315832
0.00138405666116944
0.0102721226061331
0.0125195415764081
0.00139369603389614
0.0170115536908965
0.00433728252359381
-0.00141233928170859
-0.00144257177194366
0.00297138967582584
-0.0118806638512354
-0.0165584626587863
0.00123978033756371
-0.00086032536231766
0.000163075988690935
0.00250800640320821
-0.0123128483030517
0.000625614970345123
-0.00107830646231696
-0.0029496276801933
-0.000789827003440092
0.0121273536894014
-0.00791970163773827
0.0117600101896518
0.00371417406507375
-0.00411389939342408
0.0122841199294268
0.00475901259185232
0.00296667708561413
0.000293251866921307
-0.000477846445291068
-0.0127820325067091
0.00895120071243316
-0.0140169300816264
0.00723979427036127
0.000971247430894993
0.0131525742928843
0.000719251149612707
0.00399813753549901
0.00582227901697728
-0.00765473350928005
-0.00941167651457851
-0.0069506626316873
-0.00471221600937209
-0.000345993751218324
-0.00270574318258916
-0.0121914458280246
0.00444498943374511
0.00675698388434621
0.00535280521983893
-0.0273242351246556
-0.0117204552569492
-0.00425436366337977
-0.00544726916221756
-0.00449061851950222
0.000985867588296581
0.0160161986837868
0.000420856454075391
0.00540472282448433
0.011654728699939
-0.00553960832849658
-0.00616251179652199
0.000494038383485435
-0.00148191521698799
0.00520507779601031
0.00105573279628338
0.00415751576590075
-0.00267871412730713
0.00144717552049294
-0.00892599931266413
0.000407059210415036
-0.00591364474525237
-0.00678012269848521
-0.00519266008540185
0.000113410299884808
0.00322742124114975
-0.00951273028617118
-0.00491790432170828
2.96933755310855e-05
-0.00108639467935768
-0.00662870493416306
0.00735483829102136
0.00314741857331012
-0.00162943080567923
-0.00353078191571988
-0.0001076617949712
0.0112573338397648
0.00110587139571445
0.00323838037230857
-0.00713566489824733
-0.00203551044650455
0.00542273129119478
0.0116701808971132
-0.0233191914737445
-0.00481785314853266
0.000245992671275908
-0.00985684928545597
-0.0129813505622346
0.00135802714459476
-0.00174639971104889
-0.00371483526480847
0.00159175191719399
0.0029120152649014
-0.00922965151593087
0.00509584573823118
-0.000166670450046604
0.00430637759496307
0.000762193792856141
-0.00846796840179269
-0.00257647938632481
-6.48877720717816e-05
0.0208735675054458
0.0103651140474306
-0.00226608413670473
0.0107468104192679
0.0107671044991222
0.00218365865642857
-0.000780716069934205
0.0012382739899018
0.00215930189098174
0.00730138325673541
-0.00827021776611404
0.00416617537756931
-8.0989001978283e-05
0.000300892580953454
-0.0150228565573493
0.00177444897221733
-0.0215073802897813
-0.000424629662032137
-0.000202679553342655
-0.00200361852773159
-0.00457009117375093
-0.00307685961102452
-0.0027675750632885
0.00249539377300237
0.00817238809566925
-0.00147411538654354
0.00264552501449879
-0.00322521559711117
-0.00248255374069601
0.000101289482614765
-0.00706051687891098
-0.0078087321836581
0.00524924744435809
0.00454567012503596
0.00495144590678778
0.00177909823362781
0.00199618729938343
0.00429436008402967
-0.00781437591123032
-0.00035317342493511
0.0123801799262622
-0.00041245059764424
-0.000501732612626106
-0.00693971861964159
0.0013136843034532
-0.00394548620441476
-0.00518652984467357
-0.00148567767911678
-0.0064453015606578
-0.0175194222282022
0.00713653655632545
0.00755418316185965
0.00739853669630462
-0.00394016815422333
0.000210710124096198
-0.00611801866466589
-0.0114424467904935
-0.00979267280951507
0.00734935234567794
-0.00202562574141732
-0.000179253668165581
0.000729386753528499
0.00257589359288883
-0.0414040603799681
0.000458546666997933
0.00299572103681897
0.00102477609815869
-0.00483315501390982
0.00373513117365348
-0.00206000140579129
-0.00174981924870828
-0.000252403762277677
-0.00108716400696117
0.00646440308372797
0.00089742340759438
0.00147765290305947
0.00113629183995596
0.00439306115828278
0.0437750295856654
-0.00251845139320914
-0.00114018302218082
-0.0015915878092025
-0.0157216836959721
0.00182772263607818
0.00169542343515916
0.00264385938481319
-3.17423219215163e-05
-0.00592726757521366
-0.00195792590173622
-0.0146045489721661
-0.00432710054255661
-0.00482326330814344
0.000713562791756766
0.000639593035021683
-0.000726894869665293
0.000875273118985898
0.00144431049037829
-0.000546942915471925
-0.031775862346467
0.00437214274447084
-0.0013848422228765
0.00222902385001861
0.000241995367418074
-0.000624665689118506
-0.00350871886847775
7.13362589245905e-06
-0.0158795032161432
-0.000557543672568906
-0.0014245359374429
-0.000114739427320523
0.0064381307270576
0.00163207290100801
0.00116550705164413
-0.00250460228153188
1.66710386151688e-05
0.00182359598888296
0.00738724473495854
-0.000848445468283175
-0.00680056255005797
-0.0249982197744612
-0.00597783321065038
-0.000509451778064597
0.00640592973125897
0.0113358850312638
-0.012104437402439
0.0114087421194876
2.6009506870265e-05
-0.000977507792475773
-0.00152274590127281
-1.70506964601877e-05
-0.0133351010549971
0.000673241151582572
0.00016781176959145
-0.0118304843133588
0.000437078222776042
0.0012012287524808
-0.00070418513350611
-0.00246555508357522
-0.00129346750620794
-0.00196402968697379
-0.00442831189507167
0.00270608292389887
0.007041781270277
-0.000405019282604183
0.00241894298606751
-0.000872510704837923
0.00342449915793016
0.00117672579629938
0.000969382911974578
-0.00273383242121729
-0.0111189323094523
-0.00708959922335457
-0.00516667136136596
0.00709427503468724
-0.020921296318925
0.00226337799854908
0.000331290207931137
0.00124237066910531
0.00166205254061563
-0.00104150459331695
0.0020524272218451
-0.00076550687351374
0.00557291771656179
-0.00282178766580405
-0.00404632528503632
-0.000265905885700088
0.0111448987302881
-0.00292338302049322
-0.000184582954666998
-0.00433443311749616
-0.00238423799771388
-0.000481602459883849
0.000581779703000109
-0.018365789840558
0.000138447551355016
-0.00238246784152942
-0.000254330834413558
0.00074972738098875
0.00384214348108942
0.00335226458792613
0.00413940158235425
0.00204922854176308
-0.000369114365613511
-0.00158416606212548
-0.000313401780560739
-0.00215079711283482
-0.00835742129551752
-0.000963634227963495
-0.00086290491932282
-0.000593566231181931
-0.000632510676793988
0.000581567194706941
0.000844051629346432
-0.0005753133120131
-0.00167437589795758
0.00166776240239878
0.0101542771271391
0.00406756251062443
0.00258999103025761
0.00248609614210638
-0.0024544716224864
0.0155755719744847
0.00220464145086118
0.0222172567992203
-0.00703117249242745
-0.00163852906560172
0.00192665276051632
-0.00236656899081802
0.00209339430835747
-0.00826549459498821
-0.00134153307135723
0.00354643790301133
-0.00265968876978674
-0.000656733157242992
0.000536379642961512
-0.00357652791646322
0.00185591007404222
-0.000833700232067362
-0.0147354843635015
0.00483407819815547
-0.00261932638493351
-0.00223173748311342
0.014650167597141
-7.37491806405391e-05
0.000470180856276111
-0.0168551738671864
0.00306845453988273
-0.00508698917495871
0.00122557591649648
-0.00511444632475989
0.00181031252442827
0.00989038532754359
0.000758846549630244
0.00104272095379618
-0.00323110738384011
0.000177332285292747
0.00218493009074715
-0.000979229455004312
-0.000700057737301847
0.000614268119727243
0.00334488963879285
0.0046543477285763
0.000385247694508789
0.00588219016052238
-0.000693842280717872
0.00860708069833037
0.00156491671252985
0.00119544454962879
0.00134123747759333
-0.000171033370906185
-0.00172697298290282
-0.0155194271863433
0.00443836711969089
0.00233887004979939
-0.00323388332810085
0.00501656754215847
-0.000815465156039275
0.000347558803588105
0.000109812588507922
-0.00693938499718208
0.000841683705455655
-0.00207828982687704
-0.000884968654614415
0.000602597541735507
0.00144350687614511
0.00869284384513143
-0.00124100936219156
-0.000650199747396172
0.000103018344417161
-0.00680909970090136
-0.00251740628592737
0.0091979422028829
-0.00121179264331703
-5.73451983847301e-05
0.00927173850076127
-0.00102878924173021
0.00114863414789357
0.000863605052201103
0.00706033191233001
-0.000587098576979095
-0.00194754221149439
-0.0016952055272854
0.00138998656066912
0.00728749379927774
0.002880954632177
-0.00461340986941312
0.000244866423736745
0.00155296633919856
-1.7297407124329e-05
-0.000661144988074397
0.000670109731401174
-0.000119644844279086
0.00108426704591622
-0.000130656210077837
-0.0092558433463646
-0.00271652096583207
-0.00355620094247974
-0.00420173098859776
-0.00178743981656119
-0.00284602752091851
-0.00225903423266566
-0.000630904778705747
-0.000497143310994243
0.00641553218056387
0.00394567562090856
-0.0020795583598395
0.00137373684906743
0.0036791168899103
0.00225530067469823
-0.00132840221357064
-0.000995041711882164
0.000428539014955895
-0.00037703968838218
0.00307027515864316
0.00388713238616616
-0.00145006256049575
-0.00295627287926072
-0.00577382191788545
-0.000199569984685162
-0.00698825251173456
0.00139831474985316
-0.00093188021689564
-0.00130604995712536
0.000754600712977848
-0.00178282175996672
-0.0011181475440601
-0.00010821526014418
0.000222687168643863
0.000780256410451995
0.00104193220202953
2.26684071643092e-05
0.000318793521448133
-0.000773920673320797
0.011309614348228
5.74154550077172e-05
0.000359464629887622
0.00161304660220787
-0.00156116564327009
0.000752380867463571
-0.00111536345285329
-0.00305805875945281
-0.00054400915646203
-0.00270286057460968
-0.000481038371091658
0.000516196678603136
1.34100352743928e-05
0.00072739279261066
-8.51281286719952e-06
0.000265419352826602
0.000278303158600897
0.00073316059407332
-0.000296388820133772
-0.00885251273338703
0.00106435130724569
0.00198956033019347
-0.00043368934970909
0.000930526368252275
0.00535811185912113
-0.00385469948245008
9.79015415271345e-05
8.68572484396433e-05
-0.000152983317556376
-0.00267716554751224
2.25799770216422e-05
0.000290283512382163
-0.000311019459181154
-0.000762307010714376
-0.00124254952650012
-0.00275915046694709
-0.000553457473378239
-0.000332889572451365
7.41490185061734e-05
-7.05646699471676e-05
-0.000126567168476077
-0.00216817446433731
-0.00050827617931934
0.00229577464148694
0.00240871772457726
0.000368072586902024
-0.00143566711667255
0.000280081914052879
-0.00054986358692204
0.000584258336611297
0.000175742013844981
0.00263784377337081
-0.00123304235371281
0.00379743450575855
0.000100831373572749
-0.000139823052327391
0.000518736219085841
-0.00192293108471772
2.24002457292127e-05
-0.00148603319838454
-0.00204368903170865
-0.00130513296602484
-0.00096112436120888
0.000656032099338884
0.00203909940047302
0.000950678596068831
-0.00194497086797219
-0.00386238615454817
-0.000262870987742028
-0.000140466145384544
-0.0031807388792604
-0.00200384446359865
-0.000787703324941793
0.00592346739818077
0.00134888651693685
0.00339966551629503
0.00104891862041536
-8.37786117798458e-05
0.00217574208827568
-0.0021849572566695
0.000437547324298219
-0.00236527316899099
-0.000502724941828406
0.00226305584830003
-0.000753372031165662
-0.000733913811377633
0.00018395281849153
-0.000304776455605933
0.00105490921854112
0.00187984041812743
0.00159690283744799
-0.00163105380185233
-0.0049675593364469
-0.0017832649978613
-0.00112211586142369
0.000666375674723496
-0.000338423714828791
-0.00010309478451624
-0.00275901810972796
-0.00375330414039743
-0.00203333139597041
-0.00170521064302633
0.00139253860517837
-1.61110304471222e-05
-8.83803693806097e-05
-0.00250137098384791
-0.000270788823815934
0.0014322973936084
-0.00137151978411586
0.000823940367443456
0.000138706715800415
-0.000527538757350277
4.84425825063249e-05
0.00151636873676405
-0.00249034768699761
-0.000534141250128652
-0.000374107990593542
0.000613246599624709
-1.68122078193804e-05
0.000215981400673776
0.00274450270268852
-2.32909992092406e-05
0.00367607942397744
0.000881167189614845
-0.00023607910642791
-0.000417847305798558
-6.73943311331595e-06
-0.000660839657427476
0.000804399416920452
-9.33456758589228e-05
0.00111066456284305
0.00184825838905644
-0.00022987496384253
-9.10770528817835e-05
0.000955250075335485
-0.00361714541680488
0.000415744384168729
-0.000272195742566188
-0.00102715784143199
-0.000404634669751555
-0.00110709256606948
-0.00174632426514181
-0.000735776681502285
-0.00131154668900872
0.000181339492948592
-0.000610853955954752
-0.00147258535378707
-0.000624944810827066
-0.00110955202932882
0.000501646261115634
-0.000423560170119287
0.000571362936639991
0.00279211942416637
-4.72645536641926e-05
-4.23017784180874e-05
0.000504307560067181
-0.000723984005977854
-0.00300274272255507
-0.000905930511168977
-0.000889554611713806
-0.000563307329641137
0.000459417473190749
-0.000288043146090596
0.00170922109579733
-4.06562320875082e-05
0.00188190232338773
-0.000674758024430367
-0.000116692648983014
0.000347210123231752
0.000780123656224943
-0.000539392117041685
0.000959073104192907
-0.000191520555522913
0.000720311468730869
-0.000979705181121925
0.000363297627756798
-0.000787711419944021
-0.000473435677221055
0.00104754720190244
-0.000702847482764397
-0.000668208659837982
-0.000539882666522526
0.00137126333957153
-0.000120216778146922
0.000672846345150718
2.34728294034913e-05
-0.000135189642039134
0.000585181647467107
0.000207484512735793
0.000287293892903787
2.15664785066304e-05
7.31689464483136e-06
-0.00025935362982147
-0.000325476925579279
-0.000147353275775986
-0.000503890496034378
0.000214370374616562
0.000289510233387983
0.000226838338394936
3.69924434777033e-05
0.000718002380379105
1.5087573914751e-05
-0.000276617657903028
-2.86424372893429e-05
-0.000360794962625803
5.17671096890892e-05
-3.91677583372995e-06
-0.000411811105807415
-0.000917246734780505
-1.41263111828095e-05
0.000185407210567118
-0.000200634061219824
3.53229037983231e-05
6.14059708682805e-06
-0.000777089508020061
0.000104826857807193
0.000354005867630059
-0.000550754717461412
-0.00139318691349243
-0.000515083455018462
-0.0011661336564095
0.000593970845379757
0.000947252036587782
0.000491770520191377
0.000899090722986923
-0.00105416053269101
-0.00039775611261766
-0.000157835524007563
-0.000144129772709305
-0.000184194634345951
-0.000302437722656771
-0.000221337138663944
-0.000473555548287215
-0.000167206949289085
-8.07644722498847e-05
4.18199451028402e-06
-0.000126834749725247
2.64196895183055e-05
-3.34841500186196e-06
-2.10068039983481e-05
-0.000168169341566517
-0.000369399370216989
-0.00040469475919773
