-0.990525218534047
-0.976494906824485
-0.897466544085226
-0.516390625339899
-0.313353785472206
-0.22478236543217
-0.130972806845098
-0.0208656039956917
-0.171845121445208
-0.127241048923524
-0.0401609928859852
-0.0178527452987031
-0.0318449561429885
0.110843151169514
0.086229751616047
-0.000593308833537225
-0.00584679567685183
0.00637343946810723
-0.0214083667380238
0.00541372632723272
0.0123460645210022
0.00630179858302232
0.0258833219944241
0.00996594042230636
0.044161000050613
-0.00149672176657025
-0.0219662751252695
-0.00536679396418182
-0.0139639684425656
-0.0455942802923697
-0.00370832853126304
0.0178808964593536
0.0196468604777099
0.0023434164047548
-0.0427996472284777
-0.0349185381065495
-0.0024393037248814
-0.00719950137452396
-0.0242206249333381
0.00809880591821177
-0.00899844067354548
-0.0210687900766438
-0.0150761133196208
0.0138715747910712
0.0298293522834825
-0.0437605908922739
-0.016561812440493
-0.00900310607447214
-0.0155198364801185
-0.0230963503093719
0.0176565952459285
0.0116141616744345
0.0109910100149635
0.00831898871755002
0.000455444435073159
0.00283481782006917
-0.00611953271443883
0.0137661837320748
0.000340732015038172
0.0053322965604836
0.0190181711422412
-0.0097399532887404
0.0012989781067145
-0.000442126719977841
-0.00134251081961186
-0.0206134450610128
0.0519019778325189
0.014826331817169
-0.00727661381791801
-0.00496684599534519
-0.000104174286295218
-0.00297134816297882
0.00147546136938071
0.00099586663113368
-0.00880427026901082
0.00242538370013486
-0.0109993223167945
-0.00599806227512253
-0.0359951088500222
0.0110587621996218
0.00827134183955574
-0.0416834074279401
0.0179400048860071
0.0291492223223709
0.0184077976394376
-0.00500051917392302
-0.00686604876279876
-0.0166280235209989
-0.00266053059140807
0.0422723664140165
-0.0357935451343539
-7.33838129024986e-05
-0.0249173744977508
-0.0393664361901787
-0.0124009334698574
-0.0210902153191024
-7.18680816367469e-05
-0.00665038610573682
0.0342878480015995
-0.00460816191584303
-0.00225180402748896
-0.0145029764055103
-1.60597945242219e-05
0.0055868928966671
-3.16818536414097e-05
-0.00106087128869609
-0.00071871507560048
-0.0156616071508222
0.0141325454414404
0.00100499910707626
-0.00592441260326761
-0.0354685416019607
0.00559433207140515
0.019341744883545
-0.00721491930696282
0.0317757144125779
0.00186360985464295
0.00963187192211589
-0.00370885235677486
7.11607135297099e-05
-0.00830669643690329
0.0011291618787369
-0.00112352467684013
0.0140375554753486
-0.00219690114588129
-0.00966173870560632
0.0081538884173085
-0.0216318288636952
-0.0357326125145446
0.0043393430922704
0.0188719635699569
-0.00905538876716563
-0.00571364040946785
-0.00527076135905862
-0.0106745719806592
-0.0226760497076448
-0.00344911928261476
0.00347634678933465
0.00207894448055732
0.012996315785497
0.0103570183141155
-0.00271184474511319
-0.019392863437504
-0.00507594494491855
0.01819341787557
-0.0177627817583026
0.0239729683779701
-0.00742121045291892
0.03273047180057
0.011556780640985
0.00209250112464179
0.000338349900943392
-0.00356826532989311
-0.00622085974977862
-0.000564884551358995
0.0236491304596677
-0.0133960183361557
-0.000838636165260599
0.000733018259705463
-0.0138700022628765
0.0338966622047704
-0.00671361671657548
0.0349575552719656
0.0155194805867291
-0.00289291172666084
-0.00289929334151401
-0.00580086972113678
0.00779104930720879
-0.00367638038541395
-0.00699377974339187
0.00428482206707634
0.014908444609205
-0.00609773651002569
-0.0263585137883696
0.00594088589123077
0.0422228097277702
-0.0117478281495021
0.000495949185733377
0.0022550199559509
-0.00345159446774265
0.0238826921321764
0.0146645949975547
-0.0012221008466042
0.00272407466753534
-0.00964199901403491
-0.00415993383426277
-0.0169625189350428
-0.00161063258114129
0.0332820551966527
-0.0182323612622821
0.00582484782362491
0.00284475111254771
0.00668291557733287
-0.0711204415204633
0.00102700009022342
0.00407396863196208
-0.00796170253852678
-0.0189547921173728
-0.000981313008550965
-0.0405777076395097
-0.00956097313648334
0.003529084523024
-0.00993630107657477
-0.00823804738192275
-0.00533335229783004
0.00326314657033782
-0.00892312863890247
0.0420829988822644
-0.00859750591736891
-0.00821331573405741
-0.0161997359806759
-0.00142332941898738
0.00184801245221359
-0.0224095450889275
0.00308473358328966
-0.00282814432158365
-0.00556433640191706
-0.0348697753221182
0.0338245575066349
0.000427446533100996
0.00886369221862925
0.0160411798440634
0.00166808117292363
-0.0104960449100037
-0.00511740756945297
-0.00599862847259792
-0.00168522082836445
1.21345720458508e-05
-0.00115473626366118
0.00190452956466799
0.00475750383283547
0.0134924914266956
-0.00500546553335796
-0.000197523722261132
-0.00891700081106125
-0.0183231645361278
-0.00712854439206953
-0.0428822087891729
-0.0118624894378978
0.000591261824816618
-0.0141955243473728
-0.00455921105086878
-0.0107381262969361
-0.00472157879154167
0.00302202883329799
-0.000926212721266595
0.00719343668849625
-0.00359392786605372
0.0347606523720565
-0.00609122358784548
-0.0097134665371555
0.00287119066678256
0.00104489957421719
-0.000214895539516238
0.000119023214378551
0.000960560769790568
-0.00707123983661256
-0.0179760857979132
-0.000908922628129794
0.000456197705768174
-0.000919949102011195
0.00678660051145084
-0.00157358601308331
-0.000483343888600635
-0.0304239088833584
-0.00185470951811918
0.00656276779670271
0.00153104358322123
0.000271245301383161
0.000231967979438436
-0.000265001720769893
0.000719421523922038
-0.000303818455549678
-0.000557031432969343
-0.00361215519251366
-0.00779408040805222
-0.00225593948635418
-0.0042254444297734
-0.00474299000501067
0.00856342413757263
0.000143015226937791
-0.000160997251286594
0.0254814993999607
-0.00209625561516772
0.00767618854369546
0.00525837984359371
-0.0363339260903075
0.000766842158525641
-0.00167841248505892
0.00063822508407759
-0.0174368364627668
-0.00112724636328304
-0.00292203200156234
0.00178706876012165
0.00211265387072501
0.0034026596326893
-0.00274079897748537
0.00463570507539212
-0.00819762194030018
-0.0105833388303219
0.0225270430282636
0.0013138999895116
0.00869108476649235
-0.00616432290986215
-0.00148102746001265
-0.00350063503550225
0.0175982402069347
-0.00767750423787448
0.0233735212514046
0.00114955129215227
-0.00178796376298485
-0.00368111853976282
0.00148036397393075
0.0110168614844576
-0.00123096098182109
-0.00666256604940381
0.00829883103299397
-0.00139783418536773
-0.000337013442969487
-0.00121061900920526
-0.0345167972359913
0.00770300149768963
-0.0034827818506324
0.000100730885072968
-0.00291522207471889
-0.0128668752471988
0.0381104977646296
-0.00127025149327666
0.00912678262185336
0.001608693968108
0.00403719402452523
0.00365658873335786
0.00465637949507105
-0.0204934288820665
-0.0326948415116955
-0.0824239286728123
-0.024968837904924
0.00675111758090014
-0.000400855818426171
0.00336984949853468
-0.00121800405859617
0.0535493241205126
-0.00235824335650625
-0.011501240319892
-0.00818951454679451
-0.00889293114055623
0.0155536182083076
-0.00158795122686929
0.00837008393020801
-0.0272758219234104
0.0136343270411607
-0.000238929916982937
-0.00317987761119681
-0.00361944985022149
5.87905297890455e-06
0.000162565056223134
0.00387299058157555
0.00549228508417451
-0.0029341391243551
0.00159060584845352
-0.00312176533266183
0.0239072062650422
0.00134845842636413
-0.0112398345753403
0.000790322134053144
-0.00163983829348498
-0.000899502241573533
0.01111234609987
-0.0031593153272036
-0.000325350975711618
-0.00520914480220117
0.00195962380832152
0.00862202002855678
0.00870321369372826
0.0024395637869914
-0.002299051897164
-0.000530311004992375
-0.00299429996322667
0.012385188857398
-0.00500633358189966
0.00126280128715575
0.00110685013708782
-0.00628387248754741
0.000775959866344739
-0.000890513269306972
0.00197355251657667
0.00994499258314886
0.00968194532818548
-0.00862634281883006
0.00188373301273645
-0.00296447090971052
-0.000775497631465365
-0.00686555436320253
-0.00315976893974674
0.0228483896203364
-0.00831741008310543
-0.00874217119847456
-0.00613134073259898
-0.000903365007089641
-0.00302791041661076
-0.00882995142353392
0.00840266140065528
0.00328061457775695
-0.000514915886247991
-0.00240479777696313
0.00878468733880997
-0.00059105726666642
0.000141899261503836
0.000433401361934555
-0.0027465054377838
-0.013113022304637
-0.00504999501473293
0.0166671374567409
0.000928356439566941
0.00553269126797582
0.0057646595342886
0.00195604793016186
-0.00177935099210734
-0.00356990779816502
-0.000892861498469504
-0.00174545929867343
-0.00757706476347846
-0.00729826189112891
0.00314458715013388
0.0196227611501585
0.0100968925913636
0.00681477417590107
-0.00385856232608241
0.00132524287825167
-0.00442059248806789
-8.45713045280079e-05
-0.0171204698556288
0.00583433781710514
-0.00194797534338804
0.000783685029927173
-0.00190058207865545
-0.00186505841516015
-0.00316516235237856
0.00736174592023969
-0.00159995866397279
0.00764024545782361
-0.00170464140833988
-0.000153588877827447
0.0117638711046674
0.000524261514019633
0.000444908597877649
-0.00103604244507891
-0.00675326022985933
0.00437404736715458
-0.00150722385511914
0.000839435657380006
0.00152132634844692
0.00339289827132325
0.000505971913708298
2.62671789783888e-05
-0.00388164977987196
0.0020183050454576
0.000423301311860045
-0.00163267343757852
-0.00111655391651897
0.000776742183540547
-0.00258849833465591
-0.000601210257020467
0.00128404532214099
-0.0011694958657236
0.000394954020608868
-7.51024055937703e-05
0.000328078993295383
-0.000828964001233221
0.000365126466100202
-0.00334265338482552
-0.00205507907006927
0.00393598598511879
0.0005156478567093
-0.000109530116976895
-0.0062240884259691
-0.00282176762064854
-0.00588663513251251
-0.000247418166808989
-2.04266646630308e-05
-0.00133072197709487
0.00016537733410671
-0.00129110335998658
4.8659752830551e-05
-0.000524038050274673
0.000608178654808728
-0.00151712183360014
-0.000882409110339701
0.00194480055146599
-0.000330766071573154
0.00027925041981094
0.000381511766916903
-0.000296524864413444
-0.000430594152405579
-0.00697191403300844
0.000255469457060156
-0.0241082052196036
-0.00090176094807812
0.00510997530049293
0.00117745293065245
-0.00111836180132638
-7.73895115653239e-05
0.00091803751280868
0.00259838739778626
0.00285410753423766
-3.26819976505127e-06
-0.000481354840968254
-0.000948258354326336
0.000511278210696085
0.00451222385705341
-0.00215567803744177
-0.00239326791568884
-0.012138167106556
0.0027875107953574
0.000353666089508906
0.00863024143390511
-0.000862485813905814
-0.00479268075683436
0.0060860934411107
-0.00434586603085891
-0.000435062982212065
-0.000746975656046348
-0.00126852097556254
-0.00650849080452958
0.000115946844259636
0.00128113201647545
0.00333971028886587
-0.00121009333986549
-0.000188278151834402
0.00815200312193248
0.000235833613150199
0.0132457797634134
0.00329275399638775
0.0012261543869698
-0.00115737702475725
0.000568881478208815
-0.000124390813227308
-0.00609703707449929
0.0236665319141074
-0.0017595279529991
0.0047625324176389
-0.000189494046627862
0.00402782907023988
0.00177377975263433
6.23765584245413e-05
0.0026156544768442
0.00037617546440296
-0.00783899972698502
0.0142857216249962
-0.000282989612747873
-0.000256466160568936
-0.00783086273119788
-0.00228465669393291
-0.000125681804128459
-0.00131829548272526
0.00481266267295286
-0.00352240541873354
0.000203674887639293
-0.00967082090216101
0.000157089942464207
-0.000311905121846947
-0.00163901967613267
-0.00273287585929386
0.00523754860090594
0.000544454806190417
0.000829024908907952
0.00247788381889158
0.000313191968509662
-0.00705081197188287
0.000571254895401432
-0.00091136603005616
0.00150554741477448
-2.48600875071317e-05
-0.00140847065435351
0.00110529457853699
0.00143965636922441
0.00275705905877495
0.00889173072532245
-0.0110551410716566
0.00797096506396332
0.00233633083352855
0.00137120726657966
0.000334504646026362
0.00226997204913847
-0.000832254953174207
0.000450533786706194
0.0042585500301223
0.00110122624411785
-0.00174455336436212
-1.82112363702687e-05
0.00112243210491321
0.000895347997889524
-0.000660762763075259
-0.000242280266835941
-0.00053705338324737
-0.00701323310775064
-0.0014430973931776
0.000640655107924398
0.000567813812745275
-0.00591615073595925
-0.000109190892820262
0.000218090054821154
-0.00325012275026999
-0.00095358092223756
-0.000477799641729538
0.00163511706813435
-0.00302424420682476
0.00116475661115254
-0.00612521086383323
0.00404834882539139
0.000214429560618782
-0.00282599643412528
0.00974031885100354
0.000379180202806306
-0.00215107698992
0.00511054839344501
0.00143457805221657
-0.00510856823202165
-0.00306906106408173
0.0180165097245985
-0.00389689579038825
0.00115945988897484
-0.00147488156694927
0.00119033308695793
0.000182791223574581
-0.000967429359260604
0.00333475362257653
0.00142911002980836
0.00713059110711105
0.0015796241626607
-0.00270865646385714
-0.00126878760851507
-0.000412091585406651
0.00267460444477044
-0.000925855554262138
-0.00985015292245188
0.00180287639354553
0.000283813251016934
-0.00140703661778228
-0.00447794779972665
-0.00132692985969887
-0.00833986497904216
0.00261896224710145
-0.00126047910181808
0.000143699747825516
-0.00119217914947654
0.00137247271338057
0.00285678172915007
0.00804283093368589
0.0168714310596707
0.00414007647578899
-0.00179914363128845
-0.00101744682650192
-0.00156597728121574
-0.000375843151643986
0.00105173539972363
0.00141491286593068
0.00109906942209782
-0.00425239944320612
-0.00342592507639567
-3.27706209503823e-05
-0.00017603394116379
-0.000727453711599884
0.00785486030865115
0.000569178097320498
-0.00411837016048732
0.0018026456165586
-0.00688717754844849
0.00232339444105503
0.00123618795811885
2.18951382643757e-05
-0.000128626060767523
-0.00109499153721542
1.03980283173962e-05
0.00121868292887669
-0.00503467748266311
0.00273374602405763
-0.00131016063817336
0.00613016364022683
-0.00200940011845358
0.000584919455433039
0.00019072977034632
-0.000726128203560402
-0.000717528422473135
-0.00153283863614134
-0.00212749471676107
0.00131400170762008
0.00453063197008189
-0.00686903264342483
-0.000354145242515917
0.000204565288273
0.0187244743444483
-0.000346838574771643
0.00240032524879679
0.00388332761367095
0.000480501872144986
0.00138352359965572
-0.00723025073520864
0.00723323043319893
0.000798206455425859
-9.38464853424923e-05
0.000194546854643264
0.00022538096229209
-0.000901954821475631
0.00358400083910063
0.00122378593355268
0.00479598505408743
0.00191652782357049
0.00152650158163462
0.00107186317395054
-0.0011594468283608
0.00594049230800229
-0.00057615577074725
-0.00233009127725931
-0.000757066363329688
0.00372412664173723
0.0214711720214394
-0.000753575881905385
0.0020487615151283
-0.00246439329143977
-0.00289398804370952
-0.00358036569351073
-0.00162573545339529
-6.28809318265101e-05
0.00236140825586305
0.00109912808907128
0.000493751322217663
7.76404708680383e-05
-0.000419068974498586
-0.000121164896019818
1.45162621697818e-05
0.00014063086625433
0.000200374042004812
0.000588518922352227
-0.00190294224585054
0.000465813578761359
-0.00250880541000692
0.000121320005037695
0.000738880746282168
-0.000129399455806647
0.00197685670642083
0.000112953149014918
-0.00219509591979449
-2.04303612998855e-05
0.000934528220888137
0.00319900056341284
-3.34557928824131e-05
-0.00758350351884819
-0.000880047164955907
-0.000977854335377878
-0.000340877478826032
0.000107963068852001
-0.000306544636728723
0.00142646356166088
-0.00198140909174859
0.00207190361495192
-0.000172268970943387
-0.000311803273815126
0.00240875250036201
-8.56111293870232e-05
-0.00010483749333916
0.0010505293295553
-0.00690289887456319
0.000901868827869717
-0.00201459326317895
0.00168628320455044
0.0035703655831612
-0.00490351228749274
0.000381986149604191
0.000228472574634454
0.000149183644054738
0.00324048343454465
-0.000206391504906803
0.000705185608323522
0.00118061916984132
0.00153685704887682
-0.00011045757242675
0.000146443278363776
-0.00148546447977828
0.00152532347446274
-0.00651355852335122
-0.00125025907149149
-5.57804443056947e-06
-0.000387681481993977
0.000191844722577347
0.000150851176586503
-0.000396561958108367
-0.0022383833527639
0.00157821500817244
-0.00150231074109805
-0.00190344495495276
0.00238525753020172
0.000635910043775667
-0.00283200205018004
-4.25684142172651e-05
-0.000913379605161115
0.000263468339523811
0.00109554986867601
0.00143149051294529
-0.000179367683576173
-0.000240004821538328
-0.00107012817577368
0.000128897074348839
0.00461904389414099
0.0010080307790322
-0.000241516532126516
0.000321084180889694
-0.0016052689971485
0.0017128950200035
-0.00180551276660683
-0.000317548428871661
-0.00473152395270987
0.000661803015119007
0.00153043970508322
0.00109036035024774
-0.00231068223708342
-0.0023452109367344
0.00440310966008176
-4.59688014218854e-05
0.0024127698236736
5.42186866945439e-05
-1.00198897575723e-05
-0.00109804805273774
0.000273975868080192
-0.00285220981114222
-6.04796609753903e-05
2.6349942031122e-05
0.000426453455903073
2.46105710635902e-05
0.000335365045727656
0.000555455721262765
0.000848634589299427
0.000736646522533222
-0.00087729114786705
0.000370989673312659
2.99840216106078e-05
0.000627197224904656
-0.00140170393913557
-0.000398453260687284
-0.00174214431572071
0.000837567502910093
0.00367814928193768
0.000488618374950565
9.56313256947837e-06
-0.00220478074075379
-0.00165764912131551
0.000122308402397341
7.34813062827175e-05
-0.000126101287565794
-0.000447185535154249
-3.93577548231245e-05
-0.00040837101372783
0.000723181410236794
-0.000146841124392974
-0.000770328698018128
0.000442475333475877
-0.000643075537059256
-0.000255459794985943
0.000587050711621923
-0.00342363546153387
4.75368869625543e-05
0.000254804012071036
-0.000165587339868955
-0.000322116951013186
0.000107790391684261
-0.000286993401780817
-6.64522869278709e-05
0.000159050807051154
0.000187974772036482
0.000172732888976392
0.000334335867528524
0.000271555883362656
0.000410547863803838
0.000214784214007032
0.00274808896706768
1.5887856621181e-05
-3.7155831056306e-05
5.490275824782e-05
0.000272912733240811
0.000539042215946027
-0.0025561850581818
0.000982735594373348
-2.47699983339127e-05
-0.000270986440160303
9.08494349683488e-07
-0.00302778436734253
0.000378653752733374
-0.000633287496063439
0.0025455586245184
-0.00201266912045097
0.000896486345965877
-0.000637616367626513
2.0923472226303e-05
0.000275065947351073
0.000339356672506657
0.00131233880193979
-0.000354278570534905
-0.000548965616459854
0.000587901360555681
0.000152458126131572
0.000293195180934857
0.000245950494661587
-7.53112777335295e-05
0.000214703858982982
-0.000301166049490811
0.000243595046355825
-0.00146412025850639
0.000228951361484908
0.000346157756090188
0.000389956222039712
0.00162084070436175
0.000360096867556818
0.000204819867114714
0.000224984561770771
0.000219173617451485
0.000425825815690055
-0.000353061527417231
0.000129139114636411
-0.000176588998434858
3.32810901169181e-05
0.000501122778254907
0.000332154126645298
0.000544408597211556
0.000622525512556934
0.000795918036477069
-0.00028019769466993
3.7879231797602e-05
-0.000477359306060457
-7.80184458780174e-05
6.30202953872634e-05
0.000523582324722878
-1.09031058271982e-05
-6.90987576773997e-05
-0.000316272314143397
-0.000229624410548166
-4.1752082205527e-05
0.00032019185836754
-0.000434987660722244
0.000415270120416505
8.0779631750201e-06
0.000361319355754991
-5.33933316197979e-05
0.00033617601058499
-0.000177532136185462
0.00043559810695656
-0.000451523287990808
-0.000315994310234932
-0.000270020446548267
-6.35132483255234e-05
-0.000380096714462649
-0.000557587887367463
3.17175158277578e-05
-0.000208388067986642
-0.000119734506662487
-0.000949623469882239
-0.000132568210018576
-8.51482306520032e-05
-0.0001373217660917
-7.30640435812029e-05
-0.000419215033197004
0.000193342895252711
0.000482020550479606
-0.0012880596055112
-2.66803513442026e-05
-0.000166196965689825
-9.1537469417292e-05
0.000151068743808589
-9.30002996031089e-05
8.73869140046653e-06
-3.92911349596876e-05
-0.000135391480112334
-2.91821515870315e-05
-2.51461944502566e-05
-1.27315961337811e-05
6.94104059919556e-06
9.32841970966539e-05
0.000277707728254521
-0.000221130394101408
4.00708152571925e-05
0.000121171182987779
-2.68743617274186e-05
-0.000193128548764436
-0.000181246490952499
0.000133127714356738
0.000108478817067918
0.000134898695357731
-5.58529984242326e-05
-8.97033183553481e-05
8.67831376143782e-05
-0.000112005318832226
-9.72131380599639e-05
-0.000134745765237758
-0.000182896786987167
-0.000227299492291332
-2.2807285792355e-05
-1.35828031370158e-06
9.69762814923021e-05
-1.44784257258692e-05
5.15976881879729e-05
1.41977186408119e-05
3.14669233683747e-05
-2.29521508720245e-05
-1.76607723298644e-05
-4.53827417841234e-05
-6.21649943435361e-05
-8.50982974053067e-05
-0.000119344134276325
9.03234897655199e-06
1.224304391552e-05
2.15867634895046e-05
-2.17570229187777e-05
6.96087067168877e-07
3.47982283021532e-05
4.53845547808945e-05
2.48986511257176e-05
1.52808478127486e-05
-5.41516963630412e-08
-5.86789422696313e-06
6.1916724261882e-06
-7.57445088927716e-06
-1.15717131443462e-05
-9.39401252538793e-06
-3.94622544498354e-06
-3.08402886747477e-05
-9.86974440875281e-05
