-0.988505294012601
-0.917364992109048
-0.793436231091906
-0.416919534594557
-0.313114541375335
-0.069882538702122
-0.0517778684933756
0.0259722761921462
-0.0320648604617976
-0.101156551790658
-0.145837175765356
-0.0039168023067947
0.00306705430876154
-0.0336378519553259
-0.0112905284501437
0.00800941455690897
0.0572302462402981
0.019017766842781
-0.0392813474333965
-0.0227356795460686
0.0163835080224892
-0.00897439558348019
0.000663843495007635
-0.0164836855764357
-0.00616926761905257
0.0265624908884298
-0.0123721605559096
0.013182033904793
0.00151534100974677
-0.00576940121574588
-0.00376365128645795
-0.0235487585224576
0.00394800091489998
-0.00738165674966042
-0.0403003142064259
-0.0076870701848943
-0.0399301025705409
0.012272356579402
-0.0018483239931179
0.00391523358133399
0.00162876941019117
-0.0296592551164726
0.00438593250039556
0.0213880495318778
-0.0127656094761522
-0.0105973055396314
-0.00176528004115698
0.0129076069223149
-0.00805362819283978
0.103950336170958
0.00898634030720554
-0.00210452646633609
0.016308123638774
0.0168983476836662
0.00830355891034794
-0.0199855870930769
0.0181093887530198
0.0793727533478316
-0.0108163203485522
-0.00630426056169713
0.0562247520142651
-0.000366469308190389
-0.00848975594811769
0.00676830354013767
2.1204838133556e-05
-0.0109875881524994
-0.000696635597141525
0.0333612615075992
-0.00295266812486368
2.219728437753e-05
-0.00526791957774895
0.0108269218468821
-0.0108455843350536
-0.0435177513984439
-0.0236012994825412
-0.0150409569720067
-0.00240601068211261
0.0427921703894293
0.0227325988476532
-0.0136171939092409
0.0448469237166541
-0.00949681294591677
-0.00942237202489145
-0.000902657888192259
0.0018569684716795
0.00579269242039037
-0.0245078506066481
-0.0591870377460399
-0.0424324907005297
-0.00205235689141736
-0.0126756294364107
0.000527898929090713
-0.00435602258279303
-0.00292487935677
0.0100086630249893
-0.00598715874621022
-0.00164843977406159
-0.00824358276736744
-0.00132701385447756
-0.0213174493252954
0.00315374586633506
-0.00469802486549701
0.00227995163639179
0.00233041415148929
0.0148711198881531
-0.00220696898314637
0.0149589313267013
0.0320666357405872
0.026539002479139
0.00802334233270096
-0.00384304856631705
0.00823496745710387
-0.00393871414330753
-0.00244866298279314
0.0161992001828522
-0.0206860183963572
-0.0324972453599611
0.0594101504617623
0.0100460474991204
-0.0050164325752421
-0.00918204655305048
-0.00479485042583125
-0.00652752589458798
-2.59693951753471e-05
-0.0102526880041226
0.000294261444818634
0.0203447910993924
-0.0109978200941807
-0.00886727104390239
0.00174550343908669
0.0271540863644727
-0.0149440666966581
-0.0168725059786624
0.0128529258547206
0.013773953323457
0.0031633058704728
0.00819128545331491
0.00598343036087381
-0.0332989179471129
-0.00490481481842364
-0.00691489903600626
-0.00219917359285915
0.00609098704699137
-0.00815900910041536
-0.00393880259430517
-0.00308387646012632
-0.00650477129309335
0.00763785441180705
-0.00675799389132246
-0.0042464612385197
0.00266595612371703
0.00468568295754843
0.00765092190982696
-0.00390384617594673
-0.010593281264394
-0.00222553288432522
0.000238343491951763
0.041289571388124
0.0132666983671175
0.0363724822796646
0.00730248018323228
-0.00792295144863596
-0.0237646619422803
0.019292095534064
0.023654063510444
0.00406413226162408
-0.00972244474871813
-0.00775535990289043
-0.0155069561114994
0.00193674946574984
-0.00790854797580921
-0.00722719426522574
0.000655897840281657
-0.00526214561888504
0.00411296566350379
0.0152503628109307
-0.0177513609127657
0.00121242574281705
0.00672791777700071
-0.0111216902397796
-0.00873885828693275
-0.00469458957490363
0.00938440881691639
-0.00614996588289244
-0.000703110938494482
0.0158319480211287
0.00708122034959035
-0.00216068421317394
0.00385689625230719
-0.00230766146529831
-0.00849417406165288
-0.00370642387250182
0.000989114294811655
-0.00190010766975531
-0.00206659109580131
0.010218934544934
-0.00371984798142977
-0.00304385879501882
0.00549779001949375
-0.00188753124791078
-0.00574846792551148
0.00285676081150942
-0.000313088138813873
-0.000389762166809304
-0.004448642423273
0.0249135143884721
0.0172984446657212
0.00312148129328891
0.00454981342891933
0.00369064231364737
0.00256840942586825
-0.00179901072134823
0.0051057081691683
-0.00408839208255923
0.00803510235654552
0.0130075455907154
-0.00298953057259545
0.0137229574541735
0.0193965622492747
-0.0214290507108456
-0.0199018406764511
0.00174747859463415
0.025328775544437
-0.058316879215034
0.0023877016742354
0.0321161962651064
0.0091999662058871
-0.00948174415179035
0.00687942227200607
0.000832401125714464
0.0167201732308777
0.00198435462874285
-0.00158617948064873
-0.016019133184222
2.32108513814333e-05
-0.0106409281736809
0.00201205557131445
0.00172813164298735
-0.0017041823802983
0.00345277569230759
0.00136637784684554
0.00360971786945149
0.00168767051303827
-0.00231699451798375
-0.0016677084848679
-0.068479111268866
-0.0269491449474633
-0.00585535277500214
0.00233964764177772
0.00453873891515679
-0.0373241839880324
-0.0062466151640788
-0.0104696244206281
-0.00104164187670338
0.00311058862596012
-0.0100738261421967
0.0100578919071713
0.0167741323615145
0.000528849947979998
0.000482073603246837
0.00139333989011701
0.0072634230401201
0.00027768063343429
-0.00176517490106981
0.000960579059761734
0.00273554988376385
0.00698924454224113
0.00212705203631792
-0.0113456695813647
-0.00930661783588905
0.0140573821594025
0.00105874771636256
-2.02440176000369e-05
0.000254467405737279
0.000929764647389738
-0.000245130297536214
-0.00096187848385277
6.84697309114253e-05
0.0101888856275965
0.00389876774987013
-0.0256355447048196
-0.0030041586987693
0.0170576130484766
-0.00247224276099732
0.000326336056489772
-0.000126973440964329
-0.000217064489554682
0.00406051725473148
0.00325504329142954
-0.00144773254769974
0.00553884278905843
0.0026649491419841
-0.006337723923923
0.00119242377544771
0.000206959210850578
0.00109414743380929
-0.00202977560091921
-0.00344022202185536
-0.00150417012551797
0.00488698971991188
-0.00106153291539588
0.00580186943115727
0.00718045377204307
0.000607239690214512
-0.00213122614728039
-0.00165697216719348
-0.00162125794597119
-0.00158559153077897
-0.000242131233140485
0.000119612469213932
0.00500854089512132
-0.00271323370587135
-0.000416201727093454
-0.000844480425521427
-0.00146687850212722
-0.0024236210837267
-0.000885302800588147
0.000123108092043169
0.00238426082423535
-0.000365823248685554
-0.00170680340271638
0.000444315769260832
0.000178670182370153
-0.00107295862116858
-0.000533233525403401
-0.0033228849390917
-0.000293773549115761
0.00724367592232924
0.000219357447308171
-0.00150401450798407
-0.00252673647524685
-0.00211456583088721
0.000614564768011854
0.0107011113532938
0.00058683326546651
0.000147861252659259
-0.000568615879244322
0.000729561498935212
-3.54960776897682e-05
0.00517372590995763
0.00050697679868016
-0.00777372703881714
-0.00995085407836929
-0.000188706586972559
0.00141305576704529
0.00133986780813063
5.99966240915815e-06
0.00241024024466315
-6.23134070859869e-05
-0.000786816911813445
-0.000275959069108985
-0.00126770553845561
0.00198364060198068
0.000223878542836317
-0.00222298809360828
-0.000175168122604454
-0.000138427786505987
0.00247915276906894
-0.00186959515762363
-0.00234485522499812
-0.000291527527625421
-0.00611429862803423
-0.00099594509061566
0.000646999008786719
0.000648583016826508
0.000409988042544752
-0.00110334026159051
-0.00153466872961788
0.000161261095212496
0.00015263941321735
0.00169074817425696
0.000863466330609605
-0.00342632316608793
0.000546195523434487
-0.000456068983694521
-0.000488092270607562
-0.00064497349563781
0.00104562602641015
-0.000426190120299513
0.00934545452699609
-0.000807664369955232
0.000140487672879181
-0.000142017615489775
0.000451527526358861
0.000764334217151545
-0.00293202759739588
-0.00212365336280164
0.000185308588477129
9.28968534477264e-05
-0.000179973190703575
0.0025513696849278
-0.00378772501707871
-0.000591963204637084
-3.915425547239e-05
0.000863929479982946
0.000438472220826114
-2.65793769124272e-05
-6.85270075921293e-06
0.00303671735040339
-3.12532569412144e-05
-0.00212583461222711
-0.000371287229147516
0.001548475720904
-0.000641456100809453
0.0055503968381245
0.000131279674577774
0.000494876055425324
0.000376733463878148
-0.00136459386772439
-0.000426819482389814
0.000303408133021508
0.00150103868045922
0.000299018348016903
0.000185017487272257
-0.000749073296985674
-0.000240820764010918
-4.18509497737529e-05
-0.000137209794474393
-1.29116274195219e-05
-5.61835205276423e-05
-0.00040620327041715
0.000389905062101582
-0.000403664088462239
0.00089628153203502
-0.000270747014829588
0.00101165589387212
-0.0024513285245135
-0.000237273586918229
-0.000269276998814465
-0.000369631501706153
-2.57464399484471e-05
8.21297517752122e-05
0.000733888453736579
0.00014867667403898
0.000491832059582912
0.000548185483227061
0.000486305600296373
0.000168885868935551
-0.000244500082872721
-0.000138891947029257
0.000724895046219726
-1.22749685217107e-05
3.36971550547328e-05
-0.000269316750099674
-0.000402274796513004
0.000354034993081596
-0.000192864946061658
-0.000246262601383055
0.000737825408304557
-0.00127199654983741
-0.00135959431201
4.20341692067941e-05
0.0014158098118201
0.00118480931533282
-2.08702523442652e-05
-0.000245746954301048
4.7266709654907e-05
0.000346345917318158
0.00033166377880143
-0.00042139397808795
0.00119524423919748
-0.000855802720322907
0.000667049414735968
0.00137510325679063
0.000401148590526651
-0.000261724496920188
-3.29946812925543e-05
-0.000419343539933554
-0.00185408647773222
4.0760501348869e-05
-0.000526281283004152
0.000272394544226955
1.12132833409107e-05
-0.000801260489489147
-0.000434258228050503
-0.000171348052744106
0.000229773819674508
0.00057983551423958
0.000305430081760939
-0.000632137052326953
0.000636704861768835
0.000531076899126961
0.000167760110767705
-2.86150165200925e-05
-3.4129533512234e-05
0.000130327342516687
-0.00030566247981178
0.000118096436126063
-0.0001517932059899
-0.000211880419738117
-8.81163619688532e-05
0.000381683534412442
0.000138812279738972
2.53929139948613e-05
-0.00015233614519239
-3.25490065493008e-06
5.9401046540413e-05
6.46519009511647e-05
0.000792091902321641
-0.0012047325319803
-0.000722065129214462
-0.000300145037264757
-0.000137032468920246
1.28555437102995e-05
1.09299564163449e-05
-6.74817983997684e-05
1.57839914554927e-06
-0.000440398605000062
-0.000139241700659108
-0.000234316001598597
-0.000172256854863892
-9.93826740352878e-05
-0.000148752727556111
