-0.963867428293555
-0.955264653441673
-0.694494895349496
-0.290843742167178
-0.179534711727926
-0.175464104442465
-0.13451377649041
-0.0584039632188439
-0.0507221713963669
-0.0437760079232178
-0.0213444895356941
-0.119670664696336
-0.0217153333628047
-0.00449152251913337
-0.0809487315181912
-0.0579768986833656
-0.0896361203478176
-0.0704843455918686
-0.0187211664616383
0.00489828923697057
-0.00313313884797961
0.0175013553904789
0.00557698438902725
0.0014566503222768
0.000976717801649636
0.0344516833847905
-0.025577215739808
-0.0275927411168566
0.00637734548274404
0.0195634436828842
-0.0498008157233643
0.0985218063675595
0.0709079978943755
0.0011827235635615
0.00936434388124825
0.0316619248471787
0.0138727163874872
0.0276054095700279
0.0261482982544621
0.00114833074225075
0.00986717761059101
0.00453119321266915
0.000677330543028837
0.0186633795970139
0.00131978992975284
0.01740193327538
-0.00367953164619729
0.0033891298283694
0.00968137677655209
-0.00317401913049043
-0.00635060830841329
0.00315904559603366
0.00597302511629688
-0.00182486051780262
-0.0122823676810824
0.00267177470553317
-0.00924640249299608
-0.0146956729866107
0.0151927767878165
-0.0237291552964034
-0.0185340590871566
-0.00169720441324681
0.0364113086528321
-0.00211156419796421
0.00106445341545484
0.01159939348217
0.0293599438004568
0.0158102591356056
0.00944036623833538
0.00102747996030628
-0.00115403958987608
0.00212584169186898
0.00106739133093846
0.00935780094428934
0.0206957824955107
0.00200331668384665
-0.0122152166456024
0.0137040561190158
0.00790961631010698
-0.0019727940322328
-0.00691883793293937
0.00201461427808326
0.00768067061731564
0.0172036106579357
0.00742110797554577
0.0200638869485864
-0.0283192889375315
0.00662742784698361
-0.000779286599588213
-0.00868035771361831
-0.00372170997168771
0.00522740091886126
0.00522930644026456
-0.00520888428983019
-0.0135867597807953
-0.0116926342489534
0.00594979370598851
-0.0041314344294718
0.0110198349208431
-0.0314936080691809
-0.000999280344196516
-0.00215571510536791
-0.00129764693948946
0.00122155434703695
0.049349410133899
0.0440489579290816
-0.0617991322220154
-0.0113523487233457
0.00982065416694065
-0.0146839094079708
-0.00445531582364521
-0.00741337733576003
-0.0207263279283311
0.00233544298379433
-0.000635971260114295
0.00200856219023432
-0.00818968885449992
0.0184026574288366
0.00860479504390828
0.00455940047057735
0.00253804557012062
-0.00484477653471602
-0.0161665842979182
-0.00571681271699276
-0.000268685520567913
-0.00885438232518081
-0.000920601644620569
-0.0114389900574953
-0.00452132844036379
-0.0311389507363736
-0.000391373095563093
-0.0122615885173379
-0.0135107054170774
0.00680583733032728
-0.00228136894203938
0.00250823651056646
0.0153810719359592
-0.00245307550345251
-0.00611975331927444
-0.00783006275502535
-0.00719323302181422
-0.0137386889175257
0.00330986615085306
-0.00556679895218146
0.0016402281110682
0.00744267028482124
0.0244340639106277
-0.00878869656305104
0.00317582636418366
-0.00783030894985502
0.00238241287690416
0.0035091439894343
-0.0156837215324969
0.00162072876540184
-0.0046312222494283
-0.00900836582648001
-0.000950656963136448
-0.00121353246693115
0.00542259674181131
-0.0137333284089758
0.00289874928694688
-0.00503051311633733
-0.0246112858014439
-0.0252923367416043
0.00141854700232208
-0.00875371877714448
-0.0136539500497606
0.000326037022403592
-0.00740815916140122
0.0556683219239558
-0.000448806164934862
-0.00310442570495526
-0.00407589155487132
0.00925714625218503
0.0110053094800885
-0.00246405309831816
-0.0201540366990717
0.00170616336201595
-0.00372956166900755
-0.00283576732037464
0.014524507282471
-0.00494718997728653
-0.00738987399356472
0.013404677784506
-0.00796835114307956
0.00884958860519632
-0.000876159751251969
-0.0160211189441148
0.0042951209797361
-0.0126947063888509
0.00545754820677949
0.00119757367246339
0.00116975047351688
0.000813997774148837
-0.00937795716453582
-0.012977179074327
0.00156970789937565
0.000780906053391592
-0.000243503709178716
-0.016777228834789
0.00902651835286486
-0.00280095575240699
0.00349489929649336
-0.00436397844352862
-0.00754434792126475
0.00315039370258626
-0.00126876328892682
0.00199856642652298
0.00852508478358307
-0.0141621668426986
0.00363491903113471
0.00154147600188833
-0.0014077796537672
0.00245974714361287
0.00427312479287471
0.00216686860160482
0.013075157755404
0.0150816697152661
-0.0101437613365361
-0.00359150492089203
0.00767663341803536
-0.00305268109265745
0.00124699215858664
0.00320900001040566
0.00891282038436452
5.88619879638235e-05
-0.00860462872389416
-0.00461896847741465
0.00119890694854541
-0.00266194902082217
-0.00562623429231359
0.00720506712615907
0.000659482947083638
0.00397166412538841
0.00601606740269633
0.000267151399238511
0.00484631751740197
-0.000892233206667664
0.00750996411248456
-0.00580766443319406
0.0256981134348528
-0.0143041315061027
-0.00173348686063826
-0.00947715612925166
0.00093128666060671
0.00133700441426356
-0.00536992237938042
4.77763158213818e-05
-0.00530453026703789
0.0104408294363388
-0.00254206296231541
-0.0212450202911961
-0.0112652346943683
-0.0074566866768253
0.00866117254822036
-0.00179794639603987
0.00204720924892834
0.00641658926614366
-0.0042002914320029
-0.000528604968815866
-0.0139195873936191
0.00228659407980099
-0.0030074259992886
-0.000429498527977452
-0.0129775416686015
0.00488349995129197
-0.000960788083617006
-0.00263219964824336
0.00541351819676485
-4.54710621169171e-06
0.000214520967305832
0.012354514453294
-0.00123571380439661
-0.0109631295881291
-0.00212996780344184
-0.00119815604239496
-0.0112678842609176
0.00742627418440384
0.00110337564074608
-0.00140084835078943
0.00282520853253052
0.0105127738370226
-0.0188560084305327
0.0131195674067959
-0.0116374619690682
-0.00422758744064493
0.0063701109077927
-0.00204523724423258
-0.0125343226554059
-0.00164664228331765
-0.00759342711722118
0.0183308769524499
-0.00411920672612863
-0.00409360174513464
-0.00205106479759456
0.000442866024103662
0.00464588230334962
0.00663370227668588
0.00282413423898044
-0.00171817692856561
-0.00326530385995015
0.0129497601640201
-0.00149103050549502
0.0118981484119074
-0.0111996619889746
-3.74620847581903e-05
-0.00349923269165205
-0.00434967078128335
-0.00547556943159523
-0.00745727732573401
-0.0170377108347872
-0.000205630624090216
-0.00128818491371979
-0.0058167005328599
-0.0415907019006852
0.00672333235769895
-0.000586050550793377
0.00094513375737661
-0.000154015344675246
-0.00408162718549676
-0.000696285643686979
-0.000629833928748588
0.00926979926306884
-0.00576346839355737
0.000190802646291926
0.0143469077782503
-0.00417278130384677
-0.00241138215868726
-0.00291132200976445
-0.00598998461595934
0.00100348305031378
-0.00649539521913675
-0.0129730293474831
-0.00173126945913144
-0.000621100255789803
-0.0105211782921575
-0.00684667643704124
0.00263839627541558
0.0034358827999565
-0.0123179577298382
-0.000100761484360834
-0.00138339448695628
-0.000875160296726325
0.00332130885505892
0.00310053761462638
-0.0163463586256652
0.00295398289871556
-0.00874027699813702
-0.00521545422808889
0.00260383175265083
-0.00209693102166196
0.00537925597340748
0.00475173376442235
0.00112369414549262
0.00747757960833055
0.0105505629163952
-0.00309350021480129
-0.00276505406313234
0.011966496106733
-0.00197705062757271
-0.0120650380176005
-0.00503720801187755
0.00528923474016213
0.00262983010453833
0.00053665922498415
-0.000505230664833933
-0.000741006320071266
0.00085874792636341
0.00278246058728439
-0.00945199028990681
-0.00717870029849128
0.000503294367251216
0.00261405939026134
-0.00353249246757152
0.000977373657583912
0.00219241104104187
0.000521446046407376
-0.00367871010358123
0.00324512775998843
-0.00364787671418374
-0.00787194039448135
0.00208185736451842
-0.00591939615627433
-3.00390356086067e-05
-0.00115973462020191
0.00176422703729015
-0.00287415934296716
0.00443039133232074
-0.00117968510275481
0.00276621248793215
-0.00202705654942351
-0.00449863995263807
-0.00425205335794018
-0.00310030175895249
0.00135028772431386
0.00514409139033525
0.00282663536811893
0.00563642368731343
-0.00175015222400536
-0.00203320223154463
-0.00396315922939425
-0.00612850713219442
0.00606202372626275
0.00979940229475769
0.00117705891773138
0.00690401600848183
-0.00164072216828167
0.00384207491636923
-0.00147126425999927
0.00116314382767737
0.00209336799735692
-0.0217928554149116
-0.00418758513418366
-0.00149001014144649
9.96556833544075e-05
-0.00167699805304005
0.00341376341713683
0.00145618767995397
-0.00750326605229154
0.00285415004504523
-0.000228363887004948
0.0024738903273494
0.00262866870850632
-0.00300516159111465
-4.23513663763973e-05
-0.000844420780627114
0.00478864767378155
0.00432654079058769
-0.00036595046079519
-0.00232596824956975
0.00473960557779672
0.00349400189737681
-0.00209595708599231
0.00230726870149287
0.000721577360674677
-0.00248151774357222
-0.00185108534618984
-0.00341954095957669
0.00299579561883514
0.00220810491686245
0.000338037919925231
-0.00431152927227462
0.00953338735504321
0.000802509976324539
0.000250701937212176
-0.00594852216492831
0.000643964301316675
-0.00359165923624162
-0.00113506961076818
-0.00098198450013848
-0.00175052116802047
0.00317712961081149
-0.000572821003904653
-0.00140286760500963
-0.000521825124204333
-0.00101193262974184
-0.00344870778349918
-0.000796613346896735
-8.91676785431926e-05
-0.000574014614109949
0.000908041399432365
0.000589510953534693
-0.00173381239510468
0.000247727418852746
0.00103167080514365
0.00281632506977924
-0.00202914398761
0.000339405200000113
-0.00335934919478311
-0.000916697874525389
0.000355302867494139
-0.000213301860373966
0.00301403536996443
-0.00141002944642152
2.58382080498866e-05
-0.00022109352079329
0.000585243529756204
-0.0020437256112275
-0.0010352028531581
0.000285106025012608
-0.00142685557969689
3.95900276449311e-06
6.71527080093721e-05
-0.00170956444141035
0.000549944640231786
0.000483609993963575
-0.000178230199467345
-0.00049994769075064
-0.000350700977663597
-0.000191691117883888
6.12274724826328e-05
0.000501436556934097
-0.00272439135279537
0.000461975899374355
0.000113953984914145
0.000123781645535632
0.000264314444682442
-0.00122223285728993
-3.0397161954155e-05
-0.000469387232392221
-0.000587665932310497
-0.000637701122108429
0.000273618795240929
-0.000684414082628422
-0.000451380592986359
-0.000102885843072764
-0.00025849266908293
-2.48112960717413e-05
-3.46359802065028e-05
-0.000844260835971119
-0.000312440957596317
-7.21559485758298e-05
-0.000124300454243156
