-0.955831424276579
-0.988863289312611
-0.662014733843016
-0.419737408957038
-0.264988053797234
-0.169442404928869
-0.111331349504266
-0.160348113664478
-0.169190073140479
-0.0838060556920835
-0.0778070695173755
0.00438982633646502
-0.024909343134893
0.00471748761800494
-0.0153550074875607
-0.0687450879439473
-0.0315925132948712
-0.0311012537316508
-0.0489659489899391
-0.0196569022242698
-0.000781768833990047
0.0036775553015397
-0.0439061750710022
-0.0218100986509897
0.018944596330792
-0.001037736159521
0.0155886874554494
-0.000591623487371959
0.00648222374837285
-0.000244188323229717
-0.0205925230909479
-0.0127219243716918
-0.0123198332637192
0.00572848553344735
0.03557369084042
0.0138817480346334
-0.000371450075289766
-0.00532287800364449
0.000788040458161325
-0.00357516309998217
-0.0123100934014192
-0.000516324010202868
0.0386211075292682
0.00211042976353279
0.0189103460483734
0.00119404115561349
-0.015618098786924
0.000207594598261776
0.00202074108531772
-0.0246063844606921
-0.0083498153909592
0.0250640516834791
0.0471636878236607
0.0297715912091472
-0.044741856297763
-0.00126937375969594
-0.00362879033550606
0.0582546186660343
0.0462537595515929
0.0105482187670391
-0.00957064460390017
0.013293845222474
-0.000644292060019997
-0.00573626953958933
0.00270804218837528
0.00464855478911696
-0.00930427870840176
-0.014982116096293
0.000856191784585914
0.00958500437080418
-0.00576467555253983
0.0284024108861263
0.0227963423456236
0.013036847337213
-0.0246416899773471
0.0284528293685629
0.027737648331326
-0.0215879121893366
-0.00224535081172923
0.0386696809285937
-0.0159840364043361
0.000617350054836183
-0.0484827096049241
0.033750809400255
-0.00895624614472378
-0.00890686485321858
-0.014725374533173
0.00741922558007421
-0.0313241853795277
0.00700747938243306
0.0288981231201987
0.0167015828798655
0.0164527902139334
0.00230870419479488
-0.0255746857752558
-0.0206017868213218
-0.0143102871992586
-0.0186446084193491
-0.00136938594381865
-0.00545265583136374
-0.0082641108299655
0.0038106125914309
0.00981319758105492
0.00358596710433243
0.00284621918238701
-0.0307430888903853
0.0297031471036828
0.0353763729730353
-0.049748152266176
0.00149479004994012
0.012100896046706
-0.0160663181679281
-0.000702590463968692
-0.00476394798838651
0.000952371876557032
0.00315518833231931
0.00890193515775022
-0.00680446108679155
-0.00360776554657619
-0.0218907203011835
-0.00912515070266083
0.0130704726205136
-0.014989443760391
-0.0120523112403964
0.00968052450693161
-0.0449368050849069
-0.0140267005600098
-0.0243331173646656
-0.00224265544332697
-0.0042715313360424
0.00316622996805985
0.00179521953441088
-6.4868116113068e-06
-0.00517845787355537
0.0239036257489856
0.0286917143697338
0.0014752389785392
-0.000278816791668604
0.00857048907163432
-0.013334326258024
0.00771858788517759
-0.0274726255951018
-0.0195808929100761
-0.0143722856421655
-0.00780088626818349
0.0079816750402116
-0.00847533293593854
-0.0244408535483727
-0.0221731450626579
-0.000869875909011249
0.00230878372402425
-0.00635124323055144
0.00877114999951338
-0.0519802149186852
-0.00146261094533
-0.00977061991634465
0.000392940855377545
-0.00123163972072873
0.0043769776999941
0.00505668674212432
-0.00404230669419079
0.00908759961392664
-0.0355233898074886
0.0130264850466366
-0.00304237302353135
-0.00200016403213813
-0.000610166175258737
-0.00213336330762945
0.00442983881164412
0.00837361848076417
-0.00665378057365876
-0.0259906832736355
0.026025200701872
0.00808598707575924
0.0126640577049067
-0.00677211396808218
-0.000855606170633604
0.0416198455374031
0.0375069059148151
-0.00751767791725041
0.00535495729610035
4.63442273022337e-05
-0.00190259888752032
0.00116256000190047
0.00421683994415213
0.0109997243674104
0.00842187697477963
0.0180390366547902
-0.00322086131444032
0.00816073884706002
0.0045985390335773
-0.00884858561415174
-0.0142447818086858
0.00113810965941623
-0.00476598302129619
-0.00454273529045461
-0.0337172076133355
0.00760495530780331
0.00415960583293386
-0.0072093280225656
-0.00488640262490112
-0.00679325203998978
-0.00471425585882467
-0.0133397329614358
0.0031479113041719
-0.00429468093563381
-0.00188443492622326
-0.0294897881139281
-0.002721906341492
0.000202653233160587
0.0119852949016519
-0.00781999508914647
-0.00688972731562818
0.00890468091058354
0.0215214440378312
0.0067912838239377
0.00916235973951464
-0.0227956309247078
0.000497357676933229
0.00605448851281459
-0.00185481220403189
0.00395438633120472
0.00489466555392358
0.000466171238072621
0.00267362321773341
-0.00448166663498905
-0.0112112028394214
-0.00986597116316902
0.0295247426067573
-0.000269740755333438
-0.00641291692694925
-0.0144694288613089
-0.00188705712150641
0.00285829086552126
-0.0118978024129577
-0.000506855695903884
0.021570828257808
0.000494932353414756
-0.00141326322767651
0.00723244359399868
0.0373616776943782
0.0129305667524662
-0.0390529219412955
-0.0029591875933613
0.011987846175942
0.000633655936937292
0.00333994998782048
-0.000119815122960776
0.00178393395785165
0.00399812463250932
-0.00744530745319257
-0.00121677162506507
-0.00835730032634837
-0.0149430757185853
-0.0260533871130528
-0.00567988988573108
-0.00608579112825735
-0.00221438179069028
-0.000665401631109172
-0.000810929200811278
0.00625472921800972
0.00136036426894859
0.0142368475915831
-0.00606997216045809
-0.00925178246135461
0.00140097152326229
-0.00703794658810949
0.0195367832539933
0.00181834249619893
-0.00276155922070026
-0.0050464535095097
0.00230938783554887
0.0131715649675851
0.00445933961915215
0.000502585993894981
0.00193039240861085
-0.000844531576111957
0.00430458213104246
0.00325991223835698
-0.00582503070785146
-0.00448006826213701
-0.00715022282458694
0.0092667257469079
0.00316756095528735
0.00245109639745998
0.00106063823653299
-0.000968278841455311
-0.00187034290860691
-0.00195598271418501
0.011941280835611
0.00262941518530629
0.00410433538885834
0.00330086150769555
0.00270394880290924
0.0288533052709269
0.0103986913554633
-0.00760470062130384
0.00335937322390069
-0.000425498105587816
-0.00424116142584347
0.00960644719666108
0.00608762523061735
-0.00120544351507615
0.00112651004370751
0.00512159894312901
0.013149163351696
-0.000764476743043594
0.00411508594285117
-0.0106432510363423
-0.00316292668491179
0.00534062702091164
-0.000153826466855235
-0.00605324162654938
-0.0030178623364134
-0.0207447304400363
-0.00248486786120329
-0.00497895993635381
0.00159244040006463
0.0115909700058438
-0.000903764713233686
-0.0118510658793199
0.00752660932163912
-0.00608606898657678
0.000662034089556539
-0.00173368517180587
0.00754153305475128
0.0069113749457894
-0.00306688665740158
-0.00229952910186489
0.00501478717701258
-0.000204494734699179
-0.00187010771625595
-0.00519039118540538
-0.00234435679846122
0.0125279160386102
-0.00159648484224823
-0.00933439472191376
-0.000391352639241978
0.00196196119659496
0.00210296270983159
0.000311828267168377
-0.0013232711086321
-0.00210023228683767
-0.00269247487269881
0.00235197312783632
-0.000696097583386969
0.00063128300323164
-0.000994714330613867
0.00328320538936386
0.00172001163138241
-0.00747482018524692
0.0051307518066467
0.00634972245753629
-0.000157212129469744
-0.0132634865751739
-0.00495285563644052
-0.00657122296064429
0.0136091673685829
-0.00470155541997425
0.00236533926758341
-0.00314051181696859
0.00897604178428184
0.000469840857337633
-0.00022736602600158
0.00832143303957353
-0.00082504579467903
0.00254350176538936
-0.00741907204630449
-0.00498089278389958
-0.001049861983623
0.00884293006111011
-0.00301228034803539
0.00262641325142151
0.00189865844640544
0.00593389353793739
-0.00638867278458984
0.00234550645498425
0.000378012129389562
-8.14228654709729e-06
-0.000436474351139124
0.00162810792206016
-0.00348249006949516
0.000767608261006554
-0.00145597074993828
-0.00825207060306195
0.00177233279009666
0.00395524752276113
-0.00686177505982899
-0.00358897502612055
-0.0180055979367749
0.00336130642048439
-0.00458315799516766
-0.00114994672245267
0.000374153433343792
0.00478958167845378
-0.000378736899308397
-0.000250968602819441
0.00342529035689767
0.00434956329477147
0.000187635628023615
0.00155969193585405
-0.00656458616338465
-0.001645858883081
-0.000680101044770382
-0.000534284659664109
-0.00247263301318554
0.00200438370255582
0.000890618248974961
0.00130871366447338
-0.00203113375747408
-0.00115097811983378
-0.000530505081012534
0.00424203116134882
0.00226910929571761
0.0021169042544236
-0.00347648515095657
-0.00266902392537065
-0.0035278253914553
-1.19363656040684e-06
-5.68955243132888e-05
0.00384328876243535
0.000718565962185806
0.00595377279787577
-0.00302671149660183
0.00053751888280075
-0.000971757358664643
-0.00095492207961146
-0.000404570021772819
0.000831695659027529
-0.00165615759086074
-0.00087795047402564
0.00276268221118687
7.57690319264158e-06
0.00392229318164401
-0.00400336968084617
-0.00246114813518136
-0.00162363380156474
0.00120610926261801
-0.00572711985942482
-0.00116874090536033
-0.00179772801191802
2.43331455760913e-05
0.00234395467248991
2.84473781183299e-05
-0.0050007251587319
9.90084321096032e-05
0.00106222396179381
-0.000925084269401886
7.27460714022654e-05
-0.000161174446569639
9.96752000614378e-05
0.000957659946340784
-0.00286915283600014
0.00218629042022573
-0.00250474961232496
-0.00115969947710057
-0.00373398952478408
-0.00860633029471522
0.00115416131157168
0.00042391759622603
-0.00483945697039225
-0.00749692562230062
-7.89871066227512e-05
0.000749443838050582
0.000912351679529299
6.09961661334963e-05
-0.000909196069568551
0.000345668869554586
-0.00129848459807714
-0.00185467771069721
0.00110489770803526
0.00191079293318956
-0.00223410004835447
-0.00205773326610624
-0.00163735307789952
0.000857194944524794
0.000258988428953599
-0.000137793510125739
0.00197656155626946
0.000612520694741575
5.41172046497976e-06
-0.000643125746530751
0.0010304275986855
0.00107111368804134
0.00116167665367918
-0.000959370149181634
-0.000592497629779592
3.42717648670542e-07
-7.8324429242056e-06
-0.00118563690139228
-0.00229951396301254
-0.00230831212046332
-0.00306859399176883
-2.64569848617252e-05
-0.000283213255998361
-0.000120105548148795
0.000658434266644118
-0.000630203817800629
-0.00149816099532329
-0.00180708601175828
-0.00175973536138637
-0.0011991594643967
-0.00095823084438443
0.000106453439714677
2.71088082470423e-05
-0.00210869171221694
-0.000683476235033236
-0.00109922400386743
-0.00188120441867411
-0.00196018365993518
-0.00121926572028264
-9.07985761543803e-06
-0.000234711305925901
