-0.983275744141779
-0.916912889333437
-0.66898358216072
-0.324159852716405
-0.163294070122415
-0.110636653096144
-0.0128275604292398
-0.0506587579137379
-0.0756428145364954
-0.116175154557769
-0.0434250989712981
0.0122180007898495
0.00349206158603646
-0.0230661749610532
-0.060872950323367
-0.123721552476616
-0.0235711578575416
-0.023538634509631
2.57270144412699e-05
-0.0659582405187919
0.00482748894182337
0.00342792174233365
0.00494020671238503
0.0279752846815119
-0.00708266905738411
-0.0168849254017437
-0.00575523779071205
0.0275037951792203
0.0309630871704843
6.16954321535287e-05
-0.0053581173540853
0.0299469758594095
0.0152025096865423
0.0361917600874516
0.0101114004082261
-0.0244462513535924
-0.0212519098721029
-0.0103899027859893
0.00319078494743177
0.00262617619603898
0.0182385831215039
-0.034940713967991
-0.093125437939854
-0.000399545706983114
-0.0181069817347022
-0.0270545878339963
0.00150288267881245
-0.00788415193735366
0.0329218668714798
-0.00895358254352363
-0.0208979069686698
-0.067522457994019
-0.100636141028439
-0.0508571318231683
-0.00977360243012386
-0.0445116989240901
-0.0189909178434501
0.0045049596282279
0.0125726870330424
-0.0223078689014284
-0.0671095637093101
-0.0833168698769409
-0.107478294343778
0.0026375221274447
0.00921236024957461
0.0145514469354732
-0.0517558680634245
-0.000201031727679019
0.00182112712116879
0.0494542947349406
0.11693474316376
-0.0685325204472279
-0.0374350635172083
0.0033303859807416
-0.00325070455091506
0.00362438784521497
0.0285725464466246
-0.0346750683543417
0.0515005736075414
0.0487903192858975
-0.00848691735574853
-0.0294173639077267
-0.0179390878710507
0.0171674137413566
0.00952978946021388
0.00254697963498233
0.0488776068061241
0.0614115274631363
0.0117470794788335
0.00401158986939791
0.0210182997159034
0.00123597865115071
-0.000448596729914305
0.00019246003915096
-0.0211754331847223
0.0244527871342461
-0.000799540561725295
-0.0254015886355957
0.00467598711890872
0.0201453049093906
-0.00712367156527504
-0.0182523315156146
-0.0172894016943707
-0.014140997886085
-0.0200436636603125
-0.00786073485640534
-0.0107093641837875
-0.00866937525370316
-0.0238485987034076
8.44444604793394e-05
-0.0592800000783063
0.0124967853460979
-0.0106548697717238
-0.00981870214573622
-0.00960450874036115
0.00827688023512437
-0.00662121394170558
0.00605777502159523
-0.0330739555180498
-0.0111589204669865
-0.0228579212581656
-0.005817482366513
-0.0202549206065513
-0.0306161751183589
-0.0156567674387759
0.0091862063863609
-0.00704050956554528
-0.00462885552340345
0.0136830825403964
0.000949140109910551
-0.00029396919626621
0.0233848244882228
-0.00708620615975971
0.0288839360477683
0.00889562399382815
-0.0107802563821268
-0.0380313814451415
0.047860440900712
0.00796809924464219
-0.016248985455787
0.0401311113502398
0.0142592647287882
-0.000159338948935992
0.0171715714674586
-0.0283460405753257
0.000482826552068779
0.107427640190819
0.00227551006028065
-0.00577632519035539
0.0051790698813279
0.00271543015464852
-0.0178579422081391
0.0229804990653843
0.0146551040908158
-0.0308820457359745
-0.00042434961912809
-0.000353389217453723
0.00834825377253886
-0.0381632528531256
0.0108563925040211
0.00528507526360504
0.0124668371530382
0.0018873825182777
-0.0258947836453727
-0.0216849334413075
-0.0258747561802287
-0.00192367778459323
-0.0177217660292367
-0.0387768113188117
0.0223829086478713
0.00527545683589559
0.0111385206855238
0.00960240274611079
-0.0234837329789034
-0.00572958221193391
-0.00829872988805249
0.00640869347668633
-0.00577447980137626
-0.00988603542945774
-0.000163627059968279
-0.00232573007804511
-0.0315229264049812
0.00460901490485367
-0.0391476989862066
-0.0148707595209444
-0.0012890198571561
-0.032585071784634
0.00255918158659649
-0.00881444991291347
-0.0219180552958059
0.0111836742487919
-0.0101825654175993
0.0143269544071131
-0.0503705998293459
-0.000526822698689648
0.0274733619058695
0.00838706785499524
0.00760088616046208
0.0153178105082869
0.000435889504603219
0.00323661354549502
0.00513290213301287
0.00289872884863674
-0.00918867099200518
-0.0029519262694808
0.000384736374800109
0.00544864220148784
-0.0032519489987394
-0.0265111897361787
-0.0156482094539121
-5.17616478594991e-05
-0.00791598808758066
0.0344039005027034
0.0105533327218873
-0.020564223216785
-0.00377272768046485
-0.000595707565854209
0.0130799633847804
0.00124768952946701
0.00414474851765221
0.0173971670204315
-0.00207103897916279
0.0316834022378542
-0.00468126687257308
0.00200573568590612
-0.0110384725216994
0.0116097385612856
-0.0183000665239784
0.00620575794778716
0.0136532718762146
0.00749118190982813
0.00423348229748276
-0.012452980815364
-0.0140740873357066
0.00656265762251608
0.0118933828295249
-0.00828630255806495
-0.0122189036496768
0.0149306439576606
-0.00382890560319893
-0.0176272505647345
-0.00414109105821622
-0.000158346052856206
-0.000596180290948734
-0.0015457846124956
0.00501166213373229
0.0154256683739012
0.00744056808295932
0.0315304155822994
-0.00182328609151559
-0.012836292489489
0.0139862736129142
0.068944129275829
0.0274679836613394
0.00030051558475239
0.00584852979120153
0.00608790301239289
0.0273522318775651
0.0153832240741207
0.00248342327681062
-0.0906942363314079
-0.0083174066726104
0.00487337095916039
-0.00771062218604128
0.015126972293608
-0.0330580414778376
-0.0173928063323277
-0.0102800887473148
-0.000680395153646317
-0.000596603669122425
0.00396777655817507
0.00129784553881352
-0.00801762062116696
0.00695526660107779
0.000928930645029125
0.0105305963708606
0.00123330638762817
0.00879859250987068
0.00176122875693615
-0.0230435962535268
0.00736472198094398
0.00210645556556328
8.77669835512049e-05
-0.00502072617570529
0.046705339874642
0.0268988492956823
0.00245639163040833
0.00475847778985126
0.00990196588254567
0.0056777300285816
0.000604337123197051
0.00363459485111021
-0.00169826786121773
-0.000555834877225135
0.0105191390736018
0.0312833971189436
0.000925270164625274
-0.0167091825582603
0.00505225462637778
-0.0127475951156455
0.00334078228480852
-0.0101447543272846
0.00507022795596202
0.00713761308911487
-0.000431257715086962
0.00292541848867292
0.00435553182934435
-0.00567687797910543
0.00169243276759114
0.00348479355740334
0.0171110881954432
-0.00937992635603921
-0.0100319231895904
0.00893865782749914
0.00260693051446539
-0.0107560179487801
0.00077022800107746
0.0413344382262623
-0.0149831177316228
-0.00974008499882857
-0.0194972698217581
-0.00753625242921556
0.00437961854846689
0.00310421894915534
0.00239737948662228
-0.00674468332499725
0.00464522325546661
-0.00627071892416479
0.000322297423704882
0.00709365931069789
-0.017381885445149
0.000815420860714793
0.0224119355922112
-0.00313317881467846
0.00117506896060745
0.000618542588914829
0.00424140913381089
0.000171558124493525
0.00870241072820288
-2.00063577805146e-05
-0.00786589460311944
0.0106136105796283
0.00488780945188323
-0.00068101374152888
0.0203254100146046
0.0268679154734997
-0.0171104912870078
-0.000986931688659518
0.0112133051964792
-0.00348125129506035
-0.00153275506992979
0.0082535694782843
0.00316773543805118
0.000710843219879852
-0.00293675838991321
0.00645482267488196
0.00385289498226104
0.000863792719290322
-0.000814254118283476
0.00455453157002908
5.17360323179772e-05
-0.00316732390578299
-0.0262883914668641
-0.0107542063498239
-0.00032399194517637
0.011314883997557
-0.00201555845388768
0.00465710483367035
-0.00200861371123573
-0.00255740476857599
0.00917423015838274
0.0203268950958726
-0.00116920469007662
0.00340300855940604
-0.00286399578362442
-0.00381960649760739
-0.000525590591282196
0.00106877584180258
-0.00516200931738743
0.00242490021964465
-0.00332851568465096
0.00312172943562438
-0.0149630013137749
0.000261844391882304
-0.00677028948242472
8.92832066611846e-05
-0.00379345829340375
-0.01571598091252
-0.023343051569102
-0.0176222643751261
-0.0119170862855377
-0.00256834721791596
0.00099820859165934
0.00628439448390056
7.63055337812686e-06
0.00405465811800195
-0.0107421276036272
0.00288847587570174
-0.00106397499560597
0.000187766531210104
0.0116467759619653
0.00676233851402925
-0.00592519259985995
-0.0272794680891682
0.00165748843462138
-0.00146313922202257
0.00480669864763533
0.00165559327515183
-0.00488606592840041
-0.0056769949613806
-0.00260029974182472
0.0043465774931408
0.00208227839878604
-0.0133506941538847
-0.00761097601411534
-0.00646741413767844
0.00417817900530196
-0.000824432821665042
-5.66461261701111e-05
0.000383935727908379
-0.00844391977611945
-0.0132993508007799
0.00829527632147023
0.000279679719006182
-0.0141018181083015
0.000233021764691968
0.00513598307162878
-0.00226223299226051
0.00137649521520477
0.0147129907938381
-0.00039560396883081
-0.00861854918459892
0.0010155901487155
0.000262792726935804
-0.00561176296447436
-0.00720610781952663
0.00317680321578393
-0.0082660144510963
-0.000661651539986965
0.00279660063935507
-0.00193599843551437
0.00091695458718844
-0.00255183182375514
-0.00112228930913955
-0.00685059718978566
-0.00219334964654911
-0.00454377472133148
-0.00546313831579667
-0.00175897204380247
-0.0078936199467104
0.000850673858624554
-0.00418887340429982
-0.00851658722191143
-0.00011983800189256
0.00167960538673785
0.00246466886535393
-0.000721989517824419
0.000706532914552772
0.00420438132826641
-0.00653863601328212
-0.00169792753755025
-0.00126184961871115
-0.00409398214972464
0.000588359255642436
-0.00087106598554485
0.000443551855284962
-0.000430024689469059
-0.00404349338349481
-0.0011363622943982
-0.00448874756851887
0.00192313361942715
-0.00243701262759107
0.00132311729383994
-0.00186247872751185
-0.000859993461067635
-0.000500288813182058
-0.00125749149866754
-0.000931859349831021
-0.000448214775990156
-0.000977453423005433
0.000237212351331923
0.00142054803073514
-0.00226791517367815
0.000447624813218146
-0.00145798786242758
0.00039085249218964
-6.48005604384463e-05
-0.00174430684873809
-0.00102954824553563
-0.000356056755721441
0.000473300512902966
-0.000267829988056308
-0.000524648885108356
-0.001455096641457
0.000816370723232369
-0.00124494455182277
-0.000604846856998046
-0.000526366126075634
-0.00019035490242368
-0.00154435222470939
-0.00261899439558482
-0.00203077380908588
-0.000814012242479434
0.00052465939230166
-0.00130712194500072
-0.00348361519079224
-0.000392497393608329
-0.00294452036882426
-0.00212055132376645
-0.00148156106925211
-0.000443219921844673
-0.000326629324531372
-0.000137272964246398
