-0.932676468404344
-0.974229909533592
-0.653238152689513
-0.206542224651956
-0.0657299322971122
-0.181799613479904
-0.0337415818088194
-0.120938969154308
-0.140013162913655
-0.0942055435633222
0.0246101106392931
-0.0637098091782339
-0.0554890418243708
-0.0295298701776579
-0.0239624771103374
-0.048649768415258
-0.00891924032114435
0.0177279523171664
-0.011431994621167
0.030202865984987
0.00876014122651465
0.00281547397765889
0.00335279060055846
0.00121851970643957
-0.0326159304919465
-0.0349976169037212
-0.0381782568528946
0.0197043918685628
0.0132378455393295
-0.00702705189909625
0.00789139095741589
0.0227407519272901
-0.0155910511228091
0.0400396534045243
-0.0160175635644219
-0.027130097575428
-0.0104879468472691
0.0216718781414545
-0.0427336137655405
-0.0093818744663503
0.00173676965951901
-0.000608580167999688
0.00594839949531778
-0.0184830870513223
-0.00989656431639332
-0.0220858154693484
0.00535749138851768
0.0298999001890966
0.052967786328174
0.00191415909694262
0.0260991472196167
-0.0156351791497044
0.0703777560182765
0.0140552402159248
0.00756121871280414
0.00677739491740773
0.0152475020011957
-0.0131197850140031
-0.00843007239913011
0.012710151179849
-0.00560641348585626
-0.0155419270129479
0.00693827632162126
0.0201498292354643
0.000182185419151124
-0.00879483608785609
-0.00979379694773064
-0.00256815716278366
0.0315028470981452
-0.0180074929643846
0.00133659901960574
-0.0022355190650904
-0.00466105278302308
-0.0100716124787872
-0.00448301285696353
0.00988765575825455
-0.0126124309462855
0.00370054333756016
-0.0021130043125895
-9.18529833154966e-05
0.0246776715705338
0.00377205453620674
0.00860179478478299
0.00116039734631808
0.00557263492694837
-0.0137340775416057
-0.00327487269971045
0.0191881334564355
-0.0112076896130605
0.0406141749278018
0.027197852729507
-0.00808361132106033
-0.00262024031649661
-0.00219335855823391
0.0291967322696941
0.00918078333585358
0.00407423463085635
0.0157042931219447
-0.00779408108830584
0.00489254056729743
0.0252878395377315
-0.00427487066120134
0.00450409062032745
-0.00317365288211661
-0.000101382866433814
-0.00114710941806392
0.00536719859839695
-0.00962670326573894
0.0201249084770505
-0.00990057329025467
0.00249360852831314
-0.0232467776108406
0.0141447697978283
-0.00343790326739744
-0.0020276188161766
0.000163796515035668
-0.0119115346390705
-0.0250426823160719
-0.00959441442909478
-0.0612198884461179
0.0251597710014173
0.00978029191730851
0.00316564023779971
0.0112153948027039
-0.016968805248082
-0.00410702714050437
-0.0197101970931375
0.0393915197247573
-0.00105683203367596
0.00824405561775418
-0.00115012992739897
0.0076073753520194
-0.0154772985197115
-0.0341130797668927
-0.00819511727116688
0.0235691202250914
-0.00851559429207246
0.0143650855588587
-0.00105823616413046
0.0037971695143059
-0.0318752458608929
0.000405034349055616
-0.00220739611915568
0.014251919300721
-0.00059034459787175
-0.00231121348200313
-0.0131039431095835
0.00272274959101987
-0.00893722486390107
0.00598529345036576
-0.00060565247010811
-0.00732018226892929
-0.0171643928057513
0.0172762253250563
0.00761600032207698
0.0166640002947457
0.0211274673425577
-0.0107572794704002
-0.00104129630832007
-0.00540849238313599
-0.007880146693255
-0.000202591380858928
-0.000946190581130178
-0.0789775878067295
-0.00204601151224403
-0.0018020496955485
-0.00618538725665722
-0.00124344382523351
0.00329613824630947
0.00157306283141537
0.0057294369425649
0.0141736424801161
0.00494749686603481
-0.0128525132090774
-0.00627420161587785
0.0120034226580906
0.0293141609589025
-0.00954741888289081
-0.0205026401468296
0.00516141065830194
0.00108773478311676
0.0619837910973687
0.00291995455823448
0.00970448049941479
-0.00500848560884404
-0.0503163052421033
0.020455094859658
-0.00850266191185646
-0.00980877828776805
0.0201760286852496
-0.00849035781648624
0.00607578118500054
0.0129416201815011
0.00497181543303625
0.00414108593579147
-0.0353379115653261
0.00832824147076472
0.00894590665986854
0.00155260294035383
0.00932821062221129
-0.00281700988829435
-0.014060925179567
-0.00492911641986293
-0.00390880648428941
0.0102470681461952
-0.00255753899475163
0.014531943801842
-0.00815267241103041
0.00200784644526832
-0.00335320169191652
-0.00449383540400841
-0.00843952038342704
-0.065177009095913
-0.0036052188871037
-0.00679084238554629
-0.00955456612048592
0.000699033156340938
-0.0109104324457021
-0.00448506332173203
-0.00778025052691261
-0.00636782914546523
0.0236137310925359
-0.00170850354347331
-0.00525458255377378
0.000177593698955396
-0.00416364442833536
0.00461107268912328
-0.00328042912112486
-0.00997577682319574
0.0227673065915025
-0.00950408638752555
-0.00560087737525768
0.00429622088319552
0.00386282631286014
-0.0106910746613064
0.00730518160007917
-0.00626947274535212
0.00263070380618638
-0.00441668976992236
-0.00110290088668525
0.0168097400203488
0.00133133014954838
0.0131733616529564
0.0240472614351647
-0.0056466062543632
0.00401360221644746
-0.000439128050554692
-0.00496826046422714
-0.0067481825511107
-0.00129880716158169
-0.0248809105319593
-0.00477226353164724
0.0216705504155791
0.0172293449312479
0.00229721606428731
-0.0219264366385203
0.0112939007892812
-0.00583460647422619
0.00266682071456245
0.00448533672389663
-0.00337358003597365
-0.00443566305525713
0.0252553705902206
0.000202933426092831
0.00298599955019913
-0.0102639477581028
0.000477994737747048
-0.00069628862201174
0.0268446914364311
0.00804722983979856
-0.00415351517723128
0.00174482394801208
0.000397872152440223
0.00292751778208244
0.00352393460409733
0.00489214144995283
-0.0111937627207604
0.00272729372072214
0.00577048247801229
-0.0188180398394059
0.00370827643726805
-0.00206699545904088
-0.0191669468732413
-0.00278019061428951
-0.0019126737610854
-0.00409650063164939
0.00100602776422788
0.00402764044405076
-0.0065930385497379
-0.0606815839195905
-0.00460801233558873
0.00146693796603371
0.00788315867725312
-0.00788003889855372
0.029335800515605
-0.00554961411754823
0.00376339855768045
0.000844093282796822
-0.0136066098614663
-0.0044768848094719
0.0247679072786304
-0.00928518358250612
0.00874273849861595
0.0249670875987444
-0.00990371740570918
-0.00941398326326763
0.0173205988579068
-0.00326702252586857
0.000582378563543921
-8.85219268872044e-05
-0.000708028786648707
0.0051019461260114
0.0165977633978499
0.00540493351556695
0.0181101186592988
0.0024688782099745
0.0133045396848284
-0.00268052579063389
0.000839633252338147
-0.00389224173428255
-0.000444287185898478
-0.00076109255803089
0.00410123030646123
0.000739141797521417
-0.0189944589268469
0.0454901332088367
0.000247465504927231
0.00309753478453486
-0.0125102782610019
-0.0112598084963928
0.0154131264897017
-0.00876307264319367
0.000861683874382765
0.00733658668977918
-0.00422894622053761
0.00271341679993574
-0.00527658898622316
0.029064868649367
0.00677876411512901
-0.00517985419747165
-0.000140644757013252
-0.000294086501699428
-0.00347062712442433
0.0011691156561119
-0.0031434104853673
-0.00535462959195936
-0.0165008362546825
0.0179365267036386
-0.00709015414543971
-0.000466575983459006
0.00222875040377277
-0.00339947496018729
-0.0165633287692768
0.00936148602157036
-0.00367988430041077
-0.00882532989317381
-0.0403610387124467
-0.00507535261501834
-0.000303755735642777
0.0163922014039816
-0.00334019288488839
-0.00305130989498295
-0.002400656748499
-0.00346518160316757
0.00500307896356383
-0.00203742428991483
-0.0272665555809562
-0.0223162195353069
-0.000397282730585564
3.53577419076948e-06
0.00430114538451305
-0.00351413984232446
-0.0306864717704884
-0.000751568846669983
-0.00601739224720755
-0.000160829670415813
0.00654315787618288
0.000663245526031506
7.32728348426873e-06
-0.00563347767656929
-0.000395690101789561
0.0097070623063305
0.00692344673463012
0.00233466966588072
0.01236722157225
-0.0352201293311296
0.00483146593743786
0.00584799376696496
-0.00354112334250182
-0.00104361118229308
-0.016285978860944
-0.0145296547154483
-0.00664182609359064
0.0153256540439453
-0.0137319202645025
0.000473971205590311
0.00413090170091446
-0.0099003601475659
-0.00634077498825343
-0.00863165589148648
-0.000595297615422641
0.000560548079497944
-0.00885064597652008
0.00454742697118203
0.00178051045281952
0.0130725504472424
-0.0014127867462199
-0.00271575023755225
-0.00104533037020365
-0.00127841834658689
-0.00214549370129267
0.0070910683683093
0.00385520363610847
0.00205370317321134
-0.000896343010861482
0.00177325356030939
-3.86201668866031e-06
-0.00777976412208149
0.000838023165391855
-0.0022548760593239
-0.00530556591413776
-0.01041554507358
-0.000279726449529506
0.0016220057825881
-0.00470870837789646
-0.00021135493466452
0.00580111578024035
0.00274989135145834
0.00358051866396104
0.0146802936020002
-0.00839993922861383
-0.00222462278762566
-9.76815997223673e-06
-0.00242594997448709
-0.00281032812858689
0.000932646125570135
-0.0018135772598653
-0.0103971419141068
0.00911392875980718
-0.0224974162658143
-0.00373221255156792
8.69238433039328e-05
0.00044153559094909
0.00161280683790567
-0.00481343930847278
0.00046118596042234
0.000556318732889065
0.000853633170784712
0.0012288151680227
-0.0177474811699537
-0.00076301430290749
0.00420123860806678
-0.0021292359867336
0.000294414798813679
-0.00238510262502953
0.00650506228145407
-0.0026062761721259
0.00580066637735793
0.00505845283174587
-0.00760655458214485
-8.15886544470561e-05
0.00101539414611753
0.00243188847635537
0.002977516923826
-0.00908000628871757
-0.0107963715055021
-0.00259354763845057
-0.00191224669723396
-0.000742572925021536
-0.000520788932024458
-0.00103787658369262
0.000192864253205292
0.000538672625952211
0.00123854541588858
0.000863539500824716
0.00141135350593167
-0.00164460081883491
0.00142802679039669
-0.00134536660123307
-0.000850538160630809
0.000307119493136107
-0.00075304175151857
5.63032332920926e-06
-0.00222998911199939
-0.000189331687551319
0.000172776282765012
0.000976292480876196
0.000502836980847915
0.00175966697856497
-0.00237884278016747
0.000389626844757622
0.000803300980186171
-0.000428723762748456
-0.00124317893458942
-1.42021998592207e-06
6.75877889835264e-05
-0.000379354409818404
-0.000229625174707243
2.0018961552926e-05
-0.00094382868026145
-0.00434617638233829
-0.00284601260956187
-0.00111628750585832
0.00128640380696181
-0.000538561042719421
0.000540356298938227
-0.000498478629654168
-0.000491781637658343
-0.00194220484223521
-0.00177202458739979
-0.000507767713245875
-0.00106499345248177
-0.00110554626802798
