-0.938229804211865
-0.915640237647361
-0.631977000734851
-0.300195882174059
-0.0660614588633842
-0.00174914679324361
-0.00273789871985559
-0.083668221148399
-0.168276748986387
-0.223322745465482
-0.126701849775167
-0.0286236906834356
0.0204578806181428
-0.0185305961559187
-0.12879269029111
-0.087645522000869
-0.0559010697871795
-0.0335314943215324
-0.00674401006715244
0.066712944921957
-0.00807922727349705
0.016373952132449
-0.023184490305914
-0.0428866823398961
-0.00850433172951104
-0.0128854879752616
-0.0762946267833302
-0.00483298935738014
-0.034873222686977
-0.00916747022576913
-0.000529199375764017
-0.00460136924295517
0.0135288518345763
0.00342430072049961
-0.0356105339157005
0.00764690023036472
-0.019103941375501
0.0100038436168426
0.0379126542663245
0.0105859099786742
-0.0301890575663557
0.0215688186973746
0.014265879368815
0.0216821548978992
0.051564703195017
0.0440217100488408
0.0324667414277405
-0.0155889268133646
-0.00249799560352513
-0.00504237832209562
-0.00664360038835827
0.00611590539318661
-0.00182335941383052
-0.0283433797728614
-0.0180425903743856
0.0081845318360254
0.00242206770773867
-0.00352167103954407
-0.0349214568160938
0.00624629317875483
0.00871553856964149
0.00258651285360187
-5.84915651487914e-05
-0.00658517983662159
-0.0085740751860061
-0.0205168968306748
-0.0214035615122049
-0.0164563028361908
0.00812490170598604
0.00724768233581481
-0.0143680836274206
0.0108841655340534
0.015964804576522
0.0197265314082117
0.0105237597684866
-0.0290080748136271
0.0103214161605846
0.0210282745538086
-0.0330445101700119
-0.00189038296880943
0.00313956289629011
-0.0116296644887685
-0.00494872402214814
0.00851587046122958
0.00894612968442885
-0.0127001550908752
-0.0105768601651277
0.00241918501065916
0.000220217069705616
-0.0024652916833323
-0.0192178206632733
-0.00561820363932622
0.00569426529860884
-0.00826655527848359
-0.0269834906025257
0.020408581290939
-0.000827006842195457
-0.00340387227017638
0.000856279727014661
-0.00302896380497755
0.00223391434314941
-0.00536141244830715
0.0149288934548955
0.025594232813608
0.00255789633280724
-3.39493739228386e-05
-0.00542618039696596
-0.000376401120353487
0.0139998542939734
0.0202835792116317
0.0113677869707931
0.0096890368425975
0.00330609457619072
0.000611040396455805
-0.00670192920973142
0.0110944735226071
0.0111710460968739
0.0175487985121435
-0.0106214933090066
-0.0284697311910377
0.00556070614771898
-0.0233194980061954
0.00227896981446892
-0.00914989538101953
-0.0126087063644152
-0.000317718077905069
-0.0134122051234696
0.0568721945277446
0.00984509029509669
0.00294740137239331
-0.000481963042859993
-0.00675038459927072
-0.000934951876961341
0.0105930682504121
0.00478550277559845
-0.00185224791815774
0.0031691656872427
-0.0214620416843278
0.0115489373998423
0.0796643090490762
-0.00797848059869334
0.00795974251787794
-0.00782451662336701
-2.93017511043183e-05
-0.00397491585017175
-0.00266566366318224
-0.0249820744937425
-0.0207006295373058
-0.0185746305302075
-0.00398064961219772
-0.00599488903240615
-0.00735089848286005
-0.00672945926330563
-0.0116396497401152
-0.0110529477311286
0.0248171030201979
-0.0176651599617959
-0.00577913406639223
-0.00847126467847231
-0.00205042071656712
0.00405411483932005
-0.0176861619731922
-0.00673726617614836
0.0271785462595479
0.00892098914601615
-0.0041894683402296
-0.043838157100604
-0.041343899715908
-0.0151712273446491
-0.0052257193179329
0.00329330352111546
0.0137925437015766
-0.00587707024987951
0.0381818358051887
-0.00477055911579778
-0.0136361690823648
0.00801958470535067
-0.0434245710833605
-0.015022711001834
-0.00124180964937062
-0.00671152224699976
-0.00260952255267701
0.0433405523412259
0.00721154715574811
0.0161380862989014
-0.00780473479414317
-0.0363535639313653
0.0123809524783917
-0.0209196774004888
-0.00927096125997148
0.00244747760938753
0.0114112706854526
0.0254811974478204
-0.00408513949658891
0.00648175572641033
0.00199641396697529
-0.00658401601754208
0.0242774958676665
0.00279083925540302
0.045604650339126
-0.0668702443952684
0.00798392929295558
0.000950165888345112
-0.00932504366157458
0.0153705335738219
-0.0127433174350302
0.00684632571196632
0.00169084874712322
-0.00239540846813385
-0.0216917018960587
0.00139456948730757
0.00935461993534094
-7.53744793484216e-05
-0.0180696974185394
-0.00270870174481908
-0.0690438642857384
0.0211191682860631
0.0127723229370708
-0.0522971407788803
-0.003192902924351
-0.00186208479128749
0.00816537932916776
-1.64127826394432e-05
-0.0292782940027761
0.00566417283464232
0.0383023180377868
-0.00213025103401379
-0.00974095824340074
-0.0540304042878395
0.0135546193648557
-0.00243362682803348
-0.0105168708335034
0.00652462651132556
-0.00554375036116869
-0.00431496778734008
0.0289790393454043
0.0264377809179901
0.0221706086303496
0.0081412780639495
0.00758791623405391
0.00833971175375462
0.00317766100825141
-0.0179590063361353
-0.00117714212292128
0.0153831810407651
0.00462446135546658
-0.00102192346958246
0.00771844189884983
-0.00155575506339676
0.00115427206056842
-0.0384670593109972
-0.00638065044206551
0.0028381800090078
0.00403531249209735
0.00894726630252866
-0.00670228033711331
0.00462222121798318
0.00311856997387231
-0.000430467349479848
0.00670630453209087
0.0209792183375828
0.00698989217996148
-0.0284783410047248
-0.00938094646471165
0.019114159732178
-0.00214256617841837
-0.00395213572685334
0.0113858431469726
-0.0206689690508601
-0.000591459507135377
-0.0470973642948687
-0.0101470946621261
0.000396550360713321
-0.00279428134999121
0.00207453346596228
-0.00652076502548655
0.00185430789636809
-0.0152416359206165
-0.00417287385742265
-0.00486221896563841
-0.00623071605474996
0.00155381469757868
-0.0108650135814075
0.00532549541445098
-0.0187186154873342
-0.000917962250235139
0.0178929974401611
0.00620610502901298
0.00228098852259163
-0.00476016034543647
-0.0140427519690053
0.00672488002544773
-0.0330867977999025
0.0351083304171831
0.00174294549348958
3.17041352690516e-05
-0.00346612034968008
-0.00214071514337225
-0.00596788271617725
-0.00714190273594131
-0.0085945548527306
0.0152669302917902
-0.00876869887472004
-0.00118521066388712
0.0098720527998455
0.00500177827805752
0.0338157711984542
-0.0057346082618731
0.00207730859407714
0.0117406739634616
0.00221145220320721
-0.00401971827979712
-0.0139067655393894
-0.0300060244289788
-0.00258009541998543
0.0175553178275319
-0.00958350333099464
-0.000426138975858249
7.07711681989e-06
0.00118690990553656
0.00100730628024862
-0.00529155235848854
-0.0118251308171996
0.000724055888747643
0.00734700069709946
-0.00241714359928425
-2.05849010216138e-05
0.0180689743547901
0.00556697307305864
-0.00134587988823177
0.00826522362404955
-0.00167430479486751
0.0168188122890603
-0.0192153231630174
-0.00255912950175818
0.0116554993793047
-0.00356370221504615
0.00129306718467451
0.00419437610353088
0.00335511176578612
-0.0122527644264521
0.0151462939730723
0.00673566478795542
-0.0158621573599843
0.00473801409586945
-0.0235348114989143
0.00211038570664643
-0.00765253659370807
-0.0125283019276076
-0.00655795102627058
-0.000790421992341102
-0.00353228507064952
0.00168703101628587
0.00492789616326507
0.00123290116657281
0.003438707811874
-0.00295525192628199
0.00187405523400113
0.0308686442471662
-0.0250069857212737
-0.000388113324463184
0.00998578957142818
-0.00541110795685471
-0.000370399150113427
-0.00399169628602363
-0.0077577679522613
0.000834608680954806
-0.00349440441931846
-0.00541821914877822
-0.00552722877804167
0.00477173834646737
0.00740643383463925
0.00470683030748474
0.00793424853591941
0.00463033939297971
-0.0172689006811581
0.00350095054177366
-0.000385329908057179
-0.00194884905999641
-0.0096501592861183
-0.00460899667607615
0.00823377039939512
0.0102358588088909
0.00196182420082534
-0.0100178187067091
-0.0060465194075854
-0.00112256973268758
0.00303430477826312
-0.00158263930202949
0.000504920773752006
0.00677223254687414
0.00249446411231357
0.00346998270948674
-0.00143321085817061
-0.00419096126358507
-0.00198432823579134
0.0250981524223404
0.000885787772152146
0.00243835669067254
-0.00296647315042966
0.00126056713150649
0.00143385354476167
-0.00594391963169191
-0.0060671150899827
0.000525068152309427
-0.00751687613111352
0.00243161914887051
0.0074856910164605
-0.0141261918296359
0.00243912351273449
-0.000309958603247375
-0.000617219153450716
-0.00240014664166075
0.000592640970751899
-0.0126048235461402
-0.000409471586506115
0.00108715457010548
-0.00627200981595703
-0.00238556859168181
-0.000250715304528267
-0.00322209716255504
-0.000765674494083306
-0.00370818747881491
0.0030910586458035
0.0032078753239414
0.000680662463174342
0.000297107076907597
0.000582216411537704
-0.0069166917374927
0.00396983365863841
0.00262276371120836
-0.00192479735894435
0.00195652331879968
-0.00416512703452226
0.00271969621300288
0.0110305770251177
0.00219520689411845
-7.50389464790162e-06
-2.5549787965525e-05
-0.000701558043872675
-0.00366983161282991
0.00348711062699593
0.00172367201981428
-0.000947928695650567
0.00219855937217508
-0.00047270835822641
-0.000150987113250034
-0.00419996512810588
-0.00192654975844584
0.000775869179371239
0.000300150476998898
0.00228474503137631
0.00140427844911038
-0.000599826620906067
5.5822701399955e-05
-0.00406250455116324
0.00198153177999388
-0.000329230665495365
-0.000122911484211414
0.00142248591580282
-0.00242623855256067
-0.0050644593739843
0.00223321774105772
-0.00205063251220159
-5.49439363972011e-05
-0.000533734540504245
-0.00798855633015308
-0.00107438716077913
-0.000319415602598872
0.000527484621914759
-0.00342930429271348
0.00377224978249744
0.00143294939921433
0.00234482110713796
-0.00238046771947375
-0.000792100008747975
0.000819349551645217
-0.00667992885766989
-0.00127625745413862
0.00177653636843704
0.00012858415433405
0.000516882491427005
0.000971712413408745
-0.000479004647478611
0.000102700502741609
-0.00263948433505895
-0.00312457253276798
-0.00111905284465435
-0.000817066302171962
-0.000475975963107687
-0.000150705903493746
-0.000900647157152529
-0.00459332434735261
-0.00135328136580462
-0.00155369891322879
0.000210823359646269
-0.000105971984657029
-0.000455848795571765
-0.000543979559138306
-0.000250079998291865
-0.00105910160181536
0.000317501685396106
-1.89649733005331e-05
-0.000623466346946577
-0.000344783262704158
-0.00234272993542709
-0.00271664420338468
-0.00133053544682979
-0.0015014028768091
-0.000941473426959926
-0.00144070006001319
-0.0008255981975707
-0.00104289805142542
