-0.970483412073292
-0.900051758926459
-0.451355286482959
-0.149331192934965
-0.0562353788109403
-0.217800534367181
-0.209737241735328
-0.147133746310098
-0.130132669501127
0.00462948284030469
0.0409236288250319
-0.0693345334567673
-0.0112801117564656
-0.101653180137057
-0.0947111093308365
-0.0699254979498287
-0.0949321884066425
-0.0505339767430997
-0.0690842986587025
0.000955375375231094
-0.0243159266386491
0.00530735110276938
0.058658478711639
-9.78648238508309e-05
0.0598254724128134
-0.0277397613445435
0.0257253690811759
0.0139501929204818
0.0060646093459873
-0.040942167195967
-0.0195732113237295
-0.0161719648248067
0.0178810722686775
-0.0326466603335257
-0.017959311034055
-0.0170573525379777
-0.0190466207375654
-0.0231072145238909
0.00987862194856388
0.00799042608542825
-0.000966849775152031
-0.0500936603823032
0.0298979500141153
-0.0191140085566118
-0.000544814882917209
-0.00127601501285939
-0.00771176980487941
2.95364158173425e-05
-0.00244639946320619
0.00624018967507126
0.0360168009080461
0.00127864603837678
-0.0119105759799304
-0.00771904584791529
0.0301373940605692
0.00939614592724539
-0.0299839121628503
-0.00314405514450037
-0.0281099785804351
-0.00519488818385605
-0.0135658013843233
9.69072890231217e-05
0.0336205453441304
-0.0292719936737864
-0.00137224170548644
-0.00284189691878054
0.00169138228125905
-0.0139054389182081
0.0365338085192786
0.00642824258643058
-0.00807647655438347
0.050430195579022
0.000372178519299472
-0.00881735293835078
0.00464720774220025
0.0235633102405644
0.0225570507134545
-0.00831018561419278
0.0280076775414526
0.00527898955667777
0.00896756600071201
-2.00548923200679e-05
0.00998304809886508
0.00013430527491444
0.0183110482502317
0.0020209503868634
0.0357881082411895
0.0142205539645118
0.0123238807055917
-0.0250647555132279
0.00646132125102154
0.0160723468542223
0.00786634349023124
0.00940342858874523
0.0412773130265191
0.0107531004940125
-0.0146334321971285
0.00453593418933325
0.00063469167114232
-0.054007136222395
-0.00266329588830472
-0.047686636756952
-0.0133959346099664
-0.00490534281550795
0.00068724666318045
-0.00707941820188837
0.00685432501926165
-0.0112464684890855
0.00791225899349857
0.0125674031324743
-0.0126082039297028
0.00304478909549614
-0.0127069421197974
-0.00484559913381752
-3.15080404959724e-05
-0.030566207047389
0.00458488412473984
0.0102290105025398
-0.00119027252183264
-0.00120616683479922
0.000397413567015264
-0.0588710295201176
0.0130862010496595
-0.00777001029685271
0.0015342971993716
0.00124852546910934
0.00616573200395474
0.00158671287289469
0.0160759423001767
0.0431062212377409
0.00108889026968276
-0.0118763061584306
0.00620589348920466
0.0159148769451759
-0.00329439479081319
-0.0122770990637942
-0.00100620042463315
-0.00775090841939417
0.00282393144570399
-0.00730916749894755
0.0387653161959883
-0.0129990645707525
0.0143203558568744
-0.00953810934750885
0.0142720795465812
0.0501106955696545
0.00121507944946353
0.0047882670802907
-0.0103716583322876
0.00758252532232028
0.0244451169266244
-0.00064829334938423
0.00586082445662145
-0.0461292925236016
-0.00554638967216868
0.017130521386783
0.0117205732919656
0.0113423312585615
-0.0480286380522602
-0.00143620290314215
0.00502065651960741
0.0015894818353929
0.00506057674070581
0.00232647815225682
-0.00165637763546326
-0.0129008484962407
0.00482581028964893
0.041765911721742
-0.00464692226587556
0.00918358870216139
-0.0148812310869253
-0.00132097773080643
-0.000248246370675062
-0.000403725751215819
-0.00249485186599609
-0.00579280409625866
-0.0108893952650283
0.00704167747462293
-0.00396755616757569
0.00471723325260764
0.00441180273153366
0.0301037571262779
0.00314726081638825
-0.00996760863417391
0.0108331525656299
0.00817746752938872
0.00917977713275213
-0.0184674991778553
-0.0282645257364921
-0.0147272860549806
0.0054162938050685
3.05794417840368e-05
-0.0132957662702097
0.036810358613428
0.000820403456762005
0.0234577795262492
-0.0225819051192638
0.00118123594303472
0.0031104120351871
-0.0138353202070655
-0.00709088086648478
-0.0118899568631569
-0.0371015260696825
0.00286439776202343
-0.00325770492752461
0.000537087841658987
0.00058001726326682
0.00231485134625736
-0.0100967113209296
-0.0129904003208152
0.0112777429250414
0.00301537073276636
0.0054598173718726
-0.00208471267100475
0.00289918877615457
0.00396485550365162
0.00942907965335177
0.000822162210418161
-0.0217342598397165
-0.0216467275828912
0.113423469893505
-0.00346089234681681
-0.0189935673164657
0.0054701672451945
-0.00757834680492567
-0.00199346517948477
0.00474165218625789
-0.00793828925998117
-0.00741414729358987
-0.0116686253373881
-0.0032841988610991
-0.00548255328000503
0.00449583134639287
0.00376590573283087
0.000604433142689962
0.00937649835550066
0.00245939077518757
-0.0118381879664187
-0.0179870771744169
0.023703839962372
0.00442934260752258
-0.00265410673082432
-0.00571902089574833
0.00486365121011126
-0.00546266177724616
-0.0036017542402216
0.00180434592343386
-0.00162959765791996
0.00645931421026617
-0.00300288888207304
-0.0167494868078993
0.000168054852075054
0.00237252847364633
0.00212898514823754
0.0111339330057907
0.00860612985541723
-0.00682491908049073
0.00245635525359262
-0.00846051280701546
0.0105369562088392
-0.00185239902733581
-0.0141543008998271
-0.00113706700910526
-0.0631382553680821
0.00987250939144753
0.0111248816221317
0.00872099302529304
-0.00467646136107413
0.0219910740340579
0.0111614422144158
-0.00712043042336312
-0.0108026517540416
-0.00328969936613692
-0.00149164519271235
0.038414689446938
-0.00903999021297196
-0.0301562679674022
-0.00748492102951913
0.0100899064838925
-0.00305985614529288
-0.00123466153680032
-0.0220909082915547
-0.00389198064245413
0.00396366037498409
-0.00285401174181357
-0.0454578866156822
-0.016290803670522
-0.00586103168246678
0.0125370262139697
-0.00217263541491491
-0.00162832675420257
-0.0218675677312734
0.00460070381836084
-0.00229933149028031
-0.0230592637831262
-0.0231921894763569
0.0270520096981631
0.0169994865068441
0.00178793430072746
0.0117146331637439
-0.0330393855515612
-0.00770472791826336
0.00488603035384816
-0.00651911622319343
-0.0407054438158269
-0.00257491367181538
0.0180318042016931
0.0114123469740497
0.00243572168078693
-0.000261392221818019
-0.0154709033481673
0.00418576345010746
0.0179076367001787
-0.00794731593774734
-0.00841307456240036
-0.0474729116366849
0.00776861942559584
-0.00366577855003891
0.00558897947206707
0.0107899480262466
-0.0127135085484686
-0.0108025878659614
0.000389813137234998
-0.00307495878687103
0.00668508230770928
-0.0154428215053807
0.0210892783518971
0.000886736695415018
0.0102983692651763
-0.00660302400450513
-0.00953201396143792
-0.000674703603971165
0.00347346267909887
0.0296006446006905
-0.00177663652750577
0.00652255520302748
-0.0198730970458324
-0.00282741739854464
-0.00307727337371325
-0.00080143023614855
-0.0148610194366718
-0.00729734180429378
0.00158894845535848
0.00563827809100869
0.011621140134586
-0.00487863455796221
0.00286948740945574
0.0158847094748829
0.00510279364335752
0.00178890933954393
-0.00496138708028917
0.0120679999108711
-0.00715633857697841
-0.0538299329973331
-0.0363248337445743
-0.016042067187204
0.000920826779442037
0.00301192903618193
-0.00289593131571581
0.00217513287319169
0.00296672365459934
0.00760753732026909
0.00437611871857583
-0.00802119569289498
0.00132525375048681
-0.0110003167181304
-0.0360837964190974
-0.00409446963903519
-0.00242787268170778
-0.0025288916006626
-0.0150924321625958
-0.00432783777794182
0.00524485684113706
0.030062470133146
-0.0163271436578431
-0.00141284949148581
-0.0012313533646905
0.00069630912865533
0.00181096259094442
-0.0136990579181869
0.00561536807370056
-0.000903943143566188
0.00401663879801593
0.00381361007857693
-0.0031872413196119
0.00512168705299981
-0.0107039228655888
-0.00243071375278587
-0.0145603136206277
0.00137111685412077
0.00121513964199498
-0.0483393094314719
-0.00354284721023379
-0.000976923275008629
-0.0160307829920576
0.000826396593889713
0.0015044948631729
-0.00312500424415296
-0.00331473086223942
-0.00288296785685509
0.00176965263045233
-0.00457299631616626
0.00578985456034194
-0.00895890701088287
0.00402961746509004
0.00162981256346098
-0.00228634133501705
-0.00282331817518514
0.000677835428840914
0.000981241658907477
-0.0192503965162718
-0.00294970450181803
0.00466758777756224
0.0179850176778195
-0.0020061084671763
0.00086148247243873
0.00116836358755573
0.00336513420034652
-0.00178341368281553
-0.00424913404695971
-0.00476891371212723
-0.0106818871530134
0.0022128846003746
-0.000951751256645086
0.000403371064041858
-0.00477883725267758
-0.0123329900808148
-0.00114511730540877
0.00281297425964463
-0.00287878664556239
0.00197165835383551
0.000797493875132406
0.00446970956833121
0.00668371804390685
-0.000319281932957419
-0.00132521906528085
-0.00731980534565415
0.00583527519474362
-0.0018375193251651
-0.000988667151149815
0.00452186511737314
0.00765842754486525
0.00442450228319912
-0.000916533982221467
0.00230561887934824
0.00154095866717604
-0.000623514705306859
0.00129843730996443
0.00672145251789279
-0.00346485324468472
-0.00664583639600188
-0.00921466932044897
-0.00613608596202282
0.00190058617467491
7.67830029597091e-05
0.000962977492924738
-0.00418009816686826
0.00183849894689302
-0.00362244217311417
9.32164443359341e-05
-0.00104906769502507
0.000819078739224673
0.00288787939599778
-0.00373413200819982
-0.00325969168726196
-0.00418215071739775
-0.00376821082110546
1.52283655025303e-05
-0.000153282902646748
0.00220354964572748
0.00207120551708582
-0.00185636744774661
-0.000821151632871294
0.00026832126627385
-0.00128602020681117
-0.000184472284952495
-0.00240713858632926
-0.00145509062498424
-0.00179632854820435
-0.000854152843250869
-0.00207749558072587
0.000733139050896618
-0.000696989691906316
0.00406228368810253
0.000660152647311402
-0.00109487459167615
-0.000487350232497036
-4.68198622808336e-05
-0.000963667306258943
-0.0037392922081091
0.000623030107389841
-0.00291499969390371
-0.00376704512454248
-0.000938335715977396
0.000568341669596879
-0.00277306023520817
-0.00925082252853563
-0.0016585227879796
-0.00143734758379401
-0.0016471178070033
0.00028152145805836
0.000411307847605937
-0.000792002177150283
-0.0020217732662205
-0.001958122560674
-0.000398596955249705
-0.000293614490526189
-0.000101948616032176
-0.000602640678924724
-0.00150731161382045
-0.000890272529422086
-0.000180668335773179
-0.000984725127605966
