-0.977797627897556
-0.984294855299746
-0.834370195026524
-0.502035122929338
-0.101257662497878
0.0151206132045395
0.00529512345025011
-0.119532111768018
-0.157961142429629
-0.104398019717965
-0.0589177007326484
-0.100885211954879
-0.104671452176464
-0.0854825464031509
-0.00753103859117978
-0.0139122124137883
-0.0305741828893034
0.00275648493470014
-0.0320102443626564
-0.00791752506386288
-0.0289882656868464
-0.00300158083197796
-0.00894923041988221
-0.0139592746508473
-0.045225726578553
-0.00311402438068628
-0.00178161541216747
-0.000522379897807897
0.00108111327858129
-0.00112794096380462
-0.0135241082269814
0.0230397549115309
-0.00732108221041725
-0.0286461958478374
-0.0666186990534812
-0.000534367794913312
0.00577474122508894
0.0148734890413883
-0.00523023613279182
-0.0107007086125444
0.0571709692960231
0.0154673947881459
0.00125242570175915
0.0151057357001468
-0.00216551906093589
0.0309954881446312
0.00325550239915099
0.0144986045298972
-2.41878420826423e-05
-0.0235688281428145
0.00287106797650899
0.0300100924690786
0.0348808792974717
-0.018483612760753
-0.0110313045074522
-0.00953714971539785
-0.000936153423104132
-0.00999579659535358
0.0113298111760359
0.0406806229468884
0.0256543331547215
-0.0131347739086482
0.0241420775929865
-0.00871554205185096
0.0147790901000482
0.0400065820985251
0.00201734230093328
-0.00906944923340357
0.00555099417225537
0.00648134770785239
0.00164849895879238
-0.0173419249375197
-0.0387122562493433
-0.0240862710211724
-0.0168227757744974
-0.000918532965281965
0.0238730561818209
0.0233354446996694
-0.0052968547363554
-0.00065259684489166
0.00629587922592947
-0.0289895697102865
-0.00310810101453766
0.0242127672087876
0.0151338704947858
0.00491467954791251
-0.0190333292943585
-0.000951943880804494
-0.0665301231296929
-0.00838028326935992
-0.00730414860990156
-0.0136089220243506
0.00510786763889349
-0.0240940062620038
0.0996741103473825
0.044704675069413
-0.0404876252697595
0.00206359178865165
0.0594200141890438
0.0250714586693552
-0.0412972881441487
0.00698885487297547
0.0120455897713762
0.0040169493761639
0.0153928600663485
-0.0234711484926179
0.000130456018351506
-0.00174467155421556
-0.0322954936256647
0.012073408511433
0.0298483155429103
-0.00279194313958724
0.0263338368640492
0.0267616295311851
-0.028494857376057
0.00375171011079141
-0.0199624046155959
0.00356629230718412
0.0108094802216307
-0.00736016740111721
0.0182025698749485
0.00367792536869013
7.223985579995e-05
0.000941540066337319
-0.00962509716322593
-0.0359711521717399
0.00156249838579307
0.0146276367386375
-0.000234182349052158
0.021125312834507
0.00441794654750909
0.00134633455482016
-0.0156881376405163
-0.010174245559499
-0.0121747566306379
-0.00573367237681593
-0.00843176830289721
0.00839103963184379
0.0113945107860252
0.0145761466168293
-0.133430345139098
0.00166411687055195
-0.00200310305823349
-0.012347647302188
0.001903706300813
-0.00307674066341281
0.0149840251375721
0.0677298308071648
-0.00312940815147067
-0.0127070524652905
-0.0145423678635202
-0.0253162789479451
-0.00619296945345019
-0.00153801764893402
0.0161808262551446
-0.0229739828255961
-0.0140959904073235
0.0010316512372168
0.000300442927456415
0.0052904396690851
0.0617418097953506
-0.000859844168621508
-0.00586352956530273
0.0784141076551234
0.0052549359473284
-0.0493502052443331
0.0108945062508187
0.0424864124897146
-0.0116689641645764
0.0327041353639118
-0.00427564904197928
0.000489287632293086
0.00216715928513091
-0.045125973192216
-0.0130300528354204
0.0091475896329816
-0.0476638012445545
0.00624491943798207
-0.00484414362384143
0.112347981695374
-0.00587671076140756
-0.00484083841364731
-0.016650744524931
0.00134418924623336
-0.00201745064102938
-0.0307180478255764
-0.000101847074446162
0.0068160811058736
0.071655401135615
0.0373345658443023
-0.0208479064831799
0.0364415888208034
-0.0119298986159143
-0.0307376456998707
-0.0309803799860476
0.0339178248509129
0.00606804025662798
0.00321890678561408
-0.0422855707845041
-0.00240949850734323
-0.0708755566180638
-0.0228486553624072
-0.00729649868890388
-0.0240878082140693
-0.010003090941836
0.0023058322196141
0.0380985671875615
-0.0017794477128488
-0.0519162112646924
-0.0179241168871799
0.000911232613984417
0.0181580314557758
-0.0102253117720067
-0.0120513455922331
-0.00245429976560806
0.0192376021003612
0.0060607004162637
0.0088709442003854
-0.0473770112330452
-0.0607432007940507
0.0122021357742912
-0.00634331409693248
-0.0374356362346989
0.0255815828581889
-0.046243250227147
0.00830421284899576
0.00396210818495901
-0.0729691846947891
-0.0141262350751144
0.000923847158256545
0.0130296963731085
0.00230816968255133
-0.00393912207519925
-0.00309873250577343
0.00309936098278801
0.0253949166811984
0.0169741856246177
-0.0335034169148735
-0.0332059391166354
0.00369836436061439
0.010009945654407
5.7656867045024e-05
-0.00598100278987461
-0.00881015010187422
-0.0259949218507926
-0.0304770716137509
0.00346176593331114
-0.00638064301398242
-0.0120513759700399
-0.0415740168938917
0.0164711854230855
-0.00438744705193895
0.00105430095560799
0.00118842847373559
0.00107794692653569
0.00756989578004484
0.00248752911256326
0.0329801771936029
0.00135653829892894
-0.0147575691235825
-0.0209155340904213
-0.0326522657505876
-0.0725004710861266
0.00463111441178498
-0.00115595202884636
-0.0344299505710419
-0.0624760802848613
-0.00442234346378254
-0.0489330291805068
-0.00845409595825285
-0.000671591086437013
-0.0126880803362982
0.0188586538335908
-0.0351876358575061
0.0106607866197781
0.00488132202294738
-0.0315024363311573
-0.0346376819230853
-0.0259920063362007
-0.0110724295867778
0.00837208701319373
0.0174263378479485
0.00296482536576952
-0.0340516621709073
-0.0696099084126717
0.0405469048191031
-0.000479342293242789
-0.019451455878141
-0.0730455060008961
0.0260860170638566
0.0107905018507684
-0.00246733830489351
-0.00847084114384195
-0.0277530918396126
-0.0944083406365661
0.00254350316468636
-0.00778974128787712
0.0112207234772073
-0.00610602374146256
0.0177435082805422
-0.00235479518590193
0.0104199410330542
-0.0138976734613475
-0.00285527853523849
0.000858634558775647
-0.0107952130399687
-0.0196400032778064
-0.00717790140825247
0.0156556776620612
0.00928825750987565
-0.0126183002397959
-0.0075651475123246
0.0044722453894972
0.00340618463371241
0.00232370766232441
-0.0242925102594227
-0.018413018841962
-0.00455055587199708
0.00546366296721077
-3.61011184858645e-05
-0.00763805885144435
0.0352188940853917
0.0250685453734996
-0.012586835737647
-0.00348797048516598
-0.0241803932532076
-0.00141656079796134
-0.0101218351782421
-0.00308553858270173
-0.00132504507108901
-0.0363488064216315
-0.00783318194516853
-0.0090615111360458
0.0221507915207691
0.0142819107166284
0.00588130136213183
0.0427837436018633
0.00243302774012356
0.0083026397496228
0.00154269737788022
-0.0284514088306522
-0.0193735278997358
-0.00786068692857338
-0.00787072630159882
0.005053195953082
-0.000980886134658646
0.0037627342541056
0.00514416407605473
-0.00139413119293377
0.0198983259306701
-0.00156275379155622
0.0103998188757841
-0.00800812582379304
-0.00515748212043314
0.00577210527426115
-0.0281533396999084
-0.00559663745806916
-0.00794248420893845
0.0133530794324676
-0.000719065509404438
-0.00325046195754476
0.0108746708143962
-0.0252640248084976
0.0080683933132293
-0.0304168296145845
-0.0239260742596294
0.00105551805203122
-0.0105467628028797
0.000571268493408609
0.0152803263396939
0.0142231498974991
-0.0228734058514018
-0.0244334533400205
-1.96722067260539e-05
-0.0103481258470197
0.000293220005581512
0.000848532079208422
0.00186101984686438
0.000973062755585207
0.00039870301370045
0.00640507246797848
-0.0107983528073665
0.00507360418119614
0.00354696292862033
-0.00246865538048737
-0.00449165053596009
-0.0243087869003563
-0.0143483741408879
-0.0018921270484886
-0.0254761361038803
0.00434477797665015
-0.00970786690587134
0.011671529421924
-0.00213308473798541
-0.0172194636525438
0.0181332884688759
-0.00299069194819081
-0.006017488069938
0.000839116372163565
0.0267437136028215
-0.00275296697913951
-0.0127684473909779
-0.00026225574959215
0.00877052428887437
-0.0114450611087785
-0.000815882395415132
0.00977080085625948
0.00594542478932462
-0.0087771281913106
-0.00231216757000587
0.00572406953100768
-0.00206699687170002
-0.0396736291040394
0.00201451643032475
-0.00646714690629734
-0.00315719753004219
-0.00256854765816764
0.00023626671583385
0.00199614997383136
-0.00155556756554103
-0.00325388679937867
0.00572286750858275
0.00324715407860175
0.00428318760766469
-0.0107302049808412
-0.0014185075013791
0.00356160855210791
0.00101482658573254
0.00101428191175646
-0.00184655013093655
0.00113981217327232
-0.00195613897263264
0.00071862574549774
-4.12326414808749e-06
0.00551469705982472
0.000382787160546118
0.00421950144133401
-0.00679856144933145
-0.00269821639406066
-0.0166302992060148
-0.00332073708336109
-0.00633310496502855
0.0106799459756849
0.00894058957239216
0.00283897441070075
-0.00150035455476148
-0.00763543819094467
0.01105677690478
0.00108491647258102
-0.00138871909023825
0.000489692628562422
-0.00943458440494593
-0.000278733527738452
-0.00568606992418101
0.00377627027767785
7.54260386415066e-06
-0.0121982903139445
-0.00245146130325395
-0.00740388182701814
0.00935942167928426
-0.00161175562876949
0.000186169615631135
-0.00656799099189111
0.00820556584057888
0.0020156738001323
-0.00435157375086252
-0.00339772041522729
0.0022180241359762
-3.9539381876538e-05
-1.71368844900772e-05
-0.00260236253478599
0.000899379096350404
-0.00179093644312433
5.25583842841144e-05
-0.0121035737634505
0.000332419710454217
0.00330798083042731
0.00269484417787382
0.0031814466232722
0.000918255909272939
0.0047830523052705
0.000344544642551745
-0.00218811409103142
-0.00117964555596646
0.00175062859652606
0.000140609311969839
-0.00154571529389327
-0.00201442275435372
-0.00225688832635276
0.00253462679399252
0.00407301775863769
0.00109144937116217
0.00110364079324874
0.000930506179560192
-0.00137186667641931
-0.0018276825122369
0.00159199702166561
-0.000825981531091276
0.000695755392836095
-0.00104893003217033
-0.000925954544753902
8.69349446865658e-05
0.000737316144604999
-0.00595178229150125
-0.00183773689274882
-0.000517513775171092
-0.000350530065477714
-0.00142847009490454
-0.000628016788220648
-0.000593080417115226
-0.00238162526433547
-0.00304837818113607
-0.00152036117217421
