-0.951100347829251
-0.928912131529431
-0.729277472014348
-0.461602369663938
-0.222596766284838
-0.0660499780174867
-0.0245485854606865
-0.0643363143242315
-0.110178166685998
-0.0365572206208986
0.0257173762663681
-0.00273118304281077
-0.0678480654370074
-0.0342699267648783
-0.00169245656234601
0.0124283641678293
-0.0620108933123975
-0.0150904691857009
-0.0571831046334462
-0.0343674141478282
-0.00104216989919199
0.0715734010185345
-0.00640847871509468
-0.026584244666435
-0.0179823377127214
0.0417044635058913
0.0178949616014712
0.0438248986636306
0.0234217991995825
0.0671098623569123
0.0579118658911545
0.125264019755275
0.0255022321128645
-0.00631286201158978
0.0601209753699578
0.0305474491603776
-0.0108479946465415
-0.00492475696889002
0.034965555064402
0.0275339491751508
0.0231297903841695
-0.0052617046652139
-0.00851806559518265
0.00784349594262877
-0.0224389405849819
-0.0030171523086045
-0.000186774878423814
0.0893462097883432
-0.0128062669892578
0.00832138068666708
0.0328817877477278
0.0194656416961501
-0.00320609141181846
-0.00122399173458218
0.015807293992835
0.00996733565986929
-0.000212226538582459
0.040486602461881
-0.0362267890834853
-0.0171802372540808
0.0254491775585547
0.0341962818237774
-0.00997608039903835
0.00844892743734837
0.00367722670671295
-0.0218331755746057
-0.0116750935065359
-0.0119029612954258
-0.00101694951191747
-0.00848925956177116
-0.00531124321667053
-0.00684449492607222
-0.00789903199607541
0.00750785030639471
-0.0353581434525833
0.0649145055571898
0.000793187126273619
0.033347804444303
-0.00229483224410946
0.0414115599661942
-0.000191515065205388
-0.00275217039704443
0.00277260932826885
-0.0130084284939727
-0.00269524899584337
0.00297979827599259
-0.0119596543650067
-0.00918901138274327
-0.00668628366219256
0.0210094321889731
0.0193614352082605
-0.0189895866158539
-0.00488408300080087
0.00122422233548283
0.00626353275232099
-0.00243005070790379
-0.0215557434602882
-0.0145278749354934
-0.00866441461461399
-0.0181838014853297
-0.00549459564086026
-0.00177572828927261
-0.0026959156677593
-0.00721326862237404
-0.0184271918149574
-0.000344404507450889
0.0122447928192422
-0.00233561663704845
0.0127915536752933
-0.0171041214158713
0.00653566644406775
0.00198900757015607
-0.0104193944645383
0.00534298800088092
0.00176853932243596
-0.00221278755039269
0.00266241929970667
-0.0113394426279678
-0.028910293714025
-0.00256725406100478
-0.0159403908921509
0.0482544084203706
0.0120031914400264
-0.00383932894842172
0.00493477813349907
-0.00751241491893751
3.39880651198977e-05
-0.00437747977347685
0.0290164300371751
0.00311914982358979
-0.0237997376486736
-0.055063698794082
-0.00638912093351327
0.00270790707970299
0.0116357558998249
0.0486477052831718
-0.0191785282667462
0.00429535882069149
0.0358006947801216
0.00327524641285593
-0.00495581014057628
-0.0158817941148059
0.00175002004787533
0.00141835815868221
0.00186037780994866
-0.000400595629058178
0.014698668509191
-0.015810735025522
0.00575947312270931
0.00955382862564946
-0.00522441283457599
-0.0148692461443185
-0.00111449385781183
0.0171388298999461
0.00315711742909686
-0.000573425345571946
-0.000418197524942734
-0.00896551443584379
0.0029461240413953
-0.0072175673664688
-0.00792286356508484
0.00140110992637633
0.00448616972168056
-0.00412829243661555
-0.00498300425960346
-0.00267291905311856
0.00141528823336444
0.000998894875679451
0.00107458534184829
-0.00462886971456742
0.0023014894603732
-0.000990763776431628
-7.33011208798665e-05
0.000938085931441455
-0.00165706282426215
-0.0080891266329845
8.61797243974531e-06
-0.00154334889155944
-0.00262703975726398
0.00309322073509921
9.15179107653512e-05
0.00454100480448401
-0.0156255433597123
0.00161202214140481
-0.00363247164754793
0.0156660345450515
0.000892164356935635
0.0106231150329639
0.0043145701258798
-0.00120837106943076
0.0196846190711824
-0.0188705467174033
0.00190736273303983
-0.00149069596746544
0.0157032280095486
-0.0126702355427617
0.000493076335884334
0.000959923592780262
0.00463164178721382
0.000205985419563464
-0.0241316263457501
0.00160691152899281
-0.00109750004762691
0.00143434010470074
0.0228878176457602
-0.00815446881760782
0.00789424271950182
-0.00129823918371066
0.00190073267546807
-0.0206651822953711
0.00227800438234739
-0.00978853497503072
-0.00639626603010829
0.0277064409722431
-0.000776327802574771
-0.00249236254866319
0.0113199520985407
-0.000785714997577052
0.00179907764520914
-0.00858334893997452
0.00921918313068295
-0.0160257514235421
0.00187433513207051
0.0128618208798552
-0.01941434512075
0.00347260186724065
0.000453298657396468
-0.00653604952642068
0.0212535459881008
0.00643722627867767
-0.00467357768674127
-0.0319042679776716
0.00639181369109343
0.00593251350142511
0.000116077393379464
0.00338305937943848
-0.000131570744471799
-0.008022467760115
0.000178598936385414
-0.00384583625017043
0.0159489111022187
0.00888016152593411
0.000309474231312352
-0.0053134201233103
-0.00348035691216103
-0.000113583549883363
-0.0107285048665559
-0.00440673632358398
-0.00518536047279074
-0.00385648745211037
0.00332257265279826
-0.00526909281161409
-0.00841134350156347
-0.00800814742543082
0.00543137054319261
-0.00952791727927599
-0.00447439291441007
-0.00373718672021486
0.00432134422844831
-5.06585056971165e-05
-0.00151624598944264
-0.00294577939879616
0.00468323956785944
-0.000896192196344054
-0.00156550435989176
-0.00388304609126151
0.0040567219081333
0.000330259968081141
-0.00260908972731503
-0.0143123632925168
-0.0210464730774762
-0.00898237060442594
0.00714282586800927
-0.00455890181506252
0.00510263919637037
-0.00496645958057711
0.000235745218905019
0.0035260887365655
0.00405630704964157
0.00225404707384651
0.000385069716696858
-0.0326751122993761
0.0138570727072681
0.0117580715355489
-0.0154252778238062
0.0279757277965842
-0.00885587189264564
-0.016294418527344
-0.0275522657141394
-0.028223285155933
-0.000300381217712894
0.0201724717624839
-0.00500121912510602
0.00870142659053511
0.000437121166716546
0.000500666094991612
-0.00198444691268144
0.000719260946013055
-0.0013570228405902
-0.00335361851920108
0.00765019875412456
-0.00243774057753746
0.0022330082336373
0.000913316166148363
-0.00375713203355792
-0.0131212571482929
-0.0174192527906534
0.00275822707904999
0.00166985565047613
-0.00066242096951121
0.000823247237398329
-0.000133144478570296
-0.00122818740892023
0.00660966081249891
0.00220804479349293
0.00117425801145995
0.00458180951677591
0.00322892821449739
-0.00921901826113732
-0.00208906851439321
0.00341644947956085
-0.000969084345365864
-0.00394555455763041
-0.000249955972179731
-0.0052350987413475
0.00270407146981591
0.00161429774794618
0.00268564435524919
-0.00121867198324742
0.00327954612248682
-0.00189693195634456
-0.0027244606813034
0.00262783402255787
-0.000358335957361071
-0.000569039406660043
0.00877500891900891
-0.00140724424219654
0.00456865928733898
0.000423381468826039
-0.00289381254008132
0.00210331800500793
-0.00127518442929671
-0.00405291103018135
0.00326600591071229
0.0277442382800554
-0.00715731645011913
0.000830118587949215
-0.00114131847092322
-0.000202910719336113
0.00210107934410318
-0.00512577019718732
0.00372210034815725
0.00447405418666335
0.000159494104947551
0.00136481462207112
0.00117380105812181
0.00100482518866041
-0.00610015007903814
0.00122576453241452
-0.000663190659222503
0.00301379920490759
0.00457271105050499
-0.00412956228967374
0.000308470323120527
-0.00711033513260662
-0.012148803369428
-0.00257835681806304
-0.00202283921625205
-0.00103033854808493
-0.00439265282675116
-0.000608860272810701
-0.000934680018747019
-0.0018521567805282
0.00536755036247026
-0.00100225390761874
-0.00386226927336447
-0.000423947270653736
-0.00204610413728877
-0.00239591432436043
0.000692503380544305
-0.00270870484855159
0.00221440331277884
-0.00628751940876153
0.00132262440916128
-5.76412297020718e-05
2.02043679661747e-05
-9.76595565512047e-05
0.00383085820771614
0.00253632616348569
-0.000390046090521646
0.000197666694979273
0.001021557255387
-0.000376265992412819
0.00422390400525178
0.000107189915006851
0.00225786459581173
0.000783826370925387
0.000913776127725348
-0.00380690527203214
0.00508338259741441
-1.19056301960726e-05
-0.0120922333710598
0.00235903432518669
0.00215629634583348
-0.00267690163945581
-0.000455147973247457
-0.00151606416002055
0.0023592997940134
-0.000255674885340066
0.00144777172990657
-0.00064453395717916
-0.000730903280950432
0.00507801555729805
0.000349845375345425
-0.00162229787529763
-9.06267627535397e-05
-0.00472383720993411
0.000430501390483196
0.00206694823440784
-0.00385432699298566
0.00366488979552751
-0.00192259470041016
0.00586340362853362
0.00113703782830339
-0.00140263513391248
0.00418430626272726
0.000952034320024262
0.00242449859732733
-0.00094372141558152
0.00240851606445175
-0.00156480306080278
-0.00113191317091604
0.000740653516765725
-0.000993873942157627
0.000322015549509522
0.000346233349484967
0.00190432009957134
0.000334205054508154
0.00165480081664438
-0.00378544734188867
0.00094033706827303
-0.00167687824560064
-0.00331992070209499
-0.000412868320904168
0.00068603265519619
0.000266906352634482
0.00069817368434464
-0.000937513783781669
0.000196697631141297
-0.000422293530631344
-0.00420283464671232
-0.00516641159682153
0.000796084530586528
0.000403436693871464
0.000398924267973902
0.00125230324156489
8.835003404336e-05
-0.00107714559125136
-0.000554180373089149
-0.0017348586490318
-0.000661963954544967
0.00140212758188124
-0.00351488513174171
-0.000822058288950412
0.000991058667396768
-0.00137517504562622
4.02423076159555e-05
-0.000920456224251035
0.00144629886762908
-0.00333124992252447
-0.000136683879933473
-0.0026429308148759
0.00116668874959573
0.000760548755676366
-0.00133097466547425
0.000500816457719154
-0.000626215696764804
-0.0018831918410305
-0.0022335383815636
-0.00250455446731632
-0.000291304769889616
-0.000383239528999608
-0.00225198252759721
-0.00088034971761384
-0.000191368900971651
-5.38476108892169e-05
-0.000151785647719183
-0.000127855756496954
7.15748115986661e-05
-0.00107511190486149
0.000470769381166507
0.000567651077542928
-1.99444964735244e-05
-0.000586082597141894
3.70574505000338e-05
-0.000126042590982085
-0.00142109371144572
-6.16371732135397e-05
-0.00114859808129651
-0.000955367351722955
-0.000164705429004876
-3.07055603505335e-05
-8.70848397822208e-05
0.000122925318838755
-0.00031653455134417
0.000256909328802277
-3.67675378831941e-05
-0.00029985974078128
-8.09641643552841e-05
2.68927538556374e-05
-0.000171449210470133
-1.5437140361561e-05
-3.39758349121312e-05
