-0.988723895685828
-0.996955098205318
-0.81921124352007
-0.309181953410861
-0.1827547565114
-0.154923841243795
-0.0884030625208546
-0.0310624600944142
-0.045378992358259
-0.0143506227888384
-0.00311098585995862
0.00819090612342517
-0.0163542960005145
-0.0212629643635111
0.00255758692494934
-0.0467586254356108
-0.00976161738910632
-0.0181161515058307
-0.00753762105628456
-0.0149456779250686
-0.000806293982255042
0.0241657454058648
0.0079353171181159
0.0229520230690978
0.0558876384932919
0.0230556336659439
-0.0151506706995047
-0.0146360823614507
-0.00186476446504253
-0.0261451056257027
-0.0396042772802995
-0.00397305583478558
0.000952182413152888
-0.00310599510257729
0.00108664475839192
-0.00260993397947742
-0.0129306693321348
0.00303323500272146
-0.00115950695096492
-0.00168377314212683
0.00727766490443372
0.00927288200686251
0.00699227574812779
0.00445725605728357
-0.0204675645113764
-0.00948968718235566
-0.0036290100830658
0.00284408885201677
-0.00113610352865823
0.0257009412016491
0.00215968562758535
-0.0355550522968099
0.000404958244177327
-0.00978639372495264
-0.000742624443579119
-0.00848410820439482
0.00161395217728531
0.0103700923323826
0.0142144697830568
-0.00570806631689133
-0.00456662571988049
-0.000460335310105713
0.00311654213174387
-0.00310245428768984
0.0015305416740924
-0.00440391103501679
0.0100557174958765
-0.00189782050820683
0.00120595745463094
-0.0202013530187779
0.00217991832826483
-0.0111377015545445
-0.0121982464827509
0.00387609822667745
-0.0200381938609321
0.0030640591327263
-0.0148525599221421
0.00122662153851117
-0.0180799801170583
-0.00405855038309388
-0.0265839241383819
0.000614983499739946
-0.0251335035516562
-0.0208368979465231
-0.0123768773324809
-0.0103316172540918
-0.0150670518940319
-0.00771748665384919
-0.0168965123029438
0.000695721381987501
-0.00686221288135491
-0.00239702141834187
-0.0134582963475028
0.000931009565147599
-0.0230058572517293
-0.0269562029793974
-0.0127569034975616
-0.00597090590912918
-0.0109489510305598
-0.00678231126974199
-0.0113671535144681
-0.0143063672763604
-0.0176902571026502
