-0.978673506990911
-0.854057803703444
-0.360340193838128
-0.31730232704766
-0.299279928163415
-0.38521185244232
-0.242923359398066
-0.0487776937589147
-0.186418013137688
-0.112418952947522
-0.116302518806368
-0.143862065656335
0.0788537110285193
-0.0683688673575948
-0.0291109887373839
-0.0619574979133187
-0.109880972176889
0.00176133638976092
0.0219582884767888
0.09156741759471
0.0391240232415144
-0.00411573516573264
0.000245599522939832
-0.0378907981663021
-0.00509819004229821
-0.0508657379008913
-0.0327841014878793
-0.0280934076836295
-0.00613231649469717
-0.00623599333119159
-0.0449124755095128
0.0282423909804768
0.0297854532638576
0.0121423687739606
0.00483811998356564
0.00850907817278966
0.0252332514861288
0.0292622280370976
-0.00509354191765781
0.00903649809311141
-0.0141359764201533
0.00201370968419361
0.00531733931444755
0.0572008581335114
0.00966339340855578
-0.0150208207887625
0.0042762605256044
-0.0236338365959067
0.0144142375625882
0.0163911561122596
0.0257485368686887
-0.00201419125963919
0.00767872884077007
-0.0131996033865657
0.0238938077719047
-0.000747668943288046
-0.00495601613348361
0.0393097781363096
-0.00283135025245256
-0.0158241799726623
-0.0219443750752429
-0.02676196943805
-0.0143929844026205
0.0245723209754879
0.0140487509738958
0.0213687488469033
-0.00809385597336858
-0.0175481819412997
-0.0224572939032803
-0.000551908732993301
0.00555172355827536
0.0745387086603436
0.0126704052807796
-0.018341610871415
0.00807288838566024
-0.0178786492294721
0.0026949678216997
-0.0146641772821533
0.00412782777730919
0.0225731868205818
0.0106972968590545
0.0139932380254086
-0.0311181382086706
-0.009421375027144
0.00101704740597838
-0.0273894684415293
0.00490193710704283
-0.00978956833019214
0.0320808898467546
0.0104846591016799
-0.00694052417171198
-0.00792393455642047
0.0363784135291261
0.0348460538604131
0.0057230688785106
-0.00139751264813226
0.00997926107397845
-0.00849022197370976
0.0191471177688768
-0.00437583728944074
0.00165253810607623
-0.00327318827310755
-0.0571539563441888
0.0533197646595106
-0.00648642080709578
0.00997918197999309
-0.00594867347002765
0.010382041303553
-0.00022015170764196
-0.00609273592793476
0.00290278062775106
-0.0037987608879924
0.00481126082822487
0.000761446971289816
-0.024399199001372
-0.00899722897510472
-0.0192277053961278
-0.000778897815459136
0.00398978812208837
-0.000112803986896727
-0.025594770705222
0.0346535751944281
-0.000537389691580443
-0.0094556719830819
-0.0416627702497128
-0.00433335376098761
0.00785842292541813
-0.0727575485512834
-0.0261924752938675
0.00356144821489285
0.0473924117534799
-0.00871311596856806
-0.00295733300263186
-0.00388831127584351
-0.0487106282795354
-0.00366341704394532
0.00616142398083471
0.0242433689648165
0.0128569542829102
0.0345101915739329
-0.0154664954856659
-0.018380591499472
-0.00183455656045847
-0.000626867244604325
-0.0122554602696612
-0.00571023793215511
0.000588876641201268
0.0158734806406312
0.000771100634132445
-0.00575818861655779
-0.0199810899068678
-0.00294379737052027
-0.00290050504517766
0.00632488227396487
-0.00275052340855156
-0.0100790473024303
-0.000321622033404628
-0.0044498963518032
0.0124545329016226
-0.00119766823199794
-0.00263831725381791
-0.00268359165354962
-0.00285055399666772
0.0046172988796806
0.00997286398966381
0.00768968406452071
0.00772961584198514
0.00334154649491346
0.0199306514773734
-0.000497491920157822
-0.0232664670994723
0.000323643146898577
0.0109681046016448
0.00321358823402385
-0.00212350032032945
0.00179454038501632
0.00996807978655119
-0.00256303256445628
-0.0148206579910703
0.00935144820608265
0.00331080573413324
-0.00508469206558028
-0.00226627188282252
-0.0124686143001203
0.00320157882241059
-0.018890057914508
-0.00469409323007235
0.00235465878641931
0.0106176401366155
0.00170597609506705
-0.00168526747006527
0.0128138504263736
0.00367920461525997
0.00409637316555975
0.0136448954796555
0.00155705151638128
-0.00435462236115724
-0.0200330121851374
0.0110852508854585
-0.0036903483207168
-0.020092438973409
-0.0061634262755428
-0.00309967491324243
-0.000891757395885841
-0.0253907420133181
-0.00257394951699416
0.00732942582509031
-0.00833697250096699
-0.0176592072487652
0.00127337462603341
-0.00531266344743017
-0.004530216108787
0.00450214671600297
0.0063064669889891
-0.00485000356581698
0.00882139211032116
0.00263205962429745
-0.000680205734936882
-0.00403784178213877
0.00359516664877194
0.000921516496465169
-0.00937000386314494
-0.0161289046392082
-0.00243263272978996
-0.00944437867038507
-0.0173547603470601
0.000907224631371311
-0.0112064041884098
-0.00165123815566219
0.00272306915620099
-0.0203952715914702
-0.00849058163509502
-0.00324992343839795
0.0132175805266588
-0.0306654634706759
-0.00984400452917349
0.0024397189609883
0.00160484140265738
0.00334740845957631
6.64426800220984e-05
-0.00511494976886673
0.0019340822544153
-0.00159231009709778
0.00115426062313778
-0.00820064836725904
0.0022109696921692
-0.00492399575985569
-0.00972988157124781
-0.00195037126082287
0.000876873125921945
-0.00472516945735296
-0.00424511206811015
0.00157296147425029
-0.000837062122608595
-0.0203996943675457
-0.0038107063819035
0.00405333530262197
0.02347133089088
0.000498261156464508
-0.001490810691753
0.00354079588060528
0.00780135682128078
-0.000386786874055618
-0.000157510533992013
-0.00178222044337796
-0.00202989665811269
-0.000727048929495094
-0.00119765190940852
-0.000945416761699299
-0.00755094428045504
-0.000552500356018069
0.00752771575458204
-0.0100850196904246
0.000119891175622087
0.00113116573452992
-0.000651225896993765
-0.00364757466030377
-0.00023031831841066
-0.0095779363239988
0.00517254286156334
0.00700799279903707
-0.00562703785326238
-0.00322958278436964
-0.00486117129643909
0.00276681370254449
-0.000384920126877068
0.00338073943194324
-0.00398655052269755
-0.00196178320791682
-0.00875688373687753
-0.00408539816856902
-0.00612395034668953
0.00680582215025715
0.000730147898800702
0.00333985114300433
-0.00217146514672796
-0.0027718578120934
-0.00261482508766855
0.00156830800788307
0.00171832741098599
-0.000924831326099277
2.25524116608288e-05
-0.00101953278114931
0.00152261383005083
4.43769554846086e-05
-0.00187279155459699
0.00593842749992991
0.00011428909651025
0.00105398561322499
-0.000732307300605121
0.00124891354352017
-0.00606615839071999
-0.00286796801685583
0.000317980417380618
-0.00137698977565334
-0.00134287382381297
-0.00280205014756983
0.00142124563551356
-0.00165391149492871
0.000121122418516305
-0.000279800417383518
-0.00169578283109867
5.17418696505632e-05
-0.00124840722872317
-0.00196811049013165
-0.00913600009274093
-0.000921606898160753
-0.00259886472620977
-0.000973051867709137
-0.00121869203056921
-0.00160544325784757
-0.00101543011999652
-0.0022707056752202
-0.000118653617822667
-0.000986657015516701
-0.00127921349167553
-0.00313124455787897
-0.000964190653762799
-0.0010871841036147
-0.00116401424649949
-0.00188636094014904
-0.00130800147047528
-0.000666549990881811
-0.00109009961978641
-0.000590599172721678
