-0.971284051238349
-0.898996064097684
-0.386853236953993
-0.203170220462856
-0.0984291172833125
-0.100113113262618
-0.138328361442475
-0.193533378295083
-0.149395595586948
-0.0338413405033976
-0.00178160541418272
-0.0397883401543668
0.0330520207436942
-0.032094813880873
-0.01907928999675
-0.0401977675454409
-0.0208205699776498
0.0426609768067782
0.00204913365603625
0.00936792778429056
0.0793902147511803
-0.00745411695630296
0.0137625583367533
0.000630196997321645
0.0113390358077608
-0.0377640291677946
-0.0656557040674483
0.0350668726460154
0.0143223354591337
0.0130696009796041
-0.00307262330265048
-0.0246626839822188
-0.044010502794448
0.0742622171950046
0.0150113930204333
0.000776876036357858
0.0122354268528595
0.0313315512137384
0.011974447709206
-0.0259656846378945
-0.002662158745467
-0.0095200061110472
0.00173044201084831
-0.00996715502563665
0.0167868693130858
-0.0298371670795951
-0.00261488342634102
0.0109786386946722
-0.0368137899337421
0.0232413224170954
-0.0107960680272543
-0.0101361085451213
0.00639708647083465
0.00420130118160194
0.0125542444965568
-0.0702070135027757
-0.00336155504878214
0.0173124939592156
0.00201666922132291
0.0240415637307594
0.00611405488016285
-0.0152926638301794
0.00334572687833412
-0.0111430477964501
-0.00547091774928775
-0.00564403215491435
-0.00726165160210856
0.0225930437493954
0.0106309324310639
0.0129374988491193
-0.0367811733948176
-0.0186125512798002
0.0329159150870324
0.0204894508561116
0.00599630368177939
-0.019437039228937
-0.0246228105814245
0.0047640524391309
0.000928292482322953
0.0949365426800258
0.0299562262193235
-0.0034724907712421
-0.00325205673762414
0.00551140556425338
0.0142678719211581
0.00119693008766877
0.00814432023569652
-0.0170949761358882
0.0244639885393361
-0.0105431768623232
0.0330036060205371
0.0274825805650641
0.0032761535651726
0.0733707793992332
-0.00593640030906252
-0.000991949808119335
-0.0356696931177651
-0.0164938580370535
0.0418339027076248
-0.0156497876708841
-0.0111159324251492
0.00944694391182842
0.00772509785557702
0.00460774580078486
-0.00302387106264149
0.0387447684600108
0.0104665367515125
-0.000660854513298738
0.00227436768602654
0.00568667358370831
0.0291230617333088
-0.00276258503356318
-0.021081380144917
-0.0242176941124018
-0.00494456964878627
-8.91159314309609e-05
0.0078064724958528
-0.0117295759922984
0.00130250912426642
0.026484049741523
-0.00104200754107146
-0.0204774611764412
-0.00113987705755444
-0.0178445572417246
0.0283493786807628
-0.0050299821135557
-0.00225966593461924
-0.0167574939858005
-0.00425030703902921
-0.000906200882625959
0.0455058631881849
0.0284167666546087
-0.00118889406575347
0.0253899629801893
0.00181260384666717
0.00370548402905454
0.0213394572073764
-0.0166866919864735
0.00285136047987154
0.00419917709310457
0.0185776164790115
0.00187717367011116
-0.0071537015538138
-0.0245334277778078
0.00593224567961087
-0.00455413540938833
-0.0194536424744846
-0.0176913870204217
0.00228310215269659
0.00258518003371127
-0.0191517926253181
0.00735389974301531
-0.00138343742358538
-0.0130826864777579
-0.000418541611947382
-0.0106064810841521
-0.0160900377414686
0.000357475284942066
-0.0263104377832664
0.0117815940789373
-0.000186109068090631
-0.0125905935330393
-0.00578811124922236
-0.0135545784020352
-0.00210657568376418
-0.00198084382841378
-0.0117146393750985
-0.0065959494800576
0.00786046917901034
0.0102509312983487
-0.00779133304473211
0.00651027046584613
0.00555368084473547
0.0510853907793206
-0.0036156273899486
-0.0215970485195367
-0.00540823290416563
0.0196972422808773
0.000110384406250559
-0.00623621498766938
-0.0179002665175082
0.0179123007403568
-0.0286400974243098
-0.0332871984840944
0.00722818001910813
0.00467575083335524
0.0182799156051622
0.0058723113434124
0.0194656449223274
-0.0226017820832269
-0.017449799408593
-0.00881860794744373
-0.00751893325400651
0.000804845290404012
-0.00308081436656792
-0.0517906284211744
0.00224109251284037
0.0231710772128959
0.00299635563509214
-0.0190770496662476
0.00570788556787054
-0.00541979304730794
0.00143564250091337
0.00411780415487749
-0.00536826884412547
-0.00182224359669399
-0.00256691306480811
-0.00134654450965593
-0.00688650486545894
0.00168465597889537
0.0171537745961471
0.00296125524911815
-0.00886768807371393
0.00384474937739391
0.00614644247978718
0.000721057326466363
-0.00119520899688307
0.00447436658150414
0.00424590186841772
-0.0157139241292857
-0.0106782060063183
0.0159680404821041
0.00220983706246212
-0.00790732074912812
-0.0312792919585492
-0.00754603756421049
0.00935111077641472
0.0103999987620496
0.0174510417673981
0.00333064807185875
0.00043101362350258
-0.00138712916514672
-0.00292288561614745
0.00846997636896916
0.000189775105114048
0.0202194984342104
-0.00199434470010361
-0.0113339002933157
0.0303121065176951
-0.0121797411183334
0.00536779381069046
0.00885484904706834
-0.00119655584639861
-0.0071323235929337
0.00513280612528064
-0.0243172100780736
-0.00109848935005928
-0.00358485794276935
0.00195190677751622
-0.00605207179088483
-0.00149961774412152
0.00363909684259315
-0.00432710807878805
-0.00323553517038392
-0.000358070376259976
-0.0103537617353556
-0.00203247341287541
-0.00324575194270684
0.001674875013803
-0.0113935473707033
-0.000736983904447357
-0.0147138139162202
-0.0026309870792465
-0.00323923608262833
-0.00121610139012332
0.000162602056194506
0.0106332160535576
0.00155805072565821
0.000836716994667613
-0.00579490439982455
-0.00730326788531253
0.0150064814935638
0.010298795982587
0.00106659045216142
-0.00119155307528859
-0.00155025016173512
0.000579133801333097
-0.00625851070142631
0.00606439090457356
-0.00611704728966856
0.00147748575605044
-0.00267718394416531
0.00186905851207395
0.00291833506503705
0.00241426559384937
-0.000453561087418928
0.000742328158714328
-0.00134207142562011
0.00204359850652128
0.000332195782915697
0.00054212610675933
0.000376439553923274
0.000218796594031058
-0.00146347386856755
-0.000517557557425329
-0.000746898004246384
-0.0053234668779019
0.000861635927436448
0.00183982862442591
-0.00170577480576276
-0.00446946635290453
0.00193067152769749
-0.00610685791026788
-0.00367423705437459
-0.0019721344496389
0.000239693303071977
3.35134531474003e-05
-0.0015316795485001
0.000447022371719511
-0.00108527624647861
-0.000781723628489899
-0.00592282590813548
-0.00243821052992916
-0.00239344441289028
0.000116291149308166
-0.00310292540783385
-0.00115982025742454
-0.00591906979332015
-0.00038832454612373
0.000234179638845035
0.00136688529641673
-0.00157040053055851
-0.000315378958654513
-0.000600526373048584
-0.00102516185961715
0.000199752229099467
-0.000865645883643002
-0.00252937683365766
-0.000444792592378861
-0.00635746377961456
-0.00276917855778513
0.0006336309139966
-0.000462363231143269
0.000153589408946622
-0.000248557248771305
-0.000103850193644033
-0.000945919997110761
-0.00149863653079711
-0.000173887389959498
-0.000442344756846434
0.00014658091787442
-0.00115694034819753
-0.00168251531278752
-0.00282648786658844
-0.00161599539795387
