-0.986424005383012
-0.958829444759828
-0.545686225217454
-0.281409799219219
-0.242115143564817
-0.3053821015635
-0.123253421820657
-0.0349614760764158
-0.0754621587845417
0.0334781630025339
0.0114775403329909
-0.0928940876430712
-0.0823510956506356
-0.12783155708545
-0.0241026393323497
0.021137469051419
-0.045983928311942
-0.0798596631900524
-0.00110472173617541
-0.0119995162051222
-0.0488761213498181
0.0146623160547218
0.00387603900772155
-0.00675727885794826
-0.00110563622904063
-0.0140922103323822
0.0265250625479168
-0.0597445693177033
0.0316220731356162
-0.0372398336829591
-0.0216762206452617
-0.00149856976368395
-0.0110828671150245
0.0137191609352563
-0.00854212921787824
0.0106648932142432
0.000521927993420405
-0.0105958381416645
0.0281491664308086
0.0361587866647443
0.0145941595875079
-0.0254056410498109
0.02206551292259
-0.00329165198002462
0.0083947356800463
-0.0237969674482809
-0.0586955829825899
0.00313410004876186
-0.00452386893395623
-0.0113311591653174
0.0171099448317942
-0.0161029515123692
-0.0759925677025857
-0.0143844364601555
0.00504021801294277
-0.0137320401706622
-0.018633412580164
0.00220929786686845
-0.0789423839688617
-0.0684628040526325
-0.0367380982798967
0.0203077670393526
0.0109702664731409
0.0124051011286012
-0.000774467180989269
0.0225064202843285
-0.00166557169128128
0.0193426791998314
-0.00287371027661529
0.0973528909546356
-0.021498955498165
0.00360889957440992
0.127680255313299
-0.0303370955073966
0.0417862656695938
0.00582994905834799
-0.00652800867471664
-0.0211745517818335
0.00334933487480916
-0.0123781874271338
-0.0176365070654127
-0.0277130561558132
-0.00743459996068578
-0.0141616254267913
-0.00599020094648745
0.00225663833645281
-0.0099030512506242
0.000653389042406056
0.00036154364488949
0.00516179849042854
0.0291354993047064
0.0609875761325648
0.0183739091691816
-0.00790708518365249
0.0010212819599325
-0.00194319224596477
-0.02322404927948
-0.00974490173870255
-0.00869065935772765
-0.000178531713032041
-0.0123864698286574
0.0307484957819097
0.0218931367346125
0.00474046174526418
-0.00864895065223724
0.00598367173355328
-0.0183967845608935
-0.00205963024235268
-0.00655972437504993
-0.000964995492962048
0.00567103529774421
0.00278866417160226
-0.0268972634591146
0.00766273802775145
-0.0336303496595061
0.0463709100203032
0.00343909877340317
0.00405210561717642
0.00319400428881424
0.00430968176997773
-0.00262454578405154
-0.00777401621573021
-0.00153827283747063
-0.0244538976849997
0.0133178997166894
-0.0346135883161676
-0.0254703915351345
-0.0111798093040797
0.00173995279577406
-0.0226984316832222
0.0028828575385749
-0.0159552589182937
-0.0315533721533947
0.000914957014577985
-0.0104912750048871
0.000333947345348773
0.00557580969425964
0.0115111201075832
-0.0170534921941842
-0.0313095170266844
-0.00865625220289529
-0.0231628488949908
0.0162736771490084
-0.00230809737208765
-0.000776289741945733
0.0016858344303338
0.0039437448351924
-0.0401748258630148
0.0211576865936778
0.000824746441638212
-0.00596389474545617
-0.00373936080855009
0.0149819961434811
0.00803306636586201
-0.00673814096950322
0.0355965446476842
-0.00283158284154401
-0.0268258832909698
-0.000929125466054158
0.0154659012701559
-0.00252065626469824
-0.00420688163564455
-0.0333739404737277
-0.0138930783772249
-0.00235161061017811
-0.00966960757147882
-0.0150382800586325
-0.000632525498487083
-0.00651979488427441
-0.00933949934855371
0.0014474698756862
-0.00542538076508403
-0.0132053494771022
-0.0142852068857081
-0.00528940201545934
-0.0132073161843431
0.00341057890293485
0.00186823569083583
-0.00255559138250861
0.00179133584503248
0.000901975306814182
0.00138208320065967
-0.00313949331672215
-0.00829786843148416
-0.00335225253022026
0.00175320572146918
-0.0108926614933511
-0.000890697564612814
0.0320617240912578
0.0116376560049335
-0.00190154490269195
-0.0125947838369972
-0.00672073562270179
0.00106643685839483
-0.0193528477619438
-0.0100401061655398
-0.0167528044245558
-0.0107690935209055
0.0177273607518063
0.0119301224646103
-0.0328535809096441
0.00277119245625619
0.0174859171762613
0.0238189710474577
0.0090567497311737
0.00428596723341043
-0.00206302193765147
-0.0186656695222299
0.0018078154867135
-0.00779651639570945
-0.0160206383250774
0.00820356991637146
-0.00561815845995201
0.0422184737439562
-0.00485738737231998
0.0056487091631543
-0.00982479355337433
0.0285140695227263
0.0177587734138664
0.0071846756562803
0.0205023872536743
0.00587748260854197
-0.0108023436467327
-0.0130463201968395
-0.00354128534088817
0.00600529262570406
0.000768401251699481
0.000245669897347967
0.00696435650184123
0.0296997426425832
-0.025892121371144
-0.000236831935699335
0.0164830390313418
-0.00139413891678931
-0.0395061309839657
0.00474915527754754
-0.00679145627471689
-0.016094754501979
-0.00181515745403387
0.00596620266293063
0.00609280988431129
-0.00507376557118316
0.0153646156732148
-0.0456225073726252
-0.0181783685009256
-0.0081913382197619
-0.00136381214332193
0.00434210105224065
-0.000916458349371893
-0.000181823460891841
0.00209018958382403
-0.00152346433605923
-7.5074505919771e-05
-0.0355155786390158
-0.00375894961185113
0.0059989049552687
0.00411945406637306
0.0149090503164797
0.00361880725325459
0.0115559590888741
-0.00725692974345517
-0.00123744140456569
-0.00394460884955406
0.0167552294871353
-0.0108060457086651
0.00135666495296263
-0.00115901903061739
-0.0227361759990352
-0.00436552862343509
0.00712310021513632
-0.00832090714454449
-0.0173481206218812
0.00365914868774259
-0.00142071421493152
0.00826078898648366
0.00293749418826608
-0.0283997332525499
0.00298208262916121
-0.0113028453879144
0.027974755637476
-0.00268232498585247
0.00443684478720376
0.000958748158000951
0.001682620364403
-0.0084225267670499
-0.00544463569750819
0.00225302640518091
-0.000580220405620755
-0.0160224356846679
-0.00502087420910896
0.00332822582353198
0.00184372967967527
0.00303425763404611
0.00204567721800813
-0.00676165314959918
-0.00418133240701013
0.000552086303462764
-0.000924992217241758
0.00297201534525156
-0.0016592218786484
-0.00214717151393941
-0.000359340217551095
-0.00385159262425549
0.00122910175727055
-0.00222511715579378
-0.000156560750267364
0.00353700421601524
-0.0172126012070516
0.00178753410812217
-0.00349989642176623
0.00946364629039634
-0.000694254761919546
3.12141622088588e-05
0.00175793263478339
0.000129195542335276
-0.00360298517482431
-0.0068311755590312
-0.0118255045583793
-0.00195776314944153
-0.00749206730814156
-0.000464652807151746
-0.000442463841048801
0.00132174833612383
-0.00307831194893827
-0.00127912399898332
-5.86818796298422e-05
-0.000820801670357653
-0.00616422085325716
-0.0063703604360377
-0.000784559943301325
-0.00139847892156938
-0.00354388165982711
-0.00133988864380453
0.000692842249643717
5.37651340831464e-06
0.000174811971397383
0.000115723251773755
-0.000670778438308028
-0.00245210630301364
-0.000125757457436687
0.000202386371500275
-3.87466998591406e-05
-0.000768105712067768
-0.000817206201736994
-8.73505779559034e-05
