-0.988783970810304
-0.84477271956296
-0.497531557388323
-0.489202195472848
-0.150418853010777
-0.140421006082332
-0.0795619162780762
-0.197563290170125
-0.127035559009483
-0.0317590511158268
0.0011623778277414
-0.0238250216206637
-0.061195650490627
0.0216197737748743
-0.0264467817613627
0.0206316169005103
-0.0153811177083881
0.00639585344958114
0.0261965343350679
0.00487586730297002
-0.0155870995289935
0.0181540115294406
0.01333922986235
0.0310383313290193
-0.0310027941348333
0.00533445279647783
-0.00996185056455897
0.0167810367100757
0.000766742722810819
-0.0105500786678873
0.0791283856926341
0.0235691743148396
-0.0040201806794249
0.00877135498167798
-0.015104694583583
0.0454241807290155
0.00298997927786255
0.0709940667009866
-0.0010371712918142
-0.00287618849769547
-0.000278509437819057
0.0306621676001723
0.00988716955214702
0.00284282152698721
0.00856971994514751
0.0116524128640343
0.0365053687305017
-0.00131546190896125
0.0220106428278467
0.00568297290744272
0.0144274160058659
-0.00956859177853915
0.0255139077153378
-0.0531312921479766
0.0164395926983212
0.0117640919828861
-0.0166207801009755
0.0157901789888683
0.000667264429114036
-0.0150482230978127
0.00265754566015574
0.0218722122840099
-0.00672620199201714
-0.00498010841785977
-0.0370892356902655
0.0118343978932777
-0.0195283497909882
0.00274477821191162
-0.0434523933149584
0.00487689458941301
0.0514701943391137
-0.0193061353285305
0.00657968572923555
0.0258223724123348
-0.0077803532658295
-0.0159325434936063
-0.00370975072381763
0.00342411288964235
-0.00421761087023711
-0.0112240483167703
0.0043625256787792
-0.0219503981503409
-0.0198673757951398
-0.0113984296117132
-0.0103873684264918
0.00264710834619867
-0.0287891531671345
-0.0220570143289116
-0.00767544882819345
0.0503416464845423
-0.0205946825424589
0.010282014341285
-0.00357309737192225
-0.00799932096240627
0.0404195611420917
0.0197422222321967
0.0236743371677146
-0.00385919376397379
0.0422093061395588
-0.0146410322453721
-0.0711904318018743
-0.0253597815327145
-0.0142400115024056
-0.0625051079454504
0.00987345616611617
0.0162666503935255
-0.00591899287865558
0.0163991999584293
-0.00649539310273237
0.0346548776990479
0.00832011706324717
-0.0129211550272738
0.00547477308981893
-0.0329735414842995
0.00408002210124388
0.0172393981209818
-0.053333954521496
-0.0015050563902883
0.00289546579866162
0.0412924854545901
-0.00370953837424268
-0.00781282767954938
0.00735174105430198
-0.00295527819654098
-0.0130025137007399
-0.00652220545911359
0.0208042042420279
0.00780374651795668
0.00327451813224396
-0.0270643505628061
0.00650365074237762
-0.00551922141741203
0.0143245197859653
-0.0127496376205751
0.0103153023984957
0.000383635347638237
0.00167046445000354
-0.0277566967702615
-0.00288521360753967
0.00343970834086272
-0.00296207771667329
0.00495736422604167
0.000912572856357637
-0.0159871819928174
0.0289357840516711
-0.0088351083402686
0.0148350959198331
0.0151775428707696
-0.0232162068290209
0.0178561139003263
-0.00384791496396989
-0.00403151504407019
0.0139375966529136
0.0215630418519047
0.00207241534583391
0.0185814802969505
0.00711182118018406
-0.00212323734506479
-0.00398867230826401
0.0442774627339536
-0.00273830980820249
-0.0107986629211766
-0.0197075338144947
0.000115231452988774
-0.00380877630369269
-0.00787567534896811
0.00838432233620639
0.0104061895569098
0.000900775367004373
0.0252184192013103
0.00756490702809893
-0.00105583625638593
-0.00558429605563876
0.000882108369678715
-0.00196090800887152
0.000968285942480661
0.0242509696630337
0.0232103438480099
-0.014556298613303
-0.0600014059839934
-0.0128935581247909
-0.00242800212904282
-0.00788236699615104
0.016438301942326
-0.00059692894186487
-0.00603137843656178
0.0131617857318671
0.0142676105395636
-0.013422750745802
-0.0144690769036123
0.00609043161400199
-0.0240009839471973
-0.00508350458517215
0.00338973494864936
-0.00156221032634703
0.0177936927894604
0.00514981032525088
0.00300096852772498
-0.0108970557735084
-0.00745185865521173
-0.00210504066440689
-0.0239497903344054
0.00915532550380229
0.0331741963429428
0.011972917285794
0.0190143492021437
0.00095569470453599
0.0168238925255484
0.00124370413375751
0.0160604892955881
0.00251981194098166
0.00372010256944248
0.00312466409610782
-0.0144625795173763
0.00133302653521022
0.00713932797983568
0.00273353435233533
-0.00552468403683134
-0.00140029778869127
0.0048768235698675
0.00768546633112484
-0.00171443109909662
-0.000323726107219671
-0.0116415175093068
-0.00994399477480437
-0.000829984711581053
0.0193232944840743
7.27794687754568e-05
0.0172452603076837
0.00305055876786565
-0.00206439103403961
0.0195988816370263
-0.00532476194205226
0.00165412298951071
0.00017377433957941
-0.00822532627970626
-0.00124008728918394
1.45885935495767e-05
-0.0079996575860267
-4.5285794096571e-05
0.00578386769072973
-0.0107786072126443
-0.0120263837392436
0.0143842728310927
0.00373863064761896
0.0087119361739159
-0.0225053138148462
0.00232035368241129
-0.00335103390467341
-0.0180763439328713
0.0194268458198172
-0.000433473020914472
0.00094389930955238
0.00743896585846237
0.00796850577389142
-0.0158005329045913
0.0214573018648569
-0.000631118139130579
-0.00252516089587116
-0.00240536043920126
0.0190245122479786
0.00238279469517933
-0.00302297008528262
-0.00289058219849082
-0.0237951233709876
0.00920287069661
-0.00306438305806151
0.00179024780374921
-0.0344652382689764
-0.00350915762717719
-0.00179627987180117
0.0112334778227059
-0.00063953132506908
0.0103942186282642
0.00246396228604995
0.000463888980984719
0.000389889277075251
0.0191051599457057
0.00363114105038859
-0.00166743146435072
0.000475302927560134
-0.0027360430585005
-0.00928927710481439
-0.00268938938383423
0.000986721683576482
-0.00793142841626234
0.000880373050972661
0.000160627295884986
-0.000338904948976527
0.002934170154302
-0.00284455882624087
-0.00241510464136071
-0.00547166407546735
-0.00285181405668766
-0.00324072809541971
-0.0125449308538753
-0.00215195081659192
-0.00290358741478108
-0.00280978018542071
-0.000110250016396881
-0.00175783414119248
0.00132595783274154
0.000694000413907387
0.00249395519295412
0.00740637437736911
0.00942175365409006
0.000435215097153891
0.00100129803463
-0.00519249094074021
0.00265637183644524
-0.00211483423151933
-0.00890913423571538
0.00157344429080086
0.000155854131504937
-0.00737257853803562
-0.00349157125268789
-0.00176581957266741
-0.001431874160275
-0.00552885666550019
7.0959505782206e-05
-0.00531911996694564
0.000599788717904093
-0.000205808549149781
0.00418714292066211
0.00438294496972381
-0.000205694752487056
-0.000379205397152926
-0.0016941528932014
-0.00341737964062967
-0.00280532199170073
-0.000190868332579137
0.000528237149943795
-0.00989484758825869
-0.00114899552250415
-0.000167508162693227
-0.00356374014779134
-0.0046221949255386
-0.00259281370672005
-0.000765151989469451
-0.00189808150273717
-0.0010084513249988
-4.91818223654497e-05
-0.0016397367746666
-0.000901724349515282
-0.000759797324834536
