-0.980001550220185
-0.988991248178538
-1.01825795113236
-0.96968149685607
-0.858695626676654
-0.780963644701956
-0.669598492800739
-0.549144474354039
-0.525069615571913
-0.564122795575405
-0.610026473453741
-0.696705514747702
-0.807733961424329
-0.838477838579089
-0.782241019425618
-0.711067580915402
-0.626414409204796
-0.482236527474056
-0.378678929053576
-0.39997051956509
-0.440423669402539
-0.458261440769862
-0.544265479471
-0.637212469997619
-0.625335203045342
-0.564350279305108
-0.534606605596166
-0.500205694386307
-0.437878094995148
-0.373138835196449
-0.283494919319584
-0.198594478125374
-0.157301540092088
-0.120829682685433
-0.0844951071051921
-0.110814131378791
-0.174597888502136
-0.204521024405414
-0.203902902112427
-0.2120411553401
-0.15447164080143
-0.0878681104575506
-0.0643433662197502
-0.0286095330122871
0.0219230044011091
0.00597105580294986
-0.0567141095551178
-0.0839972192546058
-0.102083505245025
-0.125486642180689
-0.109972467124705
-0.0926673587481794
-0.0685874793831679
-0.0476677392471721
-0.0325884581386829
-0.0194118201353246
-0.0436248706282532
-0.0613806013516288
-0.0783637026713442
-0.10952743861294
-0.0976277175275353
-0.0592949413048305
-0.036316444549796
-0.041837060718528
-0.0559988205983581
-0.0592474983471764
-0.058977807783838
-0.0672446435309886
-0.0664944777989884
-0.0602788035130796
-0.0464707780955153
-0.0310775482604006
-0.0271554640459915
-0.0174302795253751
-0.0192938148824365
-0.0239350400333282
-0.0259771327555398
-0.018610185075842
-0.0203111715856618
-0.0300162313149899
-0.0328775057102741
-0.0348603955628014
-0.0335993624189063
-0.0232683729109692
-0.0144105182145715
-0.00508263722694324
0.00258992558951943
0.000446652472190699
-0.0111291534754093
-0.0229040980222069
-0.0290621284733595
-0.0364694107117029
-0.0313706286196362
-0.0176155289789418
-0.00261375582678042
0.00247651399268577
-0.00117499662970263
-0.00203263353846452
-0.000450911142082526
-0.00841238440032292
-0.0106503138998999
-0.00674774141702916
-0.00287179064354866
-0.00680113910357089
-0.0151820790474012
-0.0147753687553688
-0.0200550018856674
-0.0216540295416055
-0.011533449686917
-0.00188616714839128
-0.00227036721764313
-0.000976014298382222
0.00144361131869704
-0.00612491464525284
-0.00202508845907805
0.00547542267850116
-0.00641614770446967
-0.00892122524194202
-0.00276260345521579
0.00370188124972832
0.00585850813422565
0.00417752693154802
0.00610742919140342
0.00765313951084789
0.00253884215887806
0.00220400941438108
0.00401533653331064
-0.000797881046055362
-0.00428753253278205
-0.00451180458568107
-0.0116902593554732
-0.0160191804699253
-0.0103966946571294
-0.00817983843793534
-0.00869013957282124
0.00248985078760459
0.0125670378537253
0.0147050554055468
0.00935159344921903
0.00334464778082192
0.000971000923604511
-0.0014306046990719
0.00230758314380855
0.00494125626395445
0.00438073757933064
0.00206650492931649
0.00237665601200501
0.000209830687799194
-0.00186381712484483
-0.00417097108059271
-0.00334414725633268
-0.00497945152398639
-0.0098412420770341
-0.023467612136729
-0.0368176975672704
-0.0427148559990906
-0.0335467639085204
-0.0205997544856169
-0.0132449035579704
0.000405405813348365
0.00689993797437649
-0.00538721513472535
-0.0171618206962333
-0.0273252901563973
-0.036392981507447
-0.0407884026283293
-0.0411728834996885
-0.0272526310803167
-0.0090803565264628
0.00523249721626406
0.00217279969120998
-0.00207453704985152
0.000394806823668804
6.51047418524097e-05
-0.00685129118160106
-0.00524545321853985
-0.005711774789265
-0.011066319424434
-0.00833786978789756
-0.00473983439222063
-0.0250476405458133
-0.0392534867588354
-0.0309554166530906
-0.0286927472305123
-0.0262230200829873
-0.0177748837909975
-0.018525319791558
-0.0209267424804095
-0.0149982380581956
-0.000535724713422388
0.00308760074436808
-0.00208148613715115
-0.0221506149199808
-0.0218933923211318
-0.0164515130955364
-0.0134556674757521
-0.0109381805316781
-0.00128153134954122
0.00712483887144918
0.00313179180316844
-0.00710086087328503
-0.0048036780132385
0.0018702514482147
0.00131482671310699
-0.00174641210157732
-0.0018782248929767
-0.00025489806560166
-0.00313670480466467
-0.00504073368555194
-0.00459334073777393
-0.00161857084438486
-0.000286729617031867
-0.00345508978564724
-0.0114611933880337
-0.00258025438341675
0.00290344676625616
0.00399242810487451
0.00104449827592275
-0.000131424965720953
0.00355228822624388
0.00471360405482712
0.00459643762770882
0.0202892076577737
0.00232867665685609
-0.0188164175734723
-0.0152091642367902
-0.0157105868396947
-0.0193793047584708
-0.00122968891222677
0.0160662943640197
0.0108314166411603
0.00403150083264974
-0.0101873095820199
-0.0187288402535502
-0.0358030226213998
-0.0228862799736324
0.00897241093541927
0.00921597840133398
0.0125768511268014
0.0275109585142885
0.0218638248627805
-0.00364683149161713
-0.0121553467270107
-0.010090120261552
-0.0131497847720973
-0.0107403129709171
0.000403723486932473
0.00661677147356208
0.00128504453406264
0.00790054079826349
0.0180366088260382
0.00956966715331571
-0.00522443328741857
-0.004688672839927
-0.0131949396324375
-0.0269451057321446
-0.0239840596381459
-0.00317083630250544
-0.00327622723846837
-0.00815976209585178
-0.0043220537909302
0.00231306092898197
0.00484830930398342
0.0035716698299541
0.00413066292999348
0.00304561014844952
-0.000402236425694806
-0.00467141492492055
-0.01339858319272
-0.0101801466215264
-0.0106235674124427
-0.00974690885656107
0.0140675495618873
0.0336853431906526
0.0240679065151041
0.0156470984286753
0.0166984319860221
0.00244872142018742
-0.0265349802516701
-0.0365896604806576
-0.0437851996368663
-0.0444407718001663
-0.0484692140919847
-0.0340939274262417
-0.0223529162525526
-0.0255719055509189
-0.0232962131760353
-0.000631435648250514
0.013056045193466
0.00982925742163086
0.0163083199136158
0.0171694904559034
-0.00211033720122073
-0.0108178046134809
-0.00745882695265604
-0.00585439107993619
-0.00805482530851488
0.0135894311618295
0.0333459422694766
0.0202643363687118
0.00828107771579922
0.00940756642059514
0.00307564202932687
-0.00483556191113852
-0.0157601512996832
-0.0151370387675752
-0.00436777268026772
-0.00811606453421812
-0.0142899888812483
-0.0174179789731889
-0.0182031221432305
-0.0147149134176087
-0.0135360235773495
-0.0126829218040312
-0.00127948743684403
-0.00031912137784432
0.00398252711679455
0.00926815354703952
0.0150117306450561
0.0163266336753817
-0.000151615615818515
-0.00230875101806622
-0.00399922812959488
-0.0059934083589447
-0.00168783527843354
0.000570374219293409
0.0017562899903843
0.00348109587000229
0.00827161369269728
0.00460864615715281
-0.00281094471559601
0.00253147837918809
0.00171126805171376
-0.00381477318294934
-0.00303968480491464
0.0033608978968381
0.00490128536967011
0.00688682374384367
0.0139726736808616
0.0120403549618348
0.00325280692053549
-0.00078773877171802
-0.00761189796108319
-0.011119851519107
-0.00465940233696593
0.00148672040566297
0.00197250029484317
0.00644615974597589
0.0165529437764434
0.0130834802707936
0.00420190519383188
0.00119850075401844
-0.00100032649124643
-0.00102491130114587
-0.000208744761160598
0.00260610377911464
0.00233759019402302
-0.000414464883588475
-0.00229171421113031
-0.00277847229642643
0.000602468458841065
0.0047774954128476
0.00660962230211115
0.00595273528477366
0.00899963183482583
0.00852636982035666
-0.00195175634718584
-0.0114990957206187
-0.0112991326816866
-0.010808176262176
-0.0113264670342606
-0.00568510095132709
-0.00622915978220404
-0.00837877221174596
-0.00780364761979712
-0.00695459850640837
-0.00589863295142445
-0.005700832811157
-0.00533105372301341
-0.0056451645789828
-0.00673133873757361
-0.00177149781940555
0.00768148551109772
0.0126105388070319
0.0106322229772192
0.0156704528273507
0.0303339099132777
0.0288526623315004
0.0200905249591616
0.0122298967542258
0.0053177586949305
0.000303472803905284
0.000534022060154739
0.00328756619633636
0.00758761804370212
0.0118015664174646
0.0117453160446937
0.0165100695924745
0.0197073452784313
0.0171551758383795
0.0179612918776287
0.0135172868087548
0.00186013315258129
-0.00361152053671114
-0.000909970124708443
-0.0031763167797546
-0.00589698739904624
-0.000479702251936131
0.00244641400360044
0.000811445441504612
0.0002599181941859
-0.000228682133359656
0.00332776296100182
0.00141444024029985
-0.00139022870754849
0.000145112904388699
0.000172096322538097
0.000713351787081859
0.00039809748421585
2.24862320104299e-05
-0.000713773950778847
-0.000844163188648938
-0.00404478704130854
-0.00433714747761975
-0.00154518802836473
-0.00203686773878601
-0.00180732652316906
-0.000143160411246816
0.00157981756135594
0.00353860882919363
0.00148926951309361
-0.00684466709355924
-0.0201228873799564
-0.027348150649206
-0.0289345502033114
-0.0241052469299573
-0.0162333348659134
-0.00423813688386288
0.00019351080000153
-0.0067762436708836
-0.016780667628475
-0.0224304558373748
-0.0301820903610536
-0.0328728916932955
-0.0457127594619041
-0.041075433461497
-0.0362915534085699
-0.0368367327537844
-0.0141773415216609
0.0088447303628817
-0.00201290602127499
-0.00864376028601767
-0.0124632324883562
-0.0096581920971161
-0.0139506721282762
-0.014562454682943
-0.0142494106340645
-0.0224565539375435
-0.0202311368106551
-0.0102375159857163
-0.00676139214518451
-0.00912323290476108
-0.0118523670889574
-0.0398399235800203
-0.045536378025324
-0.0286848707965999
-0.0272851485370303
-0.0117594943601158
0.0192159147117954
0.0134855191511721
-0.00404484510978088
-0.00544698767416153
-0.0232404246070601
-0.0598733312580702
-0.0606941861107832
-0.0363675666556195
-0.030383059284186
-0.0262831479863528
-0.0067278105746848
-0.00813604935436211
-0.0133801181021907
-0.0169777413070911
-0.0251279970984993
-0.0330599892286131
-0.0372825133272404
-0.0190408343899276
-0.00470454115593287
-0.00259458182652428
-0.00306760486954267
0.000743392834269132
0.00482259144877271
0.00147197376151098
-0.00476296946819864
-0.00605614039586551
-0.00898121620545914
-0.0159542165176385
-0.0157215146470926
-0.00941901343107994
-0.00634104098589658
-0.00379382648086945
0.000525461149200697
0.00548217920471753
0.00677418539638888
0.00359603079751143
0.00232925644472292
0.00340827243214544
0.00250414639756453
0.000126548241513819
-0.000510015199741018
0.000742810502911692
0.000750824316224044
0.00344831377416298
0.00689589157911008
0.0105052657296941
0.0062344423677898
0.00166153626088701
0.000765051836362529
-0.00198326893633183
-0.00957069150499923
-0.011331343658794
-0.00917756307315698
-0.00955937729596746
-0.00858560311160929
-0.00222206412714975
0.00124007343558722
0.00109471743575958
-0.000621903203316422
-0.00191494810200967
-0.00220435745993365
-0.00230878780945418
-0.00125147420133092
-0.00234513972887496
-0.00197799151569349
0.000951229529526035
-0.000234681054050942
-0.0029972379360826
-0.00256877954419676
-0.00370298499681123
-0.00314361426335661
0.00604144850746628
0.0142114642342099
0.0134751561931714
0.0110634871374176
0.000621881032464299
0.00178418830202813
-0.00344955026389468
-0.00731661689631216
-0.00388889366973772
-0.00368691804431735
-0.0101608843530065
-0.00983118211500774
-0.00796012274751967
-0.0073775439416518
-0.00171562266728055
0.000330643387025594
0.000301835410240733
0.00849400303379217
0.0199183755366984
0.0180464571324554
0.0156756569530438
0.0173227231032124
0.0102898555318274
0.000601362480387989
0.000182345372567073
-0.00390029789200714
-0.011839422227244
-0.000380082472446201
0.00207206075193112
0.00335468852645438
0.00172894179218133
-0.00170334985587746
-0.00345300366817066
-0.00958507381200653
-0.0147797653759527
-0.0148587789317285
-0.00763585939718831
-0.00966494609555503
-0.00900646212044562
-0.0135029275732815
-0.0197998810556471
-0.0143246167288059
-0.00765339820911374
-0.00560413994038503
-0.00659146220197269
-0.00876498293552677
-0.00733637160938502
-0.00920798749117348
-0.00970513068288764
-0.00491538639799512
-0.00295202331173591
-0.00203536102632262
0.00165720790319481
-0.00157460761681263
-0.00797434762687748
-0.00927910864386967
-0.00996544636945142
-0.00714216916081646
-0.00516203697374236
-0.0107540186035794
-0.0137418122796844
-0.0118776287289399
-0.0152366113397549
-0.0196780443858218
-0.0217659585387022
-0.0195167061299983
-0.023401732797177
-0.0224074821006184
-0.0144322491558694
-0.0124176956580925
-0.0178958348584887
-0.0211517333904664
-0.0191533727427763
-0.0193006265625477
-0.023843747282603
-0.0203052575756964
-0.0262269934186924
-0.018782389944351
-0.0101505420360729
-0.00983766105792794
-0.00677914265775252
-0.000114488346439481
-0.00246861348040596
-0.00684797854042836
-0.00450792737558067
-0.0049080975480932
-0.00915711559881155
-0.00737114500263328
-0.00376158472987226
-0.00209539651167157
-0.00338412611267071
-0.00161791611798066
0.00414734532410323
0.00352114079714424
-0.0027068224143752
-0.00830898574864201
-0.00294298328665371
-0.00904219177734732
-0.00186611707901686
0.000779503851254318
0.000214852674928809
-0.00361870868139989
-0.0086495837877277
-0.00744186421141717
-0.00663732595486661
-0.0108099574315663
-0.00697078612413905
-0.00142082442621092
-0.00123142259900289
-0.00141743471988989
0.000800722174103497
0.000288305541636318
-0.00515397417442661
-0.00843710428433158
-0.00892180512588872
-0.0139082543678739
-0.0274548826101501
-0.0306135273389188
-0.0193969816423895
-0.0129150672991491
-0.0140880124312919
-0.0102728481022053
-0.00235916753430965
-0.0067541800297814
-0.0112396175759903
-0.01499196726549
-0.0152267890617785
-0.0183503192094816
-0.0187513148745954
-0.00936945873784163
-0.00921052839234703
-0.00501971131737601
0.00447253332784435
0.00965985985898403
0.00369556235752318
0.00412110165113015
-0.000941455098213654
-0.0173950378563607
-0.0139842033946645
-0.00445293227625655
-0.0048901956772149
-0.00232931949570361
0.00417577595776107
0.00196028405516895
-0.00407087164381502
-0.00349583249950973
-0.00623457261913017
-0.00746924905688112
-0.0131832118202118
-0.00108014576803842
0.0104600157387757
0.0142718595221892
0.0126208726086788
0.00570348768332361
0.00281938124634326
-0.00132348077731335
-0.000436322412058125
1.12737381474156e-05
0.00370043948736072
0.00897944709358699
0.0112683284574273
0.0155785828734545
0.0167089753721085
0.00263356856890938
-0.0103977404445533
-0.00980914821150496
-0.0122695039175018
-0.0131594528704978
-0.00397392008688005
0.003763737446334
-0.000568055970261321
-0.00226834677995289
-0.00308340391972927
-0.00761160401515334
-0.00901364060109552
-0.00910763400990304
-0.00927041037231472
-0.010273837545584
-0.00886071551258611
-0.00414908186372172
-0.00248207258227992
-0.00398834039652811
-0.00514633132553225
-0.00739254227175918
-0.00999166549950063
-0.00761073822779807
-0.00632574858611651
-0.00359957618195209
0.00052614279707977
0.00110257447349841
-0.0024781069825983
-0.00418658070083031
-0.00821703341265235
-0.00688373855359987
-0.000674211616131407
-0.000472609773814067
-0.00715119335132942
-0.00469449947550727
-0.00924833583959312
-0.0132070619343746
-0.0104372588168312
-0.00778764628856543
-0.00681753925825083
-0.00572491802604136
-0.0106252708439546
-0.0184061318596929
-0.0210456732067306
-0.0239012552291465
-0.0229949563311224
-0.0072910877189019
0.00855958105472708
0.0035577976213708
0.00673880220914417
0.0106574504838292
0.00578282253219853
0.00099804462417478
-0.000595824825603987
-0.0066381276663908
-0.0125929585283772
-0.00893979379267034
-0.00413974032030489
-0.00138420451937339
0.00154433856919119
0.00811111322177482
0.0137612757776468
0.00624454806540325
0.000138579710683526
0.0069711744491896
0.00777354584791551
0.0012925472216732
-0.000988107359187275
0.00247587596104416
-0.00074249919232214
0.00158299337985938
0.00452032136622562
0.00481068583190785
0.00538710201639806
0.00573142635772674
0.00388601619062626
0.00309459582602082
0.00306821397650664
0.00253889227981244
0.00309521772123234
0.00233476114164843
-0.000488998276223077
-0.000432682044520096
0.000204946911521754
-0.000584968172012289
-0.00219683861530775
-0.0018941043201898
0.00687008105980976
0.0135442583005728
0.0110055313525841
0.0106194828488332
0.01286848131512
0.00966650826070912
0.00356313841243263
0.000251257773652355
-0.00380472425587408
-0.0066771183195392
0.00215394762176218
0.00585453963476083
0.0039659072737928
0.00447604262699874
0.00279957158270155
-0.000562283593854962
0.00537042751535905
0.010071847524759
0.00561758857804065
0.00412226812444074
0.00282074469834189
0.00157156905157964
-0.00340375500104583
-0.00445911780081302
-0.00900631659261404
-0.0144536570775252
-0.00625579076598269
0.00625556070077472
0.00428715747071961
0.00691030117443667
0.013033593578874
0.00629199559373643
-0.00454647592296545
-0.00748084483401389
-0.0155854661842538
-0.030836875519761
-0.0249423290682785
-0.0172416303944531
-0.0161462302593094
-0.0100221091173498
0.00173562786460363
0.00224931535467276
0.000810206092815493
0.00365301962170092
0.00524205388353991
-0.00343384759520465
-0.00576793598344176
-0.0033527287574807
-0.000297341249585804
-0.00135930296099346
-0.00309925887537132
-0.00521638735000883
-0.00523694147711318
-0.000518921810483295
-0.000594854787028824
-0.00118695338661697
-0.000928735610095276
-0.00193870891873381
-0.00248357988835934
0.00188655482575422
0.000679398807524293
-0.000444754135248328
0.000219654300141067
-0.00146913867591189
-0.00378249683138358
-0.00369839619627833
-0.00348567327105055
-0.00349286811974498
-0.00876050975070677
-0.0107377354460345
-0.00752972952729993
-0.0107624823955429
-0.0103604993706996
-0.0115341873746864
-0.00741393877368513
-0.00504966963736892
-0.00373532888355021
-0.00442998855853384
-0.00693392294400713
-0.0103612393338125
-0.0148040186619048
-0.0177112402635121
-0.017853704011967
-0.01831866552383
-0.0142514580366208
-0.0109832853422333
-0.0126181461485117
-0.0149624980594337
-0.0175634847199818
-0.0277062364515571
-0.0267546935108986
-0.0218148152107977
-0.0192693678312918
-0.0137439922108895
-0.0121973732725946
-0.0120573796152375
-0.0121062110331874
-0.0116941018810335
-0.0138296171558246
-0.017308859467454
-0.0158418636771349
-0.0148768040419724
-0.0152565355159201
-0.011897311754698
-0.0093079879848051
-0.00677400656005701
-0.00794233975757237
-0.0052158462123858
-0.00580087440152682
-0.00849061717807318
-0.00852787649381673
-0.0114089819774266
-0.0106287545852664
-0.00636904962127544
-0.00346925147768276
-0.00332712873321517
0.00225672376688687
0.00522615953122119
0.000716118694360846
-0.00196561321882451
-0.00290688188739371
-0.00916116342452545
-0.0115659506633478
-0.00122696357345758
5.86616632626113e-05
0.00137141115669519
0.00675198357078927
0.00416346932830168
-0.00182372701396042
-0.00083623595962205
-3.1974553421076e-05
-0.000734608226415364
-0.000879738501547899
0.000812216015215696
0.000973463635016013
0.000386525922799828
0.000550010093115793
0.00054002689938269
0.00092928142686097
0.000725469785026827
0.00208781069080855
0.00529222382218878
0.00804169562606959
0.00658377300626503
0.00216915526387236
0.000260707100372324
0.00187551971057938
0.000317812967157952
0.000300543064513901
-0.000394800524085821
0.000155981052631249
-0.000282499197124812
-0.00219195111822071
-0.00116471913239213
-0.00103461133032489
-0.00219710069688593
-0.00222448849080241
-0.00184577418086058
-0.00270721231493928
-0.00285452302232828
-0.00238772503277362
-0.00138672730041318
-0.000870975333179844
0.000290793927347057
0.000845995176994963
0.000151429490398713
-0.000280035746100161
-0.000908544463686518
-0.00233628376704209
-0.00285176307655679
-0.00184943232945086
-0.00142781915228822
-0.0018923612860896
-0.00165640554217074
-0.000503559274881206
-7.62501559167482e-05
-0.000123652082340746
6.60450066095247e-05
1.46552900298869e-05
-0.000571136808730759
0.000410805705209773
0.00194974010168592
0.00234778072885176
0.000720240067157399
-0.00216642820645955
-0.00257361048348634
-0.000815374884630354
-0.000722116479635851
-0.00181715318877037
-0.000945154300904933
-0.000991448500511684
-0.00120809255853904
3.0451932227569e-05
0.00121209388258099
0.0012584888812765
0.00191523156931821
0.00194470101600658
-0.000687537960281884
-0.00115618713247167
-0.000230149091741848
-0.000772144207592201
-0.00211119573578701
-0.00241976855070662
-0.00416709618001952
-0.00791110348773997
-0.0117098841479195
-0.0113681736460747
-0.0105922437790586
-0.0108673981107155
-0.00872035861833251
-0.00419400876519926
-0.00124097778299998
-0.000331458981514709
-0.000270778167266511
-0.000770005346455969
-0.00176938983213614
-0.0027511605528494
-0.002604543208157
-0.00286120278064928
-0.00371244574011948
-0.00428318324297976
-0.00407075195414646
-0.00288059657470052
-0.00157292493405585
-0.000328055429933561
-0.000324807462788019
-0.000599051926167759
-0.00143533873639804
-0.0015745339055306
-0.00100240746747168
-0.00191377905928891
-0.00309308488404849
-0.00406273635272125
-0.00472517897466705
-0.0049546371729035
-0.00457002444965689
-0.00384706196488477
-0.00220773824024844
-0.00223186798612807
-0.00223186798612807
-0.00223186798612807
-0.00223186798612807
-0.00223186798612807
-0.00223186798612807
-0.00223186798612807
