-0.95322335604773
-0.95322335604773
-0.95361974354523
-0.955422813002976
-0.942351094967015
-0.919743717098627
-0.880765008372684
-0.822955804046386
-0.763839746982965
-0.752690540534932
-0.726339588333372
-0.642001511579957
-0.58602755934097
-0.580719574339252
-0.551229172888538
-0.504952408708489
-0.52600936051001
-0.560361543574472
-0.4640655071468
-0.379308298010691
-0.345670493151313
-0.274862997641358
-0.21517377069111
-0.246528308908689
-0.262029760214711
-0.219483768291409
-0.215125004104942
-0.193563537118084
-0.149583314844057
-0.099949246806396
-0.0684214600474513
-0.0403191702450852
-0.015332737453417
-0.0181904078893166
-0.0331162685667976
-0.0340822609062098
-0.0340597870498295
-0.0414676857187169
-0.0466367920493563
-0.0353096845038502
-0.020731572693893
-0.0129139802297154
-0.0127519159327255
-0.0179532939544482
-0.0310340440493874
-0.0295648460210211
-0.0135078884580007
-0.0187750527468178
-0.0213524776699979
-0.0270831137970116
-0.0300910542091877
-0.0242658068379956
-0.00754945808633067
-0.00447080507114382
-0.00480747228970788
-0.018666691817057
-0.0379418234459804
-0.0390505503161068
-0.0430899981058401
-0.0503654997186461
-0.0383159923156527
-0.0199225119010097
-0.0172855772799168
-0.0109218412670797
-0.00869557677029471
-0.018773046760924
-0.0325741099413878
-0.04297269317223
-0.0393943671698154
-0.0426999777986003
-0.0415775898046292
-0.0388052253669888
-0.0298922687381952
-0.0149968007397792
-0.0105952053452964
-0.00508129458011925
0.0106034574642849
0.00458626726690961
-0.00553636224052761
-0.00950563147508067
-0.00899187435570455
-0.0109371739719373
-0.0162859559059896
-0.0139570083259503
-0.0106957675854334
-0.0119424253765869
-0.0102022218182901
-0.010302368745743
-0.00696472335674509
-0.00632960517174812
-0.00301104323563627
0.00563784183564806
0.0100326987386488
0.0126125554243558
0.0130820007843568
0.00901817612038837
0.00429688472363816
0.00475692190747514
-0.00124403219374758
-0.00709484399607196
0.00107274370022714
0.0121478348186449
0.00998384278676293
0.00700341240352596
0.0107828230832191
0.00453076244240747
-0.00605327202448613
-0.00451396533608332
-0.00455472403042787
-0.000665687462071123
-0.000611353347776077
-0.000433032026971773
-0.00120213143281489
-0.00377469352634029
0.00047401924963952
0.00229129185988277
-0.000991847584021318
2.10898461375892e-05
0.00512981993953114
-0.00138411650809721
0.000379231330541925
0.00731537799617178
0.012422042892969
0.0171699481489067
0.0204228016168728
0.0139191619130667
0.00554892366134642
0.00501016725285638
0.00265580226945938
-0.00693136091423998
-0.00784612232174343
-1.09558228895265e-05
0.0011320650180436
0.0111733100799161
0.0298427965082937
0.026019857746514
0.0213933888183262
0.0105335572412242
0.0061487832178911
0.00540981714355346
-0.00221773781109637
-0.0112921083511302
-0.00934230345524895
-0.00836719653577872
-0.00585631761618421
-0.0045774801405435
0.0055875320512704
0.0119015519746926
0.0073220328984274
0.00958624722027938
0.00958942355563901
-0.00846156097564538
-0.0200783944006687
-0.0219276740515756
-0.0275510120694292
-0.0403679142170945
-0.0348628997166815
-0.0192485663303964
-0.000972641932655387
0.00751168623463918
0.00499050883776221
0.00547988793637706
0.000165971015497647
-0.0121501143758045
-0.0131577828346804
-0.00369284069259456
-0.000420633583567155
0.0135953104935076
0.00865774054460523
-0.0049511556202343
-0.0127397116291953
-0.00738860211145453
-0.00636697308373054
-0.0141398382651779
-0.0145010488123283
-0.0103606376605272
-0.00673317597879798
-0.00510838544195793
-0.00251647748533267
-0.00544237536944428
-0.00175738682835427
0.000613848038107644
0.00233886310479673
0.00774097646694365
0.0243096059879777
0.0253660693017981
0.0242521609254059
0.0245059839669266
0.0137211792652496
0.00067157554826258
0.000244816601969752
-0.00172341809990836
-0.00759736578647003
-0.00890493430508017
-0.0124452891506033
-0.0257915495367842
-0.00906779887429609
-0.00961595529399674
-0.00840895882438059
-0.00244077623554586
0.00542989018431381
0.00746626821452283
0.00605004076552341
0.00636862344074628
0.00452625176562081
-0.0020142003320335
-0.00577354610459629
0.00345904637517883
0.00334215239535152
0.00242699203855172
0.00816430644581486
0.0160143707418633
0.0158648937096093
0.0109297948815127
0.00444143256851898
0.00203083829698959
0.00766920328246551
0.00663325670698217
0.00111158830519212
-0.0014165905696676
-0.00301805402215986
0.0146385784285239
0.0303784397453099
0.0226368487164627
0.0177759940921506
0.0209115951713468
0.00722233106536374
-0.0147933026147513
-0.020225916128483
-0.0232192414098264
-0.0339585818904153
-0.0309810136478339
-0.0119090137906867
-0.00324175852384446
-0.00453582054227514
-0.00388081539708198
0.00215783007149521
0.000277338821208719
-0.0113330845514107
-0.010036108543196
-0.00717336401825699
-0.0112287990828566
-0.00317862115131325
0.00315733606329406
-0.01016762907608
-0.00998071272031225
-0.00761466686527521
-0.00239575054872892
-0.00129127634311003
0.00230755387368486
0.00161512435770752
-0.00203139684954278
-0.00798956886014114
-0.0100176447672675
-0.0178135633893991
-0.0274716206576697
-0.0224791443596624
-0.0060946208562756
0.00435474056148022
-0.000331973152283115
-0.000670167021039974
0.00198006760441475
0.00328321000137744
0.00407861866127369
0.00437278430686274
0.00297410134008587
0.000890029038768585
0.00383364885109203
0.00510034304021478
0.007666076255617
0.0107490004296344
0.0103213430157225
0.00890053952397625
0.00583113064219907
0.00728688789121495
-0.00296665235399819
-0.00183776058608084
-0.000241353566049922
0.00351340412242285
0.00559244529123866
0.00531047672068073
-0.00501383837254758
-0.0088087647302997
-0.000951355688936553
0.00177170890471349
0.00174001924029425
-0.00165252302490634
-0.0030112505066482
-0.00202558575743064
0.00742930743117493
-0.00565074277428167
0.00188197622466937
0.0072041802036862
0.00332529791729179
-0.00303264996285338
-0.00486336259338517
-0.00874509785384475
-0.00741276942673506
-0.00329212674836768
0.0195941919743033
0.0173295057882414
0.0115951555661412
0.00269911537698847
0.000957992411336301
-0.00552996403565958
0.00907341396313284
0.0101330964170866
0.0112472720787179
0.00427805843380666
0.00622844269516456
0.0151971085380285
0.00961354578944218
0.0106949010232804
0.0169059425304283
0.0133652867113703
0.00708086690287525
0.00784951491489684
0.00834181626888098
0.00521242592634875
0.00914094182140709
0.0129255792355973
0.00579301863335739
-0.0039425779186632
-0.00373677438137921
0.000271820279936678
-0.000844400455306787
0.0051118271740339
0.015150454539927
0.0190103619645086
-0.00179574201653494
-0.0122904723603444
-0.0168346085285328
-0.0180169614584389
-0.0212358842390329
-0.0210036932187922
-0.0112885299094973
0.00113435751113595
-0.00498256110301124
-0.00737734397073615
-0.00595045177203841
-0.00867679328138797
-0.0142847406591641
-0.00736537122860284
-0.0022401754624692
-0.00313562453125513
-0.00173329436209492
0.0102216395386691
0.0132455966833198
0.0199464745337281
0.0179513599210775
0.0150622018499275
0.0157721784448363
0.0079371852776541
-0.003217438390934
-0.00421649336162265
-0.00247260213700224
-0.00373326846744727
-0.00598722273213925
-0.00306462089673165
0.00045677641489048
0.000782494636981999
0.00353127070475251
0.00749496318632376
0.00590291081929751
0.00238454541455823
-0.000646599343894409
-0.0107620360459045
-0.0203213780467071
-0.016232418437308
-0.00819237317947801
-0.00607463975432185
-0.0106059931565561
-0.0123481678323985
-0.0156062226856219
-0.0229766003062561
-0.0201261318988968
-0.00978440164391578
-0.00765107894919361
-0.00468905633380334
0.00256710915892433
-0.00534234320791564
-0.0153262651059367
-0.0208300111117069
-0.0311579748617932
-0.0419979648107106
-0.0288559413650394
-0.0079287226499046
-0.00802016872285379
-0.00953554273531402
-0.0142612752622199
-0.0330990844626885
-0.0487001363846096
-0.0413704897876636
-0.0325834848083725
-0.0339601829960274
-0.0366847244220551
-0.0241365847997738
-0.0201410944226407
-0.0223656154700958
-0.00897957149970379
-0.00387985298524365
-0.0159331743737967
-0.0129088932918245
-0.0132357669634506
-0.014692506812354
-0.00836682390227708
-0.00191149432593602
-0.00206584843721469
0.00547085697337879
0.0162974606194318
0.00518762888212033
-0.00783967609552516
-0.00989778517540202
-0.0117632252181107
-0.0209629787317522
-0.018071045775535
-0.00408656826982278
-0.00143357033096133
0.00155006395835177
0.00284653645702982
-0.00633411728499395
-0.0173009023433179
-0.0132332720968385
-0.0156775147654708
-4.37574052469013e-05
-0.00153610113771326
0.00209229783483206
0.00405498903657849
0.00479758863936535
0.00654099445117913
0.00743628642650483
0.00430629257257225
0.000249954311787058
-0.000349466491487389
-0.000959528310743866
-0.00303701007409076
-0.00020856739883151
0.00456798493351992
0.00590500426334414
-0.000193694042037749
0.00490901429799967
0.0137833152570634
0.0180420324362377
0.0185602697222052
0.00778336451457501
-0.00982774940882511
-0.0142569203895685
-0.0119966688375918
-0.00512688817399776
4.98247586458445e-06
0.00796222975259989
0.00781272745546025
0.00475244185165897
0.00976476629903923
0.00736161245215717
-0.00651646945993467
-0.00305581594040882
-0.00104609748621564
-0.00536935493890611
-0.000966491812942416
0.00407976326978105
-0.00716996160617875
-0.0133557489212719
-0.0143069186940192
-0.0270335156127243
-0.0229302974489535
-0.0165786594325005
-0.0125556591109378
-0.00717320916655836
-0.00185582263081659
-0.00266481239740908
-0.00933265344618527
-0.0140336358111605
-0.0142296561961266
-0.0153109438608322
-0.0133554565784041
-0.00742654263527197
-0.00757051389224918
-0.00337383747331509
-0.000605912194839494
-0.000749219093236582
-0.000644168807980437
0.00106688248703659
-0.00364067129206095
-0.00859378119987176
-0.0112282322174284
-0.0157596080243268
-0.0145538737193924
-0.0110917877687054
-0.0117497968576168
-0.0146557395534604
-0.0134966788397711
-0.0124452033052022
-0.0173731682973408
-0.0193701838416298
-0.0169653343321339
-0.0176703677295076
-0.0130892867836394
-0.0150037125153135
-0.0148568034712725
-0.00820643374152055
-0.00668015618479248
-0.00875161905042135
-0.0110784280496639
-0.0145191177084932
0.00214450128854551
0.0124651795709197
0.00331584553407066
0.00165468937205583
0.00207180191523328
-0.00902756279461952
-0.0150516404650434
-0.00847050064912066
-0.00646839725503617
-0.00847167836867178
-0.00169780364558067
0.0136609459285727
0.00140019651853774
-0.00429850072525917
-0.00519596055840973
-0.0118085072727029
-0.00597161711213362
-0.00328375161899929
-0.0097655711300953
-0.00826037554297739
-0.00416356467498189
-0.00300358315460205
-0.00304958387406778
-0.00206821459217075
0.00144790952986521
0.00225537932320192
0.00161036910780697
-0.00369292442655006
-0.00779096510334132
-0.0141125286579237
-0.0201012544967204
-0.017141824507911
-0.0105374450982638
-0.00711026379168102
-0.00458637436207981
-0.00302850054501999
-0.00167079606760127
-0.00258658161114237
-0.00276584527741664
-0.00426273501645364
-0.00676318789837529
-0.00521612124078221
-0.00323604796302905
-0.00350267332470407
-0.00288623747332812
-0.00224729914027615
-0.00182344414751239
-0.000914981928450344
-0.00115193226150424
-0.000753916124751037
-2.2312389790912e-05
0.000190135628125013
-4.10083820243349e-05
-0.00039735947252269
-1.19568129114381e-05
2.72908527108085e-05
3.69560017144382e-05
0.00208062514843691
0.000839499985531139
-0.000436358465433284
0.00221719270072317
0.000284387830876293
-0.00190275815403724
0.00267822896348202
0.00691992931531351
0.00632973216227169
0.00383588847053274
0.00133608455108048
-0.00424371579920846
-0.00335896505984858
0.00412517878775174
0.0105451821275795
0.00701335438506024
0.0157167640489808
0.0215036898944881
0.0112359433220363
0.000383132901638159
-0.000705631604789433
0.0030100112506365
0.00633475339629538
0.0164654166578295
0.0233683624729726
0.0250772641475668
0.0216407263287282
0.0152976340854543
0.0014712315176822
-0.00155566374021504
0.0038073458207726
0.00279757021879795
0.00419714093852525
0.00425884234091467
0.00648234380764562
0.0104765258513373
0.0108258602665265
0.00540358895262109
-0.000295430870781877
-0.00103582778767229
-0.00203033169177392
-0.0023475883860157
0.00488375758622327
0.00853042118698391
0.00250193188692902
-0.0025586616434077
0.00321975411143738
0.00654830630287139
0.00431001519687767
0.0078947406850332
0.0164075406735885
0.0152012512957558
0.0154579620794133
0.0249996090294786
0.0184527538279296
-0.0022248557525445
-0.00329346799335055
0.00786575026041829
0.00484690691997456
0.0106043858950854
0.0308275827827792
0.0391392434494161
0.0383615552197466
0.0457681088057804
0.04158576321142
0.0184954297142985
0.00825384751564437
0.00263385449187075
0.0118101388222319
0.0127552419550696
0.0148361903325926
0.0184279110630186
0.0203959518320632
0.0201672873396223
0.014287394152526
0.00597994489468179
0.00236896859913921
0.000219957804593813
0.00194192179547598
0.00204571434083798
0.00211017077855221
0.00404487929483172
0.00317063591571393
0.0038755782155542
0.00877509832833941
0.0103955790266231
0.00771591022220259
0.0131660835058059
0.0150267510082693
0.00930939192328607
0.00971075178774205
0.00676770658534191
-0.000600973549667428
-0.00345327456738128
-0.00293638170064668
0.00179245554381492
0.0048159149419816
0.00211281368412195
0.00215889413029709
0.00308566457788406
-0.00144761827781296
-0.00415347486994808
-0.00446891826924313
-0.00260070920700233
0.00475474511855014
0.00507895850138581
0.00522087253922367
0.00333052592307222
0.00284093123575902
0.0043133696263408
0.00485728203766927
0.0019266130191887
-0.000799447953383368
-0.00027609274418001
0.00179685434531071
0.00201600547806873
0.00187329594401597
0.00110950481180874
0.000856394465068943
0.00234060404809513
0.00269309696391568
0.00164448538862488
0.00207633036881511
0.00043356226590405
-0.000182131664490313
-0.00134523262133172
-0.00569459467215531
-0.00553461989115273
-0.00142950049182223
0.000879052420920063
-0.000268006392525037
-0.00258319466082701
-0.00208687665935632
-0.00113514701411555
0.00147406029614232
-0.00284659168893325
-0.00649117128497017
-0.00843469846854442
-0.0103009315721803
-0.00510771128150564
-0.00685765951041506
-0.00569359946063133
0.0015336004130506
0.001159866559628
-0.000483823404906895
-0.00227030940535897
-0.00810028697674021
-0.00803497901295208
-0.00836687520844361
-0.00205385083717678
0.00105442178600911
0.000598665590306225
-0.00429489033416443
-0.00984776667295058
-0.0102182621064505
-0.00647657213426139
-0.00322558789356645
-0.0015483111080798
0.00166557783544265
0.00296030854415866
0.00291353232432172
0.00289993811905194
2.4853456607756e-05
-0.00704988707845393
-0.00701012924532258
-0.00154009348294031
-0.00153038589857585
-0.00190813505021268
0.00396874695729094
0.00771416528442539
0.00295566653783687
-0.00237284854381232
0.000416573787823583
0.00194745432082226
0.0020576034242025
0.00365673751515827
0.00100863611770125
0.000599218158496238
-0.00143665554569858
-0.00679189569807674
-0.00644872570057486
-0.00102785862020004
7.48843973055709e-05
0.000164370766308141
0.00122511368885085
0.00192315905141944
-0.000927308287629788
-0.00432659023589479
-0.00309987755529386
0.00503562413470719
0.0102080353444782
0.00666626506290927
0.00477087122527723
0.00404971917407331
-0.00230991158578525
-0.00634091868501007
-0.00606278662804118
-0.00794860499614267
-0.00762002445980507
-0.00318073759989158
0.000329806657622769
-0.00246100804016829
-0.00383854791587225
-0.00401182827246792
-0.0120631618201913
-0.0197141892161849
-0.013737544336916
-0.00662266945949484
-0.00578251520470847
-0.00287538952282393
0.00358942303780879
0.00866224253545732
0.00817573397791371
0.00351468731763563
0.00292385022704745
0.00200177577628458
0.00371124849651634
0.00655163665454114
0.0168962429238922
0.0229914266309591
0.020055277990731
0.013546711430595
0.00629202902340756
0.00283792823387568
-7.13750738948646e-05
-0.000973832864715909
0.00562460639394553
0.015624334365989
0.0197637329991527
0.0200429119076918
0.0207274449824608
0.016134347487513
0.00587671434714697
0.00325409677898814
-5.20532771869726e-05
0.00279976208626892
0.0183192989301895
0.0264993850553875
0.00808092416859327
0.00511686204334059
0.00418131599618402
0.00325939447145416
-0.00383585613325183
-0.00340908721942058
-0.00970318277286734
-0.00243391548101339
-0.0103037825491825
-0.0107001503206072
0.00295673596693947
0.00233460461151573
0.00249693153154907
0.00892677790280412
0.0104868473896794
0.0100468284132331
0.0112542567507972
0.00722003524183799
-0.000682793241188214
5.04639588898123e-05
-0.00110335975771771
-0.00636029008687028
-0.00157189634945413
0.00669258501529663
0.0043355169107121
-0.00115737315858739
0.00123083402924792
0.00555024914678429
0.000979851459085897
7.18514921073999e-05
0.0012477402488131
-0.000647892373336583
0.00120574731547015
0.00513250972549253
0.0011730245782181
-0.00776696784191201
-0.0125978762527369
-0.0147857377215046
-0.0124846635096854
-0.00758570990826654
-0.0179514161180331
-0.0216252340005991
-0.0174045022671919
-0.0153774056338694
-0.0169168904643818
-0.0140681159261717
-0.00859871819109121
-0.00259083880345111
0.00169967437505158
-0.000289629438820063
-0.00402121918995046
-0.00681023206243375
-0.0137345667983499
-0.0203824675437633
-0.018424617592207
-0.0113550972719306
-0.00640143121441408
-0.000446052056550038
0.00218667984187104
5.33935109409953e-05
-0.00591734330190227
-0.0105694172408098
-0.00917667755758376
-0.00822564627177776
-0.00379988300297665
0.000793525665157132
0.000538283993553557
0.00129043723533941
0.000948646113314545
0.00207043538879325
0.000834118544226342
0.000497672452050403
0.0013995121603237
-0.00128418152246671
-0.00634875347089184
-0.00599941307999563
-0.00203507816641495
-0.00195576459896583
-0.00183206031642202
0.00372492749340097
0.00792630520442575
0.00489550572058235
0.001326175339032
0.00312895639703369
-0.00107650791821275
-0.00699335042020868
-0.00264253401052041
-0.00400506746331754
-0.00457229354747905
0.000564774393302527
0.00640371078367119
0.00432787603836433
0.000754785838878092
0.00159427254526633
0.00131745623444621
0.000961109837599152
0.00551218541355891
0.00705970651803013
0.00208412354273205
0.00332472695461541
0.00253187031066116
-0.00754142463497705
-0.0116423673156786
-0.00820344107188143
-0.00977332939436383
-0.0104091400606767
-0.00182471181805277
0.00486301214564848
0.00151640820448416
-0.00151477596583651
-0.00219881306040126
-0.00912922645802373
-0.0172097500171228
-0.0144859330830533
-0.0092727622236994
-0.00813500775111163
-0.00344524684661465
-0.000812101512462144
-0.00106089541821494
-0.00178075653021374
-0.0051791342714884
-0.00999060784464986
-0.00967088658265987
-0.00465859243937241
-0.00208290634738452
-0.000774107900157491
0.000944033527594282
0.00170771229182596
-1.4250077561967e-05
-0.00104466786049499
-0.00104227144021216
-0.00287613461470662
-0.00504292132430102
-0.00393750312657289
-0.00321855040902226
-0.0041075579233307
-0.00294062649153994
-0.000924019471160273
1.14496641498901e-05
0.000103489844184325
0.00102821785824633
0.00185442649763064
0.000945740070680238
0.000208083011708638
0.000267368844704544
-0.000660104876502035
-0.00138724096723222
-0.000767023076800821
0.00110725998691469
0.00205448740536797
0.00195566031683402
0.00133774427700836
0.000695245224160316
0.00015525744132348
-0.000285067870736522
-0.000604612554463562
-0.000413036813502121
-0.00056005341467028
-0.000489207201145905
0.000102852722823182
0.000690493283216304
0.000844307786152134
0.000915743625178786
0.000637881652861227
0.000262680734234437
1.46689074298815e-05
-0.000584151835511365
-0.00101719312284601
-0.00161283724684427
-0.00145340000708943
-0.00150286004090735
-0.00195332050189788
-0.0013850563288861
-0.00216005424233514
-0.00267739577460638
-0.00322789772810369
-0.00215167979165299
-0.00046857486221907
0.000191819336742842
-0.000270742316644584
-0.000475609080954553
-0.00107330226805094
-0.0027626618570561
-0.00371456920095654
-0.00295501074916413
-0.00274551674751373
-0.00251987500319383
-0.00205677435519967
-0.00188055641580441
-0.00143269680642629
-0.00105982766523727
-0.000135226851011554
0.00025244506299885
7.24515143662809e-05
-0.000186838923929832
-0.00146388370506344
-0.00142815993598488
-0.00133629699309772
-0.00339216129134658
-0.00558991879553138
-0.00378043175514875
-0.00232967717899958
-0.00170211644689947
-0.000677035634005323
-0.000217239317052622
-0.000146835515735185
-0.000211406320192561
-0.000402809045162611
-0.000238657012277799
-0.000285823683071609
-0.000376854445583973
-0.00032582907984887
-0.000204547197186686
-9.4334117389272e-05
-0.000128517516980674
-3.96613649623283e-05
-3.37699178028367e-05
-8.42672944420413e-05
-0.000565664404180863
-0.000723332285233217
-0.000732873665384296
-0.00110851294998377
-0.00149642703000366
-0.00148234358160132
-0.00116212609945744
-0.000672814126873871
-0.000294754510152181
-0.000254717209916279
-0.00025471720991628
-0.000254717209916282
-0.000254717209916282
-0.000254717209916283
-0.000254717209916283
-0.000254717209916285
