-0.958522439113738
-0.958434713008598
-0.9564832482636
-0.956354705164602
-0.941115807471014
-0.923496221825419
-0.801219030174058
-0.583275818098463
-0.473321968644596
-0.431386935940347
-0.372979864498757
-0.39710642279755
-0.550308325461875
-0.638697845779297
-0.630939692982894
-0.639217412327156
-0.596989609627154
-0.437465959257554
-0.301069184164152
-0.277241439861191
-0.254860863141743
-0.266585342971754
-0.410428869312048
-0.538352511323186
-0.545962520382845
-0.536348847564909
-0.519351316395994
-0.441286427819353
-0.264457554155536
-0.132855877598219
-0.128592801581248
-0.150758462925087
-0.133480533229881
-0.131729161415368
-0.160426580878294
-0.163803977003602
-0.147292633167358
-0.15365282608207
-0.123950656147506
-0.0820667210282572
-0.0690765241943939
-0.0593867052949667
-0.050240757258341
-0.0793144140507066
-0.0877209562344461
-0.0870685277963991
-0.0869425560210311
-0.0818969634942304
-0.0554291603201547
-0.0415692432753273
-0.05490259725076
-0.0669941880672833
-0.0774395099178616
-0.0932701297830162
-0.0599131462811329
-0.0576738406318532
-0.0595539676558795
-0.0484401454983657
-0.0456118240684112
-0.0559736717583814
-0.0619599135989403
-0.0532700969466412
-0.0599793922834801
-0.0545051149636677
-0.0287425608218895
-0.00412657510368233
0.000964104004592476
0.00262897258140571
0.00563669745965226
-0.00642374701602751
-0.0158376961905225
-0.0119263121357033
-0.0113521903291327
-0.0109337570876319
0.0123525131401371
0.0451374736300808
0.0285708813887273
-0.00504538992270464
-0.00560778618462677
-0.01368735807314
-0.0216250478854986
-0.0108528749373183
-0.00584013772401587
-0.00311230537248811
-0.0168458999062364
-0.033499376855682
-0.0276844240028081
-0.00068882407736906
0.00942426566256031
0.00935857132901097
0.0118411307124967
0.0120893125059835
0.00088972263763116
-0.00902356345056745
-0.0110484034035314
-0.0192451978931375
-0.02186902483809
0.000932934699818609
0.0106556331415977
0.00667205519211666
0.0144678901858203
0.00536020754443497
-0.0269040144809443
-0.0352057705232465
-0.024131796431134
-0.0298055342631302
-0.0232963199796863
-0.0195042772987188
-0.00892569735987443
-0.0104322099651131
-0.0140753785751103
0.00158427364159607
0.00645197716650422
-0.000569675148542323
0.0136312796166961
0.0287185243587643
0.0100834304706127
-0.00706453144320599
-0.000725073278549794
-0.0126330745501387
-0.0388160651607078
-0.0155992531512027
0.0136932081485442
-0.000193866491494653
-0.0122408797499085
0.0291694576663151
0.019876066349885
-0.00791051733673299
-0.0131378762873138
-0.0311053449021221
-0.0555084744174941
-0.0610950082059897
-0.0648286714440817
-0.0629321670090639
-0.0199782099358117
0.026762791734462
0.0192687511212473
-0.00339632137004024
-0.00833043365100228
-0.0580055938802709
-0.100086490028541
-0.0724546856265163
-0.0394807262170711
-0.0364189074160276
-0.0132654395846564
0.011620251792327
0.000368618204915417
-0.0188708834148045
-0.0218058110678737
-0.016178055320013
-0.00659672778796056
-0.00615437727240777
-0.00326120508795159
-0.00649032972562471
-0.0108031494572549
-0.00422887797647343
0.00687772321445811
0.00518104675760285
-0.000899197017603867
0.0122241325899139
0.0254773499745967
0.0184128546714841
0.00765586289754749
0.00579208211241574
-0.00157915742625713
-0.00638442639463499
0.00797282030158451
0.0112205551309506
0.0160656407513039
0.0316854848479333
0.027207353594962
0.00369837597205992
-0.00799240462720871
0.00597412928398147
0.000916683408824507
-0.00478436785806868
-0.000625385493977161
0.00354954837223882
0.00385927508146745
0.00966432139298563
0.0132483192893953
0.010076810177072
0.0121506132680081
0.0139899278324226
0.00357869332165104
1.86051200641059e-06
0.00239795563571258
-0.00548211729344633
-0.0140904656553572
-0.0013515788534176
0.0042918121194919
-0.00161305046147193
-0.00458985507448384
0.00460648050906845
0.00401927316697923
0.000954953163809204
-0.00258796557974701
-0.00496777274904357
-0.0072381869037021
-0.0102226730892305
-0.0147166652465256
-0.00949942762422145
-0.0101134432001448
-0.00984549256101808
-0.00816226401098053
-0.011036662969281
-0.0142670956636972
-0.0134469079105465
-0.0169195178323568
-0.0234103771734604
-0.00864790404521539
0.0155094078875926
0.0247041840150056
0.0201607215373727
0.02739412508314
0.0301656415203201
-0.0355453492053029
-0.0515611447323446
-0.0323198144116691
-0.0308598457256566
-0.0336437167174489
-0.0244321543408938
-0.019614076594902
-0.0189447853118984
-0.00205143233615239
0.00341138630760351
-0.0042735049297312
-0.00783812865686201
-0.00727591156785106
-0.00640129641633263
-0.0064097442713895
-0.00538307393001688
-0.00175076063813178
-0.000261496541434325
-0.00105550687845412
-0.00324915400169666
-0.00379721899271973
-0.00608346514323171
-0.00933869671098488
-0.00476747679956312
0.00118137028503413
0.00461571767833426
0.00930189265182615
0.0156052716028988
0.0117255315828631
0.00129355867192793
0.00193726174478605
0.000567601891253489
-0.00315868523620981
0.0175211937939989
0.0292007119732366
0.0207021809068201
0.0152980432172527
0.0346344349818809
0.0261501654225879
0.000520987889891951
0.000152714016413191
6.69883530448325e-05
-0.00524740699361351
-0.00291666623548851
-0.00108604675272971
-0.00941194126137978
-0.0167820382953796
-0.0124337871629691
-0.00902197140806643
-0.0160787373324184
-0.00398040204207007
0.010080479775853
-0.00252231386941155
-0.0150945933097191
-0.00727972501826201
-0.0075119590754842
-0.0104012223264207
-0.00675881207191366
-0.0106170302097521
-0.0149062693154818
-0.010503433688794
0.000337429413663444
0.00394341850102778
0.00907150479772263
0.0142265691942325
0.0284479430767188
0.0302266706043982
0.0269477258070794
0.0252368978207464
0.00793801931001089
6.44106854626077e-05
0.00426704601618778
-0.00592140462804006
-0.015074009623147
-0.0110940087059077
-0.00729277387486632
-0.00817995011255924
-0.0037059709320149
-0.00801324595742162
-0.0191374255933334
-0.0197750698038231
-0.011214761903697
-0.0101225821050088
-0.00123764946609839
0.0025505326629789
-0.00538982108095063
-0.00734082578807946
-0.0106328995471814
0.00109285860545402
0.00708759268790315
0.000446273762621267
-0.00178253442636697
6.36538562512681e-06
-0.0123135772816561
-0.00598063181501672
-0.00315130586789056
0.000213231245806885
-0.000490809821348179
-0.00468769318389169
-0.0026576062082763
-0.00189150287143983
-0.000958594533364171
0.00372665906105603
0.00429249948824822
0.000919442636901135
0.00103787928637058
0.00245896697615322
0.0105794293631592
0.025038894822163
0.0416877440882104
0.0540385489061951
0.0422601683744537
0.0304717796370017
0.0303784756839641
0.0230723981681893
0.0215775715399462
0.026009945069751
0.0245445169679676
0.0241163676287708
0.026595112295194
0.0264585628851501
0.0220430932754943
0.0176266776084515
0.0151881026706947
0.0108067973226933
0.010574827765016
0.0110137205742551
0.00221622574671492
-0.00683582706710348
-0.00031268962493541
0.0115393548035145
0.00943553195373043
0.00275390449726213
0.00370104784011056
-0.0032963688298214
-0.012937110652645
-0.00358681679341432
-0.000354983021983615
0.00128457957075363
0.00673463996953107
0.00736131284769565
0.0162050990112795
0.0147335021407393
-0.00607018167295699
-0.0148258602693074
0.010750054342438
-0.013581934540712
-0.039695800603418
-0.0256046639345639
-0.0179800764530744
-0.0136800562542253
-0.000496540475824582
0.0145698824798402
0.00499631594159614
-0.00863002484300131
-0.00819603499299923
-0.00831732473387999
-0.0169347912003372
-0.0316850256037586
-0.0366697009830331
-0.0284135901190725
-0.00459617017642394
0.0149141626591391
0.0130882189495633
0.00257573006707835
0.00193212129315319
0.0113954932087659
0.00679448496756976
-0.000819840314698814
0.000375480389057113
0.00668099402981361
0.00477860872176372
-0.00138441450431362
0.0040586761816062
0.0038372205569561
-0.00161206382533015
0.00610441666515905
0.0106506817757226
0.00427478695750386
-0.00296262480123678
-0.00208877625395075
-0.00350667630116114
-0.0162932177685108
-0.0170648818500935
-0.00232718798241433
0.00597426698630795
0.00145200139186034
0.00215799491001735
-0.00146636427705745
-0.0117097761330772
-0.0192793762088876
-0.0187912424465506
-0.0290104948640119
-0.0378686381468913
-0.0191644786124335
0.00365620618622828
0.00939408419173293
0.00569703323580804
0.00361800155723868
-0.00214855967568493
0.0014261998108012
0.00495791263929067
0.00502589919853842
0.00611250901953994
0.00519221827928543
-0.00377298804186735
-0.00956604921231711
-0.0128528706885447
-0.0149205473152779
-0.00878113441840866
0.00189093840614138
0.00517285310844782
0.00114185806617541
0.00375924648588208
-0.00841528797456858
-0.0256330295821571
-0.0235249671546951
-0.00829015004623361
-0.00236638605439367
-0.00797961033065308
-0.00110056988813734
0.00687252800452207
0.00476148575875381
0.000803259077016158
0.00121470763640595
-0.00501995418616613
-0.0121192872785235
-0.00634940070608253
-0.000598339740214648
0.00621183093987485
0.0121346086959534
0.0163450851783864
0.00787443872074777
0.00234774063893518
0.00220035649687784
0.00283278249408094
0.00258771333398514
-0.0169720362123604
-0.0132765590322882
-0.00593462457503421
-0.0029361296592195
-0.00336213836957869
0.00368365186994326
0.0109890036070769
0.00690584703377949
0.00430438422603682
0.00342299914102877
-0.00100965963247208
-0.00770855908646072
-0.0108972180579893
-0.00783586800173584
-0.00940850331296985
-0.0213144476415528
-0.0201022312510337
-0.0125983744878686
-0.0166327245532563
-0.0123161700252797
-0.0117023687465714
-0.0179207625919595
-0.0160351363969659
-0.0103996840240208
-0.0184381627400953
-0.0416917458645212
-0.0526344290329931
-0.0626752711508904
-0.0551692252695127
-0.0493904353428601
-0.0288761953499349
-0.0134302108924015
-0.0126639232378459
-0.00767355265510234
0.00167612399348846
-0.00142177539527799
-0.00546099743715632
-0.00646877698643745
-0.00330711429797535
-0.00274600938790854
-0.00015497518247201
0.00646222352884206
0.0105771746601152
0.0021681987828693
-0.00154787578580629
0.00500364271983064
0.00578496752322181
-0.00388026057827889
-0.00180976419959021
0.00173164846292991
0.00369510040198293
0.0107877782860155
-0.0151079860569638
-0.0200267839754366
-0.0197088969627952
-0.00386904815642622
-0.00270942169416312
0.00451999988989908
0.0231296375738583
0.0229610354762206
0.0221536177142602
0.0224667985819348
0.00894119973237059
0.00562843794092367
0.00616359654713033
0.00441026088260825
-0.00375941792892551
0.00649642759782936
0.0102932749137432
-0.000171985518208797
-0.00200688045668218
3.11616305312401e-06
-0.00740823397249696
-0.0070483111163906
3.138071017195e-05
0.000461929461446819
0.000270293515118583
0.0102980933663912
0.0149388601901575
0.0108753173057249
0.0110882919803664
0.0144337917541905
0.00872541993567043
0.00253205287645135
0.00106481151188407
-0.0048140821206065
-0.0042837054911912
-0.00573317108025443
-0.0112774759408196
-0.00534754080716422
0.000526987475498297
0.00233626044046804
0.00287091942493796
-0.00146870662124631
-0.0113785670713595
-0.0149232201472287
-0.0156291980936141
-0.0197905137980928
-0.0182373874299285
-0.00967938630405498
-0.00391480755796279
-0.000642233418167171
-0.000918470911408756
-0.00595325814694482
-0.0152176968083158
-0.0269639081543305
-0.027318239880681
-0.0148977626838628
-0.0142269101943857
-0.0110920097181812
-0.0104191364549634
-0.00832800430864937
-0.00140420441474586
0.00077681535138084
0.00414360120802716
0.00283525462524945
-0.00221216545008854
0.00157198667271326
0.0105364991406263
0.000540759469211432
-0.0105438458567531
-0.0165986361909335
-0.019324835569086
-0.0112874858281678
-0.00516956687274825
-0.0052677878846263
-0.00746975435718406
-0.00273674932313052
0.00143014538153818
0.000433092546763244
0.00982428993659024
0.0039281406001615
0.00158316322140544
-0.00128027667627
-0.0102933699131419
0.0108130543848648
0.038899258793665
0.0331803652057521
0.0320707288333494
0.0419302452340212
0.0430263045402481
0.0183973206084068
0.0040297377934727
0.00307771594934681
-0.00250449853900282
0.00495619672738718
0.0162182563301983
0.0195258099874649
0.0222949536514639
0.0194454243549655
0.00963804518721744
0.0104319987997129
0.013934988060052
0.0163458609645769
0.00906358682976174
-7.92215028553294e-05
-0.00635988715236462
-0.0112399690865992
-0.00873961511639166
0.00164129340077268
0.00158232054357194
0.0116424961448421
0.0210478448872451
0.0126172999133408
0.00302046840804639
0.00417212268029932
-0.00247567844210371
-0.0162860638842588
-0.0194155589309713
-0.011197828426871
-0.0036478671875646
-0.000794196403451634
0.00364760974983234
0.00570336454542678
-0.000436609577470454
-0.00438173023932866
-0.00346037661147724
-0.00766380602807474
-0.0038364505803578
-0.00240426972981628
0.00156414336409114
0.00123052608873243
-2.44768739384796e-05
-0.00416979483881272
-0.00195937958386075
0.00115262338250533
0.00154825420219073
0.00268724503714075
0.00528921427082573
0.00106599782461288
-0.000639110805034417
-0.00188957055693153
-0.00437587931491226
-0.00357014258701126
-0.00135521410898463
0.00379740477606607
0.0031063492747931
0.00327388831946097
0.00178805874478852
-0.000532129865727568
-0.00017275006048227
-0.000416410007554538
-0.0028864320113046
-0.0035571398898953
0.0025339581920984
0.00477945764747309
0.00431415277456967
0.00193661383708081
0.000716775399969075
0.000448815188384369
0.00110650227659719
0.00164912994443869
0.0019427308751603
0.00243463328327504
0.00044050144342723
-0.00311142871176036
0.00351370813744286
0.0117254668885723
0.0197512284412219
0.0127130301800274
0.00949783057032534
0.0101422146872746
0.00363229877997436
0.00106750214436972
0.00229658525035837
-0.00152040726265263
-0.0010093073086357
-0.000939061764045007
-0.00130086848350486
0.00024899734690464
0.00265572559134958
0.00254190075041287
0.00227150594912845
0.00363273928736505
0.000789515508476494
-0.00225070028885262
0.00217638602737066
0.00412374358340665
-0.00213468410831069
0.00602202547102492
0.0028928813622612
-0.00290879856522365
-0.000374383254737185
-0.00137663578721501
-0.00741132123938636
-0.00421384908196309
-0.00324939148696284
-0.00269913922351515
0.000141119323537994
-0.00531411914347731
-0.00827227509061005
-0.000858670212654546
0.0107508779544288
0.00997371781124607
0.00605387538985239
0.00909763168437156
6.94328762279751e-05
-0.0204096235681025
-0.0262382818280412
-0.019956641624838
-0.0244012715472848
-0.0197774364649531
0.00151156631331339
0.00968901038618722
0.00532643611103617
0.00796261392783825
0.0110501151238146
0.0115023936185271
0.0100457906835422
0.00543401918359524
0.00203119920020998
0.00199919846601548
-0.00276821058195827
-0.00721320691206237
-0.0041601326945331
0.00142457647104286
0.00360246625217566
0.0011305308778999
0.00024327483172655
-0.00106059816190193
-0.0062700124832689
-0.00905960607268492
-0.00682928771059033
-0.00749890778599037
-0.00820976573296026
-0.00727717790175519
-0.00710153170648041
-0.00756519726785386
-0.00981532093094842
-0.0034679088537166
-0.00214147172289536
0.00173064333424043
0.0073399631271972
0.00321159010606326
-0.00478768317993946
-0.00612129944865834
-0.00569882034965002
-0.00611247842637497
-0.00356682082990425
0.002215880963827
0.000251337653329391
0.00178763311681868
0.00275043483858226
6.5212794836652e-05
-0.00275813063184889
-0.00152234134869027
-0.000554089192471183
-0.00209493095052847
-0.00288528000442433
-0.00155616752092433
0.000138314095323517
-0.000688515142801748
-0.00208191679242828
-0.0031659925488881
-0.00391989418683733
-0.00310020499447012
-0.000805145335034815
0.00128136015026139
0.00304681352083198
0.00121605954006858
0.000237648253684986
-0.00406860431996937
-0.000555088920338792
-0.000317177304540971
-0.0011964527681401
-0.000217376858140353
0.000979762430146138
0.00128143457585826
0.000592296988669475
-7.46990879077086e-05
-0.000159797048004096
-0.000119626791783861
0.00135410974089478
0.0034383532372954
0.00336755056491795
0.00265666803991001
0.00202688873004361
0.000498761448336557
0.000862056449622753
-0.00203224234736875
-0.00230263948862331
-0.00209672791236008
0.000408083452705365
0.00161426876012097
0.00367269437501675
0.00095753987962877
-0.00480830481742056
-0.00680788065539957
-0.00929255667616845
-0.00781538017586
-0.000123548504956104
0.00420028149994245
0.00246677121553281
8.19838233308157e-05
0.00326959002609615
0.00167309267271279
-0.00236366139791172
-0.00135581838183288
0.000305951561242778
-1.52601801536108e-06
-0.000109099817752487
0.00196358671959625
0.00241846861582058
0.000211282431198619
-0.000341916188674389
0.00196023123065896
-5.301608942067e-06
-0.000613218688612469
0.00109997775976464
0.000173769604606736
0.000385862031757718
-0.0010313034577103
-0.00397510384699277
-0.00397832916389853
-0.00270112618357824
-0.000406906973503837
0.00276348929465276
0.00148006378967921
0.000687301161454235
-0.000121110639206699
-8.35444937732602e-05
0.000226904632938717
-0.00372576023079467
-0.00694928440563148
-0.00756796702169952
-0.00709678001494361
-0.00545516660659222
-0.00334622950004181
-0.00306020721253261
-0.000580704572316513
-0.000229341659283008
-0.000969929991525004
-0.0022910453959203
0.000394127078436468
0.00168063937466839
0.000870806278105303
-0.00103673214266643
-0.00121770214840843
-0.000227136742033029
-9.55269235687188e-05
-1.88915663002836e-05
0.00232765716654708
0.00268674363839869
0.00183792145349467
0.000203300819551662
0.0011892589258381
0.00186451465323922
1.12405324640189e-05
-0.00190625549514143
-0.00171774515333334
-0.00131860033833323
-0.00137422190980612
-0.00127524615881904
-0.000512062585298451
1.65963293380764e-05
8.03318800659051e-05
-0.000850339412972621
-0.00149370373009993
-0.000854536245639116
-0.00175585254388156
-0.00444107990771076
-0.00451142939494676
-0.00348861180969724
-0.00509100269606204
-0.00706756456452208
-0.00535443388321399
-0.00422921708967067
-0.00456051307288281
-0.00310750110447536
-0.000795708149788554
-0.00124217178338152
-0.0029423398990583
-0.00370489626374731
-0.0051230429825514
-0.00744298542625772
-0.00660663583591997
-0.00227591473498244
-0.00120211371847682
-0.00111880167567703
2.19136739432981e-05
-0.000379814891799369
-0.000986489861031099
-0.00103922797748351
0.000112686181413981
0.000386613474943206
-0.00186848612819849
0.000673958133243148
0.000726441062921862
-0.00311770109243097
-0.00694769681680709
-0.00665729652554802
-0.00616598456102118
-0.00531950856869534
-0.000151925062263206
0.00413594657352098
-0.000153173185115967
-0.00491587490648977
-0.0100875435834943
-0.0212939900548975
-0.0238544659882102
-0.0140231525569799
-0.00777586663275414
-0.00490170930855528
-0.00277587574202717
-0.000158958522820185
0.000804561947106861
-0.00196307374442552
-0.00440328867138211
-0.00479092236886343
-0.00608600615402579
-0.0048447378676826
-0.0018454791519988
-0.00161995658485154
-0.00160291622323356
0.00157569897690487
0.00207611507601059
0.00110813249718511
0.00276891467202867
0.00224036399155588
-0.000843678609827623
-0.001519539936373
-0.000286728155975369
-0.00273647269711888
-0.00313248126890161
-0.0031818797013171
-0.00442695421924934
-0.00431549508612657
-0.0058892604191161
-0.00523001092885032
-0.00264698189343861
-0.00185834017774622
-0.00180776786676999
-0.000972864845036677
-0.000569475419613904
-0.00103742077029831
-0.00128283068229655
-0.00273822742782067
-0.0032831564304517
-0.00405381470624021
-0.0050310467728613
-0.0042046060526952
-0.0049774355758967
-0.00496581247761944
-0.00436614329883596
-0.00368617498227506
-0.00439696463253265
-0.0057971354475265
-0.00516459312297931
-0.00548845114269865
-0.00398431573063901
-0.0051310632076439
-0.00600477334994509
-0.00726950759256803
-0.00837289679327853
-0.0109264858156429
-0.00988905589735313
-0.00905490398844591
-0.0103351339880906
-0.00870849517798126
-0.00536902335250115
-0.00415140606054242
-0.00565988791212126
-0.00636493406207795
-0.00592332038276799
-0.00577142583879511
-0.00620360759541774
-0.00606998841791883
-0.00559787973029163
-0.00605125521997787
-0.00661453432262218
-0.00520272104945965
-0.00306113849497493
-0.00158162038845298
-6.12278861002301e-05
-8.91496321704945e-05
-0.00164350801263296
-0.00232059553498639
-0.00341942374748194
-0.00492333250933182
-0.00324346691719834
-0.00212425489311384
-0.00052696412597011
0.000933106169187194
0.000485593760669173
0.000135567948185261
0.000457439324989434
-0.00121425025679631
-0.00315757875699075
-0.0034994327048304
-0.00438458124148354
-0.00553732213849859
-0.00455246751739979
-0.000853556839247414
0.000164439119597885
-3.90152910984197e-05
-0.000934820498531435
-0.00179506070611495
-0.00305456962365008
-0.00326822961379216
-0.00226535754119679
-0.00150031362911026
-0.000979963356596029
-0.000194667799212863
-1.24488965941571e-05
-1.68321979504722e-06
4.97036399486027e-06
-3.68160881333045e-05
-0.000319858479632669
-0.000881181719488464
-0.00148149240511484
-0.00174334331802407
-0.00174257839752681
-0.00171199076964697
-0.00143709073047132
-0.000854402878761009
-0.000780582393782574
-0.000780582393782576
-0.000780582393782578
-0.000780582393782579
-0.00078058239378258
-0.000780582393782583
