-0.968555724861583
-0.968555724861584
-0.968555724861585
-0.968555724861585
-0.968555724861586
-0.968555724861586
-0.968655930559671
-0.9596196868078
-0.912378498291587
-0.910408458029761
-0.856878635953844
-0.769240628127992
-0.767837326472855
-0.746791084603584
-0.612233951863133
-0.540655253972907
-0.518917401334385
-0.348479303439158
-0.222949208752236
-0.300700294747478
-0.349054123849942
-0.317535530406351
-0.418260942873703
-0.545627705108247
-0.482695102246477
-0.396272366854116
-0.398746044361301
-0.286992026649855
-0.108241559053426
-0.112523135088587
-0.176206135339628
-0.157071375415076
-0.224141591771114
-0.312152637644977
-0.269816152466989
-0.216466526656842
-0.223452712651159
-0.198187977833848
-0.202432433236299
-0.200703345858147
-0.145535198410123
-0.103172350077862
-0.0885921594238597
-0.0571063401746623
-0.034530989999325
-0.0537586781692598
-0.0693061828408855
-0.0831001925771335
-0.130472096916161
-0.146875014325763
-0.122703366380095
-0.0996085805545171
-0.0918655946338429
-0.0535072804435928
-0.0256564160673059
-0.038389402191392
-0.0360049418570418
-0.0270833804522895
-0.040211956576909
-0.0542046436806384
-0.0495887153778034
-0.0559559569404713
-0.0583180739890681
-0.0465272660206379
-0.0403965155188535
-0.0286295223912025
-0.0141555210923626
-0.00522121367934176
0.0152034476110864
0.0212454880713592
-0.00382740558612745
-0.0222665976801111
-0.022028055146709
-0.00689121537286062
-0.000731751443817416
0.00117818424590321
0.000981373982869441
-0.000172488987196124
-0.010203526686628
-0.0285378043932243
-0.0344592260199657
-0.0343634968815427
-0.0134010254671791
0.000684852842057439
-0.00698766775879158
-0.0137152139004501
-0.0184705636820476
-0.0278826631059059
-0.064951314873853
-0.0708533277117906
-0.0365664458412239
-0.0164042913735528
-0.010791410031728
-0.00270442528139843
-0.00340745471480732
-0.011882405324873
-0.0124022866039055
-0.0100152518079136
-0.00676390203588043
0.00319565680732973
0.00626274219782586
-0.00417730176776405
-0.00449655766179509
-0.00633597618731567
-0.00970995988994233
-0.000287508073104408
0.00542106894749715
0.00129602888021652
0.00365625009698509
0.00721844267572895
0.00319164852907258
0.00113707181578197
0.00852012979909949
0.0120456561430631
0.0140474730328354
0.0190494793846175
0.0264223251556332
0.0202740490988059
0.00561863711725781
0.00243652311583213
-0.000249968447579267
-0.00537192652938325
-0.0108393958763654
-0.0185501476018364
-0.0175890558878565
-0.00716505220335973
-0.00268724115056423
-0.00398872109836991
-0.00234131482096257
-0.00404873269069326
-0.0246280283085018
-0.0304044564824811
-0.0282932141354411
-0.0511331694524755
-0.0326592330778159
-7.3353540343447e-05
0.00574136637892122
0.002365853669083
0.0160059597393629
0.0196669490219357
-0.00420749649997896
-0.0121442047036763
-0.00902840063973353
-0.00878620587239306
-0.0108518304413154
-0.014182838896091
-0.00186029348064337
-0.00177803813561176
-0.00327138735746247
-0.00802568499125203
-0.0219898884318498
-0.0357862891367381
-0.0549906999677519
-0.0720595494120805
-0.0512005927835789
-0.0388357280359442
-0.0229438010784097
-0.0205478917851615
-0.0169315927988922
-0.00682392689400067
-0.00391446903484361
-0.00291626727169604
0.00244287468741808
0.00496879782458401
0.00380467522538968
-0.000567461369612992
-0.00174688307111904
-0.00705595641869002
-0.0162206486778573
-0.00918978063773223
0.000418769369861644
0.000790296938608381
0.0017758913686068
0.00567607073209898
0.00484690336723477
-0.00031801391439819
-0.00564744665755485
-0.00405132822962873
0.00128573827545955
0.0113315282283621
0.0183220996739477
0.0111031662755733
0.0282145737582003
0.00609420017804064
-0.0159785362795381
-0.0186436095073779
-0.00880831418937418
-0.0100561039800488
-0.00764263436810173
-0.00555621145630821
-0.00622243532944158
-0.00697720726508497
-0.00692300757480251
-0.00697276030517965
-0.00452773028580939
-0.00651589804116842
-0.00794779297522459
-0.00678551234730305
-0.0106825281777645
-0.0106222278872827
0.00191735898398463
0.00823689251301139
0.0159145833293812
0.0271898166952034
0.00928463950885469
-0.00468655759302373
-0.00606651160779069
0.00167613639246809
-0.00209949922210474
-0.000207883906134741
-0.000159657911350085
-0.00019482523735266
-0.00214165007836962
0.00316116910250433
0.00206762670724671
0.00133204869968108
-0.00889095144961394
-0.0111545792502908
-0.00635577101964435
-0.00559499216979456
-0.00545196477185782
-0.00392856568539509
-0.00435920925629198
-0.00583581618015444
-0.00690459405885487
-0.00469791294579625
-0.00230507283856986
-0.000857919354066363
-0.000791364719029245
0.00188982851397428
-0.000255068084835789
0.00544241960516117
0.00859571525681144
0.00288559608506054
-0.00112469416899381
0.000148917833454752
0.000874496185755217
0.00573426452054056
0.00689628673721229
0.00348685273064059
0.000487257583095774
0.000650682683712211
-0.000516777758984121
-0.000200819861813936
-0.000556870496424288
-0.000790920146563102
0.00482832402450356
0.00575462548873939
0.00593875204470637
0.00410029944400316
0.00843853633397391
0.016082799159229
0.0134677252754214
0.00979515971335694
0.00898703602534014
0.0139139725182858
0.014899120071976
0.00419844640794119
0.0025483351441397
0.00617779727194181
0.00129436985414149
-0.00191316297440838
-0.00192280509714962
0.000906095351519165
-0.00152509420000776
-0.00336902822954163
-0.00631195099908234
-0.00530181035657985
-0.00229025029497562
0.00303271038279574
0.00909337698970076
0.0124958370904138
0.0115622837294198
0.0225611133450419
0.0371816232418012
0.0266091754701749
0.029854586057652
0.0163429038056075
0.00819998030763922
0.00453046647832599
0.0013166049918755
0.00496757891040946
0.0146484161191558
0.0118907637330964
-0.00275455725205313
-0.00543622959729511
-0.0090543241764101
-0.0269429812654211
-0.0361371978259384
-0.0202990693172439
-0.0129849126302923
-0.00876013098651074
0.0154972536956742
0.0225471329655216
0.00751183038696612
-0.0128401571843559
-0.0207819808571873
-0.0470740315370104
-0.0901374174749113
-0.0872055528320615
-0.0529132764969911
-0.0361111827860963
-0.0210129803302403
-0.00416130681927282
-0.00704599319385408
-0.00502378047537265
-0.00330039762325381
-0.00848363445582163
-0.0298762202033145
-0.0263256950511136
-0.0110963535224514
-0.0117310246126477
-0.0149467681262699
-0.00672826261184197
-0.01396193026934
-0.01015669773181
0.0020445118088645
0.000760403388235189
-0.000346125903076057
-0.000168435810309704
0.00175576935755694
0.000447128510501743
0.000400551602915149
-0.000759459613687032
-0.00167061245188783
-0.000879879896653704
0.000368988146035191
6.11818744341681e-05
0.000489835047462207
0.00118028901792487
-0.00193242174044288
-0.0033573407470401
0.00118963582930428
0.00869379900034285
0.00926079568251258
0.0112528866100484
0.0117206157955089
0.00218236458138635
-0.00501246987606334
-0.00085199564515135
0.000159143804969547
-0.00199261167336849
-0.00255480213637571
-0.0120274814631043
-0.00668796242849417
0.0163198155172082
0.0149627817082879
-0.00151756496212963
-0.00503237078800123
-0.00123396533979504
-0.000367804342673011
-0.00268658093140614
0.0153189584172748
0.0214815407229571
0.0205609863137445
0.0194621687451162
0.0141127999794137
8.82854974379853e-05
-0.00962377469138611
-0.00562454109368112
-0.00790262565308837
-0.0113942342017055
-0.0143582791809073
-0.0175630726569161
-0.0261706847717474
-0.0116840789566287
0.0066663213827131
0.000540438389248093
-1.43257529762037e-05
-0.00281259514348491
-0.00726318544571734
-0.0252761513576223
-0.0383024463345141
-0.00808328580497315
0.0212558423003297
0.0202968914215006
0.0245698252868202
0.0168983314244658
-0.00453840774375969
-0.00717422228799348
0.00123161321658516
0.00131979951692514
-0.0111195696357498
-0.0136559706267469
-0.000574167682981266
0.00596241815358291
0.00715828098730876
-0.00139786655061136
-0.00274777677175402
-0.00298509769471405
-0.00113752082771401
-0.00223927349240742
0.000876879030540022
0.00278672425960725
-0.00204138016492783
-0.00958361909542334
-0.0158993844524777
-0.0132079783100559
-0.000607287807910967
-0.00432263848171445
-0.00792939827290378
-0.000739266940430066
-0.004842635288888
-0.0111973111321377
-0.00535495948886344
0.000376821022968952
-0.00442907946579885
-0.00398350660580706
0.00156538125759941
0.00130225525903801
-0.000292663348304424
-1.40176706374832e-05
0.000287928425866715
0.00199744119417366
0.00704571994377503
0.00506863643319427
-0.000976025250677026
0.0179242737512138
0.0102097881432102
-0.00804547815973783
-0.00769840959946367
-0.00156504496308982
-0.005708144991715
-0.00522199977367699
0.00931953106740357
-0.0042180359016285
-0.0264694623226839
-0.0253012929785942
-0.0163562994623371
-0.00820570069788187
-0.00834833942289828
-0.00100123579018047
0.00736843148507346
0.00206319973345363
-0.00583580078731457
-0.00370575303460063
-0.0116466594686664
-0.0271253009614488
-0.012210453116903
-0.0141924186708917
-0.0343263131626997
-0.0230784129367581
-0.00371060457891721
-0.0182268897301127
-0.0179839919976972
0.00130112789447408
0.0105338131715213
0.0103492029023396
0.0108077535623571
0.00510902556496276
0.00126574818764099
0.00102782949020584
0.00183804121127813
0.00584095431754608
0.0030562707624528
0.00894008997209736
0.012313211434459
0.0131921576053807
0.0144787122754913
0.0133445770018954
0.00171054290491837
-0.00762376600690395
-0.00443382448709399
-0.00832103632554894
-0.00671551345738477
0.000544464728952376
-0.000680133758480603
0.000775292475402276
0.00148576427338488
-0.00267628212968031
-0.00828837931953086
-0.00868196751490884
-0.000943339556254492
-0.00513868098256325
-0.0018428823219686
5.84201019388313e-05
-0.0100601183314112
-0.0145269001278277
-0.0161127561337078
-0.018554432944331
-0.0181985701961379
-0.00628021917688974
-0.00269593251833738
-0.000463730052237458
0.000680904664407947
-0.000271607652345716
0.000406988666430256
0.000238053888465117
0.000679185906494823
0.000824940574780798
0.000235516456881035
0.00018629575166839
0.00589440842900789
0.00351487578261008
0.000832353629754067
0.00213860426100445
-0.000634176439684798
-0.00169450316840649
-0.000501027512126497
-0.000950106187588243
-0.00542185601393418
-0.00692690933816152
-0.00224831415663658
-0.00305758903706273
-0.00311466773739525
0.000284390254016127
3.94571491549207e-05
0.000460726541074125
-0.000139666819653233
-0.00120396663204215
-0.00303789934504298
-0.00506839796999744
-0.00311473919309195
-0.00291731188595777
-0.00405396936782008
-0.00190948490165913
0.00165519466825964
0.00356847749458434
-0.000309814762813284
-0.00214776491095601
-0.00645909944770381
-0.00516629686564299
-0.00348917986542965
-0.000359841705093037
0.00227353363247421
0.00729123200630176
0.00427108040578893
-0.000629381240621542
0.00378407512656902
0.00249677229204055
0.00159405911744614
-0.00529811363744106
-0.00649663240413757
0.00252999642417307
-0.000398900366430775
-0.00313330115456995
-0.0040534976780697
-0.00824499478373737
-0.0169848311534413
-0.0174781672497924
-0.0121646131573755
-0.0145896320382585
-0.0127764131726395
-0.00478594252674278
-0.0049362859394599
-0.00698049345418099
-0.00135798656230258
-0.00312089548660673
-0.0189282501404068
-0.0220630409652574
-0.019020678743249
-0.0171625414203049
0.00656408268441477
0.0109696418394664
0.0179091883507038
0.0252607155896331
0.0325015576081075
0.0312077520740916
0.0151701587713774
0.0100527385807742
0.00778759531142761
0.00477623383056435
-0.00593255902119099
-0.0122671646808577
-0.0185441108405905
-0.0190588741974932
-0.0136223694084293
-0.00624601794593094
-0.00161655723725223
8.6862923181219e-06
-2.88868423425519e-05
-0.000224828658221045
-0.00401196015440647
-0.00592526818566476
-0.00314996242290315
-0.00427746628173615
-0.00610885192734054
-0.00964453639740478
-0.0131151785572945
0.000204845131880941
-0.00719463457054548
-0.010407493300081
-0.0025676345935796
-0.00641777729670808
-0.0115508913302257
-0.00750367554534335
-0.0101966498695526
-0.0235090216827981
-0.0272585232937176
-0.0163432665403142
-0.0143348510806747
-0.0143706807933346
-0.00747391482185483
-0.00703077460198914
-0.0143184589967798
-0.0156255879263017
-0.0143822435945431
-0.0199913603118692
-0.0209208120071645
-0.00945642371357368
-0.00475077209309006
-0.00306387147079445
0.00927750894354142
0.0119545225871557
0.00845171096343393
0.00900174157028997
0.00689661924614358
0.00491440164017379
0.00513373120251334
0.0012463838897575
-0.00498584328688732
-0.00559447573973148
-0.00716948000839012
-0.00755735063310327
-0.00518137656015027
-0.00284935498890459
-0.00596028472817139
-0.00159965433404838
-0.003902928955007
-0.00621568507924778
-0.00535525417404125
-0.00872844122558259
-0.00706397627947525
-0.00365347406594157
-0.00666390370610005
-0.00296314680652163
0.00289786656623321
0.00948422602004777
0.00232899619301221
-0.00472417504113519
-0.00234678109118679
0.00502704678885784
0.00682551169961319
0.00291873706122721
0.00203097724984323
0.00320762890038795
0.00109950972121752
-0.00144202442101411
-0.000354800851876003
-0.000951496193299219
-0.00284458917717369
-0.00383414490666484
-0.00506946262376557
-0.00578020477984613
-0.0074657825033844
-0.00607259476516176
-0.000443873431756493
0.0042388646355698
0.00419113662035035
-0.00185806216560878
-0.00116027240931297
-0.00195629781145603
-0.0128886662705785
-0.00737406569631592
0.00592284985911827
0.00830497607259013
0.003644643633683
0.00542948691228035
0.00749252954998457
0.00182594732561129
-0.00101745156687105
-0.00119673379602194
-0.00234006148873238
-0.00242760010281179
-0.00092516256727061
-0.00131058535452037
-0.00331053101690271
-0.00370246589829328
-0.00313962745026467
-0.0034531167673674
-0.00295344944720161
0.000353514159874561
-0.000588443907956268
-0.00204387108968948
-0.00765987926762222
-0.0105782517058567
-0.00793132177170775
-0.0031065228140657
-0.00269399083592132
-0.00147924738815629
0.00167122025915034
-0.000649133524499655
-0.000107960683681096
0.0016183095906202
0.000632516241670025
0.00227748084223964
0.00717768802590827
0.00857644408325367
0.0075035242253816
0.00917421478749141
0.00795562731025234
0.00124967741321669
-0.00293336935236291
-0.00186545087895897
-0.00407438690622733
-0.0075229968964506
-0.01217121237689
-0.0210312620086563
-0.0238450080374208
-0.0167001924014412
-0.00760610110104282
-0.00790012877036193
0.00100010893411267
0.010490171947907
0.0123752826784235
0.0143961067875144
0.012518050214673
0.00956508062588387
9.48869470094333e-05
-0.00527294246769242
-0.00655322464165233
-0.00326290286216591
-0.00276048083169774
-0.00896882031521397
-0.00696344666576721
-0.00483057577363409
-0.000985364074723875
0.0118355509137507
0.00862326471836659
-0.0125173777096366
-0.0180360854907751
-0.0125729840711999
-0.0165234520365363
-0.0157458122075953
-0.00786720599153067
-0.0032654039299064
-0.00406615720652785
-0.00180438293905548
-0.000387397411596968
-0.000348992349499165
0.00226286686564022
0.00239346254897477
-0.000640672112559214
-0.00876902387667649
-0.00930417228761335
-0.0034152385561855
-0.00191439589364066
-0.000892498380650706
0.002817520590835
0.00197758533374049
-0.00229736864744797
-0.00283646521365858
-0.00556653852894832
-0.00047362393372195
-0.00169974150818654
-0.00495625534163663
-0.00671915205740876
-0.0135357017312248
-0.0134503968334552
-0.0110190093964318
-0.0138056183475234
-0.0146705314429348
-0.0177878557680823
-0.0246343813238726
-0.028067716444093
-0.0279547659995984
-0.0238081329210895
-0.0259014590131535
-0.0232998077307237
-0.0118533763084557
-0.00719244807724449
-0.00829259213245771
-0.00708566590572705
-0.0100662559518999
-0.0142999875066709
-0.0113107476967573
-0.00422267102561304
-4.3030104838809e-06
0.00131961965340016
0.00477850230077583
0.00700763092511072
0.00630658822789413
0.00308780106494249
0.00200694525314157
0.00372772263219826
0.00299394598444657
-0.000185439236956938
-0.00232856869383138
-0.000519639728151745
0.000887892788343078
0.000774649805506601
0.00172943591719228
0.00526307357781071
0.00398745749550249
3.52420302939726e-05
-0.00100321890716204
-0.00545639497478839
-0.0122458218635302
-0.00832125880963179
-0.0032752251573642
-0.000831706481809401
0.000765504786254797
0.00133637831819692
0.000905733951854542
0.000565371973555199
0.00139265194016386
0.00129111166428417
0.000285928413201984
0.00471031540891539
0.00715568068249816
0.00741274472846589
0.00790176776839576
0.00570611086686619
0.00484816584705678
0.00290035370062065
0.00260437993019878
0.00104776559315057
-0.00392923659216515
-0.00575345996311746
-0.00288997915596263
-0.00263370768148847
-0.00174532155966139
0.0026005735824559
0.00318003261163057
0.000427059897308649
-0.00021969333495862
-0.000861100643438087
-0.00167941542115245
-0.00238415806697361
0.000138699853758561
0.00204968941387087
0.00220368839950385
0.00323638193013701
0.00563652504289638
0.00571648033744037
0.00357258741779637
0.00280582972887534
0.00287548734752984
0.00218955612323274
0.00120981533814026
0.000651668836269305
-0.00163615891374243
-0.00342283814447573
-0.00186992145226776
0.000166631081450253
2.76072972822607e-05
-0.00133369502604002
0.00288989140248692
0.00309351961174829
0.00234571720965862
0.00155920986285486
0.000246561574894739
-0.00412916817054929
-0.0103948424963183
-0.0108345748687217
-0.000102151348603909
0.00142370956688305
0.00444369278944825
0.0109037263681907
0.00903183304315567
0.000296657707215482
-0.0015077718930278
-0.00255642177207314
-0.00640254371987813
-0.00593148626754816
-0.0015840264378105
-0.00327766954423821
-0.0035315826102638
-0.00305106026174386
-0.00173217817674663
-0.00113987823114622
-0.00047644399232237
0.000462227309604885
2.718717791251e-05
-0.000886304782312748
0.000257941439119715
0.000971601907520135
0.000626049619539046
0.00141148004704216
0.00101576016741689
-0.000907914790901326
-0.00113118442041339
-0.000793551508900336
-0.00112089625939274
-0.00119487082913223
0.000128614220912179
0.00140552202925194
0.00184249200748613
0.00179931381406707
0.000770506016834435
-0.000297894356731368
0.000248799278658643
-0.000278572937583042
-0.00121795288655285
-0.00183712361124973
-0.00286533191663261
-0.00300723024884728
-0.00114389160935108
-0.000327766693554637
0.000426287787561408
0.00118874736093129
-0.000208546822516995
-0.00205883485269643
-0.00120782995916114
-0.00112711630869496
-0.000718291123258055
0.000810790216718825
0.000464514028750316
7.36848616574901e-05
0.000886935842164701
6.96498215025018e-05
-0.000610299904092365
-0.000652034077618251
0.00023153819418547
0.000409245965804681
0.00107019983749198
0.00119940302790745
0.000650126216919458
3.46752154071715e-05
-0.000165081588348412
0.000197566165382425
0.00064016057302678
0.000680646487312978
0.00100305263530448
0.000976876830987179
0.000754083747875609
0.000762688185230961
0.000498750705615657
0.000307372273090294
-4.39365791450066e-05
-1.13153169172374e-05
-0.000355859801850826
-0.000687593049076488
-0.000148617724149039
0.00016689075980356
9.71192916159504e-05
0.000418504932082227
0.000759965723418309
0.000731530768881538
0.000263121889597841
0.000127377961481338
-0.000828515612722928
-0.000299521842405392
-0.000225691574583214
-0.00148151783694484
-0.00220550812906045
-0.00177507314300985
-0.00219147406307605
-0.00263871949782411
-0.00239784645018891
-0.00293705716609813
-0.0050743207411252
-0.00597804257810153
-0.00698061368483048
-0.00821571300280142
-0.00705547845801227
-0.00519511081579304
-0.00447944583403147
-0.00336404272924537
-0.00213373951926273
-0.00239367138660851
-0.00304358306143551
-0.002940296952489
-0.00378871385960986
-0.00528626624186859
-0.00437923637271205
-0.00406056628045077
-0.00429928588945835
-0.00223591311056074
-7.74927798257951e-05
0.000209267664866435
-0.000682537345143235
-0.00223811545917856
-0.00605595550411495
-0.00924514660937624
-0.00910305766620049
-0.0077550124133057
-0.00605910416577263
-0.0041384928468547
-0.00298655467188855
-0.00133420053988458
-0.000768939088136468
-0.00329005561602182
-0.00639544542062329
-0.00791846030681346
-0.00857316614274415
-0.00872022093848824
-0.00664659699065583
-0.00380085528673433
-0.0037126411754376
-0.00213484639009405
-0.00234216527124298
-0.00297519212286787
-0.00358799142778426
-0.00369362303152435
-0.00239808152697967
-0.00311078137003297
-0.00325058392363842
-0.00225247692772274
-0.00275607047124865
-0.00369059124495916
-0.00422787267812213
-0.00442252340612983
-0.00512480522041263
-0.00486104017685079
-0.00510078697098728
-0.00468707864470884
-0.00315291608343019
-0.00109647466035364
-0.000213083871257437
-0.000253732486453464
-0.000419856899866211
-0.00225421710051045
-0.00584924355923665
-0.00752514402332087
-0.0075084468912945
-0.00674307419960518
-0.00675888038077482
-0.00551305842507752
-0.00366488697394118
-0.00312563874384962
-0.00270339530802794
-0.00193182573107442
-0.00260150638175816
-0.00493019722728095
-0.00695892221527695
-0.00796916977571289
-0.00851363905831534
-0.0078495537196911
-0.00592737391117418
-0.00519673863586865
-0.00472196335642328
-0.00377869518735553
-0.00311378528535307
-0.00492328893811194
-0.00702691698066203
-0.00841341468889981
-0.00975694470330484
-0.0108006348535745
-0.0108850255657604
-0.00881253218035828
-0.00835955939683252
-0.00835955939683253
-0.00835955939683254
