-0.987172877497324
-0.987172877497325
-0.987172877497326
-0.987172877497327
-0.987172877497327
-0.986969107584925
-0.985074866432132
-0.973889257789395
-0.946112393098844
-0.901947169412851
-0.842622492508587
-0.729944018534553
-0.548719723094653
-0.401178932272067
-0.312120182875043
-0.248890862869825
-0.242988990562996
-0.303230939720656
-0.376294144184761
-0.419951997719107
-0.442011798955913
-0.425815196354483
-0.346789940724798
-0.221398688130467
-0.139632978088559
-0.10567591977606
-0.0827889856567908
-0.109045871205526
-0.195417192753654
-0.278145711204402
-0.320747737914338
-0.355453494881694
-0.338874476349076
-0.249406635058356
-0.202419544172908
-0.163834149246417
-0.139693660091375
-0.131394687706596
-0.15284939110805
-0.139460381480502
-0.0916208489811886
-0.0709100302228229
-0.0507763849329461
0.000375132662994064
0.0145327412602618
-0.0276784955310867
-0.0481336365739211
-0.0631725106799549
-0.0997090494749781
-0.0950835401355136
-0.0407664487184941
-0.015108777427703
-0.016122468602843
0.0210106989805202
0.0503256948192197
0.0221055300750189
0.00330000791678099
0.00676933826597102
-0.0129858360072458
-0.0359081286013896
-0.0161037120675241
-0.00537065691626244
-0.0191325268016483
-0.0243631083439856
-0.0265771572338573
-0.0290651208529638
-0.0237928931697617
-0.00877771005831868
-0.00291785510982407
-0.000876444818560768
0.000883191570460864
-0.00704545886854356
-0.00790927689184169
-0.00804750731242856
-0.00788078161325932
-0.00627499559814321
-0.0202190509064729
-0.0295994724752159
-0.0186768491869015
0.0019010478293496
0.0076602598587001
-1.3201484169805e-05
0.00208277336653907
0.00564503330107715
-0.00514641611597384
-0.0135435939345764
-0.0120346636710628
-0.00758109733928593
-0.00574577597743194
-0.000826257191036321
-0.000948992167795476
-0.00995395652638145
-0.0206055395069321
-0.0155372546119832
-0.00859012270313677
-0.00786308521201563
-0.00600864512012673
-0.00441441178352182
0.00227069344378924
0.00523285596944657
0.00686138024610725
0.0053960012145568
0.00573186641549084
0.0046744583213748
0.0120475390055598
0.0209728237686566
0.0238753609325021
0.0185516543858269
0.0273429806607465
0.034937419155171
0.0292286786386744
0.00791877235609108
0.00251324466328348
0.00146229298841411
-0.00848695002182161
-0.0088935949224401
0.0152638442559931
0.0221262006782768
0.0220823577545552
0.0325531172725558
0.0476157450308951
0.0372950039877303
0.0160089587857399
0.00916442669007205
-0.00226239502637248
-0.0155497100928784
-0.00385157951101296
0.0155805387200619
0.0252824193578918
0.0273561917485594
0.0165813259942047
0.00362734075450599
-0.00959105793511265
-0.0060041291510941
-0.00292299546682208
-0.0028337676163481
0.00404933630770156
0.0111345528532862
0.0142886307567755
0.0137465385355697
0.0109076815932174
0.00921190655523566
0.00590473912284435
0.00198945561514084
0.00278787900001801
0.00692988999201892
0.0105596871430175
0.0133573314832361
0.00625600322618301
0.00122070612534602
0.00236815491754075
0.00463250864556829
0.000506529327645947
-0.00449826921884564
-0.00809926114082538
-0.00574290278262542
0.00615141288068855
0.00877426217143755
0.00448880142721696
0.00250773368771702
0.000611001406502814
0.000566889781872022
0.00327878959917682
0.00415963045729401
-0.00472520665731779
-0.0155320874974683
-0.0177679728009502
-0.0166296927839638
-0.012401201903849
-0.00417901668657281
0.000859376140516445
-0.000738242535924139
-0.00849857742195749
-0.0178851405181203
-0.0206630209846131
-0.0157449822869561
-0.0167473527739776
-0.0173930198933824
-0.0118326352667395
-0.00620775579917074
-0.00482258849149026
-0.000293611798932228
0.0115471414763615
-0.0077130005031578
-0.030650514789713
-0.0547020316890116
-0.059760874587353
-0.0532189763498519
-0.0380303378317749
-0.0186075358793026
-0.00702267466739749
-0.00362934837705998
-0.00213045766608879
-0.010423830176584
-0.0255584678045203
-0.0355398292941552
-0.0302218283343533
-0.012515235658379
-0.0254880156437092
-0.0398405098597285
-0.011421432835936
0.0122111022827957
0.0065027042580653
-0.00626758902660473
0.00681615470724148
0.0121946215721393
-0.00787577494150992
-0.0245395654633761
-0.0298352170888151
-0.0381302695762292
-0.0288202051007017
-0.0154295002824589
-0.00590734605336648
-0.00140462530467118
-0.000147687107064118
-2.96263871486979e-05
-0.00293498891071333
-0.0137122036861623
-0.0145217087664541
-0.00551009661240984
0.000551460192561276
0.00288735161600028
0.00649501842178682
0.00515172464962023
0.0033241816959503
0.00268347268695414
-0.00287838708808164
-0.0070516237338979
-0.00637142474854776
-0.00356068414738442
-0.00152720743000224
0.00189657194677209
0.00358944899057302
-0.00157506200332787
0.00357425773423213
0.00986371564528535
0.00869677276367811
0.00907838597549766
0.00944252194445691
0.0060689763694795
0.00325786640306295
0.00505197540181905
0.00327926347163444
0.0058120144117649
0.0193069559349615
0.0118241825459485
0.0107999787827136
0.0199069605706309
0.0241120424318212
0.0282203915341052
0.034121249425474
0.0307477176385744
0.0260887516185009
0.0318607922126907
0.0262205993579266
0.0167898279407304
0.0207945050789403
0.0196189235588564
0.0165398889778674
0.0380867328854197
0.0520676538327771
0.0423803991964924
0.0248340227488947
0.0147162619635886
0.0165869464427835
0.0269826382491937
0.0243315763497429
0.0422173187672042
0.0590613020294944
0.0193209426327504
0.01307903052402
0.0322275927262703
0.0235986460868424
0.00502966153601906
0.00645472213124725
-0.00417549861155831
-0.0122459177437631
0.0162998065594629
0.0321190459567915
-0.00104467881545727
-0.0233258133217655
-0.0233414319221265
-0.0401437128994045
-0.0510533507108095
-0.0376166514949466
-0.0249721087324098
-0.0186520319347304
-0.0125764533328738
-0.0061181039638196
-0.00115558649142388
0.00885506865762696
0.0175647426783042
0.00613614992050479
-0.00697568312238699
-0.0135563155333675
-0.00528457089497672
-0.0108936524432103
-0.0113703025184485
-0.000331869787678501
0.0031405839089515
-0.0022856121209622
-0.00159696606137787
0.00196064708545896
0.00277469121788542
-0.000619417423832936
-0.00283719590362628
-0.0017382724130773
-0.00480292771767085
-0.0238002099582209
-0.0388650464922194
-0.0386450446717754
-0.0447292557620422
-0.0371188008552221
-0.0174019355777043
0.00630605024508321
0.00703736354345941
0.00830585842629637
0.0106154664081428
0.0103616794488185
0.00420251525969253
-0.00846779852178994
-0.015081686231638
-0.00478338392135885
0.0161458184706005
0.0204111984233908
0.0284456029025536
0.0274289001071324
0.00398901293956604
0.00583179466759899
0.00365694869361311
-0.00227520247583298
-0.0182151057860578
-0.0117521937392432
0.0202569365010758
0.0246536410457532
0.0333148384057283
0.0975673923675932
0.0713294534064926
-0.00836022554813458
-0.0335284417038884
-0.0201780660730282
-0.0641503669211094
-0.0198852690508948
0.0523502336614084
0.0660773893673425
0.0613208190324054
0.0795364618025358
0.061901969795074
0.00953711234891073
-0.0190522408123745
-0.0144130686539025
-0.0225278993288564
-0.0289744510788058
-0.00460591648692063
0.00697672228779062
0.00646839360085694
0.028009035761444
0.0556876006327488
0.0669326892589326
0.0345713943530918
0.0260232416159999
0.0253515050670519
0.0481331634226867
0.0647201223441208
0.032591131776203
0.0137191994645712
0.0023241010212187
0.0092835993930911
0.0559867720248236
0.0565426551014393
0.0313456129361341
0.0278954356483098
0.0251962990621259
0.000365635290539928
-0.021033973347091
-0.0258823433911843
-0.0306883903778194
-0.0685374249724177
-0.0549023203158245
-0.0339158463985304
0.00776257784682012
0.0126419665644604
0.0308394456414
0.0372663518260338
-0.00217505527997949
-0.0505043991479883
-0.0483545054037688
-0.0172150891890483
-0.00545857485920664
-0.00831784195072233
-0.00185512884608072
-0.0024877474417942
-0.0010577811629315
0.00932878196490879
0.00863912885419764
-0.00207461047682994
-0.00617668113685932
-0.0225160912769164
-0.0500150096392169
-0.0893346218527873
-0.1225306099284
-0.103679132313589
-0.0684292778889011
-0.0631277853684876
-0.0566214126451288
-0.030974449316189
-0.0516028863090417
-0.0452020115384104
-0.0269439515443354
-0.0318373207383015
-0.040879922686163
-0.0305877951986045
0.00353739366077824
-0.00612312159477303
-0.0237008632170557
-0.0299527245354322
-0.0212335478028971
-0.0149863445721096
-0.00895587872472154
-0.00172761677828753
-0.00745236227372516
-0.00424168221808513
0.0121507526792307
0.012139188504573
0.00290749534710336
-0.000603113303536466
-0.0237364019774821
-0.0224468077434263
-0.00846224285738436
-0.0240800638331935
-0.0445395812603708
-0.022860309383097
0.00557332069238598
0.00907929287429905
-0.000958225698272498
-0.00388881344322629
-0.00490312391058953
-0.0109312244439528
-0.0126896818037762
-0.0121349334396648
-0.011661304263993
-0.00886345300094356
-0.00460834033087151
-0.00224658542965857
0.000496079224364262
-0.000108498114782615
3.12013960599259e-05
-0.00128537608765248
0.00115808122379962
0.00898732681437199
0.0120908358283648
0.00361260469314264
0.00772240785264373
0.00418974265302521
-0.00159215227116635
-0.00320266006138616
0.0100939772915123
-0.00150951805853467
0.00221467980237735
0.00282644356796224
-0.00923434054009943
-0.01758555288097
-0.012519324347003
-0.0095741460866118
-0.0114211397112023
-0.00486894732963966
-0.000148848904492449
-0.00241172897985819
-4.77466409749849e-05
-0.0024159816045513
-0.0070785475423768
-0.00629938073008667
0.000235327887810704
-0.000504792406430303
-0.000455615307127564
0.00275420522290702
0.00183677151532486
-0.00342614429767534
0.000136092334106773
0.01098433057857
0.0194575873247584
0.018948520028291
0.019123524499047
0.0122830148821495
-0.00218881161134933
-0.00688430609550702
0.00114910130433247
0.00482556832013919
0.00106470167726237
-0.000558119958688239
0.013434543716448
0.0158917782057009
0.00313853229811759
-0.00448852076402707
3.92477901502073e-05
-0.00321526706844142
-0.0130426980708003
-0.0237880352200881
-0.0348807624029674
-0.0425790886928637
-0.0332100537150989
-0.0275617583041531
-0.0177785739994849
-0.00913407653417218
-0.00627870989537612
-0.00230788574222445
0.000552809376112429
0.000603874788430079
0.00544770211058136
0.00755612426843776
0.00556886317422856
0.00783753261535586
0.0102217078406145
0.0120969954247664
0.0146000523691441
0.00908367882894256
0.00485758655121632
0.00291487094387154
0.000288238824419459
0.00236336019154357
0.00138980518326542
0.000204948556572392
-0.00154004043245908
-0.0106537822846768
-0.013304604515567
-0.00984834318886293
-0.00387813036310624
-0.00407195098401284
-0.0063023441122965
-0.00640027575080439
-0.00437458913562681
-0.00178749791138523
0.000899126172196741
6.5341007942367e-05
-0.000450840428959775
-0.000778921219432627
-0.000454645235457529
-4.22641082286016e-05
-0.00164028857321276
-0.00303461327399841
-0.00329846596380134
-0.00147384417438307
-0.00261059806669411
-0.00340960810717837
-0.00742586761528263
-0.00781751764989445
-0.00608349572359369
0.011029477064536
0.00741928307759922
-2.06423365228265e-05
-0.00805471612384554
-0.0107767048424572
-0.00899953742118637
0.00520426379133264
0.00253812814270865
-0.00312737551664865
0.000817390728043241
-0.00616241748425831
-0.0270961484540295
-0.0282287279263067
-0.0173026338171583
-0.024379472671956
-0.0209672670228379
-0.00692633557379955
-0.00621350455550725
-0.00134867944964709
-0.000604724851822655
-0.00381858891131104
-0.0053965448035725
-0.000887926021815896
0.000901906106108529
0.000535176491836663
-0.00294686313860493
-0.00897882236413926
-0.00622910944285376
-0.00230357110186132
0.000740503852237114
-0.000560121216142894
-0.00203229940022538
-0.0019437870772848
-0.00328545646132657
-0.00123622061388237
0.00463535173238006
0.00875383384768563
0.0119466179461422
0.0128494059581907
0.00730128221861538
0.00808714853582041
0.01171856785137
0.00648675700982976
-0.00674138691413384
-0.010914277492247
-0.00857725823742706
-0.010442353631586
-0.0055656924679937
-0.00220851460313316
0.0145771704397166
0.0131168011806177
0.0249896923135942
0.0403250554667434
0.0336191420468691
0.0128819241832558
-0.00205491424236837
-0.00662827364334066
-0.0124547643526414
-0.0107328065680459
-0.00469707056149254
-0.00451617206672363
0.00148769173444154
0.000175385440049714
-0.00054789491779546
0.00141576308486997
-0.00290169217897558
-0.00439856785252605
-0.00557608841983849
-0.00959826063135511
-0.00627371413265151
-0.00518035087311625
-0.0117151576887562
-0.00709035182817275
0.00702980676186351
0.0178220308195182
0.018990508024575
0.017830238789498
0.0137261072571204
-0.00109835956814753
-0.00225455079275044
-0.000579160130849278
-0.00861149040300473
-0.0129241402390021
-0.00759086687371335
-0.00561808493578677
-0.00489597728350737
-0.000545119257521647
0.00455736560891184
0.00888365993088273
0.00802225604740636
0.00794322094493032
0.00667065016123163
-0.00154014587429876
-0.00619286814796584
-0.00221238181490714
0.00133516408764015
0.000732415418270396
0.00343506483962108
0.00176544378602823
-0.00358962820910487
-0.00324574420589174
-0.00217855979484318
-0.00604183860379151
-0.00897509859245249
-0.00648780330307642
-0.00382924691088099
-0.00445574628835448
-0.00370741885047812
-0.0036158073683146
-0.00660612928082913
-0.00525137477927191
-0.00419946687988184
-0.00530371287341483
-0.00659027253411944
-0.00757366708499494
-0.00873784137819707
-0.00964717016719842
-0.00564669933704088
-0.0038428668720651
-0.00163050359186383
-0.00049951901620037
0.00015294317065573
-0.00148830857662813
-0.00425713641529574
-0.0041556584159015
-0.00318373196452116
-0.000904063762969053
-0.00058430559724905
-0.00222298707009922
-0.0012976514643887
-0.000196121486852239
0.000230892295435384
0.000561277693564706
-0.000212994384866738
-0.00273795331660386
-0.00336713703145704
-0.00352664045660821
-0.00474188478477541
-0.00706374185142857
-0.00512004724356071
-0.000419300452996851
0.0036474224675681
0.00148191489457508
-0.00201615628462168
0.0018101503969851
0.00786466560399448
0.00658470404677318
0.00384642651465845
0.00711134462059487
0.0053428828143777
-0.0036425093795003
-0.00342434760328762
4.05724771856866e-06
0.00105287601321337
0.000597029973340147
0.00149889260605281
0.00192744251579236
0.000910917767963127
0.000901022702269066
0.00190650247629245
0.00307856555675053
0.00801455850664116
0.0131339241882946
0.010199939555632
0.00707271687649211
0.00687637778653598
0.0033619247018732
0.00137787752335501
0.00296517854129096
0.00312710585092133
0.00168178893018354
0.00222833474999251
-0.000265001444940181
-0.00203851621499773
-0.00301693959692023
-0.0065900804251248
-0.00823454747076604
-0.00557703736798785
-0.00278510624618021
-0.00359760278223338
-0.000919442832465525
0.00570884072700185
0.00503031480584569
0.000877910547395676
-0.0019724882160158
-0.00169254550500625
-0.00466180717989388
-0.00623256193770319
-0.00131669365135211
0.0039618169510382
0.00333821463239775
0.0034148585486509
0.00674284714319841
0.00531250337689841
0.000276795877363375
0.000169988990512503
-0.00204069679983405
-0.00667914922972753
-0.00660231938329154
-0.00757988568240404
-0.0144467527221997
-0.0133892735836703
-0.0146081201851876
-0.0131940217737164
-0.0117919483738676
-0.0158816535871788
-0.0142616786967598
-0.00898686157851433
-0.00599189601408661
-0.00366277833818266
0.00093826972869451
-0.0014950774898512
-0.00505659285926681
-0.00651872711146957
-0.00809384302598355
-0.00769664202675914
-0.00436031113865966
-0.00333271779536843
-0.00293632043354209
-0.000418945332374375
0.00136200065557995
0.000410335238098744
-0.000724849172453291
-0.0025331120385689
0.000259047547249895
-0.00178014322035175
-0.00376193818256174
-0.00478472610292544
-0.00469328650289692
-0.00413741350239586
-0.00246264778409523
-0.00124501131999588
-0.00114000667851261
-0.00103410949268622
0.000965574233696849
1.09577741819185e-05
0.000995260514187348
0.00140931992746886
0.00201400200146409
0.00252751882438585
0.000443596372369888
-0.000772232526969903
0.000134118925138746
-0.000934917867979458
-0.00220131337744258
-0.000335170313432195
0.00104405969041929
0.00048151729167111
-0.000476633996398258
0.000132759991266385
-0.000851856555023544
-0.00472850264840927
-0.00659292177221974
-0.00447020312615803
-0.00497365369654331
-0.00493867032322381
0.00196312060028025
0.00378390865063748
-0.000205040922387899
-0.00264428553942744
-0.00822143092369615
-0.0151928753477884
-0.0147054037249147
-0.00967610155740067
-0.00692468769397422
-0.00324414929269393
0.00140751005596555
-0.0017292367587739
-0.00526783665403984
-0.00670386290172115
-0.00658042582686921
-0.00802577953352612
-0.00728585108516789
-0.00837617730039029
-0.0059950372875151
-0.00168783359817913
-0.000308985452908777
-0.000485686665137262
-0.000701357869185802
-0.00241816317832935
-0.00365881672392021
-0.00417242041196029
-0.00395289572312493
-0.00345334633977701
-0.00612303208195207
-0.0101754946267663
-0.0131106091877199
-0.0164712249295167
-0.0149782831223162
-0.00841905026912987
-0.00673074914972331
-0.00555797706205084
-0.000808176619110611
0.00174410148970366
-0.000337682486870434
-0.00452837516693169
-0.00807327919752079
-0.0119247930258358
-0.0151399016098203
-0.0125989864286123
-0.00808479530013178
-0.0050459264069148
-0.00209253673415459
0.00165396742860127
0.00147216723867637
0.000849267680175848
0.00185314945951568
-0.000127010385711068
-0.00256487792634325
-8.77022606241716e-05
0.00314092359291608
0.00207737896027904
-0.000380523097803143
-0.00184564406192098
-0.00301685496489441
-0.00332424037733486
-0.00378134698482613
-0.00300717931643916
-0.00145162775395764
-0.000767947438330901
-0.000675768902325802
-0.000345150595626371
-3.09409982539037e-05
-8.96677583301122e-05
-0.000797833541266128
-0.00255417251229371
-0.00400739953907439
-0.0056655273677164
-0.00766130180190313
-0.00660681421491218
-0.00378118513954621
-0.00133822800839403
-0.000707058225278801
-0.0016450269030494
-0.000570984556238461
-0.000434887900750244
-0.00263475985067767
-0.0030050575368755
-0.00208763157616112
-0.0011201454458445
-0.000647377199176132
0.000879272368109585
0.00175468023035191
0.00160194681919887
-0.000289292946569507
-0.000430914139376365
0.00156185080155774
0.00117299651863563
0.00164662052501732
0.00351662755630438
0.00243409233545628
0.000501225394227459
0.00043255069532969
-0.000836648384737019
-0.00316822721099676
-0.00229525491391787
-0.0010307951200213
-0.000167272701561124
0.000542698028402518
0.00254599183566151
0.00352273035034232
0.00189199381782757
0.000354933164435931
0.000110154908801611
-0.000546833488798441
-0.00142788745318945
-0.000642401574580819
0.000506673800337486
0.00044507469508182
0.000714384441583765
0.000667678557601042
0.000295128377774126
0.000291775524800001
0.000219253693156067
2.7261528254769e-05
0.000141586785512934
-0.000733575961152313
-0.00205187831558455
-0.00141489220922477
-0.000204063316232443
-0.000257797237000145
-0.000523128485034227
-4.48143561895224e-05
0.000182457631814345
0.00019873696382117
0.000375795309796017
0.000223855186017114
-8.58673510203131e-05
-0.000222038434365954
0.000174828619602767
0.000340052569745123
0.000227931339599775
3.71500789418853e-05
0.000344014439802855
0.000504186079583773
2.51047416859337e-05
0.000237761646056787
0.000433289888310284
-4.6291849055745e-05
-0.000692267939235087
-0.000913736816533533
-0.000352385226167726
-0.000121313801804826
-0.000337562760080561
-0.00105869455460133
-0.00136194281949081
-0.00181441112139904
-0.00267354759841619
-0.00241201178206856
-0.00248327888390876
-0.00252959129797135
-0.00261829020451073
-0.00288488043100971
-0.00273762316450162
-0.0023741937475113
-0.00180081104277996
-0.00147117697683316
-0.00118300478703826
-0.00133108058255125
-0.00142947053737768
-0.0013565887363569
-0.00113922555103807
-0.00149197963186669
-0.00173375534308195
-0.00119250711513127
-0.000701137320690018
-0.00065041715343637
-0.00047293810015915
0.00012457605549822
-0.000116989746884617
-0.00109040205371658
-0.00140292995343612
-0.0015779057116644
-0.00242975244118022
-0.00295362212147056
-0.00257732855427795
-0.00091262194893577
-0.000380533420500313
0.000507716925153083
0.00089594929684997
9.17244217190853e-05
-0.00022248483115965
-0.000184990398318364
-0.00103047186179946
-0.00188549632686259
-0.00170551302738909
-0.00114521223629548
-0.000433704027005599
0.00018145287343119
-0.000824434168226501
-0.00282056175751546
-0.00399737779831025
-0.00467876489412636
-0.00498553162199189
-0.00441170990436429
-0.00328158957147493
-0.00242251447465147
-0.00154517181777585
-0.000530160398374079
-0.000239210513513899
0.000210534144832352
4.0589060336833e-05
-0.00118744604471761
-0.00244606259588275
-0.0036646285029027
-0.00378709610092958
-0.0031429083813937
-0.00210557351124502
-0.000906676692928418
-0.000457699798593962
-0.000174831041922927
-0.000142091640011678
-0.000144182355818488
-4.94254739991884e-05
-1.08619991816164e-05
-4.34842863583275e-05
2.32586477547047e-05
1.06117087105496e-05
-0.000149786946675314
-0.000214968422302931
-0.000177593437870552
-0.000192326916052862
-0.000274649474320454
-0.000280286293384643
-0.000280286293384643
-0.000280286293384642
-0.000280286293384642
