-0.968987820316141
-0.968987820316142
-0.968987820316143
-0.968987820316143
-0.968987820316144
-0.968987820316145
-0.968987820316146
-0.965281037354556
-0.92515573904235
-0.908452034698491
-0.790558090849455
-0.552211917251359
-0.420193015907289
-0.389033907818824
-0.287492306284792
-0.256147955581254
-0.414161920914924
-0.539014267644909
-0.539822984411202
-0.595393361593175
-0.601549674628523
-0.416914747429528
-0.219016618850244
-0.170919146435722
-0.135499518516058
-0.101959349267645
-0.228827983646043
-0.419949829737226
-0.474160232202788
-0.481279869371456
-0.487384893950559
-0.365812385396652
-0.209249536139313
-0.0864638320677623
-0.0363705093082964
-0.0324788524327539
-0.0037071083210482
0.00836234203635781
-0.0411405622685909
-0.075129385143168
-0.0682809779459024
-0.0778771771677629
-0.0872254983591356
-0.0657799956214754
-0.0431631446550404
-0.0417015969330171
-0.0374683414264974
-0.0225226665128126
-0.0256949435028263
-0.0425096080396456
-0.0431221577851869
-0.031050220087147
-0.0242290635874491
-0.00472545233564641
-0.00461165529622765
-0.0221916790643779
-0.017582294622764
-0.0166148675676694
-0.0315692119090574
-0.0377142060773051
-0.0377438964768805
-0.034909598695496
-0.0188502300029684
-0.0182324109922084
-0.0149761479473075
-0.00929345015260197
-0.013542622875841
-0.0080639165485998
0.00687529824569969
0.00747542085304026
0.00328346540077597
0.00702883775366291
0.00472939122894291
-0.00603157450557006
-0.00683974388991935
-0.000809740946372479
0.00889538766743375
0.0143244376084464
0.0238750579879125
0.030292454614655
0.0169754063143752
0.0161059021976075
0.0118883773265199
0.0143427778131742
0.00585781493378195
0.000376498723850757
-0.00809609765276228
-0.00558545091459706
0.0080978717301624
0.0148645546578371
0.0114428988976399
0.00937742913797732
0.00294152002559483
-0.0185969130739805
-0.0275721954268401
-0.0103918344862287
-0.00111217468368636
-0.000663878318469643
0.0206879451849541
0.0427876041600877
0.0437795246467027
0.0268162972341395
0.0102383927432951
0.00997356655391867
0.0118745354196328
-0.00373722911262309
-0.0188812640690997
-0.0122612690279024
-0.0129435262776728
-0.012475115190934
0.00637085384379288
0.0140172213260431
0.0017766317607564
-0.0026569491581181
0.00977178051938945
0.00921066065052781
-0.000105510387814194
0.0084425112618019
0.00299491823330706
-0.0191867204115895
-0.0152913806326081
-0.0016102746786006
-0.00169102136698023
0.0142475202681694
0.0296931246254289
0.0252425188504773
0.0171067018777331
0.0145928950505351
0.00541698212281569
0.00647064027999735
-0.00131419646435406
0.00115044292095984
0.00852450221339616
0.0114934022546357
0.00512825643769621
0.00578881520752113
0.0019728419195602
0.0014678250035831
0.00148256752556583
0.00387904165619811
0.00409938799356221
0.0050762415194771
0.00799314974100911
0.0127506617904785
0.0170655227805399
0.0130492737284664
0.00311949904551514
0.000367783048559119
-0.00180507044174935
-0.0140666810511834
-0.0077948337091936
-0.0112736885145892
-0.000279705771810305
-0.00458304195653799
-0.000458335966290195
0.00146543237228509
0.000154341655338165
-0.00645024026452864
-0.0222191993053098
-0.03615710757997
-0.0282062164538358
-0.028835564497928
-0.0204609097757315
-0.0049526914371409
-0.00406594697750628
-0.00103387254799
0.00194045138385105
0.00538617404363478
0.00895613679792703
0.0110877697454227
0.00733002931550283
0.00138782903016745
-0.00717159385147276
-0.0194014706280472
-0.00339915857074801
-0.00306141060754622
-0.0149764745214365
0.00541478094223692
0.0148678596747768
0.00750175709017122
0.00178990064478773
-0.00374129165493397
-0.00923338586326883
-0.0187330620591857
-0.0627398115190167
-0.0752208494388591
-0.0744830827651985
-0.06061798393673
-0.0253775107727811
-0.012187560328167
-0.00907272337043182
-0.0206607160843243
-0.0329331210424255
-0.0359623184582151
-0.0402751223636866
-0.0466742512951733
-0.0645622621845238
-0.0600015389544648
-0.0354158614449076
-0.0236306265748419
-0.0221682185139343
-0.00262661729041475
0.0180502903300342
0.00989398325939567
-0.00234572196937173
0.00366125728869314
-0.0127231530174555
-0.0403301611423275
-0.0529720590173658
-0.0461801076752293
-0.0557498516053388
-0.0590000099373603
-0.0635372989788896
-0.057030098526832
-0.0489606881590655
-0.0154732949650395
0.0180552981155437
0.0145320554537267
0.0100779572936444
0.0120898279613152
0.0107347750487796
0.000152316942292639
0.0116930987934565
0.0341624104589895
0.038000557222544
0.0409530430295341
0.0676929952601006
0.0755465229684787
0.0470330663813068
0.0430359881532959
0.0273619261528284
0.00114156092713117
0.0229355749519484
0.0518958882031417
0.0730082763972862
0.0756326150343658
0.0318312365492392
0.0161657842925454
0.0103233222172181
0.00851710541700208
0.000869707673192478
-0.00429390607357778
-0.00256534408898762
0.0115191931942046
0.0132233486034008
0.0092719982696538
-0.00160670332316426
-0.00444499195897718
-0.00495047796444796
-0.00982825479270025
-0.0111720275955327
-0.0122851759321398
-0.0152160901501012
-0.0146401967374066
-0.0111531603455252
-0.0121062690163055
-0.0140307932805192
-0.0107221898101425
-0.0143297623034026
-0.0078933161089161
-0.00640603416802312
-0.00690484033796788
-0.00210983582040062
0.00400964676420344
-0.00602593872436892
-0.0195428312456716
-0.0124062401811681
-0.000317790597058071
0.0026329273917103
0.017571819335593
0.0227022304371357
-0.010422685626672
-0.0168166484282368
-0.00797103289042479
-0.012902555661623
0.000119898270838706
0.0231165192166496
0.0208656526449336
0.0163669940117252
0.0156367247873948
-0.0147738909038697
-0.0382470960464352
-0.010154684162715
0.00482268466058596
0.0056138327469693
0.0276562280725293
0.0416440129244223
0.0167588342213385
-0.00200161320073362
-0.00691506215246905
-0.0161306843756325
-0.043227601456126
-0.0572896255964223
-0.0566968459810244
-0.0227809407014818
-0.0174774078807878
-0.0305837978370235
-0.0190390605229189
-0.0184668353182947
-0.0187343112835162
-0.0172572462382977
-0.00293770626937643
0.0167475220803627
0.0224785342047791
0.0287444107288185
0.0373871902232173
0.023161895493344
-0.0059389864182406
-0.0206673015524222
-0.0305847483841514
-0.0337300688359464
-0.0236814447893437
0.0158187593470821
0.0502562368857161
0.0611578830574002
0.0420827650252203
0.00265710245487867
-0.0198526802482467
-0.0141483794590154
-0.00554150833111296
0.00148523884815364
0.00165800942528978
0.00169068692949424
0.00561276591400348
0.00840028343716673
-0.001354970742311
-0.0173095417655484
-0.0133933829358176
-0.0110651401378177
-0.00850380070612545
-0.0100320353318111
-0.006259239237513
-0.00342548553106873
-0.00673643908529898
-0.00820412494529038
-0.00289741853230407
-0.00843236505469677
-0.00786733450142601
0.00728221798981699
0.015394291989536
0.00286368104888621
-0.00147914273001663
-0.00380479760911776
-0.0163193347769905
-0.0248997114556996
-0.0155472022687824
0.00798498259301748
0.0059194442538975
-0.00242775755767652
0.00574470359182995
0.00194288149672874
-0.000598787061637038
-0.000368380534305802
0.0022047745271689
0.00681576156568557
0.0121671058742155
0.01173311574781
0.0106608070022601
0.00593557146306116
0.00294208305082785
-0.00151932348660107
-0.00564304427591643
-0.009318029763559
-0.0173769042981262
-0.0227428410302111
-0.0132752111258316
-0.00704044842224259
-0.0187520705294232
-0.0101091390357148
-0.00207268696981239
0.00677845980162915
0.00935093610415751
0.0163640830323245
0.0116825215565691
-0.00792876832098147
-0.0200333782729626
-0.00776307434943272
-0.0152480272069054
-0.0168411761164778
0.004372406747404
0.0193371915753512
0.023603634050815
0.0266101170641536
0.023744732849447
0.014905666422944
0.0168940480894648
0.0246435882417848
0.0258690399076618
0.0212060219396432
0.0247292113200948
0.0141873332476973
-0.00638406128993588
-0.0165227445547411
-0.0183154774232959
-0.0311497085926405
-0.0288600975910613
-0.00850711695659206
0.000873246334101891
0.00442318384792068
0.0231433118085255
0.0211172292236731
-0.000844890656692913
-0.00291086811677868
0.000693429611286576
-0.00999887262059989
-0.0120779375593221
-0.00543862498667044
-0.000403226511660539
-0.00246208856029657
0.00180144318450038
0.00311507537138151
0.00337700544362266
-0.00104442090503345
-0.00135135711378885
0.00327007054271212
0.00722929305395563
-0.0109671087971586
-0.0335086556995751
-0.0305898869161761
-0.0251271220947092
-0.0235953802317149
-0.0138960216071086
-0.00334984694159832
-0.000887371658357826
-0.00753965635606628
-0.00859030923276207
-0.00613782934909378
-0.0191741995330124
-0.0312914314801125
-0.0284796905884714
-0.0194781362839286
-0.00453914141390449
-0.000486911434972398
0.00893796894970037
-0.000566536690754434
-0.0181474239298641
-0.031116931693629
-0.0376023472593252
-0.0243585384392531
-0.0153778081186409
-0.00992160895497589
-0.0186905120239643
-0.011136682510246
-0.00857611987793284
-0.0130367076031197
-0.0118898111245293
-0.00638742326149593
-0.0242076139437498
-0.0321699071732827
-0.0227113415130174
-0.0239717444361183
-0.00959523373051385
0.0222235915783423
0.0249799963680862
0.0129001926118532
0.0125254581671045
0.00332213789091407
-0.0160784540214018
-0.0187045191795928
-0.00910557924897513
-0.00930272045564215
-0.00485636009037515
0.00254883836253011
0.000152502739959159
0.00247402449695732
0.00135738008865995
0.000544318448999543
0.00608313046116395
-0.0187154878978292
-0.0300363409293406
-0.014190169241429
-0.00137788342675963
-0.00189440408743011
-0.00111726128277006
-0.00626871638963024
-0.0120225880758357
-0.0111519169974845
-0.016444727012029
-0.0208173185763953
-0.0193891888795914
-0.00781956261725492
-0.00304973488427763
-0.00412054572988021
-0.000359007516164243
0.00557930972758961
0.00295772055727455
-0.000999325380713555
0.000675733665106158
0.00432734083904416
0.00459972479670962
0.00894376019025124
0.0118089848650522
0.00335216869502856
0.00248143416476749
-0.00416666735496517
0.00220548843948248
0.00303004990476769
-0.0145346192180987
-0.0202612457668272
-0.0172540372174939
-0.0121328621568262
-0.00983327181238
0.0212815766125741
0.0202280489783997
0.00163651521135266
0.00216252193129309
-0.0244558427567949
-0.0406785067283032
-0.0263959847555141
-0.0205149475482971
-0.0214007048883964
-0.012259826746151
-0.00594600070188401
-0.0042540048649696
-0.00111250071823336
0.00017887621837632
-0.00108051431765013
-0.00131172757500325
-0.000164376668384139
-0.000702722029942571
-0.00423273831399855
-0.00591635239894804
-0.00854199689693083
-0.00123428748305153
0.0195385052633016
0.034962909779593
0.0242564357995303
0.00956873832871849
0.00976630943370638
-0.00514188765172066
-0.0311006887463528
-0.0213972766204849
-0.0125295981035943
-0.0223751536124629
-0.0245943078641361
-0.017512524937497
-0.0149229853759102
-0.00863866874527447
-0.003528586722774
-0.00371157720917219
-0.0163550853255528
-0.0181161677754385
0.00218081935971456
0.0200152398184343
0.0315992400469981
0.035679641430887
0.0316677412001193
0.0218248097338585
0.0189988350878557
0.0146825794935955
0.0172996208980042
0.0164692829767415
0.00288774896270231
-0.00755420466920061
-0.0113907788026998
-0.0245454134604354
-0.031560075865688
-0.00821565446703729
0.00393122705199235
0.00769954599678294
0.0194258564025904
0.0054239770758027
-0.0128664843037378
-0.00970470966255015
0.00253807293071801
0.00992460702599419
0.0129441929131068
0.0144180216462439
0.0123033669156826
0.00202892428488982
-0.00146274502310943
-0.00248076411195873
-0.000768959593199423
0.0345844857535491
0.0617827150521519
0.0254812739813691
0.0163100046848437
0.011953824509368
-0.0178761734859557
-0.0356862249062637
-0.0223333800104987
-0.0148971565964696
-0.00496917407042855
0.0205445650188853
0.00583054017571321
-0.0330826549677005
-0.0515188657382662
-0.0597280467733889
-0.0566822047938474
-0.0368845780945902
0.00404655262261639
0.0161721920225937
0.000567070093951526
-0.0070656986329978
-0.0260167005509375
-0.0212364806052949
-0.0126080781307018
-0.00797937383018104
0.00237953200085842
0.00662530752909741
-0.0019303981797417
-0.00789394714607888
-0.00552442421694204
-0.00769748226156342
-0.00723031586105097
-0.00165703221204784
0.00307769912485982
-0.00425503786315318
-0.036675219313534
-0.0458421746543924
-0.0413673784184299
-0.0191769918175302
0.0109802798220927
0.0234675143978089
-0.0181233707881039
-0.00590072679457331
-0.00756852006271098
0.00508479409261663
0.00280845768067431
-0.00557981485815155
-0.0110307289604771
0.00252221904782112
0.0141666587865301
0.0341246090932898
0.0471235647904366
0.0374692310635441
0.025104640153561
0.0164917406806992
0.00740772579361789
-0.00207324353079561
-0.00637433165668266
-0.00262501561964982
0.00312548853759594
0.00689143503663187
0.0197075412687769
0.0310188889257301
0.0400637717909417
0.0271545276104227
0.0200758287686205
0.0122176051743085
0.0041941100546801
0.00961735831089087
0.00245912890743609
-0.00547226405160768
-0.00728227209539301
-0.0048807955858421
-0.00526303846424754
0.000420135113757497
0.00906598078719278
0.00575126373032278
-0.000117258169197649
0.00292854906339236
0.00227917744080577
-0.00495132606943099
-0.00478587836305847
-4.88013200808154e-05
-0.000315480513980664
0.00132394235856869
0.0119101569171853
0.0135945924554998
0.00426755507850554
0.00200344133743517
0.00324575044474632
-0.00133243437516081
-0.00540625696149807
-0.00318156780846267
0.000502401152109335
-0.00239149300720725
0.00131259515579088
0.0112953864097864
0.00840994950341773
0.00799939551362944
0.0161575677780919
0.0175249125466023
0.0137933943490583
0.0194814650693047
0.0224711649514972
0.00984510153655858
0.00737853150592651
0.0121442839898876
0.00454013524765932
0.000726300299043401
0.0127105317550376
0.0148399081539005
0.0140136243300952
0.0235154743269272
0.0170067295874188
0.0193589660407357
0.0154185148582552
0.0111774595359717
0.00636483305749428
0.00468560645265975
0.00243748879087151
0.00290342966381344
0.00648193728978394
0.00830810927408942
0.0130572626581828
0.0167663416610291
0.0107730225610339
0.003057199858001
0.00340091685253447
-0.000136179471733294
0.00460434289117672
0.0220206559800037
0.0493199273262186
0.0416693983803534
0.0110047922103007
0.0050968944593074
0.00271650988768278
-0.00725070002006749
-0.00100429826736528
0.0136668615953459
0.0184539394009631
0.0256907655212992
0.0402573969520298
0.0406984091740141
0.0222743136696715
0.0181447777453319
0.0141948001771592
0.00403110940300534
-0.00689867163112538
-0.00608568775338737
-0.0078295151955585
-0.0137195124256543
-0.00457413442152145
0.0116881318490769
0.00735366592582396
0.00315873341721742
0.000611145065011894
-0.000972074832096776
0.000332652251038342
-0.00112206605253357
-0.00256809338624835
0.00129795519606025
0.00927569454874396
0.0236642058850514
0.0157372426649055
0.00980929124394296
0.00668886605549235
-0.00103578812545821
-0.000184646357726074
-0.00189356097724109
-0.00371077060442688
-0.0052447278639205
-0.00198077562298482
9.74900119204633e-05
0.00312353634516507
0.00733392865905645
0.00839996345267532
0.00710798013089045
0.00190344501389994
-0.00085430839927576
-0.00269301326955145
-0.000184738036008306
0.00335826911590325
0.00306800934837472
0.00152627664723736
0.00175915993623005
-0.00358169677950888
-0.00546535520838828
-0.00249600777036366
0.000476148840331147
0.00103814034230952
0.00395925178223193
0.00343751996506301
0.00236088962750714
0.00281413921639657
0.00349947232555644
0.000494069980359791
-0.000428819442696714
-0.000211804085516683
-0.00036302317497026
-0.000742348718117263
0.00233175966639828
0.00387872210421646
0.00548854748814892
0.00893623617259118
0.00890707073728717
0.00536474283103447
0.00349003199849256
0.00084379031698774
-0.000563558174944158
-0.00385003075786545
-0.00438164691774856
-0.000516160377155672
6.43537334199881e-07
0.000354136725065306
-0.000195842521355934
-0.000366820281059521
-0.000208349740133478
-0.000314997900897483
-4.30397061096961e-05
0.000651107396428458
0.00103911934831219
0.000497662050119569
-0.00038784722173762
-0.000557057799829452
-0.000454490930834616
0.000211244176344164
0.000281369030460202
-0.00081950997601104
-0.000239732934926542
-0.00197422343780696
-0.00412155503114633
-0.00567551502797234
-0.0116393634045718
-0.00921810130753127
-0.00543154543655115
-0.00477643420386113
-0.00233874165381993
0.0010885354365198
0.000269770555401461
-0.00013792217843749
0.00129580492792662
0.00153882332777871
0.000696758293968037
0.000421721936572606
0.00112909396453625
0.00459729420358952
0.00160249981493462
-0.00595417028481283
-0.00585458455788539
-0.00436891380290058
-0.00539287151340047
-0.00761699319609177
-0.0101332831327019
-0.011053783004083
-0.0110918297795614
-0.00752868820616284
-0.00503123822306949
-0.00447782716043527
-0.00479968617539084
-0.00444966029579285
-0.0064440491480851
-0.00625806457747128
-0.00473993739528777
-0.00410732560720439
-0.00244433641641423
-0.000922328429222354
0.000215632541001877
0.00196880302428069
0.00266466185869642
-0.000996362939163541
-0.00462545549190171
-0.00427547623762184
-0.00414245528950798
-0.0047072048122197
-0.00208655577456097
-0.000666718819850561
-0.000202749645100287
-0.000422113873345911
0.00104382743717364
0.00662700484956704
0.00667688931754678
0.000854279588599478
-0.00283998536240273
-0.00035023047230733
0.000240418384436442
0.00113234141897422
0.0016552249141454
0.000585196717535929
-0.000104763474044539
0.0011855197816812
0.00179972944707523
0.000205890803298118
-0.00164692202792151
-0.000436120364443535
-0.000620259857095106
-0.00437242620601672
-0.00502644343452863
-0.000858440717973901
-0.0010968596141315
-0.000741878548208391
-0.00516252685188082
-0.00983553226013354
-0.00921799176112308
-0.0087817843277278
-0.0103124623844958
-0.00775086160328495
-0.00605242254126922
-0.00486129946560895
-0.0047590834310735
-0.00486577961702176
-0.00519471097374112
-0.00555867118463701
-0.00477848783475934
-0.0054102598924753
-0.00704917910595335
-0.0117445710762033
-0.0155043724135492
-0.0127878460499844
-0.00822007919210135
-0.00775876465376335
-0.00745629287638791
-0.00612929658599245
-0.005345465443273
-0.00757236590373051
-0.0117238027741768
-0.0128456957495461
-0.0168704500347727
-0.0236283822465738
-0.0172468714711715
-0.00663033995818527
-0.00015161251807872
-0.00020276885266146
0.000493891989461486
0.00109264546823517
-0.000124008227606663
-0.00115176439237774
-0.00167377370118069
-0.00477315822987995
-0.00685582385002861
-0.00460994583502618
-0.00237161074406068
-0.00239370357086529
-0.000315654651257309
0.00121941355677034
-0.000663919742313996
-0.00181245611157071
-0.00101722312306894
-0.0017245728219977
-0.00363323157727883
-0.00459405869053429
-0.00016985304531491
0.00104893918124058
0.00222826655917716
0.0046473195480783
0.00269906006884617
-0.000355576877542594
-0.000144289304197251
-0.00279646934583453
-0.00615876383453433
-0.00392264806449
0.0010085720215615
0.00212440072454133
0.00280129010483985
0.00574875867045913
0.00487645598632298
-0.00174185418897315
-0.00451039937642955
-0.00217020877898811
0.00188095333420785
0.00458665232889772
0.00257012749208728
0.000118038429018309
-0.00108979621508816
-0.00388305590004879
-0.0064799898620565
-0.00489189392624134
-0.00377544796528372
-0.00443651828053464
-0.00198011441121897
0.00195332718593765
0.00171519173984217
-0.000368824446213945
-0.000749928951853532
-0.00222120065217625
-0.00527317086877494
-0.00476464789336383
-0.0029819239776477
-0.00254548221688567
-0.000983702072635929
0.000184071943250015
-0.000464944818521477
5.02379674004799e-05
9.40403662276837e-07
-0.000567708071883988
-0.000214095657057864
0.0010269093322539
0.00101591785365634
0.00152652608232779
0.00346699357398282
0.00358892156153354
0.00216810823514932
0.00231046287349128
0.00213482720284937
-0.000112072150395068
-0.00074183551463048
0.00097813068750346
0.00104840315182333
0.000805252643677589
0.0034369465819327
0.00384239414439507
0.00212851947944118
-0.000377833714028366
-0.00271383560299214
-0.00347535393592992
-0.00483137710609329
-0.00428323059953603
-0.00365848109693843
-0.00313055513272392
-0.00192112454279205
-0.000446484258120787
-0.000224507577565055
-0.00179812385789392
-0.00318369258957876
-0.00381250258980177
-0.00488516980348505
-0.00558622918842067
-0.00421405003751427
-0.00245025593460248
-0.00188236698710375
-0.00108173371297857
0.000262166195960252
7.77647583252957e-05
-0.00133515242502049
-0.00207262651098279
-0.00202369609033645
-0.00435710074104263
-0.00879101098246265
-0.0112592444369999
-0.0133530721123441
-0.0163829973198851
-0.0154503350029614
-0.0119319694764735
-0.00991124610719973
-0.00859244656946214
-0.00622645065369263
-0.00605603757081487
-0.0091332249157374
-0.0120188449328072
-0.0137422545013747
-0.015851320068795
-0.0163092030673378
-0.0133807683550155
-0.00950639088041111
-0.00686682924409477
-0.00749703281077998
-0.00720746228692281
-0.00739403975095222
-0.00739403975095221
-0.00739403975095222
-0.00739403975095222
-0.00739403975095223
