-9.840778708457946777e-01
-5.478813648223876953e-01
-3.433225154876708984e-01
-2.004665732383728027e-01
-1.131284683942794800e-01
-6.328526139259338379e-02
-3.579774498939514160e-02
-2.086579799652099609e-02
-1.275487989187240601e-02
-5.715869367122650146e-03
-3.175094723701477051e-03
-2.495110034942626953e-03
-1.659303903579711914e-03
-1.406162977218627930e-03
-1.228637993335723877e-03
-1.110337674617767334e-03
-1.037374138832092285e-03
-9.841918945312500000e-04
-9.857118129730224609e-04
-9.969770908355712891e-04
-1.012712717056274414e-03
-1.029372215270996094e-03
-1.044332981109619141e-03
-1.056030392646789551e-03
-1.063607633113861084e-03
-1.066759228706359863e-03
-1.065731048583984375e-03
-1.060754060745239258e-03
-1.052707433700561523e-03
-1.041948795318603516e-03
-1.029491424560546875e-03
-1.015827059745788574e-03
-9.876564145088195801e-04
-9.740591049194335938e-04
-9.614676237106323242e-04
-9.499639272689819336e-04
-9.398758411407470703e-04
-9.313225746154785156e-04
-9.243711829185485840e-04
-9.125471115112304688e-04
-9.114146232604980469e-04
-9.114295244216918945e-04
-9.124353528022766113e-04
-9.142905473709106445e-04
-9.168833494186401367e-04
-9.200423955917358398e-04
-9.271502494812011719e-04
-9.347349405288696289e-04
-9.382367134094238281e-04
-9.416043758392333984e-04
-9.471327066421508789e-04
-9.493231773376464844e-04
-9.509176015853881836e-04
-9.519904851913452148e-04
-9.524375200271606445e-04
-9.518340229988098145e-04
-9.505972266197204590e-04
-9.487494826316833496e-04
-9.464770555496215820e-04
-9.436160326004028320e-04
-9.403079748153686523e-04
-9.365007281303405762e-04
-9.322166442871093750e-04
-9.174346923828125000e-04
-9.061396121978759766e-04
-9.002387523651123047e-04
-8.941739797592163086e-04
-8.880048990249633789e-04
-8.817613124847412109e-04
-8.755177259445190430e-04
-8.693262934684753418e-04
-8.631050586700439453e-04
-8.570104837417602539e-04
-8.509308099746704102e-04
-8.451119065284729004e-04
-8.338987827301025391e-04
-8.285418152809143066e-04
-8.235126733779907227e-04
-8.187219500541687012e-04
-8.142068982124328613e-04
-8.023902773857116699e-04
-7.990449666976928711e-04
-7.934346795082092285e-04
-7.891878485679626465e-04
-7.875263690948486328e-04
-7.862001657485961914e-04
-7.852911949157714844e-04
-7.845163345336914062e-04
-7.849633693695068359e-04
-7.857233285903930664e-04
-7.867366075515747070e-04
-7.897764444351196289e-04
-7.917955517768859863e-04
-7.941722869873046875e-04
-7.965788245201110840e-04
-8.025392889976501465e-04
-8.058547973632812500e-04
-8.094459772109985352e-04
-8.132234215736389160e-04
-8.172094821929931641e-04
-8.214935660362243652e-04
-8.259117603302001953e-04
-8.305013179779052734e-04
-8.352547883987426758e-04
-8.401870727539062500e-04
-8.453205227851867676e-04
-8.505433797836303711e-04
-8.558109402656555176e-04
-8.669048547744750977e-04
-8.725896477699279785e-04
-8.783414959907531738e-04
-8.841603994369506836e-04
-8.959919214248657227e-04
-9.020268917083740234e-04
-9.080171585083007812e-04
-9.139925241470336914e-04
-9.201392531394958496e-04
-9.261965751647949219e-04
-9.322315454483032227e-04
-9.383335709571838379e-04
-9.443312883377075195e-04
-9.503960609436035156e-04
-9.563192725181579590e-04
-9.622797369956970215e-04
-9.681880474090576172e-04
-9.740591049194335938e-04
-9.798184037208557129e-04
-9.911879897117614746e-04
-1.002125442028045654e-03
-1.012891530990600586e-03
-1.018062233924865723e-03
-1.023113727569580078e-03
-1.028135418891906738e-03
-1.037746667861938477e-03
-1.042410731315612793e-03
-1.046866178512573242e-03
-1.051202416419982910e-03
-1.055553555488586426e-03
-1.059673726558685303e-03
-1.063570380210876465e-03
-1.067474484443664551e-03
-1.071214675903320312e-03
-1.074731349945068359e-03
-1.078203320503234863e-03
-1.081481575965881348e-03
-1.087740063667297363e-03
-1.090586185455322266e-03
-1.093290746212005615e-03
-1.098334789276123047e-03
-1.100666821002960205e-03
-1.102760434150695801e-03
-1.104794442653656006e-03
-1.106679439544677734e-03
-1.108407974243164062e-03
-1.109942793846130371e-03
-1.111403107643127441e-03
-1.113913953304290771e-03
-1.114904880523681641e-03
-1.115798950195312500e-03
-1.116514205932617188e-03
-1.117072999477386475e-03
-1.117646694183349609e-03
-1.117959618568420410e-03
-1.118287444114685059e-03
-1.118198037147521973e-03
-1.118063926696777344e-03
-1.117698848247528076e-03
-1.117348670959472656e-03
-1.116901636123657227e-03
-1.116186380386352539e-03
-1.115441322326660156e-03
-1.113556325435638428e-03
-1.112475991249084473e-03
-1.110047101974487305e-03
-1.108676195144653320e-03
-1.107126474380493164e-03
-1.105532050132751465e-03
-1.102127134799957275e-03
-1.100271940231323242e-03
-1.098304986953735352e-03
-1.096218824386596680e-03
-1.094177365303039551e-03
-1.087382435798645020e-03
-1.084998250007629395e-03
-1.082547008991241455e-03
-1.074776053428649902e-03
-1.072034239768981934e-03
-1.069292426109313965e-03
-1.060716807842254639e-03
-1.057706773281097412e-03
-1.051679253578186035e-03
-1.042313873767852783e-03
-1.035936176776885986e-03
-1.032739877700805664e-03
-1.029469072818756104e-03
-1.026213169097900391e-03
-1.022972166538238525e-03
-1.019611954689025879e-03
-1.012951135635375977e-03
-1.006230711936950684e-03
-1.002922654151916504e-03
-9.961947798728942871e-04
-9.928345680236816406e-04
-9.895116090774536133e-04
-9.862035512924194336e-04
-9.827390313148498535e-04
-9.794235229492187500e-04
-9.761154651641845703e-04
-9.727776050567626953e-04
-9.694397449493408203e-04
-9.661689400672912598e-04
-9.628683328628540039e-04
-9.596049785614013672e-04
-9.562894701957702637e-04
-9.498447179794311523e-04
-9.467750787734985352e-04
-9.435564279556274414e-04
-9.404197335243225098e-04
-9.373053908348083496e-04
-9.342804551124572754e-04
-9.281784296035766602e-04
-9.251907467842102051e-04
-9.222030639648437500e-04
-9.192749857902526855e-04
-9.135156869888305664e-04
-9.078979492187500000e-04
-9.052008390426635742e-04
-9.024888277053833008e-04
-8.921250700950622559e-04
-8.896291255950927734e-04
-8.871629834175109863e-04
-8.847862482070922852e-04
-8.824095129966735840e-04
-8.800476789474487305e-04
-8.778050541877746582e-04
-8.756220340728759766e-04
-8.734613656997680664e-04
-8.713155984878540039e-04
-8.691996335983276367e-04
-8.672177791595458984e-04
-8.652284741401672363e-04
-8.632838726043701172e-04
-8.614435791969299316e-04
-8.595436811447143555e-04
-8.560568094253540039e-04
-8.527785539627075195e-04
-8.511692285537719727e-04
-8.497163653373718262e-04
-8.482038974761962891e-04
-8.441209793090820312e-04
-8.428543806076049805e-04
-8.417144417762756348e-04
-8.393898606300354004e-04
-8.374154567718505859e-04
-8.364170789718627930e-04
-8.354634046554565430e-04
-8.338838815689086914e-04
-8.331537246704101562e-04
-8.324384689331054688e-04
-8.318722248077392578e-04
-8.312910795211791992e-04
-8.302778005599975586e-04
-8.298680186271667480e-04
-8.294284343719482422e-04
-8.290931582450866699e-04
-8.288174867630004883e-04
-8.285865187644958496e-04
-8.283257484436035156e-04
-8.281916379928588867e-04
-8.281916379928588867e-04
-8.282437920570373535e-04
-8.284002542495727539e-04
-8.285194635391235352e-04
-8.289739489555358887e-04
-8.296072483062744141e-04
-8.300095796585083008e-04
-8.304715156555175781e-04
-8.310228586196899414e-04
-8.320435881614685059e-04
-8.326992392539978027e-04
-8.333548903465270996e-04
-8.340030908584594727e-04
-8.347928524017333984e-04
-8.355677127838134766e-04
-8.363425731658935547e-04
-8.372664451599121094e-04
-8.381754159927368164e-04
-8.391290903091430664e-04
-8.401125669479370117e-04
-8.411556482315063477e-04
-8.422136306762695312e-04
-8.433535695075988770e-04
-8.444637060165405273e-04
-8.456557989120483398e-04
-8.468925952911376953e-04
-8.481293916702270508e-04
-8.494630455970764160e-04
-8.507072925567626953e-04
-8.521005511283874512e-04
-8.535683155059814453e-04
-8.549988269805908203e-04
-8.594319224357604980e-04
-8.642747998237609863e-04
-8.659139275550842285e-04
-8.692741394042968750e-04
-8.728802204132080078e-04
-8.746981620788574219e-04
-8.765310049057006836e-04
-8.783638477325439453e-04
-8.803158998489379883e-04
-8.841678500175476074e-04
-8.861571550369262695e-04
-8.881241083145141602e-04
-8.943378925323486328e-04
-8.985102176666259766e-04
-9.006708860397338867e-04
-9.028017520904541016e-04
-9.050369262695312500e-04
-9.072199463844299316e-04
-9.139850735664367676e-04
-9.162500500679016113e-04
-9.185373783111572266e-04
-9.209662675857543945e-04
-9.232610464096069336e-04
-9.256377816200256348e-04
-9.279996156692504883e-04
-9.328052401542663574e-04
-9.352564811706542969e-04
-9.426996111869812012e-04
-9.451583027839660645e-04
-9.553134441375732422e-04
-9.604394435882568359e-04
-9.630024433135986328e-04
-9.656846523284912109e-04
-9.681880474090576172e-04
-9.709075093269348145e-04
-9.735375642776489258e-04
-9.761825203895568848e-04
-9.788572788238525391e-04
-9.815022349357604980e-04
-9.841769933700561523e-04
-9.868964552879333496e-04
-9.895265102386474609e-04
-9.922608733177185059e-04
-9.950473904609680176e-04
-1.000434160232543945e-03
-1.003175973892211914e-03
-1.014187932014465332e-03
-1.016937196254730225e-03
-1.019701361656188965e-03
-1.028127968311309814e-03
-1.030899584293365479e-03
-1.033611595630645752e-03
-1.036472618579864502e-03
-1.039236783981323242e-03
-1.042015850543975830e-03
-1.044861972332000732e-03
-1.047655940055847168e-03
-1.050546765327453613e-03
-1.053318381309509277e-03
-1.056149601936340332e-03
-1.058988273143768311e-03
-1.061819493770599365e-03
-1.064606010913848877e-03
-1.070261001586914062e-03
-1.073077321052551270e-03
-1.075923442840576172e-03
-1.078724861145019531e-03
-1.081593334674835205e-03
-1.084394752979278564e-03
-1.087285578250885010e-03
-1.090049743652343750e-03
-1.092910766601562500e-03
-1.095764338970184326e-03
-1.098528504371643066e-03
-1.101374626159667969e-03
-1.104213297367095947e-03
-1.107014715671539307e-03
-1.112669706344604492e-03
-1.115456223487854004e-03
-1.118257641792297363e-03
-1.123860478401184082e-03
-1.126684248447418213e-03
-1.129478216171264648e-03
-1.132257282733917236e-03
-1.137852668762207031e-03
-1.140668988227844238e-03
-1.143395900726318359e-03
-1.146212220191955566e-03
-1.148968935012817383e-03
-1.154467463493347168e-03
-1.157291233539581299e-03
-1.160025596618652344e-03
-1.162774860858917236e-03
-1.165539026260375977e-03
-1.168251037597656250e-03
-1.170955598354339600e-03
-1.176431775093078613e-03
-1.179143786430358887e-03
-1.181878149509429932e-03
-1.184545457363128662e-03
-1.187272369861602783e-03
-1.189954578876495361e-03
-1.195371150970458984e-03
-1.197993755340576172e-03
-1.203350722789764404e-03
-1.206032931804656982e-03
-1.208603382110595703e-03
-1.211225986480712891e-03
-1.213885843753814697e-03
