-0.98145693119179
-0.981456931191791
-0.981456931191791
-0.981456931191793
-0.981456931191793
-0.981456931191793
-0.981456931191794
-0.981456931191794
-0.981456931191795
-0.981456931191795
-0.981456931191796
-0.981456931191797
-0.981456931191797
-0.981456931191798
-0.981456931191798
-0.980681799353348
-0.978928386617777
-0.976209631421876
-0.950827428095533
-0.875882001779565
-0.773199520683441
-0.754894754923865
-0.728359407714305
-0.722734813550075
-0.780738973744646
-0.834824831779298
-0.847046955560032
-0.86538857962744
-0.868005805233949
-0.811731496571104
-0.740489671910401
-0.719548647175396
-0.707022399172106
-0.680955361525744
-0.698824536001611
-0.751845091343669
-0.75251260647559
-0.705935379445191
-0.691252747748924
-0.640853354912919
-0.556496420628792
-0.508249010426141
-0.497459523731131
-0.488799820229128
-0.508579833689168
-0.591132500646512
-0.63767718561408
-0.63764679093755
-0.611515949640006
-0.578658935143181
-0.519323665423779
-0.437033331164856
-0.353591433561387
-0.290839770345448
-0.251315347296289
-0.275631212617969
-0.318931016927474
-0.358751308668963
-0.370087038128477
-0.308305244062555
-0.305419213136481
-0.246689366090205
-0.190210245494213
-0.158175982152651
-0.160798869505171
-0.205328754904762
-0.234396834103312
-0.257522307697998
-0.316020517724219
-0.340846131551559
-0.296063697179384
-0.236034095546827
-0.202361583317769
-0.0992882665698345
-0.0397047996995136
-0.108420501632926
-0.122192461811758
-0.160844476584486
-0.247144488999076
-0.294064704148092
-0.204284545345403
-0.0741268410482784
-0.0779702470258435
-0.0338448467250178
0.0395437188012131
-0.0398084391761019
-0.131191999306709
-0.130019750428998
-0.113919383325976
-0.170386838705309
-0.197660646211856
-0.112756816908658
-0.0931104458998638
-0.101220664781933
-0.0558788684626418
-0.0460717145924376
-0.0975060414681363
-0.0907192124317575
-0.0588317151466321
-0.137589905749679
-0.176041404893625
-0.137528836483506
-0.10664600945638
-0.113990539652817
-0.0889487444681918
-0.035844461360493
-0.0967628932496414
-0.121443697956452
-0.084632334381391
-0.0703493375090877
-0.0940514175524648
-0.0777746292792657
-0.0559331308127973
-0.0764570232088693
-0.0798695509387351
-0.0550486503274928
-0.0350137969213647
-0.0464924320321912
-0.0382621099355547
-0.0267294346559895
-0.0372486881727555
-0.0495749162978024
-0.00807457751948791
-0.00497400206084122
-0.00834318090756259
-0.0085524896133079
-0.00964350715964777
-0.0129044891162196
-0.0121831959221001
-0.0106687370824002
-0.0232288363104526
-0.0432233993098585
-0.0558814307171648
-0.0298234504138165
-0.0179823619526289
-0.0185634136639483
-0.0159872888187532
0.00513895023805764
0.0130076574665781
-0.00735342441784711
-0.00731070619592166
-0.000532430230117981
-0.0447336463777457
-0.0470728860631775
-0.0427679057667337
-0.03825732718664
-0.0542843230613461
-0.0534946482392969
-0.0239191094936653
-0.0286216263913262
-0.030187421978884
-0.0341639569632838
-0.0296816083790217
-0.0247911285785342
-0.0464919382978573
-0.0489717440973005
-0.0513034213288316
-0.0717228194377594
-0.0404500737739606
0.00537131824080868
-0.00812200752798263
-0.00682237489801208
0.0113384871603917
0.0211855107047114
0.00795380276643368
-0.00650307531308622
-0.0122385897234985
-0.0166848382270335
-0.0186445012318256
-0.00590167974804727
0.00502281806848007
0.00481114914439738
-0.00208454406147837
-0.0119031489333024
-0.0186122269090787
-0.0322093656784456
-0.0438842985976158
-0.0294619629770057
-0.016492567115343
-0.0221858030071273
-0.00640106784147278
-0.00370447326970827
-0.0167371589977363
-0.0209405263402373
-0.0337936430389494
-0.0413857712067019
-0.0503740578439964
-0.0238343691338711
-0.0343193095119765
-0.0135229972426773
-0.0073846494049074
-0.00392356992517936
-0.00330856595161003
-2.06366140221934e-05
0.00621579155569927
0.0109286298784719
0.0105637808079494
0.00121555695236189
-0.00349737351669155
-0.00291212670940611
-0.00285538117626432
0.00893219319482163
0.012070709560322
0.00130391138430097
-0.00339954798727176
-0.00493984015994254
-0.00644303536624011
-0.00905702198602951
-0.0112500203517119
-0.00982832910611974
-0.00756676435810047
-0.0012081949055438
0.00800535790327237
-0.00235559839176315
0.00404516381217894
-0.0029477530334753
-0.00753420109087831
-0.0265942819567285
-0.01046321156135
-0.00325625803826605
-0.00423319763259355
-0.00806578769146694
0.000544015669525565
0.0069784008521236
-0.000422131378311257
0.00404191087203713
0.0117180514002979
0.00200547957605827
-0.00318445504225859
-0.00271740281185085
0.00252826812349308
-0.000345382747276488
-5.23840927023928e-05
-0.000205876846208789
-0.00163189906952696
-0.00519258765259149
-0.00620730667234863
0.00506798969024359
-0.00316880147265742
0.000978940410585208
0.00016897880665345
-0.00216701116555566
-0.00445134120257498
-0.00115920442707993
0.000359709558099284
0.000257924418719925
0.0035800067120422
0.0127498988671849
0.00143462735922348
-0.0106781146145795
-0.0208046103933024
-0.00518885158623021
-0.0136463389583098
-0.0333003535941047
-0.0114254728761828
-0.000951313640195298
-0.00938791920563863
-0.0150618770628786
-0.0179016781795617
-0.020958768656886
-0.0252920208351305
-0.0228260395612852
-0.0191701863902559
-0.0185865615332378
-0.0161458643336827
-0.012535524516698
-0.0155328214460144
-0.0184407266431315
-0.0216040137994939
-0.0325118682264053
-0.0196524570052762
-0.0141161898062232
-0.00706900379909034
-0.00178000490507092
0.000644502870681048
-0.00118445345870779
-0.00377148003178923
-0.0111915857035193
-0.0178023471763438
-0.0252852179083967
-0.0355172272534705
-0.0445996347189548
-0.028358510843137
-0.0115777783608904
-0.0106178572403343
-0.0128297010098378
-0.0132078056065643
-0.0120378326390805
-0.0195407546667869
-0.0123060810244651
-0.0100930627080206
-0.00577921733894541
-0.00547440448709385
-0.00156761656772014
0.000616482235294278
-0.00293117220469531
-0.00419862982070164
-0.00215205785911674
-0.00165816397633518
-0.000281854303243238
0.00286320548518511
0.0120948914614395
0.00615643846002754
-0.00102589500437335
-0.00146513391377656
-0.00206825607970303
-0.00518457876814506
-0.00309187415548431
-0.00215041065174592
0.00107865267149023
0.00477984925016047
-0.0085685664373529
0.00590352420324289
-0.000655815340641816
-0.00176075348933364
0.00156561883450038
0.00849509367285253
0.00106251978837627
-0.00011342099476173
0.00347888175413767
0.0043694816562213
0.0042339049561004
0.00835517021753737
0.00662735095893174
-0.000186582297692637
-0.00582223630327869
-0.00325623077255877
-6.73799436938542e-05
0.00245341942623146
0.00263200780111458
-0.00280540846370998
0.0016034447807812
0.00126539100971257
0.001597268212884
0.00411128590012421
0.00298870002294409
0.00227046973031107
0.00218277991277841
0.0021957613565683
-0.000228434097259096
-0.00701589555963709
-0.00825079309950632
-0.00479334924158965
-0.00527312258811349
-0.00455274719100326
-0.00507751455229701
0.0070381048344519
0.0108814184928579
0.0122081771126333
0.0199255405113286
0.0341792508666467
0.0256013529955236
0.0201819039766778
0.0173268311260619
-0.00302511327451853
-0.0118350060480898
-0.000299368569571455
0.00639560962353551
0.00869931168870131
0.0238257370994209
0.0355393670287271
0.0241586203195806
0.0108269132834043
0.0089495857211217
-0.00016310846285097
-0.0137594179156993
-0.00972076609785176
0.00337343199700715
0.00756167916462825
0.0137077087590144
0.0281588043892072
0.0138981103680035
-0.00909311916710195
-0.0117754530879678
-0.0123058194061115
-0.0327242025670641
-0.0405523638909643
-0.00602033288085447
-0.00720391123320183
-0.0144646553180979
-0.0120477011260399
-0.0168535599530528
-0.0260750400924698
-0.0260694774438278
-0.0165084694883601
-0.0130556276154823
-0.0128071935972772
-0.00575213612620058
-0.00300908689414345
-0.0103067966174935
-0.015082380904805
-0.0163077789167264
-0.00674113794431292
-0.00678988224463966
-0.00253282445238681
-0.00807821168104276
-0.0010880912093646
-0.00482716973341204
0.00687572363324679
0.000864637097635335
-0.00451477350207698
-6.78560528203183e-05
0.00251348720676077
-0.00696772125643959
-0.00197106581105744
0.000762751505102174
0.00314431880873947
0.0154853630651545
0.0171651507996627
0.0081663339991809
-0.00264175143207801
0.00261831415381479
-0.0105179373074452
-0.00938761299070613
0.00193249258976592
0.0129916774184629
0.000164603115884226
-0.000856591092193274
-0.00173723093191114
-0.00586108904446108
-0.00432003517738665
-0.0115178359585529
-0.0188195113286748
-0.0230545857486329
-0.00951538356942816
-0.00799500560593515
-0.00324777734336782
-0.000888590745291013
-0.00202377436900591
0.000156123848995179
0.000114500063413615
0.00019490565432386
0.00191388499348961
-0.000289955094797822
-0.00374689551998943
-0.00384070513940584
-0.00318514076970466
-0.00307815850300784
-0.00419042192015006
-0.00418139658991307
-0.00899692229666441
-0.000796267066081623
-3.78188034097448e-05
-0.0060411754100922
-0.00941814279408887
-0.00443641801802794
-0.00830083666294128
0.00378658128179054
0.00114591880203647
0.00536196684896066
0.00624497911179038
0.00142485404294208
0.000149276630863732
0.00613615056074643
0.0111102240016123
0.00737875698299877
0.0086566965822703
0.0048147095984348
-0.00243604229040094
-0.00408363350251604
-0.000681731363905291
0.00106509399076897
-0.00508347981987445
-0.00701069212085736
-0.0123031346044935
-0.00969059589905717
0.0111267024448061
0.00247045818306071
0.00304596020203111
0.000692688854686146
0.00138515116042379
0.00112079943826374
-0.00469211603724118
-0.00714176029786231
-0.0175360753809009
-0.0235539654439424
-0.00175523870278252
0.0155510122307694
0.00477125599994043
0.00308479898910135
-0.000222627753603994
-0.00405240596319663
-0.0062781903989691
-0.0174378593606703
-0.0255985673767263
-0.0194753537086352
-0.0108318449124501
-0.0323622464654902
-0.0406355472094615
-0.00898697946114198
0.0130575523092246
0.000167310821694482
0.0216460592653219
0.00585847582967554
0.00443327253764996
0.000837324703136303
0.0160115097250377
0.0215553182069148
0.0142158915067925
-0.000552843041410917
-0.00744912954794415
-0.00245259017430332
-0.00126728262774924
-0.00255206856547276
0.0113608085114673
0.0280822376117306
0.0119006707103227
0.0171757862932879
0.00152556552748449
-0.00678905327054836
-0.0108533072411323
-0.00180793408252859
0.00979400664875927
0.0109130765294808
0.0155980972870442
0.0170876481309508
0.011429820760106
0.00679263306832488
0.0028244961118828
0.00258654432584905
-0.00490746010706737
-0.00699754413289318
0.000953948339926444
0.000735427747137658
-0.000149322798036677
0.000922051464245389
-0.00549462899262573
-0.020339675417757
-0.0123804046503986
-0.00679381860331077
-0.0135081761451637
-0.0202410976964906
-0.0103109475286429
0.00214655631332667
-0.00412536211378791
-0.00422381591699186
-0.0156930692362087
-0.0191165529821671
-0.00552605690605056
-0.00990227485212914
0.00281811577833522
0.0117489138666681
0.00214734953357401
-0.0138208601948002
-0.00156826067280145
-0.00431062439093647
-0.0168478897478473
-0.0114275491378143
-0.0103231015780652
-0.00876666880284012
-0.00234696886854478
0.000786776400170735
-0.00570943142954442
-0.00447645581107604
-0.00661544241862445
-0.00613348483087608
-0.00433764006233275
-0.00491902036535032
-0.0063320770657719
-0.00620161915833819
-0.00447860816891152
0.00191104741240218
0.00473835865593121
0.0103139119314014
0.0114204901315542
0.000537011583518714
0.00108934576917183
-0.00205330306698942
-0.0117573790108407
-0.0191583737629256
-0.015699888718799
-0.0104721466070514
-0.0134429477323735
-0.0111445010134277
0.000861970973195573
0.00411826229699944
0.000891234012877166
0.00167838944002307
0.0022085653265136
0.000346599788619938
-0.00031130768257656
-0.000170810486600891
-0.0018187356736857
-0.00355326711735829
-0.00171335152333391
-0.000398088274949278
-8.08438208291737e-05
0.003315610830604
0.0109865359140734
0.00945031546276977
-0.00488608777628283
0.00287402861463366
-0.00104908191151754
0.00425312011553813
-0.00349084552852037
-0.0260923589143344
-0.0223558905972143
-0.00299905844536854
-0.00136223909258068
0.0101372898819096
0.0112292617214978
-0.00148794201254786
-0.00274206724146611
-0.00233409908244625
-0.0026689353429689
-0.00183810824885029
-0.00145881614405242
-0.000375454829336961
0.000117263681587455
-0.000497543403439269
0.000369006202869031
0.00243178542011414
0.00189624456726567
0.00100290558222788
0.00438106202780002
0.00348152969071449
-0.00134117468541799
-0.00154626774105674
-0.0028370408508361
-0.00232086098874152
-0.00119690581763965
0.00271102822496885
-0.00952451160856494
-0.00865814600964762
-0.00460724130670616
-0.00930369671402118
-0.00375916077019817
-0.00947958225118992
-0.0091681159741095
-0.00905713499572194
-0.0136692472593963
-0.0104779104074519
-0.0113521569686411
-0.0121842554406038
-0.00664101969380612
0.00219503165632855
0.00309614180874018
0.00143201391937892
7.49319148347074e-05
-0.00140843449369415
0.0014842905904902
-0.0071321302125304
-0.00677689630802812
-0.0119956193069537
-0.00791710678372285
-0.0022354847839116
-0.00299450562758853
-0.00985759938075241
-0.0147234691166688
-0.0105584637448502
-0.00639401182307156
-0.000457427167465644
-0.00173992273559961
-0.00763205852339287
-0.00763116680791194
-0.0037157731316493
-0.00687682283631798
-0.00711103453868683
-0.00372392584595683
-0.0011882446298732
-0.000225212025910805
1.82334441913086e-05
0.0010836087988502
0.000532407591634658
0.000138853782793999
0.00279939541969488
0.00452199501286521
-0.00167788888848299
0.00119925545692392
0.00389345612363335
0.00261848665555386
0.000984016095483466
0.00137572352977991
-0.00116522897343315
-0.000800984473048146
0.0036135523883773
-0.000216138303112149
0.0022777938160163
0.00249693668993137
-0.00379494250972863
-0.000860716408018682
-0.000498837755497844
0.000191914393613938
-0.00835409261364198
-0.00363512800312498
-0.00101307391195044
-0.00608285321409316
-0.00677466792005655
-0.0046818722711262
-0.00375936601954745
0.000580200065645701
8.72683336114466e-05
-0.00277725227196098
-0.00195977554628357
-0.00209386216748022
-0.00317272512957675
-0.00413236322473918
-0.00564127141430693
-0.00340243439115537
-0.00451160765473321
-0.000561801480359503
-0.00222806397172783
-0.000334965173886466
-0.000142284793052383
-0.000512539538500929
0.000458595568882965
0.00280806441651501
-0.000661774554406326
-0.00230518911567204
-0.00123577426658183
-0.00372372454883439
-0.00219011606953413
0.00388846592418351
0.00145119502421878
0.000145311539654767
-0.00111927610287947
-0.00560317998450668
-0.00854830328050247
-0.0140945883582509
-0.0109768782174196
0.000213586600705709
0.000182427013356151
0.000522320788425537
-0.00256561376681508
-0.0120606551684219
-0.0189206450190142
-0.0181717175793005
-0.0190092862804779
-0.0191490445047242
-0.0145645973710493
-0.0115878185610199
-0.012243063680026
-0.00574348640536924
-0.00897844546391454
-0.0162379525967686
-0.0162361337222077
-0.0138763075075374
-0.0200437092827104
-0.0247342440844104
-0.0176468991522592
-0.0138513064268766
-0.0169384968296269
-0.0119182776572922
-0.00844778758962958
-0.00635076084154706
-0.00919688588133618
-0.00298424626036324
-0.00614911028926555
-0.010984758938441
-0.0185643592584482
-0.0122034177130799
-0.0067347118447707
-0.00390536442019893
-0.00477200641674425
-0.00573969454265105
-0.0070383822193013
-0.00172534377395348
-0.00762830179239394
0.000699955452526556
0.000236703656383615
0.000609637419633583
0.00147163897371161
0.000413852431543625
-0.00131601130913633
-0.00165994623829343
-0.00384345447833547
-0.00621597945305994
-0.00611703494153973
-0.00565051037394512
-0.00218833419430048
-0.00118289062570149
2.01521687278551e-05
0.00133210361230872
0.00341613351023798
0.00048854358221244
9.21340020428108e-05
0.000249270438192809
9.77116633513439e-05
-0.00363847505743687
-0.00107386768814969
6.3656129397966e-05
-0.00214816630565951
0.000275397342812455
0.0046575057016022
0.00346347110829504
0.00106635698984933
0.00192891117795742
0.00154076292527278
0.00278861851269653
0.000250115238365299
0.00118037347704546
0.00053003520164457
-8.11844746469401e-05
-0.000445041544736031
0.000263147128524725
0.000218122475629134
0.000494122280953928
0.00076417222856207
0.00163959869804044
0.00125887869183306
-8.2042850192649e-05
-0.00210759592916762
-0.00200569559012243
-0.00118139957350272
-0.00165764875658996
-0.00103955227665423
-0.000887318281865721
0.00019837220536479
0.00215447330711336
0.00206437605461341
0.00147410516606096
0.00168444208441667
0.00194748366268124
0.00106538031996526
-0.00128873644118426
-0.00108337156724844
-0.000990587367807209
-0.0013385841125078
-0.000979680518435015
-0.000141264127632726
5.67110664662632e-05
-6.62560137637187e-05
0.000348550807363629
0.000211536313877334
-0.00011259130625082
-4.43725646032453e-06
0.000629008073008807
0.00157103526367828
0.00132614628747588
0.00123966366152664
0.00248305026346846
0.00276665690128443
0.00120893924167666
0.000818651950893625
0.000463255422890049
-0.000984205206834096
-0.00125433203449046
0.000171103562544331
0.000754019643632368
0.000258424439546931
0.000767579389413926
0.00125059554101872
0.000384347535590745
-0.00147118519264055
0.00105142104826473
0.0012170998301342
0.00220889136520958
0.00194994899074667
-0.000408293670210371
-0.00203497338607714
-0.00163158658041025
-0.000819027508809459
-0.00093628252786915
0.0032721583185276
0.00716613113299109
0.00499873289639421
0.00658936171316524
0.00326693696571322
0.000996754389256359
-0.0017814048081501
-0.00213600244759207
-0.00213600244759196
-0.00213600244759204
-0.00176088738882997
-0.00150564155850152
-0.00275543852751264
-0.00345677641698841
-0.0066143628995158
-0.00293054620036037
-0.00498208685642883
-0.00614721810985609
-0.00456337271166061
-0.0013965260650661
-0.00396107072996778
-0.00374517966110639
-0.00440245488098174
-0.00272545826052556
-0.00148060331450297
0.000572747403736452
0.00176581891227293
0.00129371279389301
0.00151701650261871
0.00144853329123141
-0.000126140094995785
-0.00125499323937714
-0.00122107768265032
-0.00171479718546205
-0.00239023461390311
-0.00126142747120976
0.00125543601358275
0.00292064393883313
0.00198342634004273
0.00264370236084321
0.000887031304571835
0.000271418357954316
0.00135211588777051
0.000823078902057267
0.000161426582055453
-0.00128412464590819
-0.000767653853156591
0.00318654756482927
0.00455127670712018
0.00172837643524571
-0.00173086857954003
-0.00478824958511278
-0.0058186978155171
-0.00767685405760805
-0.00749232594548217
-0.0061012313687215
-0.00496229682390959
-0.00353310937258369
-0.00153971050838926
-0.00111618414974772
-0.002236610508017
-0.00273808616618166
-0.00446202129856164
-0.00741977936123522
-0.00799776768661668
-0.0098938929751226
-0.00540369047696807
-0.00319713533218559
-0.00457485172200556
-0.0025763798437159
-0.00191424676700815
2.82676817036356e-05
-0.00100835079595111
0.00162081924604142
0.00187365034283861
-0.00061267468803538
-0.0048852216517418
-0.00265617733127544
-0.00249780227210211
-0.00268749413073342
-0.00192737122956888
-0.000811882953869181
-0.000799811402462804
-0.00202583232848392
-0.00387905979007803
-0.00685962127633553
-0.0103204118936058
-0.011971516432963
-0.00984603723242911
-0.00699480339862514
-0.00514878850801719
-0.00297594868636568
-0.00149642236954811
0.000701410883758546
-0.0034901244199939
-0.00568011745789856
-0.00631650597241006
-0.00414871976480611
-0.00444600389952596
-0.0026920941238505
-0.00219593326382271
-0.00237020681915114
0.000833323264149799
0.000379645107072107
-0.000143744438136414
0.000289723636537766
-7.16688644189447e-05
-0.00101577228313741
-0.00177673015883387
-0.00378790170160671
-0.00457093654827403
-0.00311742157893619
-0.00207815170241769
-0.00103745270397378
-0.000618639681106972
0.00052627906599139
0.000239217580340782
-0.00216511633757456
-0.00297912779730205
-0.0024563493633825
-0.00267701741736592
-0.00196606099804671
-0.00078692832606389
-0.000663603539025156
-0.00037064631949376
-0.000437458663473434
0.000229380362671554
-0.0030484971154575
-0.00367833920567043
-0.00109208853359136
-0.000544614258748638
-0.000110878049049949
-0.000604668590678689
-0.000777106753721998
-0.000565881858176169
-0.000636996207603196
-0.000652421509634554
0.000142061918894707
-0.000196959700750499
0.000398382745838891
0.000396436855586779
0.000552946405320762
-0.000801840949709863
-0.00325737223418644
-0.00393819106094337
-0.00396388995079749
-0.00429661452996997
-0.00350912954944217
-0.00202924931618985
-0.000432276100470754
9.43788019446133e-06
0.000137509313506276
-0.000147499127750272
-0.00147987830771953
-0.00296654603807147
-0.0038534304466289
-0.00454152251551706
-0.00470804970160834
-0.00355291247104182
-0.000296372373531462
-0.000642607558574162
7.01915784278961e-05
-0.000245118082138711
-0.00175963460108233
-0.00443678402106148
-0.00651510021332919
-0.00739344413339388
-0.00494015960363826
-0.00323510640125517
-0.000605160433819571
5.00612078460216e-05
-0.000790012878729615
-0.00155957184285404
-0.00216406430065593
-0.00236044047801225
-0.0029792924240288
-0.00315242293973186
-0.00315825888321592
-0.00290995592521997
-0.00296786740480492
-0.00274947798347266
-0.00274947798347266
-0.00274947798347266
-0.00274947798347266
-0.00274947798347266
-0.00274947798347266
-0.00274947798347266
-0.00274947798347267
-0.00274947798347266
-0.00274947798347266
-0.00274947798347266
-0.00274947798347266
-0.00274947798347266
-0.00274947798347266
-0.00274947798347265
-0.00274947798347266
-0.00274947798347266
