-0.984533347384979
-0.984533347384979
-0.984533347384979
-0.98453334738498
-0.98453334738498
-0.984533347384981
-0.984533347384982
-0.984533347384983
-0.984533347384983
-0.984533347384983
-0.984533347384984
-0.984533347384985
-0.984640426681882
-0.987797021756852
-1.00388968799795
-1.0074175386122
-0.871373016657534
-0.76414086364922
-0.667327146919354
-0.557244194652758
-0.441379098903747
-0.383119601534367
-0.408177097148424
-0.481902462651877
-0.514817287061193
-0.560276740284431
-0.594484523889886
-0.556725164851882
-0.48875802419602
-0.432163098108072
-0.366585987466572
-0.302092186845851
-0.307509437169987
-0.366568017694401
-0.411019961090702
-0.450359688087964
-0.505924948344872
-0.51784980369562
-0.470102429665427
-0.419049903157295
-0.366385333456501
-0.286265196495204
-0.25511880608582
-0.305737519587305
-0.354650460182091
-0.369859441437894
-0.295377893445686
-0.315732644204617
-0.340521678636979
-0.281050932306483
-0.222254056257993
-0.296599444818409
-0.314810201635547
-0.294227879578778
-0.351751037914925
-0.397857179619024
-0.302233571407582
-0.262102410281251
-0.237672147543494
-0.174844283399062
-0.118600356389369
-0.156421586250599
-0.181273602631621
-0.127521282649115
-0.165806377119612
-0.216598527534215
-0.184862891106451
-0.130192388352856
-0.156592731216759
-0.149850426659096
-0.0516158476151871
-0.00770715440272766
-0.0781118127314821
-0.0817233433042441
-0.0751315126974574
-0.166776992362998
-0.227980487877333
-0.199998303912917
-0.229076702102522
-0.25096306515929
-0.205441342193008
-0.157463302015677
-0.163977663337763
-0.12461437767013
-0.104233432384243
-0.0809958412546646
-0.079363332022785
-0.0615720001366345
-0.0416546013211279
-0.0727325234401947
-0.123494293042151
-0.0929159791114788
-0.0840661985687738
-0.112543180621883
-0.115219214181909
-0.110106219638889
-0.126514067549778
-0.177160721613897
-0.163263890127954
-0.121682395225197
-0.111613619438742
-0.122468834021243
-0.120781580422118
-0.145516985320837
-0.193410977334346
-0.185520119720032
-0.166195970447259
-0.155862215027986
-0.133529085445721
-0.117290695375186
-0.0605120741631441
-0.0481000784843178
-0.0486152506640119
-0.047397506999925
-0.00986431781575039
-0.0522569037673277
-0.0462512746627397
-0.0306567965789604
-0.0523903999543782
-0.0501708086161237
-0.0322255563682562
-0.0342962264432578
-0.0492035716159896
-0.0509076947074473
-0.0589286198187427
-0.0555338935280232
-0.0326852567191676
-0.00604966378202939
0.0299054430924933
0.00165662087029005
-0.00973643610153458
-0.0317019278874094
-0.0492168275217676
-0.0681433321762953
-0.0593204367771787
-0.0212242467724925
-0.0295454865207178
-0.0116631993625597
-0.0148992582673998
0.0097908521563434
-0.000395234320265005
-0.0107546125204146
-0.022675297456725
-0.0467513898477701
-0.083211458467029
-0.0848184666976341
-0.0582295254214681
-0.0398176591323933
-0.0281935110212438
-0.0132753282543672
0.000171439484488237
-0.00373095736692851
-0.019665358674001
-0.0226378802506339
-0.0422417059507905
-0.0411453270265173
-0.0559055947908595
-0.0665615779840156
-0.0649011362252382
-0.0969286957170284
-0.109826647015413
-0.0828225050876569
-0.0511535551208023
-0.070645654221958
-0.0410400563261849
-0.020056932973764
-0.0120707469357722
-0.00663227775371659
0.00343104970021169
-0.0158736140984645
-0.0266868336300651
-0.0486988554134699
-0.0321433468813794
-0.0125306767867609
-0.00589435445116273
0.00255417991316392
0.0057443599139767
-0.0101062425488664
-0.0147325803246578
-0.00541658284536693
-0.00083876626942949
-0.00801872098076952
-0.00748742795764447
0.00417699500705563
0.00360866715442234
0.0101637732502616
0.0122929874666955
0.0369125906693894
0.0119527582089559
-0.00985416206186713
-0.0257374755777487
-0.0196871916239483
-0.01437161293477
2.24385599438201e-05
0.00634820947085227
-0.00302662576595697
-0.00639994943542961
-0.0287847169829314
-0.0657666808889138
-0.0947755071347951
-0.0702343368775588
-0.0398391721741686
-0.0566159824559161
-0.0542131363761462
-0.067935015741395
-0.0552109258820974
-0.054768698086082
-0.0702935339222732
-0.0516705713142017
-0.028089793520058
-0.0260304388121186
-0.027934070694442
-0.0262223677153985
-0.0346944670102538
-0.0369170057887201
-0.021863444193889
-0.0182935805408883
-0.0273703183312266
-0.025862319799944
-0.0193164240286415
-0.0274534020419486
-0.0395024650784705
-0.0338000433989252
-0.0295851198908264
-0.0261852569813504
-0.038871436652906
-0.0214757950005657
-0.0219634065278037
-0.0214460751890033
-0.0389991552958874
-0.0162132635392645
0.012537528260434
-0.0219395306911541
-0.0166877410120518
-0.00682084986467216
-0.00801216278498564
-0.0151355106170371
-0.0195905894767344
-0.0246005005606699
-0.0341305543986172
-0.0453975335269889
-0.0504717475152458
-0.0482592584651153
-0.0336633575011622
-0.0263705676639736
-0.024731140123632
-0.0218261424347084
-0.0178745519026045
-0.0165111371637011
-0.0148257098933795
-0.0107000526431647
-0.0105905136018231
-0.00785613294183841
-0.00321429595937547
-0.00190273563549065
-0.000789541646732108
0.000339303244812105
-0.000570641326973704
-0.00183217148406256
-0.00216407895720638
-0.00347457476400283
-0.00810353978220574
-0.0188414999254531
-0.0233982895451681
-0.0188998972813884
-0.0242817435698929
-0.0145935496787792
-0.00739916975096079
-0.00763054344985105
-0.0145176203310181
-0.0075379564333113
-0.00979691052653852
-0.0109000289167613
-0.00999287258507882
-0.00916485360381347
-0.00748018199566881
-0.00304490718303696
-0.00615831384233375
-0.00671786085614973
-0.0103637780235808
-0.0163810428434446
-0.0265413933895767
-0.0175709141119038
-0.00524837361595405
-0.00435461744203534
0.00430667314172783
0.00235874232843613
-0.000444103080586483
0.00014155257096934
0.000316678295924685
0.000446601093363728
-0.00171434766386428
-9.04980503761785e-05
-0.00493362368808844
-0.00774288260765491
0.0021209984919013
0.00477747899144288
0.00476323292376814
0.00133359428624941
0.00392909568604234
0.00496407127651718
0.00172912160496922
0.00227576894795515
-0.000795470214239008
-0.00419873239536407
0.0122099942357295
0.0313748012872162
0.0168164274870559
0.00399715726814691
0.0155259740523854
0.0186185239904279
0.0187244251001341
0.0259532734820659
0.000737362353623575
-0.00793134049212561
0.000658543124659613
0.000873226787162205
0.0148888172802941
0.0308966990547407
0.0102894782572476
-0.00485226106540397
-0.00882111797767286
0.00158260236983456
-0.0110774338535728
-0.00529464067475939
0.0106317043118632
0.00962896618911363
-0.00345006122108207
-0.00179253998723967
-0.00615450838474452
-0.0112400500695627
-0.0163031745273112
-0.0214154302762994
-0.0266325382748067
-0.0280883873768462
-0.014571662160521
-0.00545465237942571
-0.00376019734156516
0.00199619390913064
0.00743882100944498
0.00826674840423126
0.00444059320925447
-0.00251775142442915
0.000117874490623346
-0.00938832225516184
0.00618033632677075
0.00768268720823172
0.00104141890763091
-0.00669740467107732
-0.00824738926694593
-0.00691951841136526
-0.00242052157140492
-0.00523923987084565
-0.00930860580929376
-0.00510542483595326
0.00206954862819214
0.00762887465709051
0.00757351201369139
0.0122576591226317
0.0147663459492499
0.00694075544690785
0.00719130607927354
0.00433494404228444
-0.00827151380299015
-0.0235346826240972
-0.0110024809631043
0.00252564291035781
0.00377913287452632
-0.00128486344373494
0.00196463573253203
0.000313365651177926
-0.010036537059623
-0.0334432268622809
-0.0257110086414
-0.0249401616222778
-0.0180012327364042
-0.00385514686563825
0.00037645960672452
0.000940197644525787
0.00383363812807108
0.005759692766241
0.00032233819596471
-0.00476356663747434
-0.0050294742769305
-0.00467291082000225
-0.00504323600930854
-0.00511091041793115
-0.000675629931985299
0.00404960208477389
0.00135064031085301
0.00811554698737237
-0.000603136307129623
0.00155230923935482
0.0190217087342495
0.0104420740398343
0.0270378188165707
0.0373022255924472
0.0341028346942361
0.0215422363264205
0.0171123171071244
0.0255299754108503
0.0232863330017944
0.0115963143290173
0.00633750675215334
0.0078167719066163
0.00592002241468646
0.00328927215320091
-0.00269684188177954
-0.0126485226160363
-0.0173490957061105
-0.00810644867631869
0.0120959514182933
0.0121150214976356
0.00976383007247427
0.0112321190141176
0.00605981667232468
-0.0118547256886062
-0.0153954479876323
-0.0113604651668541
-0.0149169343321256
-0.0111610957055926
-0.0126659173657382
-0.0136922567900142
-0.00182696651078598
1.66405429651555e-05
0.00146408037690813
-0.00107324150121582
-0.0226712659004025
-0.0354761487730614
-0.030903677770164
-0.0336438155030402
-0.00727740752756533
-0.0083393368614178
-0.000360786976623933
0.0043514238083313
0.00773939720256287
0.0107660106196904
0.0132263395706137
0.0112699558956757
0.00476282290098334
0.000643725868655123
0.00116537013789764
0.00293852298848287
0.00329055470645533
0.000741208526707355
-0.00465870993634928
-0.0088631222577807
-0.00905541997693323
0.00551380069537464
0.00413022957084831
-0.000490332148753037
0.00446630333937715
0.00498136537714318
-0.00112638151030983
-0.00296443131673959
-0.00215821396027648
-0.000790853291090125
-0.00733916211327724
-0.0146455105662242
0.00475227272143051
0.01436836039901
0.0157192467259542
-0.00756678399579118
-0.0153713778043696
-0.0159152755638517
-0.0231205297358275
-0.0264997837310475
-0.0166339438649976
-0.00591612410214995
-0.00282574669764564
-0.000430908018386502
0.00226909207268049
-0.00368327232633158
-0.0145942625192972
-0.0176289556718226
-0.0195663454073913
-0.0242523651029445
-0.0264197835828677
-0.0102410008270307
-0.00117872911957209
0.00235393489719611
0.00662182574616918
-5.32871046512277e-05
-0.00687992569533898
-0.00197456865481626
-0.00458103724518207
-0.00815883397373789
-0.00570455220789069
0.00758102489773427
0.00937919921019977
0.00677721624732278
0.00643182954859244
0.00790742233493556
0.00693954920753182
3.97713747466825e-05
9.83979229648687e-05
0.00810659089122075
0.010537659154789
0.00456829898157427
0.00393136880082494
0.00474336688872254
0.000715122386744196
-0.000334390661386141
-0.00461340824755936
-0.00466952151245342
4.12967190180115e-05
-0.00554465627071789
0.0135973129812657
0.00534037198480492
0.00462007827963944
-0.000345455096598704
0.00496572435447565
-0.00203473172808822
-0.00887936121285772
-0.00443312293445208
-0.000977435324409318
-0.000822303844625347
-0.00518899678301506
-0.00364434923365435
0.00290305207513009
0.00519862186138116
0.00100573518186422
0.00113768653740623
0.010078964559416
0.00881670261018873
0.0038122331673084
0.00779516788745622
0.00990663254908532
0.00225884226080524
-0.000867314150536165
0.00187757523135189
-0.00380148081837175
-0.0044930433658902
0.00799035637783724
0.00967861872349386
0.00699769307971294
0.00824532370207691
0.00921609090459623
0.00911917551378688
0.000380449443548237
-0.000148686931693264
0.0078986006386081
0.000458198356110836
0.00515040699828727
0.00357372781338139
0.00713937181650178
0.00232315282250509
0.0013845960338678
0.00255446493430874
0.00204085071635337
0.00225708045990705
-0.000332194751840908
-0.00367876890211527
-0.00629661934153055
-0.00387193331100381
-0.00188611156236182
-0.00119158251293325
-0.00072782174128408
-0.0021787716573213
-0.00644531034569255
-0.00419922074532882
0.00171289152915383
0.00438598898970679
0.00708194796910555
0.0111596710919583
0.0105745559472188
0.00692657066436757
0.0241188368580359
-0.00699101642943561
0.0107501516259823
0.0044885403123648
0.00563510950518753
0.00516369086566041
0.00462326182778607
0.00105166131499527
-0.00332211318078824
-0.00305443829309935
1.47239415852136e-05
0.000657984505642227
0.00127435308410135
0.00242076725924764
0.005426194072834
0.00372303557670937
0.0026902985910875
-0.000889380950078157
0.00103047034830828
-0.000251281883667736
0.0014231301969259
0.00454491995420391
0.00693518820995803
0.00757743957499096
-0.00668201282838136
-0.00543160073635627
0.000164021655395859
0.00371942644679064
0.00510552530843738
0.0173225914923777
0.0162914869769212
0.0137316957237721
0.0169386274453389
0.0150347856641522
0.0049875532845465
0.00137061187476125
0.00430066982664868
0.00306659294555376
0.00279551514094758
0.0103982078642291
0.0154118426756538
0.0126288744937459
0.0110149564070082
0.00940158163830056
0.000742147023364271
0.00338191663289063
0.00323900096169199
0.00270481343277753
-0.00213787739786088
-0.0068393279342302
0.000762732698498039
-0.00399959260449075
0.00180452021617814
0.0018598005779837
0.000705806653734762
-0.00169309512456988
-0.00452792331797415
-0.0064468547479994
-0.00859636107820039
-0.00863154680194095
-0.0033446369182028
0.00270299674405978
0.00205089877506358
0.00135551377100239
0.00244963523578748
-0.00411994485618157
-0.0136935996863799
-0.0143677598666977
-0.0123653523057293
-0.0133761486002113
-0.00872753227290939
0.00035413291654099
0.00289454833576314
0.00172522522388298
0.00422512808196845
0.00447288812481084
0.00252834276169383
0.00484989939941758
-0.000218608936042896
0.00721699363616045
0.00405075648428541
0.00034001083112637
-0.00368564689266915
-0.00273768174815221
-0.000201931665295415
0.00019137811472416
0.000168157234382163
0.00033530174612773
-0.000308901352416913
0.000233158271780652
0.00381093484311159
0.00348476884155126
0.00218218407473872
-0.00371835427823809
-0.00342253890478056
-0.00123685648195196
-0.00615310052739039
-0.00208609451582654
0.00302897957257808
0.000935139590190655
-0.00645218754526222
0.00412303633110166
-0.00360711888610703
-0.00702078178148854
-0.00678463768678143
-0.00384367144339281
-0.00244601091737937
-0.00501054236585388
0.00123605072308774
0.0010214116115551
0.00172600090984917
0.00450757887507963
-0.000168918332772526
-0.0111186887792192
-0.0175069177167346
-0.0132860402494655
-0.00979716980354551
-0.006499012423161
-0.000646647527883765
-0.000101562529628587
0.000698104911129663
-0.00138049991013574
-0.00153531352556538
-0.000174827288027279
-0.000627621183173102
-0.00251797301411433
0.00229019563351052
0.00825807389335729
0.00585995435539424
0.00476976542780308
0.00845991522543406
0.00491984534865766
-0.00530228785904962
0.00267928332714647
0.00490057498111411
0.00124756281046474
0.00119200970935777
-0.00286939387255286
-0.00439825744326042
-0.00131211105706594
-0.00249840891310164
-0.00107471244067503
0.00166348800776897
0.00472886562208821
0.00458728149640202
-0.00283609541966901
-0.00523680133692299
-0.00130276137563968
0.000932298861000634
-0.00132128854763712
-0.0078838185874671
-0.0164577414997087
-0.0238281040851338
-0.025966295355447
-0.0181430060763539
-0.0181771741148859
-0.01419753421078
-0.00419140174826762
0.00349004363903641
8.88473671020922e-05
-0.00895728922994378
-0.0107242545547434
-0.0196088041361116
-0.00916780317333825
-0.0144771800985624
-0.00852254895631727
-0.00477746506926096
-0.00289541074821677
0.00270703000845242
-0.00174717000232924
-0.00229739807169122
-0.000409060414485638
0.00243291229889579
0.00191089856947103
0.00452643112713625
0.00654180794020469
0.00524614911526725
0.0082687319608314
0.00793339487129916
-0.0106616847603185
-0.0124328787781964
-0.0052761920413022
-0.0062085569297275
-0.00989231510781792
-0.0138793657714291
-0.011029166872119
-0.00350667735108811
-0.00104959892360972
0.000199762104741695
0.00163328250150868
-0.00223099809916706
-0.00547267788185909
-0.0110228756927428
-0.0231097336972416
-0.0274628483526918
-0.0178374424808809
-0.0122624935236482
-0.006480772802929
-0.00444514441498511
0.000864779692571588
0.000700154914804344
0.00497233798065796
-0.00340355071727615
-0.00758597110128076
-0.010547114418645
-0.0109196790933921
-0.00869872491142904
-0.00810276785257975
-0.000399675407795788
-0.00417792215056116
-0.00243283288827568
-0.00310172804620761
-0.0069224029668577
-0.00688890714174508
-0.00919935147493129
-0.0103983525588905
-0.0100914670690902
-0.0105609404969142
-0.013269818586748
-0.0150493856394034
-0.0151006162945491
-0.015187916955291
-0.0169021585875391
-0.0173158041457822
-0.0158878911547885
-0.0141456152176841
-0.00868311603621005
-0.00900675219489101
-0.0111848624477623
-0.0146821261538861
-0.0138757744400467
-0.0116436347311721
-0.0106940093261685
-0.00974035633857801
-0.00821360489859729
-0.00805703764274826
-0.00360670393314063
-0.00744792156927605
-0.00384049730332576
-0.00110659168288417
-0.00143041142666099
0.000237607953722786
0.00136172412973992
-0.000468379074486437
-0.00235440020537596
-0.00270038032259685
-0.00510050908463288
-0.00799824742437007
-0.00707999795469761
-0.00481673746424286
-0.00453095243764318
-0.00255024686056221
0.000351327995346629
0.000619928238446642
-0.00342792439082742
-0.00443008904038462
-0.00695394849771408
-0.0130856674793443
-0.00817701360232725
-0.00549209603591552
-0.00659637440337502
-0.00429306114384609
-0.00281279168954677
0.000657472070284141
0.000862424376992347
-0.000582174481167061
-0.00232825826889576
-0.00510796030573705
-0.00297444892692927
-0.00195740439066543
-0.00198517156162277
-0.00157261444076943
-0.00129004643392671
-0.0025158299157159
-0.004060989598013
-0.0049005242561159
-0.00603866335539783
-0.00662209777062738
-0.00539472475157483
-0.00327695479011586
-0.00210625748146155
-0.00201264756855558
-0.00177789971199818
-0.00318432912830202
-0.0012075359404654
-0.000687302306261072
-0.00182272683226567
-0.0056496665517666
-0.00899896650211198
-0.00962717935388044
-0.00782881392540908
-0.00287491694326977
0.00188776442908676
-0.000502583804837239
-0.00220177435668515
-0.00284123863618569
-0.00614136245653088
-0.0119528436097914
-0.0119034986756386
-0.0109300080188307
-0.0116251862234311
-0.00884264129038935
-0.00215959820596207
-0.000774670444295768
-0.00314073520049157
-0.00254461479711316
-0.00240452054379824
-0.00935806064643881
-0.0117220681518072
-0.0116383366809154
-0.0110006321742355
-0.00786844549309968
-0.00213178577255074
0.00114341302089276
-0.000316756624691215
-3.38987524803975e-06
-0.00319442658364958
-0.0032779773643534
-0.00322684796637242
-0.0032287514447721
-0.00397913544621544
-0.000709416726957173
-0.00218278011682723
-0.000390565860722395
-0.00023604335833331
-0.000118714924291648
5.75768239191975e-05
-0.000550351374832497
-0.00112490496709902
-0.000981844557199988
-0.00129881797832762
-0.00169133444850823
-0.000376003162588543
0.000586889675803297
0.000189655567227779
0.00148748906159975
0.000526653522086049
0.000387399733380553
0.00116870059632945
-0.000940843042580006
-0.00167378084003171
-0.00274602073030761
-0.00379169360173198
-0.00391144911884861
-0.00380116458687336
-0.00287751181378751
-0.00285237524252605
-0.00376041909279508
-0.0076684184317174
0.000964416427535102
0.00107067567136797
0.000549266003774025
-6.88984119800294e-05
-0.00051940932916929
-2.01000247981143e-05
-0.000459163752035761
-0.000409796952770088
-0.000376109748625018
-0.000275573629215047
1.27404133953503e-05
0.000240665810815283
-0.00152401449841539
-0.00577308846910532
-0.00725386769272713
-0.00857803685272998
-0.00546164181306537
-0.000372861727323511
0.00168194495139614
0.00101387805254436
0.00173115345383817
0.00186093037897128
-0.000972319400215719
-0.00300846163712717
-0.00205663726998665
-0.00240980731399058
-0.00345992268071199
-0.000799709114110517
0.000476474919920707
0.00123605939426869
0.00153778098070393
0.00243526488914369
0.00199236264415515
-0.00164606698225378
-0.00253125891242793
-0.00176855033470262
-0.00118923944495769
-0.000808340174533082
0.00111722147679149
0.00128266029045517
0.0012283016625695
0.000431802660551093
0.00115847271147217
3.55825294019271e-05
-0.000365447678115806
-0.000332226222251217
0.000308645229275133
-1.20460054298751e-05
0.000413366481959068
0.000125850832589337
-0.000836065987359259
-0.000362602954085735
-0.000252013835620024
-0.000185556155052157
-0.000381227981981212
-0.000753609674313112
-0.00112481914061965
-0.00256929971414255
-0.00269362109022681
-0.0046598442821538
-0.00557365400560821
-0.00810155713720156
-0.00784634831774262
-0.00956443958983387
-0.00806650277004314
-0.00540363924522426
-0.00168789262980013
-0.00291877446647636
-0.00454365491032012
-0.00637107872537448
-0.00926574337753807
-0.00856940287352728
-0.00462862715178976
-0.00381457747371729
-0.00187091196784294
0.000157728162709099
0.00108268807067669
-0.00128559148362006
-0.0015932228775448
-0.00130816615533274
-0.000566623210914504
-0.000187067386269119
-0.000405092563080723
-0.000420873849836274
0.000480755455044821
0.000262315051651587
0.00182250659861968
0.000755546673677957
0.000964021606346791
-0.000924141367885201
0.000451709411782681
0.00114789830422959
-0.000324205631933017
-0.000682239411542605
-0.00162555727401454
-0.00108415124591382
-0.000391340583442131
-0.000338756299289881
0.000186425072495775
-4.61895153830502e-05
-6.04855992654885e-05
5.13104552492147e-05
-0.000157617730908523
-0.000690080845004693
-0.00133275432215238
-0.00209802684167801
-0.00228999454779182
-0.0017682460458434
-0.00157130721813624
-0.00155608085818838
-0.000962359439553703
-0.000501706390050784
-0.000188495178408316
-0.000354784979358444
-0.000575184857624832
-0.00111564991973225
-7.36802393081538e-05
-0.00189136447516116
-0.00129381539232749
-0.000252505881908036
-0.000158806941151903
-0.000278716598157427
-0.000634999714531082
-0.00135242244531763
-0.00152695961308544
-0.00133226701267302
-0.000952502064709524
-0.00118418445663705
-0.00124913988414329
-0.0012491398841433
-0.0012491398841433
-0.0012491398841433
-0.0012491398841433
-0.00124913988414331
