-0.863204303588991
-0.863204303588992
-0.863204303588992
-0.863204303588993
-0.854843496999448
-0.851887599147491
-0.849843269755238
-0.814228635047755
-0.763694813382344
-0.70217768835876
-0.665520204809546
-0.650520956233376
-0.654950397191936
-0.680405709179378
-0.717596869382946
-0.748716103906523
-0.764682348639875
-0.757734410160705
-0.729013908091278
-0.686533019058622
-0.651008279131297
-0.63280869951726
-0.629108892727199
-0.644519038359123
-0.681121488655644
-0.718110717957423
-0.736303911890624
-0.739664891043792
-0.732298352010446
-0.674421109278284
-0.610738445439611
-0.539486603159496
-0.530468937392658
-0.412968186881761
-0.443914379937382
-0.486324563675719
-0.534306510401474
-0.61554898554106
-0.62300859269867
-0.610019554707921
-0.590949114690984
-0.520958372318053
-0.460298121852138
-0.416461038226215
-0.413930216786036
-0.40591137224856
-0.316190964978237
-0.275009068089582
-0.236306339528633
-0.154697840950211
-0.109472695373825
-0.128192971879442
-0.120915458261298
-0.0916605186898351
-0.12183032639969
-0.178593856785474
-0.171019640007663
-0.152030307712825
-0.170334082180999
-0.14544870722855
-0.0803563441756678
-0.0510926014637885
-0.081805988621538
-0.113114326962622
-0.154757369303363
-0.191750315944804
-0.204410935321059
-0.169978800216686
-0.112410986716155
-0.0884893261323661
-0.0376558073596954
0.0349503445332926
-0.00801854188982964
-0.0358215489538678
-0.0832904682703516
-0.123643514169563
-0.172294485811001
-0.183701648100191
-0.162283229562655
-0.165391916166747
-0.162431741927313
-0.130320496733635
-0.107085715761091
-0.111908250194769
-0.112167179435477
-0.106445368284174
-0.119025828899207
-0.13259518406694
-0.129925969678217
-0.125061130874564
-0.130248009883357
-0.116185470083003
-0.133342563929001
-0.0662183103505625
-0.127809044433833
-0.125907067902888
-0.138146324357762
-0.130165949093543
-0.122430105454154
-0.127358693983115
-0.0983491319964079
-0.0627896710793859
-0.0695963604590998
-0.115791496819311
-0.135041024327955
-0.137065942175696
-0.161051863251114
-0.16075867654429
-0.118019069379607
-0.0937264742823639
-0.0922853526176816
-0.058902912884972
-0.0516973201028924
-0.104848281750386
-0.130510346478688
-0.158280129500529
-0.171474868902531
-0.173012787760754
-0.111676235522337
-0.0669054559182083
-0.0750307711847318
-0.0700461464559455
-0.0560438333917166
-0.0703696057680284
-0.0788773349806971
-0.0710433507378839
-0.0566095020520287
-0.0265280477528351
0.0288216074585322
-0.00294822490972083
-0.0256884779201886
-0.0274223680414163
-0.032387161591197
-0.0535266707517655
-0.0518148890078828
-0.0358626580882983
-0.0377368305198891
-0.0403119124746443
-0.024414942501317
-0.0203570228480714
-0.0246806949648613
-0.0301557421676697
-0.0250056202619146
-0.0422323940762467
-0.0482138643002753
-0.0531489658798064
-0.038116125314581
-0.0201989028120986
-0.0119797745086587
-0.0245874991729365
-0.0397019715232435
-0.053039626118009
-0.0894296757563896
-0.119216206448142
-0.0872332736162688
-0.0994520062851426
-0.0719274159342986
-0.0718740167199417
-0.0594520456920614
-0.0797544481575387
-0.0951211881360324
-0.0951030504492981
-0.110458625111538
-0.128771673353639
-0.122423147618168
-0.102538715563904
-0.0944082899911806
-0.0821891112666033
-0.0544318631889385
-0.056613527343513
-0.0789626632387846
-0.0761227709377023
-0.0571455471360659
-0.0839611767230122
-0.0977074518993963
-0.0669866133850021
-0.0664919433277578
-0.0739267061509912
-0.0740350162708903
-0.0571604286084027
-0.0361760316798718
-0.0438096125808909
-0.0444976147323308
-0.0348523824601107
-0.0476459208605033
-0.064105301403569
-0.0551580686243972
-0.0449882696879768
-0.0560342421601691
-0.0432678932173938
-0.0262851770297765
-0.0225982232659358
-0.0335435619606072
-0.0290977953777472
-0.0496547959914367
-0.0648069983981713
-0.0625167743564371
-0.0738445551322064
-0.0884525952890374
-0.0951886498385307
-0.079788160702761
-0.120831827044927
-0.0959548899371272
-0.0656300131161935
-0.0627180009571973
-0.0647460924645031
-0.0268250784356316
-0.0318815798595191
-0.0714331757360896
-0.0572976184585315
-0.0472037679080274
-0.0718893608488645
-0.0755952339902391
-0.0477990923368423
-0.0509160522137217
-0.0787628653827944
-0.040208335944395
-0.0368319843756082
-0.0263759978478895
-0.0234121369592116
-0.0288058451224306
-0.0265194662908229
-0.0362658354830433
-0.0482794999926192
-0.045786353170336
-0.0368113293923391
-0.0361523546130721
0.0368347493597879
0.03832865336729
-0.0156267627452359
-0.0310069012489223
-0.0506297034760794
-0.065788238910946
-0.0517263802245734
-0.0664883654530854
-0.0765790055751497
-0.0672634475584977
-0.0706160814200664
-0.0709645469746913
-0.0554725761766688
-0.0499454124527089
-0.0659819409844789
-0.0476043278845973
-0.0534618212790012
-0.0211170000280518
-0.0156334421218992
-0.0142011566782816
-0.023399858736752
-0.0346537864824575
-0.0380864291546022
-0.0327007780054857
-0.016162789484478
-0.0142309492575024
-0.0122618461201012
-0.0226105019139112
-0.030944290814654
-0.0302709322913749
-0.0364572082319314
-0.0464151522405157
-0.0344734936985887
-0.0197731931443211
-0.025245105132551
-0.00565136226035407
-0.00667363883555707
-0.0107677823586888
-0.0110120508329773
-0.0126296347005517
-0.011250461946087
-0.00169200035018813
-0.00576891176917119
-0.0204382177844166
-0.011777377569526
0.00989774963597341
0.00909998976869619
0.0067299703713015
0.00796781005480329
0.00503760321173689
0.00434712405309272
-0.00217836116376628
-0.0122638341719965
-0.0184033215566608
-0.00836124653071265
0.000828571652424348
0.0010344496325555
0.00839108459241911
0.0190662705928072
0.0111547107822923
-0.00822457565732826
-0.0105651242880016
-0.00910863626311221
-0.0209318009261458
-0.013203561273822
0.00200887048845218
-0.00202257564249292
-0.00779714358654248
-0.00356103034206898
-0.0119556945283578
-0.013760035081214
0.0322970209123559
0.0120829737426221
0.000200907996798923
-0.0158443484004929
-0.0283019947402997
-0.045503740024022
-0.0390598614332449
-0.0134632751640587
-0.0346711595182393
-0.0247985279246822
-0.0147930523007244
-0.00862277384409589
-0.00489299923523076
0.00186886604600753
-0.00350633266774996
-0.0104220758413056
-0.0105501680270367
-0.0173146558650622
-0.0160030854997338
-0.0131063176173686
-0.00819219988423525
-0.000426825401800166
0.00305917813240501
-0.000287745054047041
-0.00116480080498112
-0.00656837151608934
-0.0176647984644374
-0.0159076102244125
-0.0276331395320863
-0.0239740407157004
-0.00438422000647172
-0.00120624704623031
-0.00200769739368726
-0.00713139993611254
-0.004180755577117
-0.00917090331048565
-0.0135364555869429
-0.004692347094275
0.00719579444495208
0.0103287438729484
0.0431696869273547
0.0292756209476769
0.00995923708639529
0.00232106672988756
-0.00202397558671841
-0.000247774658801335
0.00192160785185044
0.00567622026081561
0.0117729045502006
0.00994462425768121
0.0101732159175167
0.00331213563029942
0.00681155245452372
0.0059571132116719
0.00766846685346958
0.00878627164376477
0.0167291774459567
0.0145512257272657
0.0129696138560648
0.036683435574197
0.0194238646030273
-0.00619353285541872
0.0154128408626173
0.0146222990689854
-0.0185020222656592
-0.0111362895551344
-0.0264520396537942
-0.0196798216739191
-0.00854827183039899
0.0101669931199776
0.0225475851425082
0.0334115711219937
0.0307405785052168
0.0274455428559418
0.0351874072861328
0.0297255510859345
0.0187284723135278
-0.00397905437945333
-0.00110695240777543
0.00127785024997481
0.011576592589578
0.0237823222869366
0.0304892529037943
0.0275655674488458
0.0272733472231735
0.0402329429145801
0.0271927094867712
0.0195532019784005
-0.00493373464106848
-0.00840690657548547
-0.031409424798471
-0.0277399506878939
-0.0351794624982064
-0.0619549812222046
-0.0752707706657375
-0.0814616887494864
-0.0576296902496054
-0.0778756118231921
-0.0602922841028246
-0.0697479874639717
-0.0243393356282591
-0.0371669926040533
-0.0247192611089943
-0.0116399810205792
-0.00552032651768382
-0.00842290382952726
-0.0142365491443567
-0.0175942720738568
-0.0277967734956617
-0.0371283300495223
-0.0293244416558341
-0.0170224216135147
-0.014223625862763
-0.00735127310855285
-0.00281756886954729
0.00132710870140109
-0.033564030659167
-0.0241037681294017
-0.0303622147541585
-0.0303196828404298
-0.0170380976813923
-0.00183517638198484
0.00235918905374456
0.00965428235861894
0.0249543956062788
-0.00189379073570085
-0.012415038579736
-0.0442583252448325
-0.0184804992243192
-0.018443895684732
-0.0343664768411555
-0.0225463727935287
-0.0136603661946519
-0.0138837456345103
0.00627747916795467
-0.0145296759766933
-0.0224167208992633
-0.020199987856532
-0.0342345736027136
-0.059082236971226
-0.052351091993924
-0.0327135765478793
-0.0146676037882709
-0.0113834440585897
-0.0115324208540935
-0.0101073737533825
-0.0196053068826056
-0.0475864313639199
-0.0455174470187006
-0.0335983967658442
-0.0219860593754755
-0.0363817693346112
-0.020780297208104
-0.0119828594049831
-0.0155212950639159
-0.0265249924056538
-0.0351141601539759
-0.0371080581676033
-0.0421991942206933
-0.0567621764405216
-0.0527210875671807
-0.0359978244906773
-0.0183969506412706
-0.0024812467837766
0.0156566338158018
0.0125368176840786
-0.00629934151314982
-0.00904950914484621
-0.00975275957901884
-0.0104835854981271
-0.0117045206930492
-0.0102347752537322
-0.00316150118572303
-0.00183115614438589
-0.00682593601362414
0.00113789899218486
0.00286188511768091
-0.000548359375167011
0.00894366012297361
0.00828937031250095
0.00157441886335706
0.00285548858804957
-0.00696636724146372
-0.00703553753103298
-0.0107384133431547
-0.00471785257719066
-0.00263561484831716
-0.00240962103298212
0.00737872816324052
0.012229744826261
0.015586184676993
0.0205954815901681
0.0252904743551997
0.0261827031499127
0.0282949549710438
0.0196127228282279
0.014715368488835
0.0110056877968043
-9.01211009397035e-05
0.000835991872656392
-0.000769454272506253
-0.00182397890791887
-0.00167756530957435
0.00255609532517082
0.000412838102603731
0.000131632234298456
-0.00606660527978463
-0.00473587695821351
0.00214209485187482
-0.0068674133458823
0.000121506268081769
-0.00835953931251492
-0.0128184311904823
-0.0145293538840804
-0.0170009967619833
-0.0190114976520829
-0.0161798825699672
-0.0132833865278174
-0.0129962532505925
-0.010854784091554
-0.00950293790010804
-0.00723993785578503
-0.0108834614822203
-0.00611441555849762
-0.00466277147909682
-0.00621308619217433
-0.0109908553424264
-0.00533338945364199
-0.00556111355935951
-0.0101490839973432
-0.00406994413226549
0.00545020771507387
0.0066784065493039
0.00912313950337721
0.00586479682732191
0.0102612456957389
-0.00680330439251722
-0.00533152167601887
-0.00106346804307496
-0.00126735092609264
0.000736423970318778
0.00523022249379187
3.94305852205691e-05
1.26618933512525e-05
0.00138149537458551
-0.000956329264148643
-0.00709881030701211
-0.00585930863709472
-0.00376508109325083
-0.00534535188580497
-0.00784016061604609
-0.00907275892554975
-0.0114640563516811
-0.00335815570742936
0.000377913252787517
0.000537936626872494
-0.00376343220938317
-0.00221112424693863
-0.0020815976378079
-0.00288718816546052
-0.00855573539126282
-0.0215753893653653
-0.00145600578389108
-0.000885384033275088
-0.00295259086140447
-0.00120454225578438
-0.00210528412255072
-0.00036134874258029
-0.00187829340883884
-0.00279973170584029
-0.00119896645214497
-0.00162843773555973
-0.00293243531739669
0.00157244108424236
-0.000286045391362385
-0.00739533102130237
-0.0116237908087435
-0.0161607762369456
-0.018820548192911
-0.0142856289043801
0.00117520171420268
-0.000844629792455824
-0.00212678836523062
-0.012429853077365
-0.0143145164284952
-0.0146487488852913
-0.0189676976149702
-0.0188903473007129
-0.00854343890023372
-0.00538977324815998
-0.00504374653174944
-0.00138905290151839
-0.00788406726222187
-0.00893817844416645
-0.00924323735910081
-0.0161460420638752
-0.0188772258973425
-0.0104903409875645
-0.0125228473039292
-0.00769655228093279
-0.000142751147688589
-0.00300345239899682
0.00192038988134297
0.0141471542662295
0.0144110753961697
0.014480277763013
-0.0146537699435232
0.014029661602106
-0.000763603147815067
-0.00812173437647157
-0.0108100976547669
-0.00901990992118609
-0.0242127541945626
-0.034781990663372
-0.0313187012799599
-0.0352162964292119
-0.0352827655586361
-0.0283359613208385
-0.00676345835631783
0.00109877749865702
-0.00936015634014877
-0.012485116164316
-0.00588955153949196
-0.00175361786645839
0.000563565977861996
0.00192730319750115
0.00742838542575174
0.00123445629671702
0.00408093044884385
0.00225484920069073
-0.00813108540305702
0.00216276637303229
0.0150663422358864
0.0143234121432636
0.0026364707076982
-0.00240117019462417
0.000952303741396789
-0.00578813951278279
-0.0120553244728534
-0.00862106954687936
-0.00531415754961678
-0.00706013876170529
-0.0107058834786497
-0.0172933012224246
-0.016678973455782
0.00904500812174288
0.00510229304021195
-0.00492476072195025
-0.0011396386240107
0.00562009744309239
-0.00267518865817468
-0.0117173530657594
-0.00652325335216532
-0.0111645455500536
-0.0214576004740938
-0.0232268959155073
-0.0194535736695941
-0.0187216668056817
-0.0150969168774735
-0.00425671102647164
-0.00150190229514265
-0.00418715804259546
-0.00444289734740149
-0.00756496187999951
-0.0183859795608691
-0.0137165802562284
-0.0258901264989344
-0.0317558916516652
-0.0264144049929356
-0.0172854108908577
-0.0126252320800296
0.00606768565143615
0.00415648815790926
0.00289073656997874
0.00447626119077118
-0.00614451402696899
0.000871039962328839
-0.00311671892581309
-0.00309421956134469
-0.00536463646694333
-0.00946560676507581
0.00229710763758415
0.0234775748229295
0.0265899089985216
0.0268112658367147
0.0249930394462772
0.025339568069787
0.0194614368806353
0.00887181946514632
0.00949399688266746
-0.000949005266137431
-0.00641678786135494
-0.00399589906810512
0.000856240064409318
0.00240443981158421
0.00342400644000034
-0.000114161425864432
-0.00343536821224372
-0.00267296949685677
-0.00223985901507471
0.000655191191780211
0.00475310923782414
0.00664790353815112
0.00576687459006173
0.00691592927191284
0.00464860421531764
0.00116687797827119
0.000324403432327128
-0.00191939040376366
-0.00125825997804524
0.000218687249436311
-0.000154400882423209
-0.00827039983772325
-0.00706202012889352
-0.00294770982839484
-0.00119632681343127
-5.66814679695679e-05
0.000223906793222296
-0.0113911924891885
-0.00465544480540451
-2.68467250871163e-05
0.00176269099868211
-0.00165113100702177
-0.0040080510601338
-0.00167531956572429
-0.0012617089342607
-0.00165222010577663
0.000993933323456175
0.00361135297796648
0.00244267009723963
0.00149691016894878
0.00210500884120203
-0.000139786096997116
-0.00373601341646324
-0.00360800291596586
-0.00124356355913175
-0.00726938910333378
-0.00722327551907716
-0.00262900465920692
0.00177199387262277
-0.00313288161342306
-0.00237449054278795
-0.00560355623865617
-0.0171045992252186
-0.00446710137408887
-0.00579697366188977
-0.00457076613334151
0.000470312918368025
0.0010915263811078
-0.00727307604075949
-0.00640498202829477
-0.00685972771833405
-0.0111343903203648
-0.0163361612150601
-0.0108791308462727
-0.00782517875044305
-0.00436528554917171
0.00156041488603884
-0.00170652670142408
-0.00330895032511804
-0.00464678847010764
-0.00766067571847149
-0.0127701512496281
-0.0156390064797064
-0.014333891703883
-0.0103413152518681
-0.00596426007352357
-0.00148964219701882
0.00188459743665276
-0.0022186404659963
-0.00734097224358888
-0.0108753579688386
-0.011187785472413
-0.0130568673137528
-0.0262202784320822
-0.015913409379514
-0.0100659589799524
-0.0079507159815678
-0.00525701731568906
-0.00683319949750064
-0.00976143773015974
-0.011127355220026
-0.00785560404363891
-0.00566471170085478
-0.00505990181599957
-0.00130456167811947
-0.0010434859068353
-0.00181072615075214
-0.00657860674098665
-0.00796946712332006
-0.010966082473915
-0.00786029082628929
-0.00475109947388906
-0.00733251009535613
-0.00752583686516325
-0.00617325465525792
-0.00502164728216813
-0.00491725160501967
-0.00189152271289447
0.000569949488401119
0.00154328591223532
0.0026024333739169
0.0033045957848644
0.000387849043105452
-0.00122024758472665
-0.000330697481042537
-0.000152894503189884
-0.00147146343008167
8.65391584874288e-05
0.000149620599430913
-0.000861673536171271
-0.00352725246024839
-0.00450119328197765
-0.00504599997044666
-0.0058495699101931
-0.00564638353346643
-0.0075477955225432
-0.0102240584424766
-0.00673060944197933
-0.0103211274720285
-0.0143444624143091
-0.0141951392352006
-0.0117660620018298
-0.00476901032056517
0.00361169888590554
0.00463028248846235
0.00333634708675053
0.00505627570968646
-0.000222196229995855
-0.0100120450572804
-0.0116357974159515
-0.00965732805150938
-0.00935407695995567
-0.00713741361107483
0.000103583199842125
0.000331910815108894
0.000340772004083987
-0.000502795987583857
-0.000667268938822337
-0.00192487787251239
-0.0019371093473661
-0.00212935624714858
-0.00101039905260922
1.14768739566647e-05
0.00164214845823642
0.000433160378389091
0.000103042949916311
-8.10976934054817e-05
-0.000409407268384107
0.000184686252464768
0.000389571727173494
-0.000448750720441822
-0.0012856718863501
-0.00147287849765068
-0.00173251240853282
-0.000754080299971476
0.00144720533005118
0.00272806751217741
0.0047587250786001
0.00688860243962064
0.00658697346632323
0.00335119420853368
0.00315191250411825
0.00112135345177063
0.00217095333023048
0.000951313406072217
-0.00357855897081933
-0.00221146576496244
-0.00182051026295358
-0.000550749829464347
-1.09402275249399e-06
0.0012373387601326
0.000508721580119478
-0.000804302454765287
-0.00119282812608571
-0.00274569169970481
-0.000143102509398987
0.000977136598428166
0.00102728854899003
-0.000194554473022656
-0.000689630646040653
-0.00112332053693564
-0.00140738293788247
-0.00207215980037733
-0.0010926691935044
-0.000563167005844052
0.000172374458491605
5.02168337283417e-05
-0.00099842177626997
-0.00243467155999505
-0.00364745461281435
-0.0055745370670143
-0.00587113177057373
-0.00629806678129448
-0.00690052172449974
-0.00611475701698627
-0.00181255965373106
0.000121780480269802
0.000198629635249658
0.00115650095628458
0.000285170542166438
-0.00416393331062131
-0.00916711826853306
-0.0144587491948929
-0.0112356544936519
-0.0132389604085195
-0.00825326565019068
-0.00473530082892127
-0.00269667944234352
0.000115168732649243
0.000360736795294101
-0.00264186737381839
-0.00162274982373904
-0.00179995616728467
-0.00429263675359493
-0.00128217382118056
0.00384705044730608
0.00537033327833545
-0.000506256984809795
1.79790686703147e-05
-0.00235867723150908
-0.00626180478660508
-0.00560111232050321
-0.00137894448937088
-0.000724275464474194
-0.000649070462548585
0.00212758687204429
0.00357442141126401
0.00217535478999557
0.000438605258776153
-0.00181525675407061
-0.000277958087063816
-0.00256268073734194
-0.00258001758405794
-0.0017740543979188
-0.00261730833288611
-0.00367408388345803
-0.00400598540326723
-0.00385616929142774
-0.00190731402599743
-0.00104384602599445
-0.000237957865197749
0.000912727545311954
-0.000195476099024109
-0.00216279848767899
-0.00418764186181883
-0.00786261064893602
-0.0110570794935557
-0.0110472560162642
-0.00900759004956031
-0.00669497861593346
-0.00295712317944883
0.000162446661581985
2.06745720952502e-05
3.97536089440089e-05
-0.00345470470158415
-0.00678850438675137
-0.00999768097461428
-0.00878317673172076
-0.00706723273461922
-0.00521932581718026
-0.0023360437872489
-0.000238101915576733
-0.000198187563188347
-0.00079673001363607
-0.000741206737000198
-0.00227249649169618
-0.00276084774901448
-0.0029592109774632
-0.00330359093209122
-0.002715979511201
-0.00271781573737315
-0.00240660918342441
-0.00250370517113157
-0.00357950507967991
-0.00418699311050495
-0.00442540467444809
-0.00533807418635157
-0.00521350954203965
-0.00782234402350767
-0.00547041544571691
-0.00600899885020326
-0.00680634504097085
-0.00661424585033128
-0.00706614866474908
-0.00950158285443839
-0.0113413546181992
-0.0106550866559648
-0.00896043290106949
-0.00810520330229915
-0.00614150817935523
-0.0039245137919749
-0.00354922595736505
-0.00334922554789173
-0.00287909694420156
-0.00462352401913684
-0.00534932077481219
-0.00595900893453487
-0.00684087575941272
-0.00635746740111238
-0.00477434489409919
-0.00316146247809981
-0.00327809744560286
-0.00245888960278791
-0.00393203315072714
-0.00398283100307032
-0.00356659765966686
-0.00300940358171938
-0.00296351382089084
-0.00279082101761812
-0.00283664462707571
-0.00349648877391108
-0.00298323926749501
-0.00317960308761548
-0.00447066201207082
-0.00538917873556323
-0.00602265659274712
-0.00724281201676351
-0.00770324352996433
-0.00592439167130929
-0.00340731107794868
-0.00338232820990901
-0.00274565693322918
-0.00349308699109153
-0.00549277219209973
-0.00685554341324005
-0.00814604013245875
-0.0105690827374369
-0.0121481956418646
-0.0108805259990257
-0.00880315648578297
-0.00766869524094001
-0.00582067419827161
-0.00362070169461163
-0.00436008227662987
-0.00646998918797638
-0.00752713008856907
-0.00709886620155728
-0.00904167090501143
-0.00808942983925527
-0.00679445618550568
-0.00707946010203504
-0.00572293885697614
-0.00524542519891646
-0.0050554240001798
-0.00561870888385813
-0.00613400777039227
-0.00613400777039229
-0.00613400777039228
-0.00613400777039229
-0.0061340077703923
-0.00613400777039231
