-0.991533774464265
-0.988029238477697
-0.987226864124393
-0.986432924067693
-0.89872141529185
-0.804206137263201
-0.733840187369519
-0.620627027217008
-0.521932223963213
-0.552362587118001
-0.587046858878777
-0.568891143662732
-0.619955943461176
-0.71330284222825
-0.697582342852263
-0.636660243775503
-0.640046760930011
-0.605888896008341
-0.497161052983625
-0.465056627597415
-0.518100828363675
-0.527871057181049
-0.539251457501969
-0.63961188552557
-0.70449712895444
-0.658125145696925
-0.623258649162217
-0.626945755898493
-0.550763257689123
-0.482063456008231
-0.469577249585806
-0.428213079154861
-0.393964177770043
-0.475025756217553
-0.546024417584453
-0.498227936627868
-0.495231220237666
-0.500394172305036
-0.429828688985846
-0.416694928971456
-0.412959148711611
-0.28566766212826
-0.243696596691127
-0.2581984019823
-0.258663548148931
-0.259652675475118
-0.309413177227236
-0.350423322711496
-0.335046151198136
-0.310219382198814
-0.287542999842237
-0.252889963564811
-0.204671235786254
-0.145155965507831
-0.124728658987454
-0.111469597321506
-0.133493755834174
-0.180936212210642
-0.230640850741592
-0.243240564308591
-0.239464329619844
-0.218249036213302
-0.170123767907638
-0.190025938355168
-0.19567568604404
-0.132954859612835
-0.117927359929126
-0.146207395460646
-0.184586037435687
-0.204692781084138
-0.228023630755575
-0.273956527074337
-0.282212500944117
-0.265510148368293
-0.250604699934021
-0.205271595159432
-0.135287262964938
-0.0994858379047583
-0.108592650379859
-0.0940356971464472
-0.137867403289751
-0.207164507975591
-0.250352293341999
-0.212618185466007
-0.222617357391958
-0.264675871603313
-0.192338128141628
-0.0894230171501321
-0.067022027708434
-0.0762509996326296
-0.0344320231081428
-0.0584530971959018
-0.155054297723963
-0.168188912738648
-0.155817227572838
-0.241386289190952
-0.257303507976305
-0.190485688605794
-0.124804954120581
-0.117381916259277
-0.0787282098259799
-0.076732078495327
-0.068448627322368
-0.0932289580983048
-0.0840679684251844
-0.0372703248611062
-0.051320387297178
-0.0500942195038332
-0.0336666501603573
-0.0401274837033886
-0.043140513672931
-0.0172326418516129
-0.0217995213157979
-0.0533784484603835
-0.0701938614724328
-0.0743440936623662
-0.0830821363031862
-0.0514501991765173
-0.0382507669329223
-0.0471705500997178
-0.0609853081254827
-0.0735984532807921
-0.0920142581473536
-0.0908173230657527
-0.115240752561759
-0.109629725187435
-0.0705062647470199
-0.012343521754925
-0.00518475549475521
-0.0065317356771071
0.00774750551020414
-0.0149010662274212
-0.0362120801206119
-0.0381789069972453
-0.0433942515260659
-0.0626293705085603
-0.0829518357809725
-0.0748867899020967
-0.0614675457560748
-0.046732226392278
-0.0231787484278561
0.00174555473558894
-0.00216692009759669
-0.00608395331486816
-0.0107829398218114
-0.0220764851472518
-0.0396329443273379
-0.0529987513385684
-0.0552696103074398
-0.0500410616898987
-0.0385051573611379
-0.0189258717970854
-0.0147822045998853
-0.0111970119175657
-0.0119800609453848
-0.0175129068466401
-0.0329317114600951
-0.0561393210419002
-0.0648239397285006
-0.0660539482855435
-0.0599575258047318
-0.0304998024210399
-0.0311355023916172
-0.010637453463616
0.00198838265331444
-0.0244888017006806
-0.025328432032079
-0.0238505833404003
-0.0132503776028884
-0.0299864829675702
-0.0261011604981848
-0.0156465297031885
-0.0136409967912997
-0.000158723480472755
0.0193030132350732
0.0170825957304057
0.00524501649855023
0.00324769300143407
-0.00198426223213582
-0.0170657975557118
-0.0217063406497596
-0.0100208114311213
-0.00619039972036461
0.00883313866182895
0.0163481443316092
0.00192109659867139
-0.0112342255605144
-0.00862781456817741
-0.0070906448834404
-0.0132573769416124
-0.00216714586218261
0.00308261230560727
-0.00434877607928694
0.00468790517361545
-0.0134916059470158
-0.0176710035108238
-0.0248891952197882
-0.0244399107550882
-0.0231205492800953
-0.0302699239411922
-0.0301379486223003
-0.00656063317803553
0.0201604640648963
0.03373199683163
0.0136748987664535
0.028346802243272
0.0256822296604076
0.012057258221036
0.0111774669912089
-0.00245370720127647
-0.0294006328210781
-0.0285264608458382
-0.0323897440807747
-0.0589425622677128
-0.0265105387959038
-0.0376710753331763
-0.020599167021927
-0.0232381218858847
-0.0153563115855421
-0.0301820809801647
-0.0335306185645391
-0.0167090133708743
0.00172917482835095
0.0062852739797458
0.00643644222661812
0.0149802786188986
0.0196723525422351
0.00154891613863756
-0.00152565903219779
-0.00596869339725763
-0.00895335258032624
-0.0170890011932391
0.00445743981654976
0.00676291764015986
0.00384293925950098
-0.00253684081476949
0.000232698942172333
-0.00638797022136504
-0.0129038223285534
-0.0112847584618766
-0.00986191302810061
-0.0120183133484857
-0.00551959393582073
5.50783766590443e-05
0.00236000619554278
-0.00500571022364221
-0.000285044576601934
-0.00648983487721477
-0.00863973930042697
-0.00626430325322503
-0.0038761564760187
-0.0110051327775689
-0.026888754369141
-0.0322224205075885
-0.0270234846701959
-0.0234176607436822
-0.0257143098441409
-0.0196219031369556
-0.0121569496929691
-0.023259156307392
-0.0332860718076493
-0.0256213052891603
-0.0176298938590268
-0.013838586441947
-0.0140205506010397
-0.00991272691574198
0.00327960266487748
-0.000429820181371191
0.00186870326880018
0.00179815376360029
-0.00507836811397588
-0.0131589756568685
-0.0104080492197371
-0.0089097801370463
-0.0257610590109047
-0.0223059387191972
-0.0111523918152472
-0.0176037752630811
-0.00732351706921602
-0.000930218938478654
-0.00604049035808462
-0.0149419943379309
-0.0143732674536362
-0.0103780421567407
-0.00875179507470927
-0.00587239039134705
-0.0026255158028196
-0.00234056555758174
-0.00576870270436383
-0.0241406353059943
-0.0218046350774248
0.0106557517489782
0.0223312347982818
0.024191367615589
0.0171714557815343
-0.00608753390307671
-0.0190011549616495
-0.013373964948166
-0.0213721030275775
-0.0063958911245267
-0.00290812648744095
0.00421188585805741
0.0126385110687322
0.00193211657973582
0.00487046877735215
-0.00154641036307992
-0.0125591271303106
-0.00759621615040819
0.00494100478329134
0.00418098216100181
-0.00250435076953174
-0.00378042079022779
-0.0055584985819959
-0.0127513955021441
-0.00854272763679233
-0.00352576360328353
-0.00619047699352811
-0.00555225323060738
-0.00253418933525443
-0.00342526556173469
-0.00915643101277172
-0.0192527022646951
-0.0465956724190621
-0.0381254846566453
-0.0133923110434976
-0.00424185105886381
0.00144324123549607
0.0121184190323699
0.0011941206729643
-0.0248645590147656
-0.0348447995777213
-0.0306447507150754
-0.0285907108411834
-0.0311996439070329
-0.0140562330082554
0.00562342554857443
0.00590025942551177
0.00961131266863889
0.00896257155274242
-0.00196566999028735
-0.000888971178627414
-0.000979671452638661
-0.00517720099253782
-0.0001251026367634
0.00248296900178068
0.00279728803612824
0.0141784758079312
0.0178319208331658
0.0172510216891946
0.0250980569421859
0.0202733749583778
0.0115034381505722
0.00768866060757015
-0.00584662221888431
-0.0115517595097415
-0.017016179261054
-0.0124435935100292
-0.00799831127870418
-0.00725223505360804
-0.00556477481984478
-0.0203341792128281
-0.0311475474790049
-0.0312974424650021
-0.023999676232873
-0.0190981875265512
-0.0220960171254255
-0.0155564222675127
0.0130140270944286
0.00260909231918027
0.00311931511782324
0.00751187598488849
0.0027081820393019
0.00273793588560657
-0.0133298453033636
-0.00639435834107044
-0.00300499602578348
-0.00309364533986518
0.00528309406774495
0.00567566187587337
0.00459327839939551
0.00642847639542341
0.0135664306892742
-0.000237348571464358
0.00182505378632397
0.00306515183348982
-0.00789528474024804
-0.0109936019250121
-0.00983136266018536
-0.00327836669619003
-0.00843578259706869
-0.00654237448986922
-0.000649515811822725
-0.0010603659754799
-0.000833040986161689
0.00659665289705605
0.0215517293941269
0.0350358132001995
0.0236901310773381
0.0183673501015895
0.0181128740694287
0.0120868244717615
0.00857924584381384
0.0189552967139346
0.0160254309562541
0.00342216454276775
-0.0028050021944259
-0.00307221708528454
-0.00848230813869011
-0.0054798980738572
-0.00520388269604392
0.000377506052734743
0.0057280901807033
0.00490397152424536
-0.00214832907246878
0.00263119438132807
0.0112946368890711
0.00304188416759863
-0.00588091144627288
-0.000439277154982408
-0.00521500370159327
-0.00970829809797326
-0.0114933394169543
-0.00577717069523625
-0.00389352689217703
-0.00205902759120122
0.00474172458633397
0.00599285858268324
-0.00146367462115429
-0.00585089582604462
-0.00393524788647243
-0.0056193788355616
0.00631304046766922
0.00498492412244947
0.0128194919337254
0.00478057370113406
0.00710150267171295
-0.00961258274823031
-0.0267085601402591
-0.0131460889118833
-0.00168577764140224
0.00310967992430555
0.0107641605686038
0.022055205441599
0.000577291083822559
-0.029808115618745
-0.0230729282216269
-0.00233633591954227
-0.0076136485400857
0.00597625174983758
0.0127284966087173
0.00343690544371319
0.00634999960845781
0.0059248198784914
-0.00180541579663497
-0.00357748228955574
-0.000476998823230332
0.000117223545149971
-0.00183209610026386
0.00619655501727539
-0.00558014555512893
-0.0072136111639732
-0.00772325322129627
-0.00952852749894936
-0.0171818849160698
-0.0305154811424103
-0.00942401668242652
-0.000806717911320654
0.00139597181727683
0.000725177813364355
-0.00311933460227029
-0.0177318847383133
-0.0119257055164541
-0.0126400431950948
-0.0133107805718069
-0.0163360347918074
-0.00674661025733873
0.00245669324941297
0.00342814381536196
0.000268617993945246
0.0013710535261432
-0.000464363099615566
-0.00253651623064658
-0.00408930828445047
-0.00179059530872903
-0.00199962029079884
-0.00444410570420492
-0.00430886046726867
-0.00902778610826055
-0.00915669543045073
-0.00348185181957531
0.00298768520805443
0.00259230773558048
0.00270368845928838
0.00662982620365802
0.0098345168629589
-0.000898971556526061
0.00400690889887692
0.00219449238570545
0.0089235216846861
0.0231548833506458
0.0221729952015721
0.0110645530027324
0.00284595786399681
0.00173921471491453
-0.000616681672037463
-0.0030091832978928
0.000359095218290724
0.00565783011478283
0.00140587189570203
-0.00391105532210634
-0.00295742352838662
-0.00111463313113146
-0.0105672724810377
-0.00971225430434471
-0.0088114456123686
-0.00623420980998131
-0.00171310465023279
-0.000915241239635202
-0.00282184721250181
-0.000279010553125647
-0.000723145820817452
0.0108648685437991
0.0121729711392259
0.00971345929992156
0.00384502524160221
0.000705906553526439
0.00122939344764794
0.00421038078973453
0.0109968738683277
0.00928729206921126
0.00615832461127958
-0.000201070718593648
-0.00456010719595944
-0.0100684432988624
0.000406098838134573
-0.000180638758815715
-0.0021128350251576
0.00236557522176888
0.004400389779067
0.00403199675742561
-0.00269316313522223
-0.00256114850940345
-0.00375167790957591
0.000145646364226151
0.0125085537068208
0.00755532966777819
0.00345071158027243
-0.00732148331229429
-0.00801566194443535
-0.00387605594225649
0.000182646861243635
0.00206641669267272
0.00149049236623422
0.00360802176730901
-0.00324367675254181
-0.00136307406307135
0.000142844940949307
0.000858955133039953
-0.00059525423764604
0.00128884491580293
-0.00486867722338012
-0.00816752955071467
-0.0122880011703886
0.000257336149413232
0.0114803915775082
0.0148259024332543
0.0138515072454957
0.00882709873859975
0.00363302693488714
8.36660685184839e-05
0.00117749181094491
-0.0006106330590027
-0.00204351736113119
-0.00392190027784349
-0.00938384753159899
-0.0126571104054967
-0.0124101187336251
-0.00881668680071039
-0.00395168103485906
0.0029333799517685
0.00574689063011084
0.00701652357255065
0.00419613718592145
0.00135247398616756
-0.00468601133931637
-0.0101872470352265
-0.00649269353566577
0.000809633058417029
-0.000682857864730243
0.00239146916367161
0.00947865768641878
0.0105802950628197
-0.00783498405768404
-0.010525160627697
-0.0128532620647751
-0.0151580917700216
-0.0164176057625807
-0.00376218357426019
0.0116189786711301
0.0147792829744197
0.0134076453959088
0.0150858109310984
0.0049303184877746
-0.00855479197322218
-0.0152292935102029
-0.0161513820447727
-0.00180903452563015
-0.0180389104799024
-0.0169713525156445
-0.0076659735580696
-0.0107212501976079
-0.00649557756146457
0.00222977259820742
0.00314730999678413
-0.000394929155326285
-0.00141017149499131
-0.000305696342160094
-0.000666862490461043
-0.00318626382258477
-0.000165220871784083
0.00161619907273029
-0.000327967193798048
-0.00254859992215107
-0.000481856326575942
0.00180811140960333
-0.000771747579145761
0.000293559247481233
0.00283770708672465
0.00264176705229151
0.00128280942705911
0.00468771700729842
0.0037285759597642
-8.72319948720117e-05
-0.000321857620830725
-8.19115531765888e-05
-0.00322291756212902
-0.00397429633363528
-0.00710290356453529
-0.020318278274295
-0.00496659426236164
0.00102978654255514
-7.67392336456776e-05
0.00201433711946102
0.00377932140425678
0.000906279553734572
-0.000472324704470461
-0.00159063626070301
0.00047442730621341
0.00256712353564449
0.00105084208159039
-0.00185912468051718
-0.000355459525192099
-0.0013189451639175
-0.00326837847875189
-0.00391593320033125
-0.00403050539920288
-0.00195823928210846
0.000950610497118324
0.00298668008587491
0.0128823778523244
-0.00146593909823388
-0.00327794019997095
-0.00987361809915224
-0.0115694249320451
-0.00983826572610377
-0.0124106428630872
-0.00885433750712905
-0.0090397844125047
-0.0161058087443966
-0.0108458796622246
0.00311267911906138
0.00610090366627876
0.00463720956225956
0.00787041587573625
0.00602434056850766
-0.00267437425096362
-0.00693762550047877
-0.00483970543684289
-0.00864597957553794
-0.0107040961277456
-0.00898052052180389
-0.00621296258128507
-0.00269678744180657
-0.000716337396619726
0.000842237628771769
0.00053936275151846
-0.00110380206741564
-0.00398820803168978
-0.00431475490698358
0.000770209313884422
0.00121582967613977
-0.000168301867281687
-0.000811555005453379
-5.59748003224256e-05
-0.00309867275748924
-0.00551184399450528
-0.00512868313243829
-0.00558465374765892
-0.00277822294934537
0.000593991410051141
-0.00044914533521404
-0.00272105093787686
0.000240131842319681
0.000621491764605321
-0.00197855127816807
-0.000324810628307332
0.000607305628648456
-0.00110126802458794
-0.000904479322100417
0.00138542383200182
0.00563239602677185
0.00433554999598696
0.00358828406922692
0.00772119298585421
0.00620215538184818
-0.000341678846812124
-0.00900153788369328
-0.00646212195779768
-0.00810624070268777
-0.0139533119025379
0.000904776886009041
0.000531823541725797
-0.000555138424350599
-0.000967265640761983
0.00619576421305548
0.0113047664436305
0.0086517902179168
0.00930549953687803
0.0125875186669939
0.00548866712840766
0.000824209061750677
0.00186153532582328
0.00789884820930462
0.00188113780083097
0.000644740844841765
0.00529401606520421
0.00629200307594423
0.00243720122223193
0.00320805390640937
0.00383470861756523
0.0017106749973423
0.00170340497466839
0.00416444356611665
0.00503173483019979
0.00263601639021446
-0.000976029478617817
0.00278972734469867
9.7548548796512e-05
-0.00501670408499281
-0.00304849047921426
-0.000127072868570893
-0.00524382625252491
-0.00316903340685192
-0.00647000909272527
-0.00138464751506863
0.00085164992037625
0.00316340577158789
0.00328467238122518
0.000795713822687336
7.30831680786884e-05
-0.000408197088099208
-0.00337425430419352
-0.00529192891493926
-0.00345282825200835
-0.00406611955910778
-0.00289749563309267
-0.00023387484230299
0.00223539710498319
0.000351852203938314
-0.00107399315523022
-0.00430160821356768
-0.00761122340488776
-0.00927994732297753
-0.00633710051540894
0.000253027694116048
0.00242193488001185
0.00452539713537087
0.00736030661324239
0.00784238890729759
0.0042017958888386
-0.00172428717116909
-0.00132233771031935
-0.00161811564959599
-0.00290417592357045
-0.00119815708841936
0.00214959599522684
0.00320921987009818
0.00413036374100307
0.00705463538022398
0.00738948299782244
0.00336504333712604
0.000835256332856789
0.00225581072298623
-0.00534390555139821
-0.00409172760995742
-0.00345783814332868
-0.00355187610175206
-0.00212164480889796
-0.00413053297533061
-0.00341250972066785
-0.00231069872354246
-0.000300344189673906
-0.00626716517346901
-0.00615272499425798
-0.00402165356559629
-0.00704713368683089
-0.0134559878878099
-0.0149197481142383
-0.0134057040185135
-0.014123364327767
-0.0121671930200291
-0.00864646244301087
-0.00784191013717554
-0.00727981424331668
-0.00553198460785853
-0.00603374656939934
-0.00913785149585963
-0.0103426734955879
-0.0101924359980763
-0.00620640477053744
-0.00616176784413063
-0.00565863173463142
-0.00273546103354399
-0.00336762501660967
-0.00109549135455538
-0.000801229842985866
0.00377160036382551
0.00471702266509403
0.009096010140707
0.00282979090162996
-0.00587051942340912
-0.00113607019011882
-0.00212623121403888
0.00104856566444997
-0.000921257143142332
-0.00428667174111871
-0.00397278026213674
-0.00393370789692923
-0.00580826756592172
-0.0047342646255119
-7.59018195448241e-05
0.000359372751667096
-3.64616104734494e-05
0.00165227165031852
0.000245389196786147
-0.00482918502463388
-0.00728426814582867
-0.00358075567424788
-0.005601961374447
-0.00620563338015288
-0.00106449364113016
-0.000830704517553993
-0.00193300875942312
-0.000210773883019499
-0.00273401388210052
-0.00233003293638613
-0.00115443990622408
-0.00480607430957401
-0.00262252273117869
-0.00312272353772422
-0.0021449161566591
-0.000703895659901997
-0.00085809751513785
-7.57020814451106e-05
0.000289193146746513
-0.000404436190070148
-0.000685354056667832
-0.000436224606741675
-0.000903290016940761
-0.00295271706741397
-0.00026886733952589
0.001448281280422
0.000241288943049354
-0.00339639291817886
-0.0055487087151336
-0.00506809252608903
-0.00498680494086794
-0.00352249499865076
0.00137112576559773
0.00333207309007304
0.00340898655076099
0.00114058341867341
-0.000254261354403152
-0.00187782761688291
0.00163668481003043
0.000668824552073387
-0.00158200613530013
-0.00190295318602415
-0.00163715301737602
-0.00271075349509576
-0.00152524902830749
0.000171568871796186
0.000154768585750771
-0.000290539670097798
0.00120469682549387
0.00350497604922819
0.00694106859570071
0.0074667343151242
0.00762273573167375
0.00526160742880244
0.00328860035255348
0.00203297402635155
-0.000111530243919255
-0.00111665753388301
0.000786384659677157
0.00356757255542689
0.00539354368839266
0.00708530301745703
0.00841994923533404
0.00804507721412129
0.00443260421638337
0.00299860962710226
0.000883382832791624
0.00344667219860763
0.00237064242777184
0.00284131901338087
0.00203818725241909
0.00332288821198625
0.000871895964083966
0.001410957866015
-0.00199039560286223
-0.00630422285296227
-0.00668961416629641
-0.00502710719015597
-0.00279486953736444
-0.000329690597304666
-0.000225265094848102
-0.000421093519618761
-0.000928594822611726
-7.67166281289102e-05
9.11506786135547e-06
-3.26315615192404e-05
-4.37767151796652e-05
0.000898951231576941
0.00143227597816046
0.00183953420178517
0.00186880129509738
0.00215511955549783
0.00081978191119218
0.000240785327967281
-0.000146587084740076
-0.000237475072967681
-0.000986404698148463
-0.000194547414847636
0.000585968557521787
7.40759663279215e-05
-0.000663155530911309
-0.000716772183675653
-0.00089827194224798
-0.00154070284186138
-0.00155813401091275
-0.00100582007068182
-0.000744496974377986
-0.0021141323467221
-0.00129838137639972
-0.00201292621476297
-0.00284168124661085
-0.00249484187402895
-0.00240207416698416
-0.000993420692966565
4.66925064122226e-05
0.000721580034660167
-0.000641738326020056
-0.00100407434720811
-0.00279722258858165
-0.00447913883656096
-0.00350970346347758
-0.00463567106364352
-0.00563746188601209
-0.00434637025017657
-0.00297722023549845
-0.0023868642026995
-0.001871693762707
-0.000655271136583631
0.000175587951190884
-0.00145461711783856
-0.00179907474546537
-0.0014667226194845
-0.00399368895034773
-0.00194752996755174
-0.000321637199626922
-0.000191278780870035
-0.000432648562247916
-0.00016544081819417
0.000158786896606376
-0.000230478738380336
-8.46048958519503e-05
0.000261169710747999
-0.00017803184057758
-0.000950183617703653
-0.00111773380152733
-0.000802620882988049
-0.001062573055755
-0.000818380699658103
-0.000666419386928173
-0.000657655624930217
-0.000432313628234713
-0.000196711051312885
-0.000131482816267368
-7.51947055255214e-05
2.41001120985817e-06
-0.000113849646573556
-0.000690710633492288
-0.000888878618657624
-0.00106656058045779
-0.00212611141487294
-0.00126835517722703
-0.000707810258241885
-0.00107400271735531
-0.00118943839701389
-0.000443538844618962
-0.00172236408586021
-0.000332742029826317
-0.000228229124098834
1.06026135305007e-05
2.28076188812321e-05
-0.000125801680857073
-0.000279747898938238
-0.000377975744403848
-0.0004402779981635
-0.000571685203576786
-0.000551381439404855
-0.000408978700532936
-0.000299130858582668
-0.00015072597580927
3.31032250071129e-05
4.76843421027572e-05
-8.446539551203e-05
-0.000132170006877847
-0.000268411896661858
-0.000622462754053647
-0.000771486644359111
-0.000645112032888564
-0.000396048511333046
-0.000208782686446583
-0.000182013271396159
-0.000151034497947599
-0.000139008346651866
-0.000117171446119581
-9.72320211568279e-05
-9.7232021156828e-05
-9.7232021156828e-05
-9.7232021156828e-05
-9.72320211568278e-05
-9.72320211568278e-05
-9.72320211568276e-05
-9.72320211568276e-05
-9.72320211568274e-05
-9.72320211568272e-05
-9.72320211568273e-05
