-0.840889656245442
-0.884141650031846
-0.943389538543322
-0.900379210291922
-0.745917468771406
-0.693873930287317
-0.66090943290964
-0.592866634506065
-0.580359101816769
-0.678730052191865
-0.746681315914034
-0.747533412324886
-0.780455197909271
-0.81862015723767
-0.699519288663651
-0.579654548862528
-0.553300065423734
-0.44256582840948
-0.353075508534284
-0.387144006827236
-0.494883716667699
-0.527463839098786
-0.580043169103438
-0.685522003553908
-0.696331385613021
-0.573965015472234
-0.457242605844382
-0.384220967684495
-0.223018481286492
-0.0837589946110702
-0.10356302774754
-0.210147761165892
-0.262970456173686
-0.281468917835773
-0.337463904687155
-0.405863231979942
-0.380226228446706
-0.306420516543501
-0.283636124803222
-0.182034549776313
-0.031880344186481
-0.0200470570415424
-0.103429566694225
-0.126786186950385
-0.159494399249301
-0.241011479491842
-0.265714179463232
-0.226124224755933
-0.203036709210511
-0.210470118586168
-0.138941703475315
-0.0464101863141732
-0.0209265615219595
-0.0384420008143063
-0.0175515784943004
-0.0153501101110658
-0.0761963957629834
-0.127647977474186
-0.123436348817798
-0.144013759061964
-0.147232753927059
-0.0861321093044763
-0.0325238696788165
-0.0289553247644637
-0.0232306805556638
-0.00331302643827182
-0.0335642706445287
-0.0586260785406249
-0.106101123416686
-0.146704866031417
-0.149121609155411
-0.0895772234451869
-0.0514732557248158
-0.0494367313196818
-0.0537209909560828
-0.0568941961812864
-0.0877439262733064
-0.138604539955803
-0.136931654238215
-0.116852861840361
-0.0827807459163539
-0.0594066876906525
-0.0340328316081766
-0.0268968173830615
-0.0486365883799762
-0.0569173362342593
-0.0615293146855978
-0.0823825831614825
-0.0452693970514149
-0.0374677034999385
-0.0121826907812498
0.00629674060118398
-0.00906440247120221
-0.0331231644171256
-0.0464067301832261
-0.0605592197541182
-0.0606094867241926
-0.0557945627808133
-0.0412129172553727
-0.0329674695824929
-0.0298548892091143
-0.0248093587863042
-0.0276420367284358
-0.0342175450047743
-0.0453371198653362
-0.0599971161849184
-0.0511571061958331
-0.0273159921982578
-0.0127119680123796
-0.0023244961779831
-0.000226264166930758
0.0295344020313746
0.013057015507933
0.0096230193872175
-0.000141550232356735
-0.0196813039422289
-0.016457152237391
-0.0155236324831231
-0.018983271420484
-0.0181988095771079
-0.00769984424292645
0.000808517879114089
0.0031375289461522
0.00344146619202412
0.00125309250071858
0.00184221241599214
0.00494264061790669
0.00411098040230429
-0.000324314772478449
-7.11286248213979e-05
1.5011986891144e-05
0.00659912304596563
-0.00197894049836884
-0.00662541200542355
-0.00991454566085465
-0.00238334479626466
0.00205823112580864
0.0240426244553604
0.0553803675274173
0.0470614942196437
0.0465269800279648
0.0462825501776074
0.023492316718378
0.00631423142181556
0.00483413632426795
0.00556464332150926
-0.00382530776521961
-0.0105936927372765
0.00228301441331777
0.0018964996067562
-0.0163509460397055
0.0100249187457744
0.00358654087508271
0.000554702954273192
-0.00270649578311047
-0.00358458536178965
-0.012222499538365
-0.00841525329151171
-0.00975918365542765
-0.0147449065149006
-0.00734470158774245
-0.00114406129381573
0.0210115597133646
-0.000858108311406815
0.0213225481164919
0.0257451908956361
0.0105559125533894
0.00232780952919006
-0.00971151841852323
-0.0302936373994206
-0.0309392111446813
-0.0101944510057928
-0.00883092243370049
-0.00684972073724474
-0.00784822458502972
-0.0102609867668463
-0.00424381190625276
-0.00106675489609639
-0.00336697543365617
-0.0195435959323298
-0.0276090343646463
-0.0348417574143165
-0.0477346706275023
-0.0440489745824372
-0.0313201858391522
-0.00468062165532617
-0.00464814312819131
-0.00513507587351447
0.00103127434488362
-0.0147112370948769
-0.00573112209823073
-0.0234430424535685
-0.0290619075610762
-0.017771068633838
-0.0201531198142982
-0.0210611053808784
-0.0285488672436516
-0.0365437477319536
-0.0347990515442056
-0.0349411878644685
-0.040105635911927
-0.0385122903661533
-0.0335133317781715
-0.0367426767313231
-0.0428247302153829
-0.0413839987931974
-0.0395871249033338
-0.044371454041472
-0.0446467168504475
-0.0384486416527188
-0.0368035092714061
-0.0366423180262784
-0.0345430525724248
-0.0395905466895752
-0.0426397804253635
-0.047761855052238
-0.0258426272335603
-0.0239680009900893
-0.0275644188807946
-0.0224329688097192
-0.0212680151801172
-0.0246195725379912
-0.0357251084538912
-0.0350806809552173
-0.0340817880670094
-0.0472016204567436
-0.0524210963621949
-0.0460626940028763
-0.0496203637096169
-0.0592954160300108
-0.0555510410223933
-0.0348137853194568
-0.0295190532319033
-0.019844454876746
0.0204323391711028
0.0123814405038929
-0.0228912679948981
-0.0138799633544133
-0.0219980429858653
-0.0507990022670184
-0.048701032310341
-0.0257506376422346
-0.0299707663033029
-0.0295742559648624
0.00453344284552265
0.0206962272499203
-0.00683347614800604
-0.019147995369058
-0.023374242063245
-0.0409844199703167
-0.0652073334997919
-0.0712985526276037
-0.0650022456292796
-0.0615819345356603
-0.0469744511071677
-0.0373210595739895
-0.0414436533472145
-0.0270910737955596
-0.0104308390918437
-0.0142573532382951
-0.014713331173399
0.00627317743244284
-0.00105515509597993
-0.0039927497609323
0.00184272360497908
-0.00924441981740472
-0.0240802272622401
-0.0225763265149182
-0.0244272850309298
-0.0265013358030626
-0.0168301295499101
-0.00926204020652774
-0.00613094391772687
0.00138278772136674
0.0065209678816719
0.000243279204691612
-0.00726155296036762
-0.00694364562269129
-0.0058904978448096
-0.0157727983560119
-0.014915858796673
-0.00936303375862839
0.00397278029397284
-0.00367216496146983
0.00220531353464502
-0.0120493454758156
-0.0239106022449012
-0.0138036512049099
-0.01076755717692
-0.0133153837740652
-0.0155690132984291
0.00229321201259328
0.00444043898221093
0.00247675366172933
0.000399720380392568
-0.00180568573974622
-0.00879216715375087
-0.0297642205000978
-0.057782476551403
-0.0234015780525967
-0.0162297249773367
0.00948555991208103
0.00751578192429106
-0.000363100004003672
-0.00255118822370597
-0.00344883609878016
-0.00218377628742369
0.00401083474477171
0.00473508409956236
0.00414027499652929
0.00194243043030902
0.00351233077906944
0.00323785237514378
0.00166528869520814
0.00108464265733646
0.00245964297652305
0.00169830924746067
-0.00031454746270576
0.000188856912359183
0.00143144442222
0.0013447987169634
0.00286129405856846
-0.00480600365073859
-0.0198267278590413
-0.0131720461890947
-0.00108620637433234
-0.00527621182596853
0.0117198647182378
0.0195224261134038
0.0215583893427041
-0.00846268075961676
-0.0132002824108195
-0.00671978073104774
0.0027298087632416
-0.006513667231306
-0.0124210386581096
-0.0035244106676574
-0.00568796722865807
0.00692477432135546
0.00348997396316201
-0.00135856799055267
-0.00927653628521923
-0.00416014509656759
-0.00798162837180741
-0.0183876709507367
-0.0191127264954323
-0.0101696852263571
-0.0117616361538038
-0.0126612525636401
-0.00662073785696006
-0.00910012139275158
-0.0171379956491408
-0.0183756862080825
-0.0135289696079927
-0.011367263006668
-0.012188739931632
-0.00452934718692892
0.0107724784774669
0.011572152075666
0.00483316450231565
0.00644028292543754
0.00831497928608137
-0.00786096687839633
0.00488947914994858
-0.00515633432946587
0.0197861110339455
0.0165993765526776
0.00343898640200812
0.00289186150039686
-0.00306734711784444
-0.0014535292773051
0.00549400583010531
-0.00136388180448532
0.00061631591783496
0.00288405331890454
0.00397489803659057
-0.00388363408905665
-0.00518447678677863
0.000189047005513769
-0.0025336414513154
-0.000701394008773634
0.0115073890151677
0.0184054674270227
0.0193771254061798
0.026500157204208
0.0292156037486559
0.0183261180783242
0.00838704713833564
0.00637660200208679
-3.77453639013696e-06
-0.00336167026334526
0.00750119421536506
0.0206928124986846
0.0159075016007737
0.0303061119624704
0.00851428027570933
-0.0092789020431587
-0.0192661561700755
-0.0153215851134475
-0.00875728307835221
-0.00997310276625156
-0.00480935800731351
0.0120614117969796
0.00302908205099736
-0.0135624508625438
-0.0180271519862354
-0.0178404126175436
-0.0147356189555279
0.00458385950610243
0.0122804130557469
0.00301141836908887
-0.000400908131934696
-0.00419860472590222
-0.00813431719274321
-0.0163148470603014
-0.0166992687421036
-0.0163783789242642
-0.0173014124626665
-0.0130447891313026
-0.00565986958361161
-0.00240547495049028
0.00177159532029168
0.00474679810249953
0.000253707856923527
-0.00571545975547
-0.00523752801372713
-0.00570947962891765
-0.00593229529483174
0.0106549734988799
0.00627826296947024
0.00773462461212287
0.0154161708196545
0.013182697996107
0.00547055664016703
0.0133207183512318
-0.00564114970378034
0.0114305020303768
0.00848138855614702
0.0108501970693044
0.00164669137229815
0.00287707062671571
0.00558288054563923
0.00207693700646808
-0.00345488007442603
-0.00411678868203806
-0.00116386095501251
0.00142342614479364
-0.00608653801830331
-0.0120922568407614
-0.0172067189774389
-0.0159155004299603
-0.019792002800444
-0.0193173129361394
-0.0115941374222077
-0.0185709501955164
-0.00534966757937013
-0.00456608255369567
-0.0079879707631841
-0.011937548265066
-0.0144248112385537
-0.000777977823976476
-0.0143241584612788
-0.0207798673978684
-0.027029345527971
-0.0208704607440351
-0.016298938308489
-0.0118976697765388
-0.0212809794311548
-0.0201292135369975
-0.00888869046553981
-0.0107303988449113
0.0199421876553984
0.0295496986753523
0.0240876436176511
0.008637946594427
0.00293457694257833
-0.00198104233783104
-0.0180532784396938
-0.0165952582794056
-0.0026979544017651
-0.000193830391020867
0.00388263139717771
0.0157678186986845
0.0210343465619702
0.0112592733879348
-0.00300999004115384
0.00414448385374276
0.00456963931633454
0.00778799152742691
0.00763857716260592
0.00473935643614865
0.0088796206718816
0.0022495857357869
0.00268014960579123
0.00243615376154287
0.00633622375089713
0.00559229070570051
0.00520047782885212
0.00578323413633465
0.00606203935729103
0.00536097844441112
0.00504088663398187
0.0056150970471843
0.00471262322876244
0.00945076142217962
0.0101689453993555
0.00596370142572225
0.00423970247563145
0.0060744486571782
0.0057041615250663
0.00761802766573451
0.00366448020135243
0.00173889319687611
-0.00305412070068425
-0.00412374242637633
0.000436644153789877
-0.00675323929314479
-0.00896529576319099
-0.00138199721241984
0.00629817852744957
0.00556854011447332
0.00613313749027489
0.013758435321472
0.0184036331501317
0.016337911393347
0.0181007767864939
0.0158001032452655
0.00259607212903666
0.010399013801861
0.0094741131110198
0.0012986339424939
0.000225681571856763
-0.00289894265368365
-0.0152967506917494
-0.0153097978100477
0.0114130328408414
0.00572272483528327
-0.00259757953660096
0.000415264812084874
0.00973984816956956
-0.00752742912434309
-4.03199589937937e-05
-0.0059203958196174
-0.0148862608771801
-0.0121464708432587
-0.00628736376152874
-0.00448474532671491
-0.00720444262125899
-0.00697116187241091
-0.00416512155107578
-0.00881825832708238
-0.0175274559343511
-0.0233429545013637
-0.0231370296826893
-0.0230339719267584
-0.0251001997528443
-0.020315814301308
-0.0125702445196321
-0.00633887532546529
-0.00908819389114445
-0.00894347867651809
-0.00446932064164643
-0.0118052362963803
-0.0117769574601821
-0.00773711407079113
-0.00503380457889468
-0.0189956522155651
-0.0271865375562779
-0.0265494138408165
-0.0273749866535851
-0.0319708729656623
-0.00685805298376055
-0.0125367296639927
-0.0137741810369302
-0.0223659771800108
-0.00622765029659297
-0.00240002246874019
0.000934072847092466
0.000175765336732192
-0.00137603107902663
-0.00202905461440912
-0.0023194976481163
-0.00357831693848113
-0.00225932519473448
0.0049074135835144
0.00563906585356053
0.00097484359819686
0.000307240507005052
-0.00252344213664208
-0.0084990778881702
-0.013967693308415
-0.0146006944166016
-0.0154132875351753
-0.0135935307525763
-0.00434988407480342
0.00165773714771933
0.000107134860174511
-0.00188791081183787
-0.000937338753141426
-0.0117747824259329
-0.0194305241536322
-0.00905411116587058
-0.0111234191505835
-0.0012340696373931
0.0025958272953138
0.0178548686687873
0.00646749302544
-0.0168134131345658
-0.0118901480514282
-0.00153597472656429
-0.00292550946971775
0.00288711608667475
0.0135861258464488
0.0072305208894272
0.00255184097428544
0.00454423304271176
0.00311440287577034
-0.0010148663296486
-0.00372933180257597
0.00367704804626948
0.0121269093040941
0.0184227950257962
0.0287070638744725
0.0277478853242256
0.0154061029599927
-0.00398739445826038
0.0106867706773262
-0.00916648192901723
0.00616624228796581
0.00113451857062418
0.00381097959868615
0.00397226595878656
0.00580596110504049
-0.000666433849675191
-0.00962646385786358
-0.0118227796388828
-0.0108458433931787
-0.010266937589176
-0.0108967434450894
0.00167966492618638
0.00157674009936324
-0.00108987800400246
-0.000515619873900436
-0.00172630718970777
-0.00310711868024031
-0.0090976841674559
-0.00824632193349253
-0.00379770094086485
-0.0124809812314924
-0.010296008663608
0.000314978657329165
-0.00281218417535904
-0.00294944247230484
0.00488011369134256
0.00967523254022772
0.00511299374924966
0.00148246077043071
0.00203706188717204
-0.00298650373401427
-0.0123198224390514
-0.0106505370346641
-0.00618011653312405
-0.00561175478352535
0.0099644711885162
0.000601158051802813
-1.82912942746118e-05
-0.000228001355506101
-0.00493050979381105
-0.00176025845466943
0.000390391336099046
0.00117982733885971
-0.00262849921556078
-0.00337600320154617
-0.00443369789726003
0.000693928754953443
0.00956572880426989
0.0129643655268286
-0.00160134951269543
0.00368188464918323
0.00721254345006158
-0.0021164460001678
-0.00256764003803297
-0.0242425679102238
-0.0231282664195419
-0.0266812220295262
-0.0144943177235659
-0.0116671593710082
-0.00566402772873934
-0.00148731161182042
0.00257624741392435
0.0017119463768832
1.70273422791404e-05
-0.00085043479538437
-0.000443170888898075
-0.00379250441450154
-0.00488382488610226
-0.00275711550616169
0.000272683495086582
-0.00492642796932565
-0.00571883171063755
-0.0011715819265013
-5.07388213074153e-05
-0.000614008487994173
0.00453624424481658
0.00751586391059191
0.0101319572530341
0.0169825876011181
0.00144241498920821
0.0139732249777646
0.0071172846587797
0.001192615456035
0.00731551504438901
0.00895746279230564
0.0237791325400323
0.0170865650079273
0.021358794733926
0.0140759328954475
0.00866142952998606
0.00544591209999469
-0.0038129484595365
-0.0108028622511798
-0.00340762518544152
0.0054071967759176
0.00621917150726771
0.0132588269549237
0.0188425724010859
0.0162208593641983
0.0135118990495342
0.00546391578146125
0.0140090022446952
0.0164202190440456
0.0198888569654324
0.0225983893569442
0.026642665092895
0.0305733256670306
0.0123417588520603
-0.002885017638036
0.0039936047044827
-0.00827535693036791
-0.0093246815988907
-0.00613694477676987
0.00602244890410483
0.000806166237256042
0.00938216027683971
0.00896350108779744
0.00513249097207286
-0.00263499187996246
-0.00386307015030565
-0.00643735631020111
-0.0121780603829172
-0.0110272031414681
-0.00435477909685206
-0.00183825057428379
-0.000308736123328304
0.00496970530160927
0.00533258878134281
-0.00173262363802799
-0.00641309002288233
-0.00681042134122208
-0.00828584453678027
-0.00702602381608999
0.00156582060014636
-0.00901079882843686
0.00226568086947923
-0.00159035979509489
-0.00134835655114428
0.000870942186024597
-0.000269052789541141
-0.00150112706198902
0.00154222807613403
0.00283451054888899
0.00847159226161915
0.00743658153788631
0.000514770283465549
-0.00187980700954411
-0.0019131495481392
-0.00869516010608121
-0.0086482101895566
-0.0031207656710575
0.000983645105694511
-0.000227886351849976
-0.00157227180321643
-0.00404115350238391
-0.00861112288405426
-0.0103501995514322
-0.00944394414409731
-0.0106728748393925
-0.0125204145191777
-0.00886817214125603
0.00291655541372406
0.00467428326601349
0.00215815500912258
0.00309754248182546
-0.000204153259691146
-0.0135224288024069
-0.0247350640578186
-0.01101955576617
-0.0155317020689242
-0.0145783675658475
-0.00350121950500537
-0.000192438619926665
-0.00157274412630433
-0.00305716342825752
-0.00440617598982187
-0.0014119091239314
0.00222646813255811
0.00103454400420282
0.000583569603388438
0.00172597310253044
0.000551639176702462
0.00081891805042965
0.00312311774696083
0.0065927753413318
0.0103042207229424
0.00852061235997619
0.00637597667277365
0.00219748885144143
0.000950729281199357
-0.00447914217582604
-0.0102438892244818
-0.00244477139160658
0.00342739040012187
0.00426493747385441
0.0047113726757611
0.00634573334223148
0.00491466882919794
0.00299043610238829
0.00347692969547946
0.00274820164348217
0.000441574190057717
-0.00045516520710778
0.00265747583594219
0.00210869557994651
0.00182895900528461
0.00198994213546519
0.00231737769413416
0.00217386488593912
-0.000343891902847221
-2.93480383910846e-06
0.000914769729233376
0.00059039272302055
-0.00336102171432755
-0.00320486872826271
-0.012858038756341
-0.00959821183532375
-0.00750208531048422
-0.0140667089370702
-0.00822398887504447
-0.00549382519364977
-0.00996687120337009
-0.00797953069544786
-0.00746152667985537
-0.00632728454369158
0.000179429944278018
-0.00394527154006028
-0.00298076988396871
-0.00218950845693107
-0.00275104759014536
-0.00472826941883404
-0.00667786022981347
-0.0051273847564668
-0.0152184916054798
-0.00456673636162054
-0.00183407244132593
-0.000831932011910515
0.00455292524206814
0.00431429492398736
0.00347197814038676
0.00349505920275276
0.00340632117384548
0.00131808734905548
-0.00103321070845902
-0.00202156142265415
-0.00254185969212974
-0.00421118189621861
-0.000806136783694784
0.00531275260954862
0.00630653172892748
0.00603106690267026
0.00273374613646207
0.00483434329256487
0.00197690723709884
-0.00205782129863982
1.28889243657634e-05
0.000146169404092507
0.000360651774177438
-0.000977219389201061
-0.00177342313697246
-0.00316957263976934
-0.00286311315204311
-0.00242457168710982
-0.00116297595889596
-0.000430043254893589
-0.000836307103267985
0.000506133323683765
0.000131033862334391
-0.00194276442624916
0.00191617776834991
0.00466900670002077
-0.000857808259444269
-0.0017724092754082
-0.000949261196329844
0.000318580393748829
0.00190072648036728
0.000413144526875643
-0.000426875474678042
-0.0011225278149226
-0.00410303062118452
-0.00456931719084299
-0.000706779277940828
0.00259595648929547
0.00207582592734746
0.00817566444517316
0.00574532845484263
-0.00977941441324097
0.00681800895359135
0.0109453088671164
0.0117755536679766
0.0139882328653279
0.0138182073358701
0.00977091348276665
0.00394579227988746
0.00240800424973317
8.65204856554318e-05
0.00104760110092622
0.00286725029322344
0.00213481363862232
0.000104723918321137
0.00118694157690293
0.000620145084586696
-0.000341016278126514
-0.000248668160818185
0.000297972737192204
0.000602276451997672
-0.00288950482835795
-0.00628147276529683
-0.00247067520858035
-0.00216050929888011
-0.00152932624640113
-0.00101168379237607
-0.00166656694074179
-0.00442084179053982
-0.00854529725887875
-0.00986824162102905
-0.00904566500284254
-0.00833090114232216
-0.00696233732813066
-0.00445349015353363
-0.000323515682481228
-0.00158217418392155
-0.00150275968392758
-0.00225358831587289
-0.00677817835555079
-0.0102065968193909
-0.0131884634513844
-0.0130578549686347
-0.0116790113836529
-0.00775826394366436
-0.00431038988000102
-0.00294044875941221
-0.00516860150606607
-0.00553340997380161
-0.00144449425030407
-0.00758516446591062
-0.00576550804608139
-0.00406264654471658
-0.00129189562194947
-0.00030656385121764
-0.00120869994999047
-0.00138812026327227
-0.00169097740744729
-0.000631826458248895
-0.000456202524454899
-0.00167069482429616
-0.0016283085859309
-0.00154891457837349
-0.00167229663382288
-0.00163158004666762
-0.0012875185464913
-0.000633507979762717
-0.000350738154468146
-0.000772358386007112
-0.00110637096340829
-0.0014058626568149
-0.000782084619820204
-0.000831796066045879
-0.000579631603486748
-0.000465308940813449
-0.000410968550626797
-0.00059343024323614
-6.82333672834701e-06
0.00163423521291149
0.00015645407190599
-4.5174311263336e-05
-0.000761417419859894
-0.000226498311385033
-0.000582484071136665
-0.00123377131084488
-0.000889656958952804
-0.000988700603158816
5.33657417518768e-05
0.000257893699200937
-0.000343472965112204
-0.000751421067475605
-0.000860750382531693
-0.000447930024459565
0.000461922147164797
-1.36285789030004e-05
-0.000283523342978979
-0.000992558125857228
-0.00230854063612995
-0.0041083771359497
-0.00527784537131717
-0.00424651602576693
-0.00250862706467205
-0.000998633134518944
-0.000280975967522429
-0.000331276650589912
-0.00140082983846339
-0.00316195881110661
-0.00499251941525463
-0.00419708708980194
-0.00681166443788557
-0.00360077942616575
-0.00188421576751875
-0.000806700988809162
-0.0013360875730685
-0.00119785612354364
-0.000923910977573574
-0.00107887625791826
-0.00110114010604749
-0.00248400373857729
-0.00242583003557372
-0.00194580438419008
-0.00118781559104797
-0.00105604520229981
-0.00102587257622843
-0.0011942030149397
-0.00155689019061078
-0.0017996696485061
-0.00239014727698422
-0.00253367732117544
-0.00238695716151151
-0.0013939678508112
-0.00462592792159769
-0.00237736037395488
-0.00347898028152721
-0.00376796526842956
-0.00415001195899644
-0.00432167881312361
