-0.996391666861763
-0.996391666861764
-0.996391666861764
-0.996391666861765
-0.996391666861766
-0.996654661553763
-0.997425086667292
-1.01229532460915
-0.990129211102643
-0.885843869790768
-0.81103548557153
-0.739867200320378
-0.588060692826488
-0.54910819216779
-0.561703349164231
-0.583432976530963
-0.624650697038673
-0.686598087183163
-0.700478755036069
-0.636081639695394
-0.577573982235205
-0.462194234283224
-0.347996653669524
-0.223227856021219
-0.200939211528956
-0.224617321629469
-0.266817810255166
-0.34203066031435
-0.408867165193087
-0.423350700797527
-0.400072974673324
-0.333239147310621
-0.220284582805853
-0.0814131508630526
-0.0222915215734605
-0.0592398579956356
-0.0735314591988272
-0.132062651015444
-0.236676073242794
-0.315511155892764
-0.316726078777181
-0.24872070298209
-0.217169689743909
-0.230628281590758
-0.176149728218344
-0.131862145026441
-0.162841012783416
-0.170053152705705
-0.146867426852996
-0.166524512212413
-0.181275656218271
-0.141892821267328
-0.144839516504916
-0.167982835605058
-0.167647807462894
-0.178630434623376
-0.174455476245495
-0.1319279916762
-0.103221698669306
-0.0604492611344127
-0.0144015131270521
-0.0206557783380913
-0.0549168669368833
-0.0895407743082076
-0.124774303520433
-0.154926600818047
-0.159820106260909
-0.141009853889464
-0.111896489743491
-0.0995877404500567
-0.0524180094767459
-0.0319020513930549
-0.0414065930483403
-0.0617013064628558
-0.0895730498599182
-0.107674526683779
-0.141813886046574
-0.126733482919378
-0.0937405848971002
-0.0809679135079931
-0.0455346711767312
-0.00549313072729647
-0.00700197415945305
-0.0463436027429706
-0.0600080234593864
-0.0810583935503838
-0.0854135094471899
-0.0932970063486839
-0.0901945131783246
-0.0801702337614953
-0.0744488109894995
-0.0692880004597513
-0.0613373630914053
-0.0628058307690973
-0.0816492787078786
-0.0755782866461326
-0.0698883372600755
-0.0564123650568005
-0.0493054909512114
-0.0570209726710999
-0.0700423152069568
-0.0568536107042907
-0.0558151815034018
-0.0512953311517241
-0.0559333508563449
-0.0511965636746012
-0.0606208104938278
-0.084359369042381
-0.0810094446749541
-0.071622468780065
-0.0548353740583146
-0.0643052238833891
-0.0793394128557504
-0.0750286036913173
-0.0662769517864968
-0.0875613138633943
-0.0883821101995859
-0.0695019745015923
-0.0749508966689938
-0.0822132778385995
-0.0640422764948391
-0.0706594948774606
-0.0710861247814399
-0.0881333502965073
-0.0476081817006256
-0.0134314403737227
-0.0112990943182964
-0.0155923519916702
-0.0149470825351126
-0.0230927741526525
-0.0273519724346045
-0.0142807821389927
-0.0107558319283354
-0.0345724854373105
-0.00368987266961953
0.0274159472845682
-0.00372830656532834
0.002211204523763
-0.00298034661080194
-0.00954388927048182
-0.0313652714478671
-0.0266373127464165
-0.0253591694758113
-0.0280387017003263
-0.00451883276911535
0.00835486932701276
0.0106058287974181
0.0141770304657713
0.0166562515936054
-0.00713121244800299
-0.00792760362187436
-0.0128766877461431
-0.0132417008583497
-0.01571844532399
-0.00601298752855417
0.0158243664938196
0.0261294066100082
0.0202097540472563
0.0123364947143856
0.0148303726907328
0.00971744763175161
-0.00818267921587746
0.000704985406839579
-0.00440962984072705
-0.0153717663354519
-0.0132846333751586
-0.0135547203742236
0.0322289684862134
0.0217788564867854
0.0137074228811693
0.00890339899508932
0.00379659420615375
0.00111827260046964
-0.000356606565897671
0.00301714883273508
0.00163405430504046
-0.000520750200541738
0.00204264090810814
0.00904009464140904
0.0132205798085001
0.0129593873781964
0.0136916357513845
0.0112595675498357
0.00350992533701194
-0.00283931291859174
-0.00547399421896038
-0.000627610713116371
0.00081676930910714
0.00196980787171629
0.00961323879107129
0.00409758165602555
-0.00961420199954266
-0.0175967599912443
-0.0168439578744105
-0.0184373782373111
-0.0303180919631136
-0.0247192486856504
-0.0165109577188224
-0.0232158270224996
-0.0207845539971309
-0.0146804221982586
-0.0219195854061263
0.00775630764220825
0.000853553309992091
-0.00909038425436721
-0.0146970562477924
-0.0173070882923618
-0.0156496919075502
-0.0157353487353734
-0.00842410918378297
-0.00914382850882968
-0.000467132579121658
0.00934440448402028
9.39387129752197e-05
0.00565021167800474
0.00485819855242476
0.00684404186379529
0.00330310840446105
-0.00702345424815035
-0.00550315898993482
0.0045158769358586
0.00612776407822451
0.00236894856339813
-0.00753964431251645
-0.0097715768664652
-0.00816112426540981
-0.0199169655901035
-0.0199236594247158
0.00878792097281139
0.0083951200060638
-0.000388814445708748
0.00351174333224624
0.00256263866075302
-0.0052564792397547
-0.00715143408272969
0.00508050897415984
0.0243917033763549
0.0330933536182139
0.0205366509531894
0.0127081427274707
0.00260610669182985
-0.00779476946643801
-0.0033447837488099
0.00637827212118852
0.0146048429245752
0.0181792298260033
0.0105539440540268
0.00295091442551226
-0.00889523711699811
-0.0104616453125002
0.00983938537267234
-0.0208999250461218
-0.0112285285520191
-0.00697519522040442
-0.00603078835663895
-0.00683054067586895
-0.00783715146059814
-0.00458056631382715
0.00218695025957497
0.00568757597281912
0.00306715350100235
0.00393333901941914
0.000527243253129601
-0.0142074624379759
-0.015089629066815
-0.0111156832307264
-0.00950543966470697
-0.0044602564941711
0.00400638810310869
0.00598438281458735
0.0153093687081968
-0.00404483266844909
-0.00731221677325661
-0.00880718882885005
-0.00218112037195275
0.00992575585848572
0.000649757275586264
-0.000962642955437367
-0.0023569831007597
0.00267219181456904
0.00530226778507514
-0.00558185904600779
0.00258664974763406
0.00433407149881681
0.0136149006215243
0.0124301268611502
0.00309202976915002
0.00405960080612471
0.000778255982770502
-0.00173204039033675
-0.00436975579725228
0.00429539134229934
0.0050355244542892
0.00337421757204028
0.00118140609888741
-0.000675228707923835
-0.0020239450769858
0.00211327476613046
-0.00520996204608503
-0.00180412112483605
0.000266890753082366
0.00332442548098712
0.0050495706276621
0.00511469202901858
-0.00119278390060992
0.000907620166679015
0.00846578477946031
0.00184569554110543
0.000719212595842465
0.000982448340942352
0.00460619004566791
0.00246131649244726
0.010045231217191
0.0263006430337582
0.0220512723118221
0.00823856950879655
0.00561221751113426
0.00560530499384316
-0.000519670757340109
-0.00190861230548335
-0.0040046783579378
-0.00249668565242956
-0.00378152668368298
-0.000555741037316351
0.0173809112254605
0.0112354837742738
0.00374753222294172
0.00157616843976478
0.00543483769440862
0.00332780537575933
0.000138030688570145
0.00252485428573772
-0.00210913393824984
-0.00348590894540894
-0.00313291086144846
-0.0033482304832199
-0.00280847401483829
-0.0032292188611664
-0.00231129358543347
0.00119323525088126
0.00370860932889061
0.00143504480232383
-0.000695487753379497
-0.000911792002910729
-0.00237757549741452
-0.00392522713626217
-0.00252620855660097
-0.000629390510395083
-0.000394848532803645
0.000831196516288914
0.00177219242028018
0.00106007863384621
-0.00367234025173722
-0.00799149301302302
-0.014431466002977
-0.0203455740588922
-0.0214213026809752
-0.0111572886135113
-0.00428520097286911
-0.00183981259032204
0.000177473655466544
0.000118570295009043
-0.00160624091223491
0.00189951634038047
0.0037456176955489
0.00880595377364178
0.00898288709968351
0.00420524159990966
0.00257373134990681
0.00108632921624811
0.00168749652813153
0.00268925352478615
0.00525404342839145
0.0011697072077965
-0.0018336860418261
-0.000744543898316926
0.000164940491901461
-0.002936520420966
-0.00444937506789931
-0.0010736618830946
0.000666677262531084
0.00147341625179856
0.00627262457495574
0.0124814371323768
0.0106260478424604
0.00685836367878044
0.00400533441567564
0.000204095714275513
-0.0021253183995747
-0.00479951770607547
-0.00381595208910261
-0.00209415363619803
0.00022778922121385
-0.000741296231121426
-0.00543573259773874
-0.00633294556151435
-0.0214650533922305
-0.0170685847384627
-0.0149733963902063
-0.00954046361886344
-0.00480530746322077
-0.00286327182396099
-0.0024319382300464
-0.00481529455359637
-0.00108954753736339
0.00327290646560833
0.0102270928866052
0.0063602601319466
-0.00858543535030401
-0.0119852846336193
-0.0184935240882965
-0.0121623604360621
-0.00480678162876249
-0.00335710455114338
0.00140922548774004
0.00723813058375797
0.00647057644602518
-0.00141355454085445
-0.0105306079128841
-0.0127568022947575
-0.0172132681585302
-0.0198243129392946
-0.00620375352020067
0.0222764007301913
0.023613082924003
0.0347155649642304
0.0454273635241832
0.0120330008166171
0.0253807473370459
0.0285999967029323
0.0248010777535872
0.0134267928103857
0.00592879099766945
-0.000636312070815201
-0.000396828882756124
0.00950905801542489
0.02257330648907
-0.0086017351948519
-0.0125193230387099
-0.0246357744832045
-0.0130452190843554
-0.0101748093643514
-0.00932263187763411
0.00129507352077017
0.00547053578734895
0.000601253158834319
-0.000646276842083641
0.000450118111872595
-0.00348503085226961
-0.0136747084449914
-0.0188402929205649
-0.00933634404061983
-0.0134435924149086
-0.0161787141992713
-0.0134276965947247
-0.00872962405578527
-0.000796997003600231
0.00250073431893862
0.00123079929062668
0.0026825904599854
0.00230217100713774
0.00129778967950756
0.00064363232219814
0.00122822473096226
0.000712258051228113
-0.00200162352294448
-0.000883800316816776
-0.000172502099927132
-0.000485360110813041
0.00445334128481475
-0.00418767346130844
-0.00580180800324255
-0.0147487218073639
-0.00585029599032295
0.00159422368216869
0.00482626925319051
0.00363531853764295
0.00518241647871905
0.00297099094616155
-0.00118606829247745
-0.000775169004831132
0.000757804370817107
-0.000655666042215858
0.00050443736969285
0.00457567122703888
-0.0135145278107791
0.00364247206573252
0.00497575477136254
0.00758067479828954
0.0090638777958984
0.00394050892808502
0.00134819242387769
0.000843423025218726
0.000971345641809535
-0.00370598759763328
-0.00852330326678573
6.06179491975702e-05
-0.00714122160959139
-0.00606981421039045
-0.00335686864922272
-0.00127345009823024
0.00425647827962837
0.00569333636355841
0.00767452295527091
0.0100278134838088
0.00963539860969558
0.00857664105112181
0.00866574288988903
-0.00895209915174297
0.00757564258905389
0.00546274313537953
0.00207233063238634
0.0062026627518033
0.00203447830552659
-1.64245826246856e-05
0.00452845271148682
-6.87393680439525e-05
0.00821095315906011
0.000927560427005139
-0.00180278139296993
-0.00332861080845968
-0.000497517527661509
-0.00171178171132776
-0.00385140100084884
-0.00106558394575827
0.00432013631868906
0.00249449747156553
0.00164184422601806
0.00210073220620676
0.00267851235040688
-0.000651224576967691
-0.000267135849767049
0.000285551492989708
0.000186670887770679
0.00088033492454355
0.000873588798681762
-0.000990007912961586
-0.00197693136513112
-0.00144364395609258
-0.000683297501431501
-0.00280213825702037
-0.00102514547729578
-0.000942652648251404
-0.00395246077861107
-0.0155086892867484
-0.00768139268136128
-0.00476319984428679
-0.00727544856467104
-0.00768192150153579
-0.00682195964011524
-0.00386815122120372
-0.00601815643661375
-0.00405650909902372
-0.00785126583939195
0.00714285961827428
-0.00309276320135978
0.00501258207044965
0.00643951518583451
-0.00308056478556248
-0.00236737794844325
-0.00652472364770984
-0.00527721419199249
0.00493310213408948
-0.00303276689492986
-0.0114569040519309
-0.0173361158705947
-0.0221131717650209
-0.0357284147246986
-0.0388482791992662
-0.0315699734127358
-0.0297204779448083
-0.0285624846058375
-0.0132051110873031
-0.00581820614507665
-0.0107529565034897
0.00630571083061412
0.00779485248694851
-0.00119027323669045
0.00570775108734017
-0.00626949552657558
-0.00460113915628642
0.00523872390950569
0.000666102442216635
0.00306156266244525
0.00830386550911951
0.00843262051982065
0.00127191364692582
0.00233741273019606
0.0165764445979263
0.00172935134171762
-0.00539370009131245
-0.00173221973809844
0.0149559344515319
0.00826165100363371
0.0113236982239073
0.0183258776825401
0.016974316907317
0.00811594290660848
0.0056060064600134
0.00486596593335741
-0.0021736479423669
-0.0049548725257965
0.00299631421638063
0.00789978256371451
0.00713957212158575
0.0146257690333201
0.0166783077608446
0.00200161256363162
-0.00558841628797898
-0.00545013408755919
0.00313585712204942
-0.00323041473792504
-0.00367720053233456
-0.00181476617910069
-0.00100615200832972
0.00209790418265081
0.00378104192790455
0.00197308440373481
0.000113928928141027
-0.000287757714134575
-0.00139919091612604
-2.08134131249316e-07
0.00114967032869214
0.000264733898174343
-0.00191981982600845
-0.00685833348663695
-0.00192983113794348
-0.00136617783746297
-0.00422073729264505
0.000157430603048195
0.000234184636915855
0.00220566874944341
0.00228332372905995
-0.0025619846556317
-0.00228914386909178
-0.0054800396210588
-0.0170695985847691
-0.0117656682619741
-0.0116629096123319
-0.00967786536864982
-0.00739312122692167
0.00636558776908283
0.00292652551766259
0.000119962332537783
0.00264201540304722
0.00468754876594729
0.000224625312048553
-0.00486668990660005
-0.00416775381682534
-0.00269247274970904
-0.000796494799979027
0.00267799798178831
-0.00221901156170234
-0.00328440708620596
-0.00377177895301028
-0.00085710425531461
-0.000816130776600479
0.00169299809325205
0.0077129351375847
0.0133517613521729
0.0114782346764298
0.0116742683089601
0.0103883889591762
0.0142347712714487
-0.00347069467003992
-0.00580608409766432
-0.00875868932094573
-0.00340405205973762
-0.0021259066371521
-0.00292637761624632
-0.0146178445279318
-0.027333765488063
-0.0255439922523753
-0.0173050266432764
-0.0266339264195425
-0.0123757706609484
-0.00597487263661088
-0.00369427905157812
0.000228268165149613
-0.005008026132675
-0.00617627127829056
-0.0102172339105061
-0.0157020753596929
-0.011912824088332
-0.00793688769723214
-0.00554481132383145
-0.00138557867877106
0.00188530512858731
0.00628620209006272
0.000440299368420405
0.00376690749332378
0.00817384634250012
0.0153820536556908
0.0168159491427959
0.0117812474945202
-6.56107508662409e-05
-0.00290814467023484
0.00274711635514947
-0.0028817596741647
-0.00327993552908006
-0.00257701306446132
-0.000644348122729466
-0.00431599180390192
-0.0079071162677968
-0.00356519187154652
0.00301320170963096
0.00424363358863059
0.000654960921484112
0.0119014834507174
0.00929733153336765
0.00257020595414134
-0.000781136803872641
-0.000892536697380384
-0.00333885068546105
0.00689017153362516
0.0158457353360092
0.00220036991699368
0.00207073946597464
0.00384794768678734
-0.000617233920180157
0.00202250637302631
-0.000286588787340206
-0.00600094385408614
-0.00831674667730846
-0.00342763223577249
0.00322317324852897
-0.00169188200771093
0.0105118179876765
0.0137666379977053
0.0101544399046402
0.00734807983901348
0.00546824254058422
0.000293938257064004
-0.00135062988666742
0.00353516094994154
0.00760265495275396
0.00708366794194486
0.00640800278309211
0.00483731880790701
0.000734818042555585
-0.00342460886515854
-0.00268300830281039
-0.00175433980436214
0.00765262622813172
0.00518059956205111
0.00858727682729184
0.0062009844100558
0.000122493293287585
-0.0122746219157861
-0.00994234037312435
-0.00878339976769062
-0.00737559203603085
-0.00117121353409638
0.00283148158339255
-0.000885546021280418
-0.00128095422520239
-0.00270155287630156
-0.00724511637095238
-0.0043082790400734
0.00247220644792766
0.00415593966702428
0.00321331159117476
0.00226831888296034
-0.00298536773401085
-0.00877652257074553
-0.00342138883207428
-0.0113085204589445
-0.0221586692853354
-0.0352116463556317
-0.0196453812010997
0.000188174920074224
-0.00145259706804809
-0.000507513117944919
0.01246920260769
0.00604646443551775
-0.00812838662789439
-0.0107122832781343
-0.0150526997530555
-0.0226686607240795
-0.0237852139841545
-0.0158449968937796
-0.010932506292568
-0.00293622273635653
0.00178512930895234
0.00468699498022214
0.00261929352398785
-0.00225362445787179
-0.00271992158144024
-0.00208844362333519
-0.000492126068562811
0.000174467790893154
-0.00115090774002539
-0.0025903973283501
-0.00489298165445055
-0.0113457360604584
-0.00281864766163867
0.00566014363806559
0.000241043529513901
0.00941676155321718
0.0107510188257844
0.00497055917378161
0.00439699696682924
0.00379511685908702
0.00159377234597559
-0.00166976267452085
-0.00680185651983616
0.005802255418328
8.08360814062783e-05
-0.00187287585194889
-0.00474646442714071
-0.0136736508328486
-0.00149585656217641
8.91036820442311e-05
-0.00254411455504303
-0.000714223399569956
-0.00227396008834684
-0.00516113821350644
-0.0118290105744708
-0.0112468538613516
-0.0163983098910094
-0.0218306554119213
-0.0130599724149091
-0.00773954815506598
-0.00843729188611157
-0.00934474998926505
-0.0100686383765441
-0.00837961278722671
-0.00772762808294346
-0.00318645242023104
-0.00164543646759519
-0.000230996343756933
-0.000454384540536618
-0.00693226543275163
-0.00719579352715385
-0.00623343195446952
-0.00197249518611726
-0.00017515328599677
0.00218153141464493
0.00224170388965731
-0.00144222741565329
0.00996619011510059
0.00951758575274062
0.00543678675607855
0.00223167300888206
-0.00169961432177439
-0.000471206328774012
-0.00185002365946528
-0.00046079998376761
-0.00509768105896012
0.00123175959832877
0.00553171574817927
0.0103695842264551
0.0178392111574186
0.0214328877510201
0.022678605745504
0.0188775615334127
-0.00120520844199912
-0.00080784609234638
-0.000837530536183962
-0.00541245168442182
-0.0100428473738197
-0.00299060483334397
-0.00311905965655334
-0.0096593494358688
-0.00925386426451126
-0.00378880017811262
-0.0061177708467141
-0.00837560863099263
-0.0035203020594206
-0.00363527392595943
-0.00504698043793978
-0.0055792373150292
-0.00530383504257203
-0.0116406964822473
-0.0158148962330929
-0.0150308543011788
-0.0121126290759977
-0.0115835083599783
-0.00898102567216229
-0.0075446733593396
-0.00435969066498174
-0.00246378089828759
-0.00320667573460716
-0.00144090493767491
-0.0089284433189764
-0.00719505392653614
-0.00606203835601541
-0.00481770615305746
-0.00227201369295607
-0.00400120595137035
-0.00607307067327639
-0.00606401119777257
-0.00484231911765729
-0.0044291269436826
-0.00424261047605787
-0.00218216498153309
0.000447228394536676
-0.000666448840442758
0.0028703029544911
0.00474533853440743
0.00361889041617828
0.0020164019452932
0.00210119903987602
-0.000657064944774985
-0.00599535413990361
-0.00780063155916927
-0.00658095769286733
-0.00617980588240857
-0.00534698047478121
-0.00217168708945717
0.000522348427143482
-0.000122187231087022
-0.000708049800064109
0.000387904901025802
-0.00371607927804668
-0.00527630851161058
-0.00419042931923413
-0.00515003592507111
-0.00480546606273299
-0.00641677760270779
-0.00644937409139726
-0.00765238180968309
-0.00500208708334169
-0.00274474634868646
-0.000761659670115415
0.00345907944116263
0.00300498766356544
-0.00409628051787667
-0.006710943571394
-0.00561057931012662
-0.00262831598870236
-0.00201468541927192
-0.00224134297235565
-0.000705955736338797
-0.000558238714450396
-0.00217831836814589
-0.00156586067805341
-0.00115497796942354
-0.00560485953719587
-0.00576358041473195
-0.00572623418663451
-0.00261241067550586
-0.000596114278460913
0.000911498738368235
-0.00322043803057427
-0.000168688140081916
-0.00140847681879914
-0.000627324311157311
-0.00320937320758326
-0.00498303560320636
-0.00393997178819512
-0.00364867110499234
0.000213107072973428
0.000218192642380895
-0.000180410025782277
-0.000492137353476685
-0.00169961901505368
-0.005047319699277
-0.00621521688902612
-0.00585113732141594
-0.00682585549190428
-0.00550040315188022
-0.00331419718375805
-0.00169753219911823
-0.000684112806894325
-0.0007994096047457
-0.00302270317569955
-0.00695507389348199
-0.0100727000178634
-0.00847630028558305
-0.00862878027074619
-0.0079921643014261
-0.00308377093525039
-0.000804712057799477
-0.00218180203190258
0.0011904058126685
5.52712304833469e-05
0.000818369157245004
0.00043513473119008
0.00105824145699688
0.00112314900762496
0.00135759533256755
0.00127060663581007
0.000389931392995174
0.000319080980796898
0.000291693440590859
3.47767727770145e-05
-0.000120244217536903
0.000247290653067428
-0.000126753482938851
-0.000892739066599852
-0.00219222434829965
-0.0017901143874234
-0.000964408509678624
-0.000258937899891667
-4.74733081414136e-05
-0.000101889687128627
-0.000910383641388898
-0.00199260300647553
-0.00242145730630254
-0.00200081086835854
-0.00147803946097793
-0.0010981152099076
-0.000156159331630928
0.000142994412378135
0.000187452361787727
-0.00038577658550401
-0.000905916230841513
-0.00163938473193304
-0.00284125814459413
-0.00405813685870985
-0.00363143618506711
-0.00360245572837016
-0.00284626734112455
-0.000523548624224503
-0.000473327304894013
0.000546474363722573
4.46767908689166e-05
-0.00111241651893302
-0.000702386749317596
-3.88511637599724e-05
-8.28229179187184e-05
-9.90005678821628e-06
-6.28712913046538e-06
-0.000122633645154722
-0.000233193933462427
-0.000395043480113267
-0.00056230881177117
-0.0005142671180048
-0.000307005683355509
-0.000175585356909431
-0.000123060635819816
-8.44568574720361e-05
-0.000135679696469506
-0.000323728766317467
-0.000415357881319638
-0.000368404951122399
-0.000679521108543568
-0.00059749086601978
-0.000618698631141962
-0.000594343495571844
-0.00062867129998343
-0.00048039068455514
-2.93185124619616e-05
-7.3387256420119e-05
-9.68848325784141e-05
-0.000175482103922646
-0.000622962017228713
-0.000878661273656274
-0.000855484808160589
