-0.995557099695526
-0.995557099695527
-0.995557099695527
-0.995557099695528
-0.995557099695529
-0.995557099695529
-0.99555709969553
-0.99555709969553
-0.995557099695531
-0.995557099695531
-0.995557099695532
-0.995557099695533
-0.995557099695533
-0.995557099695534
-0.995557099695534
-0.995557099695535
-0.995557099695535
-0.995707207089539
-0.99148759741543
-0.962796035735946
-0.954349294470675
-0.881744467846293
-0.809489089153686
-0.629929192078937
-0.528499315789065
-0.470442041620986
-0.475334655299543
-0.531510198146128
-0.605021215894453
-0.658078245873371
-0.689247094772243
-0.679048482284464
-0.63422471710242
-0.579408291682816
-0.478482308501921
-0.354491167175401
-0.275778947397848
-0.211834080909518
-0.204491650468246
-0.242297173459645
-0.294231424249467
-0.322832910701313
-0.351713175302355
-0.336374445444294
-0.285544625006552
-0.223439924827277
-0.167416308268752
-0.105950337585868
-0.0634173676714339
-0.0879873272001407
-0.151588683238071
-0.229002859002495
-0.255666052216489
-0.296220581868097
-0.379735463654889
-0.383301110812838
-0.327907915261386
-0.293249080998867
-0.241008216110724
-0.161935562972465
-0.1047858070618
-0.102280049991732
-0.0562769829022031
-0.0649918797020635
-0.134352985437604
-0.226255208395941
-0.234022545408369
-0.23919647731409
-0.271820120729978
-0.277288822151703
-0.211235853060626
-0.160969882385241
-0.125831999550457
-0.0776920422655801
-0.0398787024493052
-0.0466636731772588
-0.0886530362664371
-0.128665124388966
-0.188861684789118
-0.255820309667384
-0.244270315430516
-0.185847410889085
-0.155725818459475
-0.0835709229208476
0.0342720624454954
0.0398717159269692
-0.0431167690464801
-0.0810681874811342
-0.10531588000971
-0.185293276715873
-0.215506789012859
-0.201479682498625
-0.199395647839713
-0.170740570422357
-0.130646187432335
-0.109517881459343
-0.125859292797114
-0.090999951060113
-0.112287193388867
-0.161763153565465
-0.12941204373927
-0.106144959291288
-0.111875716367658
-0.104215395974048
-0.0662312916282812
-0.0741643971476583
-0.071232906487315
-0.0167638313838335
-0.0218267553701972
-0.0405066938773452
-0.0333249387091437
-0.0250827386616429
-0.0625321020742629
-0.0858827055377898
-0.0529054259089689
-0.0657764186117598
-0.0721079020527406
-0.0380681552390617
-0.00608537745406272
-0.0135787551918159
-0.00400506149285161
0.0238241598237983
-0.00274598866647901
-0.0170163853582836
-0.0174264696238352
-0.0313545244344749
-0.0358469778043097
0.0188171322796124
0.0262216520998286
0.0257271461784888
0.0312741308620653
0.0387958080589213
-0.0093405742044996
-0.0381752210824131
-0.0296825991255627
-0.0251608923154464
-0.0254228103797992
-0.00792016789923966
0.0238982409401374
0.0195015275635058
0.00181605340829052
0.00356575503714476
0.00161780453766295
0.00992948640910544
-0.00584653349992441
-0.0110656707973155
-0.00748203078048834
-0.0123893481505127
-0.0158767883392658
-0.00950585453359932
-0.00412900849375884
-0.00296916414509912
0.0101302375664406
0.0144798968557431
0.0056004860574518
0.00766711582608978
0.00261967839382401
-0.0149748160356394
-0.0166913976481406
-0.0144205834981933
-0.00598053900910717
-0.00132829520612966
0.00630467443381781
0.0105546327557034
0.0180547466713888
0.0155078784957728
0.00876550587700351
0.003414637425888
-0.00551249155890161
-0.011974803610375
-0.0104422840806385
-0.0157497666174692
-0.0113110307706232
-0.00602048039085881
-0.0156020100326187
-0.0230673043926471
-0.0245042076715314
-0.0107426852765278
-0.012984591864593
-0.00695188972010771
-0.0268062175704102
-0.0410526287469016
-0.0459980750539773
-0.0419641143984011
-0.0307487454760102
-0.0213284957541403
-0.013807918039434
-0.040286420781241
-0.0458039506346041
-0.0461568851632315
-0.0581632463620601
-0.0577932059400202
-0.0278759568376359
-0.0120482193345803
-0.0131906043588001
-0.00660841527373431
-0.000836215830046727
-0.0221092551176217
-0.0471696994638065
-0.0504674033019692
-0.0552244517152775
-0.0637481840515371
-0.0509082190020832
-0.014244040317645
0.00970560809143717
0.0202179400958854
0.0212041179944253
0.0333212255292853
-0.00567425882357674
-0.0242872864586545
-0.033130122729973
-0.0239489187875453
-0.0407672525155932
-0.0598159842510662
-0.0393471329821109
-0.0291524569290057
-0.0109928783170746
-0.00194619034788008
-0.00901644793249752
-0.0209378984609322
-0.0288027438021279
-0.0272201601196697
-0.0278069530896158
-0.0244058980763323
-0.0168301130601038
-0.00500339056909456
0.00744186656545874
-0.00804773115036139
-0.0189701803205185
-0.0246270212559853
-0.0485052739103372
-0.0569256007338159
-0.0166083878903903
0.0108117804388905
0.00666249587528073
0.0127731274592569
0.0253340738148862
0.00120601148837653
-0.0277734423348681
-0.0286850703337164
-0.0188132552452218
-0.0193292599963792
-0.0241764250598509
-0.00898643972944853
-0.0110389285614085
0.000710258354960895
-0.00687781381593068
-0.00730775345280893
-0.00913297732221194
-0.000913574634175057
-0.00763916081732668
-0.000465600541938305
-0.00891873663157586
-0.00290047513462959
-0.00710338934029237
-0.0104260066754814
-0.0021778559495291
0.00433551508323266
0.00316366690121546
0.00280959918265299
0.00423535742554387
-0.00720057592986398
-0.0123163091398866
-0.00746946076810388
-0.00731639491451951
0.000788209971088326
0.0274503672304697
0.0399860274446241
0.0288555943571099
0.0185074227986487
0.020706576569341
-0.0155477002132272
-0.042643050289754
-0.0516102570628784
-0.0278893464137756
-0.00270650675891577
0.0062476159009257
0.0196806263680105
0.0146677431915787
-0.00867398990140218
-0.0182051341395551
-0.00548226222369796
-0.00737969830923154
-0.00149176143327136
0.00533798850572692
-0.00304360942036688
0.00412798983904998
0.0160528458709087
0.020166235847378
0.00145349344833856
0.0127144868913521
0.0183892590398755
0.0125274949771203
0.00597358284076427
0.00877707476454235
0.0116004255398261
0.00990928685408553
0.0081298663142412
0.00681484570078219
0.00190921959281114
0.00451772314646076
0.00547135303148987
0.00797957018147149
0.00207442534439694
-0.00768982445586166
-0.0107804944610636
-0.0123525618244883
-0.00800696306269588
-0.00513895010348123
-0.0160646950864514
-0.0255478396941964
-0.00735396845972834
0.00195879252460923
-0.00350440796298928
-0.00285624001418501
-0.00235702309146642
-0.00370871096907716
-0.00568388899703445
-0.00832488352204968
-0.00931715034397213
-0.00881245655634282
-0.00784164299500904
-0.00485927788520221
-0.00092777929924078
-0.00213154237314746
-0.00705489218639111
-0.0103353569403341
-0.0192358194587168
-0.035938914201769
-0.00997710258040172
0.00386923496655952
0.0172120888843649
0.00145632848626708
0.00110771613998672
-0.0005011430058339
-0.00979131474132831
-0.0191348170156024
-0.0146050954095063
-0.00284575417661904
0.00265431882680511
-0.00700995415058331
0.00910677022490473
0.0174109849549357
-0.0261341212916144
0.0113879616356183
0.0263838816187347
0.022519955377283
0.0213726547690767
0.0376237487974765
0.0255124813328686
0.0209002023814439
0.0225565768623493
0.00641049300373006
0.00327923679714319
-0.00759698006277977
0.000309658074064169
0.000493987909358953
0.00631064506050972
0.0048699186317589
0.00635408983420993
0.011102490472259
-0.00221459233192265
-0.0127903077020303
-0.00652640332288548
-0.00515904535974314
-0.00868121149967935
-0.00337785974231274
0.00502581885541388
0.0014047516076625
0.000708149483119308
0.0105006404476139
0.0194604206945126
0.0132402936917823
0.0076367311479133
0.00450833532595983
0.00101218702252943
0.000660567244762657
0.00143679420006121
0.00220784966915463
0.002388548370991
-0.000333216219668422
0.00541296186869745
-0.000424160712546387
-0.00860097660621662
-0.00993038624527158
-0.00599820423426078
0.00238598423285138
0.00238598423285145
0.00238598423285147
0.00238598423285148
0.00238598423285139
0.00208067489333952
-0.00076285243398665
-0.00172641918749328
0.000745803204955686
9.05078993834398e-05
-0.00449897351347768
0.00344985789016667
-0.00794917163980169
0.00351683937597983
-0.0037937736258456
-0.00535100533840881
-0.00518470831276389
-0.000447850213558021
0.00241279348310208
0.00523021615407573
0.010198618979616
0.0192958680157907
0.0119839766004044
0.00526298251331865
0.0183844988714426
0.0216991686396698
0.011670894872768
0.00631402346723639
0.00421062396203159
-0.00330180502693676
-0.00924662688483886
-0.00165664354432963
0.000410974228186096
0.00196368814271707
-0.00491315026883792
0.00551542045731688
0.00284641086378783
-0.000463611012807404
-0.00323789966671519
0.00240623647901791
0.00310443630673341
0.00123810710823397
0.00638020343682158
0.0147463195254122
0.00263637752333835
-0.0035648504604785
-0.00482471808994413
-0.00490062740370729
-0.00644751624373132
-0.000567560019609363
-0.00103883072587582
-0.00530174442253799
-0.00637331099167221
-0.00681144397977367
-0.00994652456372916
-0.013929388182118
-0.0150065061105974
-0.0154321048713591
-0.0155800269818592
-0.0127021898997597
-0.00532559931662301
-0.00256739688537626
-0.0021761932533788
-0.00118748383093852
-0.00162955531420726
-0.00576155405228971
-0.00143248861594364
0.00291624193603264
-0.00461478317702926
-0.0157452350972341
-0.0188927551138853
-0.0144848952427882
-0.00815460393667398
0.0169560054711782
0.0050804510720816
0.00530483940349614
-0.00402088546583968
0.00424533150407957
-0.0419865723217451
-0.052561822090657
-0.0516953635000616
-0.0295459653979259
-0.0136962839297995
-0.00469622241133378
0.00803534866167356
0.0109928450875432
0.0034216551807174
0.0064147699956054
0.0047489099153718
-0.0152123623091476
-0.0322622961361755
-0.0274270231038811
-0.0197516441359791
-0.00841688810997052
0.00593890486838092
0.019135163348275
-0.00538119602469339
-0.0153105648177416
-0.0330609817199762
-0.0354832295193518
-0.0357066517971263
-0.0262724747664799
-0.0288080886208139
-0.0298944679519036
-0.0114082843144102
-0.00622147101781625
-0.0108795223866238
-0.0110422158355425
-0.0137837333130461
-0.0127688606662337
-0.0107984953373773
-0.0109080121180275
-0.0122433920246989
-0.014628607538346
-0.0187967223040419
-0.0261751426869284
-0.0260703151505685
-0.0102450886061037
-0.0174341238534366
-0.0133426901893482
0.00575198637659181
0.00226123703603903
0.00587002842793149
-0.00250589580151643
-0.00688034653271051
-0.0089114722196236
-0.0151703840674276
-0.0283532612331756
-0.0306009501502008
-0.0243091799302568
-0.0157397792657807
-0.0146505673209623
-0.000427398108915813
0.0102881553840822
0.00381931044732412
-0.00306834246850971
-0.00609134631276238
-0.0197850302466033
-0.0338722666126653
-0.0324858869390116
-0.0290504463520018
-0.0207702451420402
0.00228650018126297
0.0112146527961225
0.00411568880138177
0.0149198934034763
0.0182363754352298
0.000882962190668279
-0.00175356250046677
0.00335343946165507
0.00155516282269883
0.00283828854701966
0.00273531302071201
0.00288073556009121
0.00325565447165456
0.00162973770953119
-0.00173858529962139
-0.00223891524648655
-0.000800358682752292
-0.000806714955118632
0.000251797334940843
0.00425454420318132
0.00520412992196921
0.0023511011684371
0.0025850438928945
0.00122982289518242
0.00137237099414161
0.000852080880460564
-0.000134097098224406
-0.00122705238964197
0.00372791182832105
0.00392636137632553
0.00274261799627819
0.00672288052260809
0.00510431535553697
-0.00103871392923013
0.00269872782653858
0.00365515682305021
-0.000571818509242821
-0.00856948992397627
-0.0126547072823743
-0.00779548750045853
-0.00564074288966281
0.00487392112082934
-0.0110003153402171
-0.00625224726134396
-0.00701149598931433
-0.00799855269406322
-0.0122797204098718
-0.00671190080026891
-0.000870195511677705
-0.00293774643540948
0.00238181805052595
6.00309902030595e-05
-0.00177811103455028
-0.000778082808985267
-0.0049730581253603
-0.0152551006510084
-0.0051518276156201
0.0022066823058496
0.00995677884589587
0.005976364127762
0.00744214844624199
0.0077447203094973
0.00676684955261051
0.00466817968954423
0.000580162817063037
0.00102204938233511
0.00235445622504861
-0.000159728901921863
-0.00552533128890932
-0.00187563017770693
0.00328448573660027
0.00928724702838051
0.0126390588995636
0.000272369383717355
-0.00012790341185019
0.0206201617344177
0.0250776121630205
0.0250615909373641
0.0230693291574587
0.00926310194464699
-0.00176829337472484
0.0125094028166458
0.0213512323689586
0.0224669697079847
0.012917012861757
0.0189399042295959
0.00100610381739779
-0.00363814748807673
0.00471248835721832
0.00931591226865051
0.00556846047026263
0.00805453045690002
0.00860683733935486
-0.00689344099290452
0.00415482819606302
0.00589944019338913
0.00484279484122893
0.00628850710693366
0.00467243173119246
-0.00090188624484263
-0.000774381337618309
0.00329629893307294
-0.0130144113181552
-0.0467959016393628
-0.0654782478480708
-0.0856629605803111
-0.0564843305054691
-0.0515260244780711
-0.017955012512325
-0.0119961307958713
0.00210824195263383
-0.000596254833311791
-0.00437049088180315
-0.0010869552563227
-0.00723264738913424
-0.0141774191102534
-0.00934604258780638
-0.00529446767745817
-0.00279666582888372
0.00398835411593859
0.0103057292033612
0.00597258267028199
0.00033217586199174
-6.80182784953019e-05
-0.00598112975719045
-0.0133052276697481
-0.00709551084427526
0.00290192823492367
0.00410558608909184
0.00325850691491564
0.00456632317384466
0.00537741534115805
0.00774445235820366
0.00114187851413092
0.0116316809756017
0.0119953322819607
-0.00292525588144876
-0.0028277153094733
0.000104226019345788
-0.00151134367147124
0.0034523206008906
0.0182335011857044
0.0117764915212821
0.0084191021676549
0.00867346547279234
0.00724282371937635
-0.000183972272987995
-0.00405582884648724
-0.0023848470173049
-0.00191216536334011
-0.0015623486076861
0.00352837830234078
0.00926902582976525
0.00851161703314683
0.00661202913551281
0.00505554200107687
-0.000295858963374208
-0.00688889728678803
-0.00750829956911914
-0.000826673420054195
0.000539403241228268
0.00219639012187629
-0.00734821450397075
-0.00550827278969997
-0.00114755972432296
-0.00496561808719078
0.00292341230587377
-0.000410249576012494
-0.0127590693298205
-0.0204856962880308
-0.00917820905225974
-0.0115395997834992
-0.0119632170299554
-0.00617479187950866
-0.00739637640238737
-0.0125774032210926
-0.010053979365808
-0.00711523952651117
-0.0109599855601725
-0.0116667608425258
-0.0103679269467694
-0.0123876134031196
-0.0121330874734842
-0.00804692017322624
0.00558802903662818
0.00921302190558241
0.00748568772505867
0.0146783155686476
0.00635809720313054
-0.0109166525695702
-0.0158863978269718
-0.00698244272408529
0.00257947880756479
0.0110645122621933
0.0280825329962166
0.0143509868291309
-0.00384982644258661
-0.00428108052094749
-0.00432144383103468
-0.0103250708006416
-0.0127692922873201
-0.00783704727904039
-0.00670655389315564
-0.0058479106107688
0.00322425486208239
0.00929852827668582
0.00608568501720696
0.0095408595104133
0.0118132496137031
-0.000908034543720757
-0.00312694409451248
0.000971938431013032
-0.00248600124803322
-0.00824172543401533
-0.0121291990674633
-0.0124787346511708
-0.00525309286377586
0.00198836138053882
0.00168547272335977
-0.00423149510516294
-0.0114549783986674
-0.00288623138180977
0.0063247532246365
0.000782288048575787
0.0010097801704749
0.00387167233022135
0.0038593207825597
-0.00309224493489573
-0.00332445959238339
-0.000617459282321626
-0.00319220421630909
-0.00990981572148127
-0.0119103050872396
-0.00379930946941202
0.000270109477793655
-0.00500383782735182
-0.00360332173083056
0.0070525624343124
0.00915102305501761
0.00696514242877936
0.00511708505648666
0.002899804276196
-0.00669434478331582
-0.00773335976302385
-0.00569159113628043
-0.00469104693574096
-0.00885554733024237
-0.0109223733351468
-0.00492491572672401
0.00352056125574136
-0.0113162713787814
-0.0180758143851506
-0.0299496004611799
-0.0386162384678875
-0.0363465974848419
-0.041255662303483
-0.0297820541609322
-0.02027814179191
0.00435508599153479
-0.00718593484946149
-0.00122930801064563
0.00466079515022357
0.00189403685964179
-0.00262280231537871
-0.00524747544413209
-0.00571521911158898
-0.00370115628261023
0.00209010606570515
0.000477684126283984
0.00056361070377684
0.00532088524698012
0.00250727307313712
-0.00482716949210034
-0.0037550509803108
-0.0115015116429978
-0.00966424481206562
-0.00941455756049591
-0.00154527318813568
0.00103823201103972
-0.000103021464696075
0.00259716610069301
0.00530135020820054
-0.00258657143543676
-0.00463299116422839
-0.00720065016807531
-0.00788512902572028
-0.0164393560608633
-0.021230162589731
-0.0399456465390566
-0.0367052041853091
-0.0328012325549022
-0.0145785325442658
0.00117121268339174
0.0080261838071142
0.0220101346113934
0.0180695506102292
0.00619164297740653
0.0176314643357281
6.15143198565934e-05
0.0014839967652785
-0.00521067768640021
-0.0173784627692002
-0.0237366919104499
-0.0221690457605873
-0.0187885521568105
-0.0202034206988266
-0.0122448362923686
0.000168447577103122
0.00102324060284466
-0.00139848607484705
0.00115840471217947
-0.00300908020395815
-0.0184148705344367
-0.0192706670754873
-0.0266432534629408
-0.0211324631853238
-0.0121016813847284
-0.0153131860945584
-0.00644476590415963
-0.00395691976288118
-0.00184439935298286
0.00100462370967252
-0.00291967667268753
-0.00515891818674482
0.000732019381337328
-0.00288668520281058
-0.00566380050065707
-0.00410667523390251
-0.00625264614629472
-0.00739229319035356
-0.0046727354573351
0.00417014312446155
0.00768873604001188
0.00523963898854431
0.00715389672531612
0.0010860050058021
-0.00799841864114099
-0.00991671725316377
-0.010811190396982
-0.00773520140457703
-0.0010255765602474
0.00353207395428717
0.00590273156557903
0.00107041530120773
0.0025100354580547
-0.000435791093480343
-0.0024316200365303
-0.00466017746884532
-0.00564769737355644
-0.00643781235186324
-0.00749680098050932
-0.00549236100701065
-0.00256130456242072
-0.00184937575020276
-0.000916886927424286
0.00289887422363082
-0.000581628768237527
-0.00382268323589431
-0.00979112631629071
-0.0154646382985877
-0.0214747077128119
-0.0142875122985302
-0.00937955743972546
-0.0066176427510052
-0.000753293273121543
0.00327349093167456
-6.59623424089533e-05
-0.00290114150190878
-0.00407814521161109
-0.00306833901480307
-0.00528611370044986
-0.00695322215852514
-0.00834818234716892
-0.00778234324997083
-0.00694972547230223
-0.00719762475063732
-0.00451861472394232
-0.00185550412784358
8.08159582528209e-05
0.000157152255267395
0.000508777722010652
-0.00101952921051771
-0.00705897629955974
-0.0112724867798907
-0.00385058299472573
-0.0043822155551131
-0.00194732380811547
0.00206446109306845
0.00578165650810085
0.00332966651540145
0.000664776204950508
0.000474356277164374
0.000686155272567089
0.000314434101747373
0.00330565354958366
0.00126205749037588
-0.00402979647801264
-0.00942718792419371
-0.0125494798258887
-0.0146344768096767
-0.0215436153584482
-0.0131081621591146
-0.00756822656786094
-0.00758380663902208
-0.005515785591799
-0.00338334906523112
-0.00166338954798028
-0.00425172990981086
-0.00798756973231945
-0.00695478343607946
-0.0081528866826256
-0.00854959565905901
-0.00530760268501716
-0.00368036550381853
-0.00162335916323171
-0.000365348038565078
-0.000306447977058498
-0.00141404128682044
-0.00807175249084911
-0.00711694504413946
-0.0103833187581827
-0.00912212737088989
-0.00761701985646418
-0.00498401019080271
-0.0022622915017315
-0.00568837480279928
-0.00381783842604606
-0.00295287991625313
-0.0068940252525595
-0.0133533775313185
-0.0157706684997447
-0.0166384804339158
-0.0196053664837664
-0.0124663836643709
-0.0164517672390175
-0.0204872223242395
-0.0215433813914631
-0.0226406909700214
-0.0291148188207231
-0.0362738762392678
-0.0278520661463535
-0.0507070909517881
-0.0457428148276711
-0.0397239694687184
-0.0333257605130157
-0.0342096719550932
-0.0244259321960203
-0.0206178948894775
-0.0249982880522095
-0.0332789664785063
-0.0375116308816104
-0.040275885274246
-0.0432436710573414
-0.0436723729138632
-0.0356999156161324
-0.0220562210717485
-0.0176877476267516
-0.0102470387783769
-0.00717521433611711
-0.014945320474644
-0.0230040789538632
-0.0269062732333365
-0.0316956474745567
-0.0344499828015585
-0.0285850093304637
-0.0185939191248016
-0.0165377544180819
-0.0136997482191693
-0.00917818515581818
-0.00837196374230214
-0.0117306777303899
-0.00893948278202351
-0.00740033865135664
-0.00856267450124798
-0.0103351773417198
-0.0100783601716954
-0.0104805168994496
-0.0111430597096416
-0.0105520112235219
-0.00753303944321243
-0.00574017065111645
-0.00420195810945025
-0.00400634023998835
-0.0011544838607004
-0.00218098778410285
-0.00189538923332283
-0.00303934173118623
-0.00559825840785298
-0.00840534397262429
-0.00985449343275179
-0.00960362572311584
-0.00737445482012536
-0.00536044118809641
-0.00307078140381296
-0.000715464802552991
0.000409093630513197
-0.000811744976259818
-0.00390807651285706
-0.00713008677533216
-0.0100331551425158
-0.011794113393723
-0.0106725154658387
-0.00861106050465805
-0.00714017857070411
-0.00490831688471404
-0.00273147090952319
-0.00283813447001668
-0.0058788046948504
-0.00580246162423597
-0.00914663525069277
-0.0128172163062145
-0.0107878327786562
-0.010352463864768
-0.00879114835016006
-0.00919289092359904
-0.00815519790574602
-0.00812702047770079
-0.00851334293872352
-0.00851334293872351
-0.00851334293872352
-0.00851334293872352
-0.00851334293872352
