-0.999644216625451
-0.999644216625452
-0.999601841917305
-0.984683666495014
-0.949629717089625
-0.976305339671706
-0.877546043241241
-0.750643943980585
-0.73887578092005
-0.766118174570652
-0.719069170436192
-0.749053189554033
-0.862729510875502
-0.87923353281975
-0.843625099848949
-0.854919042846878
-0.77304469799157
-0.624316935505143
-0.533549081537087
-0.473314089987691
-0.369392245338103
-0.339276508063573
-0.367171322588735
-0.329852362728108
-0.292918436295892
-0.319205567255334
-0.289049319020236
-0.207238564791262
-0.172141915313322
-0.151145414780257
-0.115965404903412
-0.111950670844471
-0.159963455419207
-0.178606389794661
-0.182813664630007
-0.213983471173868
-0.208342809010631
-0.163372844103446
-0.172921333741986
-0.182996137802674
-0.139287273187986
-0.104259883893891
-0.182778352205949
-0.185535694294298
-0.165746285394097
-0.154293524418656
-0.153932919039263
-0.131639549492677
-0.113469841432928
-0.112550701572154
-0.0889327853663577
-0.0764845724066018
-0.110878894762479
-0.0981593680190368
-0.114128798797383
-0.153931818611983
-0.151322781339321
-0.14957179139013
-0.168794744892576
-0.183450249241248
-0.165845892256096
-0.146826673683803
-0.144358622238776
-0.134626678935454
-0.122879349970131
-0.147146705535825
-0.187718706189272
-0.199385094228516
-0.216523878249696
-0.243669685041515
-0.246579528374645
-0.218613761198535
-0.202973055953463
-0.190418891674221
-0.161075442398585
-0.143103410042664
-0.16233136165557
-0.169392695294097
-0.19047029492651
-0.186792590996943
-0.191712870620316
-0.180908311018814
-0.180415713339555
-0.180415713339556
-0.180415713339555
-0.180415713339555
-0.180415713339556
-0.164207523865534
-0.162874000114257
-0.149709447366979
-0.137202903335391
-0.17548078063672
-0.114812596683293
-0.0834200529084489
-0.0646548916582984
-0.0472941341659183
-0.00961928197482358
-0.0273510743318326
-0.0808462322099752
-0.0949204183505185
-0.0964162005361063
-0.124963850660706
-0.121779946706344
-0.0637458810439638
-0.0315406046689939
-0.0336004859362411
-0.0191734377001084
-0.0393251153339699
-0.0693952090244566
-0.0714098200906142
-0.0731912281189658
-0.058401509037554
-0.0447323437803067
-0.0103959288831739
0.00340351811054079
-0.000425970116879776
0.00132597671721404
0.0101986788558004
-0.0178392858652038
-0.0505568272648463
-0.038063990769416
-0.0366033494806563
-0.0356144433531287
0.00412200109009948
0.00896166908156131
-0.0246956563214623
-0.0408045302267332
-0.0606949825301906
-0.0945488426125999
-0.0796043154430572
-0.0357249994607997
-0.0190252068522742
-0.00951078888094625
0.0272962430033048
0.0521211978485971
0.00783536653158302
-0.0254790137899362
-0.0184215921629099
-0.0477830257653611
-0.0795492167709982
-0.0496244784581232
-0.0299508874333514
-0.0647891614457464
-0.0337046661989081
-0.0567101042620749
-0.0391862638219742
-0.0458923596967709
-0.0580119515671796
-0.0624083228300031
-0.057815892675595
-0.0535410699659003
-0.0502752807336599
-0.0436633424042913
-0.0403839284495548
-0.0511648092373752
-0.0576668449520432
-0.0581765320962988
-0.0758544627295849
-0.115253160562821
-0.135103943156248
-0.122113004166099
-0.0956718879972319
-0.0932913763971489
-0.0813716117133638
-0.0583740235811737
-0.0510025105749407
-0.0260363542328372
0.00298081058544089
-0.0232275613867248
-0.0530273589615999
-0.0425943199027519
-0.0507095190162061
-0.0898215132780262
-0.081396307299281
-0.0576023892028417
-0.058183324403409
-0.0650137196620054
-0.0443001305002828
-0.0186171160792652
-0.0526894436489247
-0.0560272703518936
-0.0336820005955215
-0.0016508194777265
0.0114804122642798
0.0237209542597598
0.0329241982688086
0.015360777047065
0.0102674782297518
-0.0144307860319909
-0.0154365982647568
-0.0167291768601403
-0.013504386433881
-0.0139153881309776
-0.00977742029278992
-0.0115144326953325
-0.00361727091023746
0.00169496734328172
0.00326685038179886
-0.00560952282063799
-0.00875571680501483
-0.00990362621377851
-0.0351938333168919
-0.0467619221942153
-0.0357183103769838
-0.0236512615914855
-0.00942199598595761
-0.00579308425475733
0.0199792918707548
0.0262286668810302
0.0167006307628113
-0.0115258118043585
-0.0126023901569042
-0.0476221410796391
-0.0869779040316599
-0.0963602781963177
-0.0789521126020345
-0.0785635299928224
-0.0775508214365195
-0.0556849281215162
-0.0434526802779272
-0.0404119954456547
-0.0216349231673836
-0.0238691586045796
0.00892643051632935
-0.00303703062177904
-0.0139523096766151
-0.00930188492199517
-0.0185259251314917
-0.0572730122223734
-0.0292747024898378
-0.0406383829722155
-0.0802497088251547
-0.0546275091797657
0.00149859337485056
0.0178891434042799
0.0145830252374146
0.0237999421197502
0.0201679877004406
0.00236886234179323
-0.0122449350690272
-0.00438326978382113
0.00202691821941397
-0.00170185272426314
0.0129306489109612
0.0354235993850892
0.0246909019728152
0.0147567370312135
0.0100364695493828
0.00812741771704766
-0.00684581360889202
0.0072444794485012
0.0165594830166054
-0.000858634432864297
-0.0202125432843553
-0.0114760528132839
0.0154857929233602
0.015049534793994
-0.00970265526474007
0.018377639448571
0.00659827623780873
-0.0466511208044966
-0.0493644304946023
-0.0520980708049741
-0.0583270884726237
-0.0534224710528541
-0.0437526306476054
-0.0375510805880904
-0.0249847472916133
-0.0284427269567291
-0.0338144109067351
-0.0743059349506711
-0.0603494037409719
-0.0226147229648825
-0.00423156299325303
-0.00382384031915247
-0.0134319422100085
-0.0155658534537792
-0.0272218436087058
-0.0408243273884632
-0.042062293519002
-0.0374003278675221
-0.0463419772836635
-0.0405487971443897
-0.0137177717443994
-0.00430437236183722
-0.0120720532980239
-0.0292909445370022
-0.0206667887083283
-0.0325694996770605
-0.0562309125081384
-0.0486433518459592
-0.0194935554765648
-0.0164625466088281
-0.019324968025643
-0.0126527330762267
-0.00546999832891554
0.00138542983235891
-0.0104506680017671
-0.0236208161371968
-0.0202256588213675
-0.082173581727769
-0.109266870721771
-0.0885318506883959
-0.0765030880939009
-0.067102530362397
-0.0388373847698455
-0.0215784057801436
-0.0378584587843287
-0.0522478416953879
-0.0422651655862684
-0.07600060663516
-0.0954177039364941
-0.0872072915853211
-0.0469594516512796
-0.032461423086314
-0.0233782310609432
-0.032598691599869
-0.0427151797195863
-0.0333857471818717
-0.0846421091989098
-0.0864713424177014
-0.0727920475736232
-0.0681848688012981
-0.0528339570202912
-0.0337808133054366
-0.0158730466478115
-0.0126119332943082
-0.000752595919126332
0.000948884335127881
-0.00846703178696803
-0.0144802384657437
-0.0120834008886288
-0.0168529796674593
-0.0168972983274752
-0.00338074729448466
0.00816042938762195
0.00611157714159583
0.0089856117605763
0.0137950602208821
0.00878256820531066
-0.0121768343236408
-0.0176706320804002
-0.0163046703480486
-0.0103674685290528
-0.0214675326774983
-0.0475540402437871
-0.0212020789866819
-0.020989175655021
-0.0348009050257767
-0.0313592015068757
-0.0162493726371061
-0.0216954822618002
-0.0189320575171012
-0.0109929522961014
-0.0176952328926024
-0.0254921958945386
-0.0252670288583519
-0.0266948317872587
-0.0387069299618781
-0.0384445335660376
-0.0271714070990296
-0.023007198458916
-0.0209323606189618
-0.0169207434248895
-0.019765555345249
-0.0259133382042751
-0.0290013551350309
-0.0281525666687743
-0.0344550959756614
-0.043679493168345
-0.0450082812367016
-0.0317809694869721
-0.0287906967813681
-0.0371023468111391
-0.00327174771104582
-0.00742694860822333
-0.00708042808553153
0.000161772216061799
0.00324762779016308
0.00520067209623422
0.00446414640181835
0.00441772609112233
-0.00158157215363891
-0.00355185843043957
-0.000122802401011783
0.00140914297354602
-0.000313428293562928
0.00289195482758268
0.00857757620282256
0.00741942601787128
0.00432022875201492
0.0121379901355748
0.00124790608459326
-0.00722278535172529
-0.0105689921243616
-0.00727367867904737
-0.0267256913851451
-0.0254949022812026
-0.00257203488508604
-0.00335137895336721
-0.00388927859436469
0.00117751511914275
0.014583738778336
0.0113847986357507
0.00672933176387166
0.00237812519360484
-0.00177597041334654
-0.0146618463613229
-0.0156890974542393
-0.00560110291800063
-0.00160047908275458
-0.00208374431833998
0.00394481874996771
0.00572659931127292
-0.00360900752697369
-0.0104229767153222
-0.0110630988313431
-0.0161375118741777
-0.0131098780347666
0.0207154572854828
0.011895357580024
0.00913958607625382
0.00901365128794454
0.0141731376178845
0.0120800829206589
0.00944039360668662
0.0102342899372536
0.00900304327048414
0.00987117144753562
0.00405669414086157
-0.0130676368723925
-0.0267114585887583
-0.0215566665616951
-0.0128070295472503
-0.00288751640059912
0.000118670702013343
-0.00457219967052095
-0.0017927692757633
-0.00150014764643393
-0.00108210949219841
-0.000970542418899796
-0.00170094688414919
-0.00456285933404353
-0.00386307516890136
-0.000707096501381474
0.00106125113549368
0.000973366627053122
-0.000856767438635688
-0.00121691858012633
-5.54520303699762e-05
0.000424740616754879
0.000966891146614682
0.000837578750537167
0.00197722807922619
0.00124451232785519
0.00650724727347515
-0.00384042866078124
0.00337826162551913
0.00174884974939381
0.00301196686868248
-0.0013597206697989
0.00561731663363981
0.00731509136587803
-0.0021394728489747
0.00982331698323152
0.00580329645512549
0.000475433634688834
0.00146027057024361
0.00488672039939101
0.00363375576421415
-0.00182378018211977
-0.00502809008142682
-0.00820929410038391
-0.00792867440871494
0.00254018830314148
0.00229523855494889
0.00237920668490784
0.00297254932898278
0.00237679030237092
-0.000196901686993999
-0.000513822818811102
0.00366472602774628
0.00322283945928183
-0.00153139333310883
0.000139425427509381
-0.00219698124056369
-0.00316012295132854
-9.15806371552881e-05
0.00419426738818201
0.0043692714252378
0.00271457894827324
0.00238566351320129
0.00302884244055198
0.0160420718702632
0.00346641100791734
-0.00627474048929725
-0.00626870423410864
-0.000722045836609185
6.14437984879294e-05
0.00253613640424802
0.00213591842773522
-0.00259087077818516
-0.00232007428865882
-0.00188054592492916
0.000413201868058445
-0.00334927212383913
0.000839539839182308
-9.28134142228965e-05
-0.0081199976322608
-0.00899155860516837
-0.0265519211828603
-0.0133483303837398
-0.0113363965033587
-0.0116692480669733
-0.00456657327310059
-0.00319859092159508
-0.00520765862003247
-0.0109641843830028
-0.00591148461595409
-0.00266292046581299
-0.00127374321031744
-0.00546189403709802
-0.00727028192701381
-0.00914988001838415
-0.00771011996162392
-0.0028123255309183
-0.0032859984554641
0.00408126676185225
0.00623074094636858
0.00101574613462382
0.00417248516576319
0.00715952600802384
0.00628698796029994
0.0100356462152589
0.0103829302360432
0.00473529746067628
0.00272100709176353
0.00180014519990559
0.000304114127364958
0.000555309648674214
0.00200317214078672
0.00474293674622034
0.0207770190976512
0.0276252940138735
0.016015608608758
0.0127986287849514
0.0115894379862137
0.00416056829615113
-0.000880301927361918
-0.00110212555585899
-0.00358429873028082
-0.00394663643388812
0.00279122270852707
0.0119818712367367
0.00991639787151506
0.00342502589189343
0.00488982311689562
-0.00292687932730017
8.46530723650773e-05
-0.00708341458864382
-0.00482200091982077
0.00261392525029608
0.00126194389687959
0.00108395745207777
2.88428440842043e-05
-0.00058020909292868
-0.000463627830501613
-3.29302668889192e-05
-0.000322866306470613
-0.00102038019203453
0.00025274302546538
-0.0014526067109405
-0.000931506358363166
0.000525045065829591
0.00308300929487288
0.00316375553021945
0.00132020209954616
0.00187670976497357
0.00108155527306206
-0.00267060368260804
-0.00239362614357494
-0.000996693603087812
-0.00510108333605968
-0.00378294927732512
-0.00177783449919045
0.00343792559843232
0.00962120262782065
-0.0127896797705994
-0.0109343732977305
-0.0048131284024367
0.00489326871092265
0.00380457506407269
0.00735194509557014
0.00229474563218939
-0.00817997930687024
-0.011710202730437
-0.00774920936253238
-0.00728010040068239
-0.00723768360330047
0.00456039568437396
0.00820449090048166
0.00368920498351827
0.00134997630657798
5.45159781376141e-05
-0.0129570563900336
-0.0240704047331747
-0.0279871519100854
-0.018802996229492
-0.0106632073642457
-0.00994865011516037
-0.00168017705317954
-0.00385842183187589
0.000657228224496598
0.000879295549429763
0.00305982724857109
-0.00362535502657271
0.0018073089482012
0.00161785713310119
0.000527338826312103
0.00211042581846896
0.00346490012199215
-0.00126547992161925
-0.00134035880467677
-0.000503209441949161
-0.00100720262911183
-0.00124689477794879
0.000483746916092475
0.000466062422466698
-0.00262257986303984
-0.00297502958537477
-0.00393109705694412
-0.000893956729399877
-0.00272984897207194
-0.00129543737942408
0.000763485705786858
-0.000815393354461002
0.00264882321518807
0.00588266740943563
0.00622960042265652
0.00416964765791474
0.00755419643184237
0.00570696600977497
0.0103215801448397
0.00981235251281215
0.00708134407357799
0.00778552509870181
0.00485566479036139
0.00480474116881844
-0.000960351888885052
0.0014270426157075
0.00500925392378622
-0.0126586097388133
-0.0248339755593544
-0.0270657993754011
-0.0232989034797574
-0.0279883243434557
-0.0146568193468327
0.00325261241323479
-0.00386566007309273
-0.000625656022858148
0.00562396550687918
0.00536378739499614
0.00317255355410098
0.00347527464753309
0.0029493850749826
-0.00564286686127789
-0.00692806067551023
-0.00461759247960477
-0.00119559415645245
0.00189246863312867
0.00105461156103253
0.00475674411675116
0.00317699482029722
0.00320365800599033
0.00153877279627675
0.00101534972796835
-0.00104355939822004
-0.00116198016479163
0.000533169523557222
-0.00405776841948603
-0.00451855220650099
-0.000130546677519686
0.00159736548527862
0.000612443885963463
0.00146972256846402
0.00237751101895781
0.00374514476403176
0.000242152612302965
-0.000816229483235522
0.000256503502516461
-0.000599570111655638
-0.00158972449509652
0.0016042110405805
0.000968762796254898
0.00539454633923817
0.00126920535331353
0.000376541745976896
-0.00029031250510829
0.00299963102112598
0.00109399837915848
0.00186834783002169
0.00241703725836908
-0.000144729656076079
-0.00459893015123929
-0.00547698223392492
-0.00733205248861037
-0.00901597775349047
-0.00608676265381089
-0.00787420939971798
-0.00572792873508464
-0.00507964506183937
-0.00390402798272367
-0.00334382363266822
-0.00423630355503782
-0.00373967159086867
-0.00362236961220454
-0.0032811339947479
-0.00211432833158919
-0.000270997523680389
0.0020579954966872
0.00145976042161778
0.000591281847332845
0.00162388391597142
0.00872636423037724
0.00445038128869047
0.0098969813057204
0.00741723062834064
0.00727729733125662
0.00611661089983334
0.00509301233569144
0.00148462466672048
-0.000237154304338249
-0.000322272478325583
-0.00256580510408247
-0.00127739941590539
0.00234027915033822
0.00086253577024656
0.00433053252650594
0.00350061606819325
0.00154100037742717
-0.00102903468189149
-0.00354547060574814
-0.00256280606829236
-0.00132886802436444
0.00367813204492615
0.00924812586736721
0.00923330121111841
0.00694209526309279
0.00635339144894362
0.00352197562719038
0.00419811604265393
0.00508167930799144
0.0068942514956248
0.00380553824716271
0.00254101984698086
0.00209475794082926
0.00173618039038167
0.00136758069217854
0.00293906870149776
0.00330606347234519
-0.0088368700136299
0.00222824214184483
-0.0156714231054671
-0.0200231259210129
-0.0368824911735129
-0.0195788871438109
-0.013466931786209
-0.00456886716803311
-0.00155991245704839
0.00518017419325614
0.00152326375821839
-0.00599825760210388
-0.00577803370329311
-0.00857423716842119
-0.00939066872633936
-0.00999163462919008
-0.00131969720924917
0.00135280441234046
0.00019826705505243
-0.00071874553355224
0.000181330839591186
-0.000269163797328051
0.000608984676807041
-0.000544353702061845
-0.00398879975674744
-0.000783835601304263
-0.00279612099478317
-0.0029816715203473
-0.00457095850049537
-0.00278724029990439
-0.00953445860455446
-0.0126507439676614
-0.0100135613494447
-0.00669057482962015
-0.00915894243217358
-0.00465477511915266
-0.00378758404950671
-0.00790251790168403
0.00249685404514876
0.00672572138876778
-0.00142450859822696
-0.0013243099717307
-0.00409442364393855
-0.0127059116339771
-0.0229319925828234
-0.0211785007396358
-0.0209154846020565
-0.0194743163525347
-0.00926109129706039
-0.00431982070745211
-0.00211310208179927
-8.42715547575455e-05
0.00262755782032306
0.00235088181390989
-0.00357302857579904
-0.00551372728571455
-0.00910459000279539
-0.0029650331639653
-0.00429141346221866
-0.000221196342165503
0.000537622912241651
-0.00037204278205686
-0.00177149945999414
0.00123150123368839
-0.00310225805311359
-0.00156028421400234
-0.00043275700504032
-0.0017034726116623
-0.00474949411815657
-0.00192608076314764
0.000356263206941755
-0.000504648522347256
0.000472518112635181
0.00134355102152643
0.00516144059557858
0.00409432940165608
0.0062996055890419
0.00573532862653321
0.00237518580530092
0.000494532897798051
-0.000321813094797512
-0.000330922236241463
-0.000267301156921436
0.0020900090209624
0.00237011646631421
0.00196976090780901
0.00339279000058033
0.00468248672582672
0.00403747084347052
0.00283514007009693
0.00208073683248813
0.00112976656476789
-8.73760368725056e-06
-0.000132388289985447
0.000417265489244386
0.00142208204732718
0.00203290798101838
0.000462329612533845
-0.000572722826171236
-0.00194753773255298
-0.00643255197286267
-0.00812976114214319
-0.00569444225991383
-0.0033198292356549
-0.0010057056512414
-0.000966074559281931
4.70103726850392e-05
7.93835955195042e-05
-0.000746821204231786
-0.00289371591983166
-0.00481580995846141
-0.00594768977923566
-0.006614877336675
-0.00380419438273069
-0.00151400684949408
-0.000307210615546342
-0.00140387913522387
-0.000658842518201974
0.00284234204379704
0.0011754108828712
-0.00094846260581022
-0.00180847097962741
-0.00378085564877927
-0.00484072554195713
-0.0030168674558112
-0.00164140412684828
-0.000193579704340551
2.10267750139909e-05
0.00015292369918221
0.000674266709053695
0.00154097093197681
0.00238462607363824
0.00244369459729764
0.00206100100840622
0.00141062182818436
-0.000453675758420102
0.000376209013087591
-0.000289382280890971
-0.00132201475114576
-0.0039899601937539
-0.0037640901751718
-0.00329424299015268
-0.00371276198132652
-0.00146253411951043
0.0013419471840118
0.000180764155719496
0.00137508671539984
0.000557808823127738
-0.000939107404049153
-0.00196974550292338
-0.00195030772584409
-0.00126783646894532
-0.00116525039882323
-0.000782663254313159
0.000361526983374319
0.000503911158501674
-0.000493911048260745
-0.000900542780813823
-0.000976603015246547
-0.00201029641955145
-0.00312014424799914
-0.00241723803245468
-0.0014428158501063
-0.00145527924789291
-0.00204127045647881
-0.00278544124905128
-0.00497691565453476
-0.00465481898034051
-0.00379392712246983
-0.00606999886161198
-0.00673048238728956
-0.00381476128806028
-0.00332750776209626
-0.00223793311317354
-0.00186911583187688
-0.00250411124203228
-0.00291857073329782
-0.00263186242890578
-0.00287252600582447
-0.00316601460645902
-0.00274186626977143
-0.00237259803558752
-0.00233192243912437
-0.00189056667581287
-0.00144178561035675
-0.00160796564633035
-0.00206652159944116
-0.00214094739688727
-0.00288422737417491
-0.00384934862931353
-0.00338549413821346
-0.00244076905471806
-0.00293562748076912
-0.00282649429437403
-0.00241084491286689
-0.00166416381608246
-0.00138993193563675
-0.00231344774482202
-0.00160982716436486
-0.00143519787556948
-0.000460640611107494
-0.00177247618591782
-0.00252502699565794
-0.00217053853904742
-0.00165128624857869
-0.00209105703147472
-0.00249814283767111
-0.00180171844048011
-0.00125968620301725
-0.00163439772285669
-0.00163007016469805
-0.00108177279394234
-0.00163832190690078
-0.00256457389678731
-0.00224905809131967
-0.00164291418400496
-0.00184802565204817
-0.00173299492089831
-0.00083352331003008
-0.000249674233447642
-0.00116322354489431
-0.0016488235380403
-0.00244200632065824
-0.00370360420428297
-0.00410781049049637
-0.00447766218118632
-0.00526248830721507
-0.00616374418080375
-0.00592226766002608
-0.00404706078073835
-0.00441642334266856
-0.00558386350680519
-0.00709183638116914
-0.00641492176489228
-0.00636876617063891
-0.00670616947557005
-0.00700851916517732
-0.00726186335693053
-0.00757208131059937
-0.00761903886788542
-0.00712451567374536
-0.00655034398673609
-0.00557611228020315
-0.00511893985310511
-0.00462601179012528
-0.00438161079866153
-0.00418586565162955
-0.00411068630824555
-0.00381583990247153
-0.00369222016006852
-0.00397538880847087
-0.00500367780857058
-0.00508110021513137
-0.00527723682296834
-0.00493278100106154
-0.00499439384776223
-0.00481056747436573
-0.00221881565367752
-0.00185134750799929
-0.00194038253292465
-0.00254679656588165
-0.00457685814795643
-0.00589448554238575
-0.0060556150463602
-0.0054898446265439
-0.00458407485734093
-0.0030403110552165
-0.00135906690523539
-0.000781133830970421
-0.00124142320656013
-0.00177660965451596
-0.00216411813067713
-0.00391999866559957
-0.00438858663201929
-0.0033778709883734
-0.00283830052452647
-0.00234096590865045
-0.00148288186304395
-0.000714010138291286
-0.00140830912245438
-0.00209249042907023
-0.00245827392896742
-0.003134421896033
-0.00399251251356477
-0.00454550293107202
-0.00475833897908575
-0.00432715681381207
-0.00432715681381207
-0.00432715681381207
-0.00432715681381207
