-0.977471246883769
-0.969583415836588
-0.996349098476735
-1.0208641519969
-0.954943799802188
-0.770952221364655
-0.612366452268128
-0.507616522727014
-0.369531379891335
-0.31262692421814
-0.403639957467898
-0.488520819241047
-0.519745231684797
-0.573562488174341
-0.623531625477679
-0.5651832782546
-0.448794501360482
-0.387528609528467
-0.325435512857591
-0.248423660571945
-0.269240103178571
-0.377731738649958
-0.443355316513008
-0.48482435625351
-0.554502573007965
-0.555410490974569
-0.453758620359218
-0.368061935041457
-0.321095902434348
-0.258436267657022
-0.246954180999892
-0.320964633419182
-0.426147286973098
-0.452665993171951
-0.569866503854553
-0.572621028876842
-0.603123127260851
-0.597142576636907
-0.567029640600936
-0.509311016862114
-0.44629036682318
-0.413680673033364
-0.371046947096304
-0.372114801164315
-0.400974788121553
-0.42242512973195
-0.431463009009947
-0.443593013015467
-0.468615202623561
-0.474919954849135
-0.398865654623099
-0.365033258621182
-0.329078322261897
-0.29476895353994
-0.288083210509205
-0.333051602407168
-0.365839527252216
-0.364869673551506
-0.356168528049696
-0.346608650613713
-0.294104244020179
-0.217943064454872
-0.177525143514447
-0.168194258025814
-0.146464415601834
-0.171306909194011
-0.233855402562619
-0.284179731270933
-0.286406331128995
-0.284182735260188
-0.239413781528088
-0.185557935261905
-0.147738347516966
-0.153992546338189
-0.115604411339388
-0.0813736818630943
-0.132706555126957
-0.141227600562274
-0.124034274502228
-0.129107076222542
-0.14712321974788
-0.140078940610959
-0.146786898738469
-0.16082854331022
-0.162301490209653
-0.181384918801987
-0.155764272887103
-0.188547222553021
-0.11027807930935
-0.0855081199747871
-0.101836969221414
-0.0805427652250759
-0.0633633392600179
-0.0691714257750616
-0.0606826210502956
-0.0266737076884301
-0.045332749321175
-0.0508483328899356
-0.035887575486633
-0.0579333459943765
-0.0837490668197596
-0.0778658114675215
-0.0684701322312413
-0.0682153116967309
-0.0420663610514103
0.00229282684308197
-0.00599895943824555
0.0106455492136968
0.0522739425362057
0.0544969229904583
0.00471961993685882
-0.0190730259372496
-0.0338563753439395
-0.0411223713749803
-0.0530829938260369
-0.0209621587749746
-0.0170900375751166
-0.0281812225704622
-0.00360098955259441
0.00283776276908561
-0.00674254353219837
-0.0106610794760963
-0.00673060688712318
-0.0112492081386341
-0.000650126787432821
0.010477948627213
0.0144621215267333
3.02745804510313e-05
0.00910124108223306
0.0301286962750904
0.0188339672545493
0.00496464473978554
0.0110946053965119
0.00687711463017594
-0.0287320142861668
-0.0342334490283907
-0.0179825355023568
-0.00789946015624075
-0.0207729735087019
-0.0318128800997905
-0.0451311106826034
-0.0611160850637645
-0.0777582450060745
-0.0698557735368757
-0.0516774846658168
-0.0315439494043834
-0.0190899686680786
-0.00818200455698833
-0.0308837349073322
-0.0354300634248822
-0.0264847249679403
-0.022074195230678
-0.0180218968506864
-0.014279994376929
-0.00895118153173632
-0.00702941994272467
-0.0156915315912942
-0.00173478395351599
0.0137808959106332
0.00246538001408887
-0.0160471048140958
0.000938418813439592
0.00433317491913245
-0.00805542276701446
-0.00457488171523061
-0.0101028608634665
-0.00963722038232401
-0.007841011248438
-0.00462931500318979
-0.00201358786027736
-0.00183590304870551
-0.00302922115027685
-0.00354947415391269
-0.00505213677502309
-0.00980681144450481
-0.0113406532292245
-0.0108394700884796
-0.00417748077892824
-0.00791976959370489
-0.00726417208191448
-0.00582381645013846
-0.000786159001892663
-0.00849744108953076
-0.00359314086091704
-0.00673027150160381
-0.00936212153316967
-0.0127613916622709
-0.00450451396919613
-0.0296052698351743
-0.0160624078349764
-0.0108701699178791
-0.0135938086141093
-0.0115352729328099
-0.0202016035233044
-0.0178874933672427
-0.00601392647098697
-0.000258267815652477
0.00205041541606268
0.00799262984605701
0.0072521840731585
-0.00086079039657521
-0.00533276471020283
-0.00590063705686959
-0.00678822940138445
-0.00244266625377414
0.00475900328531207
0.00330456896505018
0.00206996929598338
0.00456336493779329
0.00482065735144485
0.00426814159899213
0.0103752226304225
0.0104945871534878
0.014263100414488
-0.00958510397877514
0.00163942366244484
0.00944800370174479
0.0228699892817621
0.031484426629515
0.0229568302008214
0.032675098620953
0.0408900975200018
0.0372464588832866
0.016043462938151
-0.00124391867302894
0.0154420520521181
0.0195435975148318
0.0223889289307747
0.0328733023671122
0.0329925404839561
0.0257731782466032
0.0256817078395793
0.0292071888673691
0.0248628390924006
0.0152797318760032
0.0151577315554272
0.0186702038483301
0.014089338595347
0.0052794711604465
-0.00929686984361203
-0.0202642652574239
-0.0215526024476529
-0.0310138432848029
-0.00129680633022953
0.0158854090689864
0.0191768364322979
0.0214833752771079
0.0309205611725784
0.00487139483800313
-0.0256730804761876
-0.0209986965505079
-0.0157348247197954
-0.0104221133487243
-0.010859819161705
0.00375656247525998
0.0199363698928441
0.0103252739943647
-0.0243497423743872
-0.00872148930337025
-0.0059243924266491
-0.000123652450535138
0.0108991263126392
0.0134260571096493
0.00873084318411717
0.00754877835739201
0.0068939388270792
0.030782999228588
-0.00402814359969022
-0.0085748052311505
-0.0205764743614866
-0.0228439269599664
0.00679145127536692
0.0129053338549401
0.00275828576906469
0.0120757902878825
0.0113319241070997
0.0032260961490829
-0.00703883958644272
-0.00343380943656747
-0.00688517448775588
-0.0144474228296142
-0.000536967711487562
0.00488944060766597
0.000220040092386268
-0.00537065936212703
-0.00385007480743361
-0.00545871799062434
-0.00324803345599618
0.00577803451525257
0.0146561735808008
0.010042384953354
0.00334805654335701
-0.000442565995368936
0.000102991518668477
0.00239803546336341
0.00225535582093602
0.00512190321836072
0.00243582348238975
-0.000640549683674474
0.00223934715633037
0.00470093243348991
-0.0045403821321169
0.00258345851749864
0.000749550342006425
0.00288112265575539
-0.00576355609894227
0.00253550652765731
0.000142222252595949
0.00103793594848198
-0.000555318255451291
-0.00607682517855076
-0.00360412832993899
-0.0120107301885282
-0.017582591740156
-0.0163232507634108
-0.0175055807872045
-0.0101577052241848
-0.0158171362950449
-0.00667858417720518
-0.0121854173069625
-0.02723578003823
-0.0297601482416732
-0.0318544214473943
-0.0378282759229399
-0.0303284125475682
-0.0125690301270323
-0.0114640617490834
-0.00969190007892826
-0.0222559150985909
-0.0251862702556567
-0.0210268641195996
-0.0460296446164241
-0.0283687202164843
-0.0139561200543187
-0.0154391618552107
-0.0157806146346945
-0.0395087464779547
-0.012314677757766
-0.0128507573291788
-0.0217165282519801
-0.0145257219351867
-0.0144056093754903
-0.0130702203136537
-0.00882262359640426
0.00113129886050087
-0.0126632141996036
-0.0196153498554164
-0.0266580475923954
-0.0341546650448294
-0.0355794807945654
-0.0356641643059718
-0.0301506494884112
-0.0206881648439407
-0.01616091025791
-0.0145338025016433
-0.0080409471341805
-0.0119188750902718
-0.0262908892021695
-0.0293042865202635
-0.0321323311499322
-0.0391529001351417
-0.0446728345380149
-0.034729047537562
-0.0231163299291174
-0.0211922813498427
-0.0118934290983343
-0.0110263241666423
-0.00558272877551812
-0.00915232947477415
-0.0231832789574683
-0.00224435321757598
0.0115070810996548
0.0227957897664406
0.00806223206671865
-0.0473959026192246
-0.0366127121478861
-0.0208250008472079
-0.0328406565705898
-0.018908861467804
0.00531229080454556
0.0032328556316822
-0.0106224255013821
-0.00149556601814664
-0.00715194943628856
-0.0164904920571977
-0.00750436277692828
0.00157275619103388
-0.00239403412341833
0.00180610346662199
0.00870326731626885
0.00728802002299496
-0.000870965623717096
-0.00158216923391459
-0.0064462692752163
-0.015542920502276
-0.0229319001678232
-0.0192442004901413
-0.0113584846589079
-0.00435337485137689
0.0031945441125866
0.0111467030126524
0.0251457681101806
0.0152422699537116
0.0166085998007706
0.0220608867598512
0.000111124221986206
-0.025361951985267
-0.00666715519024915
0.00329254286740001
-0.00722716633896915
-0.00346177625270618
-0.00206157206631149
-0.00155368710466587
-0.00252244130813528
-0.00462261990206511
-0.00295155181334142
-0.00435414251441867
-0.00264511740038561
-0.000529662646786173
-0.000126360132397618
-0.000332302749400869
-0.000766915611570255
-0.00206375041218683
-0.00337983259727748
4.67269690957329e-05
-0.00690379532564536
0.00599380695687707
0.00381568013957306
0.00698960588394807
0.0124105232878164
0.00551168701522521
-0.00294807164584052
-0.00190487228950413
0.00844174196888687
0.00118329031140348
0.005572258915821
0.0104432969778688
-0.000216186223521252
-0.0073552941836104
0.00354723904814344
0.0070427891056524
0.000212407223052793
-0.00219834676269292
-0.00195504852595259
-0.000899357750755633
0.000157483669111341
-0.000324709439512484
-0.00083614983558065
-0.00203344609444947
0.00723850616890789
0.00929741496612674
0.00986063755136047
0.0165273649919235
0.0191053219347426
0.0147202906693959
0.0115156263575585
0.0144157567425999
0.0109342542417851
0.0146909863435563
0.0135973325678192
0.0251611565235777
0.0151607022456368
0.0147620252810661
0.0152866038713837
0.0211590815153479
0.00111915999371179
0.00249451325296732
0.00826934866145895
0.00172152989443327
-0.00506550599709667
-0.00141037462958016
-0.0104701006931718
-0.0141137261949757
-0.0149979971609882
-0.0189826879734078
-0.0183459499735026
-0.0102926239966173
-0.00616465216469985
-0.00530481090297992
0.00342349375672574
0.00294114246333326
-0.00182531375606566
-0.00203072053168069
-0.00289133641471234
-0.00906388045008153
-0.0183425085535758
-0.00498344434495375
-0.0148103103364682
-0.0142066021176559
-0.00732935746278827
-0.000580951725509863
0.00159585483585341
-0.00523391687264589
-0.00562364541723748
0.00602097033091742
0.00653663564255951
0.00705429900279184
0.013929735313266
0.011624027297971
0.0096864550080435
0.00917942657173126
0.0135918116992622
0.0035263282338058
0.00772203651264241
0.00380826527614377
0.00538406300996232
0.00838454970366528
0.0101595580856183
0.00715142204854765
0.0112807735186612
0.000558156141421812
0.00190453474441892
0.000254903326931003
-0.000422727458466016
-0.00302292828165771
-0.00537791689170455
-0.00218040763873543
-0.00449689034420481
-0.0250327898951039
-0.00352024194341926
-0.00909370978220614
-0.00427645308273555
-0.0115238973136674
-0.00897128363878075
-0.000856195026323617
-0.00394701355056217
-0.000200905709711013
0.00920979693174743
0.0155903596401147
-0.00317487420986784
-0.012881769163958
-0.0160234708878294
-0.0106672370179913
-0.0303629080568492
-0.0348520854128325
-0.0201179761910157
0.0161540790768537
0.0115985057742103
-0.00300553507586471
-0.0146562536843993
-0.0106009078983483
-0.0111830311311959
-0.0120215675516993
-0.0110465591088403
-0.0122547701449644
-0.0164735040740311
-0.0187545938452789
-0.0181985413515341
-0.0173966393397544
-0.0154926918013095
-0.0127710265277465
-0.00984428233343392
-0.00979957559019601
-0.0104362858522316
-0.00961589858912835
-0.0117635027988204
-0.0156877164953099
-0.0149685860564798
-0.0134519975632378
-0.0124927134056577
-0.0108525434012381
-0.00741413990067184
-0.00726200735025365
-0.00960191670100564
-0.00773757290977554
-0.00430511198434531
-0.00307677926238085
-0.00820061859957853
-0.00366024462834518
0.000539309008595866
0.000199671563939196
-0.00114141368914618
-0.00245338566670054
-0.00181474653228963
-0.00176965564608158
-0.0024796427446713
0.000715698305321321
0.00598355439866592
0.00964947907059827
0.00981741083580497
0.00859956668999289
0.00967272185413993
0.00640819931056472
-0.000305595049804184
0.000236947970216709
-0.00119547548799148
-0.00861821069356492
-0.00928551032924434
-0.0020097786668154
0.000953716825861955
0.00494293835274345
0.00888272868157506
0.0088617347752699
0.00763453791636714
0.0101498585039509
0.00606779592854806
-0.00557202771987831
-0.0117817577077494
-0.0064190016666296
-0.000437928270559034
0.000461226900209671
-0.00131144250788931
0.0023399461748796
0.00262246237087
0.00536818489475997
0.00864166110633629
0.0129985250142848
0.00891724664511459
0.00128035188035185
0.0215079181759379
0.0154485661922368
0.0183119998894088
0.0153456934972455
0.00651968389387057
0.00533499673112926
0.00256046868508536
-0.00332160385244298
-0.00294389954253479
0.00520327086683669
0.00675913905175778
0.00700929936669805
0.0053144896480033
-0.00453471282207175
0.00227249702071058
0.00391957389887725
0.00501149590016661
0.00393241006452236
0.00225373583791582
0.00117066952243865
0.00457677791052826
0.00660678115140116
-0.00221156466741652
0.00152645516788746
0.00393263068872451
0.00236249116955837
0.00255338645300016
0.00233675576416018
0.00264054145920102
0.00220952536746159
0.000523109070644833
-0.000483053189104345
-0.00370784559995277
-0.00395854085704988
0.00253287693347014
-0.000119644188224276
-0.000478739556028606
0.00230966897804019
0.00239952230710749
0.00561770414470364
0.0170997157628773
0.0196157110886903
0.0137945491213793
0.00749655779012627
0.00665412732877791
0.00155825762228903
-0.0030129707086499
0.0031218124031756
0.00941323257452417
0.0124724296699002
0.000240533660654465
-0.001897392179986
-0.000951532025897907
-0.00596929214521078
0.00191472880225436
0.00281409818693728
0.00791781303913845
0.00490430335471647
0.00486217203453451
0.00185103421047339
0.000576875161268571
-0.000187760243849159
0.000487891944083147
-0.000818316201336911
-0.00343939312169527
-0.00279739356296935
-0.00189529046714945
-0.00181789966223227
-0.00165052575095836
-0.00117493566679183
-0.00139736364365281
-0.002293039805578
-0.00306519618841421
-0.00243369058645306
0.00396729942178
0.0118598517083356
0.0137520682814264
0.0093105277051363
0.0137881668233704
0.0091491135816281
0.00683943745502582
0.000183541988961149
0.00141526212807007
0.00344058936248577
0.00549080852978445
0.00921963670155894
0.00405411375045486
-0.00525356810328968
0.000288366200535363
-0.00464383652228235
0.000146714738380588
0.00144234895531528
-0.00206844335046459
0.00195852280878956
0.00122641346776158
0.000571933477379025
-0.000475927739589403
-0.00301043628109353
0.00101175192512684
-0.00126170124158564
-0.00580710348314924
-0.00244010313377268
0.000798998536526982
0.00251324034973742
0.00318217855071149
0.000982322627590013
-0.000904495807576404
8.61168392313298e-05
-0.000187098518010049
-0.00137051865024523
0.00108637305241368
0.000377963272235613
9.51621201404065e-05
0.000156176443586522
-1.12442975896404e-05
0.00213161993347114
0.00365604696400132
0.0016419815227272
-0.000160466021628232
0.000642738774227994
0.00289746917842242
-0.00309944037618959
-0.00298678660761687
-0.011121286414329
-0.0194695743761162
-0.0278792032734728
-0.0235955047176407
-0.0169629829794571
-0.0163286412368188
-0.0168070575366293
-0.00857927320666851
-0.00697189633327869
-0.000840540004141408
0.00153216952657165
0.00208076643810493
0.0117901186331132
-0.00617887964358514
-9.72749768353614e-05
-0.00530223485667696
0.00131277181573228
0.00904464961398964
0.012430994423857
0.012689183731147
0.0140447981091259
0.010315941101363
0.0116834170487425
0.00441182705187361
-0.00197406412631457
-0.0194883982942238
-0.00588855739064557
0.00454946753306483
0.00384587006231791
0.00440410678477939
-0.00232073222125391
-0.00128610277621769
-0.00313785363509897
-0.000481289420420978
-0.000131709538170998
0.00218546085314884
0.00965167916187989
0.00921344865253841
0.00414134327452151
0.00402275785407907
0.00817748641267205
0.00418210583444908
-0.00276226108963578
-0.00558953625269179
-0.00721790577352016
-0.00976673240999677
-0.00628792957710477
-0.00183582000055684
-0.00841828326518206
-0.0022642756624991
-0.0113016916291065
-0.00900485006881723
-0.00455944229039882
-0.00162534691154025
-0.00186646960625327
-0.000464317913014278
-0.00615515108431771
-0.00428979341641975
0.000206149693951221
-0.000159037618130641
-0.000496612389850057
0.00188954251794713
-6.54048986700687e-05
-0.000461209735564209
-0.00252342440445034
-0.00489143603396927
-0.000516894455559582
-0.0104304092188181
-0.00891375024486191
-0.005505078160256
-0.000210314739192792
0.0009302653724106
-0.00361033572152624
-0.0069880793433809
-0.0109090432210858
-0.011081595659223
-0.00884513118876541
-0.0040081082193171
0.000930342226915904
0.00051189790386504
-0.00769251943220892
-0.0121616190110999
-0.0166809284112967
-0.0201152988316509
-0.0171337673719415
-0.0179598741801724
-0.00829303349915484
-0.0071220840591607
-0.00602968143536296
-0.00100862802962233
-0.00230967178057634
-0.00400730942100426
-0.00388097507204445
-0.00218700357580251
-0.00153568615685784
-0.00254169692368999
-0.00214808830849937
-0.00156411359582172
-0.00229401639353308
-0.0072001020879864
-0.00440431045750452
-0.00233799542440883
0.00136308663842092
0.000236333004790484
0.000326525354115946
-0.000128269145667834
-0.00130741165146032
-0.00408517717960308
-0.00474112716494515
-0.00413602558916113
-0.00500954145034171
-0.0108750402695064
-0.0199276314430732
-0.0277241202718397
-0.0243221086333655
-0.0280580652809081
-0.0197604395343471
-0.0136591356279714
0.00249343494808201
0.00762898162934062
0.00167413083663678
-0.000864745964505677
-0.00108457442506791
-0.005919159938765
-0.00650966208939383
-0.00611728600112649
-0.00446154303471173
-0.00536670436838015
-0.0034583510398625
-0.0160237379124232
-0.00818006428001692
-0.0022430359301725
-0.00293376681118111
-0.00708940611369581
-0.00627704008538157
-0.0014418121318994
-0.000126741692116443
3.08142368095148e-05
-0.000351151420930077
-0.00115804730796518
-0.00546393025515125
-0.00477173051232347
-0.00342254644392932
-0.00302154723828855
-0.00268558014223224
-0.000558314321885045
-0.00340599453384283
-0.00361499337435845
-0.00327117308384286
-0.00123516449106042
-0.000460631481808573
-0.000176387415063791
-0.000896938019556568
-0.00132056868233235
-0.00221414172772026
-0.00300040091036034
-0.0022875649693363
-0.00285101753705242
-0.000179973601683531
0.0135386568348126
-0.00265634652615231
-0.00542538886607914
-0.0049994355440834
-0.0132657573168438
-0.0228160244041969
-0.0163209515844138
-0.00889972432531147
-0.00754733453176279
-0.00395555376505413
0.00044120235690443
-0.00214561651369417
-0.0063771032324281
-0.00590696520922125
-0.00741904596557045
-0.0118841341856254
-0.0106615671727305
-0.00585099591547543
-0.00531117329166
-0.00653953965539498
-0.00439183893623523
-0.000791156566478881
-0.00140760844798773
-0.00190717562864088
-0.000945260333228705
-0.00139034522690592
-0.00262141089187815
-0.00200172233818298
-0.00087920115628554
-0.00207636522441362
-0.00316244421420937
-0.00401504616065232
-0.00204222429192471
-0.00074201455524747
-0.000168188579069445
0.00254946379567879
0.00445201177901609
0.00128476269244512
-0.000933882173222001
-0.00231675521865023
-0.0096399008454657
-0.00651137530744059
0.000352828844220845
0.00333382074609065
0.00182757674763972
0.00262223053657192
0.00552041197323482
0.00495310767062294
0.000411561625625275
-0.000122369327216668
-0.000524755362295516
0.000255849786245902
0.00067017538208193
0.00103743827214579
0.000714622757319631
0.000303724655385635
0.00087751196146132
0.00121793723915948
0.00107801138021747
0.0013611825122732
0.00213214153362277
0.00134113943922568
0.00110539267736787
0.00134664872035329
0.00100934876069546
-0.00013188901613368
0.00104495408924504
-0.00131267616871205
-0.0027746356033322
-0.00215618236291329
-0.000292030843527602
-0.00158537563741073
-0.00125823379216081
-1.60329126137069e-06
0.00124403363220054
0.00068947634783586
0.000826867341943233
0.00128353421900233
-0.000887078264644461
-0.00197712696516011
-0.0033008559785206
-0.00512766334343619
-0.00639263124769561
-0.00414684192840819
-0.00141618001024889
-0.000691473461209494
6.8947286046731e-05
0.0010968997187591
-0.00110864413888357
-0.0058406927819111
-0.00570333407065542
-0.00605330916106419
-0.0075601219731502
-0.00661265240235248
-0.00162961412540083
0.00156687743977927
-0.000251036226371493
-0.00158763416479846
-0.00276021703682783
-0.00670145850302676
-0.00607568992947913
-0.00490977583723272
-0.00412878609619041
-0.00349620361372436
-0.000555512557027935
0.000653115182038239
-0.00123575802197031
-0.00337021452884703
-0.00397330097311187
-0.00468695017322708
-0.00497132097365698
-0.00470120024951406
-0.00339535613569032
-0.00328104883197475
-0.00325729848449134
-0.00270600871925071
-0.00610096902071561
-0.0059516075816758
-0.00607741397655988
-0.00888651596274441
-0.00497149213855217
-0.00676119169943412
-0.00582872458353395
-0.0039804653521571
-0.00453575255758538
-0.0042662301122935
-0.00356308574418459
-0.0023843146127222
-0.001918376529156
-0.00168300563638848
-0.00121012163876743
-0.00107565477988907
-0.00129002037122571
-0.00122055871216024
-0.00106531767401428
-0.00176922719614355
-0.00277249794015782
-0.0029073275351311
-0.00192630667229614
-0.00339757153554861
-0.0019774596588886
-0.000969020865413756
-0.000410295099162096
-0.00121544486900212
-0.00238885572875429
-0.00298061232119448
-0.00271569499523326
-0.00233481143169133
-0.00166064261630828
-0.000861747553323409
-0.000680783848100156
-0.00154082033626299
-0.00251400620746671
-0.00274985163546605
-0.00434610415959514
-0.00483547713772305
-0.00314799651028414
-0.0017957988460927
-0.00196386661455404
