-0.903204030140422
-0.90107151496687
-0.91886850012877
-0.926073569571344
-0.904527202011096
-0.806706738902773
-0.775012729015198
-0.762016742021706
-0.667841388513351
-0.476462782266428
-0.386554094369537
-0.325187154109686
-0.240739017698583
-0.235477510873883
-0.317895993174843
-0.373961061529601
-0.383902127088124
-0.401461785169085
-0.391197257550214
-0.316526049114799
-0.240172336514464
-0.210106509892761
-0.189687314059368
-0.186019353363799
-0.230315177239537
-0.258255712244645
-0.25448721534639
-0.237765342781709
-0.235910877160191
-0.166832960552435
-0.107602421359209
-0.0916258728514318
-0.0974666460291486
-0.0965507165020618
-0.13913839368956
-0.115866812526006
-0.148226110390228
-0.156492326152844
-0.175432183793554
-0.199074148225647
-0.201833499435038
-0.234887930178313
-0.275734504312317
-0.265574620908455
-0.252529878743602
-0.250416327451187
-0.227606653012625
-0.188884347718581
-0.190279839308456
-0.189806272643331
-0.187494810235354
-0.204783672281935
-0.224693036076864
-0.208868945516569
-0.187951067987888
-0.182709358737891
-0.157914749540376
-0.148739809581634
-0.141800149146804
-0.178063029763951
-0.170903657404828
-0.190131140367475
-0.22019553589224
-0.208775024522595
-0.183152354509308
-0.147745173012264
-0.102564835073388
-0.1136011540889
-0.130003109895408
-0.131217062208331
-0.144365609661179
-0.18152678916685
-0.204017973765513
-0.197066230626849
-0.188996288120852
-0.167304367035239
-0.112424882240057
-0.0881163662611711
-0.0994631736802696
-0.103201899732345
-0.116321114594298
-0.162920503656767
-0.174770135810831
-0.167983312045278
-0.145661241640627
-0.150458696898127
-0.125973238621817
-0.0929686617594675
-0.0726045495580651
-0.060198892123865
-0.0616016144519999
-0.0581244271145034
-0.0980952693880486
-0.108806574843514
-0.103640940808083
-0.101240434955796
-0.104153712126
-0.13439978579857
-0.0913388624984755
-0.0168041263261176
-0.0179231211278725
0.00476163519360477
0.0389086831231906
0.0357927789799729
-0.00436464094718833
-0.0213482977778071
-0.0540681903483494
-0.0816977218392522
-0.0763309463184197
-0.0602044686916718
-0.0381678998269401
-0.0121809298286929
-0.00230977988052524
0.00218838187699699
-0.0129407356173968
-0.0505759401266772
-0.0820529706205186
-0.0936892240887039
-0.10964094573866
-0.100720021781855
-0.0569367642218593
-0.03950263995892
-0.0161722752528809
0.0160348540833293
0.0212725347996271
-0.0223639288484818
-0.0306507766412882
-0.0357593702711127
-0.055055244701991
-0.0868596851488772
-0.105901220614909
-0.116249592930239
-0.0971645036109376
-0.0756751799656416
-0.0742187320520237
-0.0471547310769445
-0.0658327518199247
-0.0547658876194425
-0.0759891116322484
-0.0894672527017554
-0.0728915245119114
-0.0730203315360779
-0.0988672248651389
-0.0991094466128434
-0.0940168286766819
-0.0929975094198041
-0.0629333280057214
-0.022923532748332
-0.0214125463830733
-0.0418191621147005
-0.035604039397708
-0.0679791691187584
-0.120933238001823
-0.115920081791946
-0.100067534178705
-0.0838900893665876
-0.0728352318269693
-0.0198757750712235
0.00174906041075827
-0.00381648828799414
0.0069364982106895
0.00277747662935469
-0.0475438331198065
-0.052820153175447
-0.0453742091451285
-0.0492739566548145
-0.0329627418771181
0.00185815459078736
0.0135949382983508
0.0120211331119832
0.017133538429003
0.0150871628258738
-0.00376264889564832
-0.0209341387295877
-0.0210642359838132
-0.0194186454531276
-0.0268271105115959
-0.0189899593525186
-0.0100370130034777
0.00173709307692831
-0.00118877811884862
-0.00226887175889925
-0.0109116097499749
-0.00997963681127844
-0.00888667036809474
-0.0278981951821742
-0.0567871976257607
-0.00791830696924784
-0.0104974244664804
-0.0116268370394791
-0.00493924579311777
0.0100593895865711
0.0132895637698639
0.0151177856228912
0.0208071176221849
0.0220147919755079
0.0276848547072911
0.0380093493299916
0.00721573624122104
-0.00239501213653368
-0.000935954747499142
-0.00526533964822471
0.00950709081729227
0.00964350549108929
0.00929259184234109
-0.00160419469621107
0.00499411593560724
0.0036514433025747
-7.90115354866081e-05
-0.00613582347748602
-0.00107852605272643
-0.00953706198492368
-0.0183439917229743
-0.0203305998346297
-0.0603324792693482
-0.0555373134069087
-0.0318431631677559
-0.0100522334767679
-0.000877581211361386
-0.0023783822917111
-0.00586451303823658
-0.0128004234397398
-0.0201755062198717
-0.0188411685046826
-0.00571382518781143
0.00379154300248098
0.0120129098648856
0.0155600393032335
0.0163218227099385
-0.00349111996202555
-0.0212843527799595
-0.0282121106392587
-0.0350812114890922
-0.0471298819630649
-0.0283962399876454
-0.0266186266809699
-0.0335195938132174
-0.028200061688402
-0.0173319981948105
-0.0204158932248562
-0.0277448938984179
-0.0269366338602704
-0.0276970379946837
-0.0363133743192786
-0.0314827311867157
-0.0272142984409146
-0.0338057164466786
-0.0377813137662221
-0.0402934412945782
-0.0421226351090385
-0.026035817621841
-0.0230616004012649
-0.0233520650568717
-0.0168910306256099
-0.015379859918127
-0.0223859941310651
-0.0301546873371808
-0.0207488077508653
-0.0295871559062301
-0.0233043994950286
0.00180580475425416
0.00439427332080075
-0.000244647222885172
0.00068458267138491
-0.00518845321046909
-0.00292888232134017
-0.00317194265954114
-0.00454244404828588
-0.00545070536397554
-0.00962988700878842
-0.0107095839614464
0.00105976496772083
-0.00772992629649946
-0.00182000539703197
0.0179840794950269
0.021993499017704
0.0245952637641828
0.0247317795901964
0.016435434065246
0.0135099753126584
0.00963125339917025
0.00813669252917765
0.00131117489063394
-0.000371784463491632
0.000509863872437225
0.00762994942014626
-0.00577035642234059
-0.00343896377597063
-0.00255210881242394
-0.00614340164577463
-0.00412178722517882
0.000883399494591475
0.00163711767299922
0.000527480908141661
0.00147874867375174
0.00288124570059836
0.0024358905098142
0.0043428666053618
0.00770570249258216
0.00753008995824748
0.016379605590983
-0.000807964352091095
-0.00109660628461359
-0.000802831429044605
-0.000622558377874493
0.00561237062408378
0.00361326999171432
0.00524712438817004
0.00798511479126177
0.00101099381734439
0.0212827886268607
-0.0059006958913598
-0.0171757610726449
-0.0180531161187127
-0.0090713317627497
-0.002112993680632
-0.00835853591090371
-0.00375820513077197
-0.0033231972318534
-0.00373129948803257
0.00271760807990746
0.00794611059319567
0.00331439498798321
0.00384972839148239
0.00262738004330853
-0.00881874716844294
-0.0143217674178523
-0.0163575886235601
-0.0119135975916257
-0.0172439833558438
-0.0298603486145198
-0.022216243459673
-0.00581020111194574
-0.00339593240692615
0.0202418492298864
0.00275194819040403
0.0289407681636229
-3.75424253913278e-05
-0.00391625795595598
-0.00439228524408267
-0.0114986756242327
-0.0302330299442994
-0.0203025489038956
-0.0048565496647161
0.00258250342037064
0.00780624181872633
0.0252411203376302
0.0199551582437562
0.012841822589165
0.0246694460767841
0.0312335605161778
0.0220955610166974
-0.0189525923010732
0.0119531048437905
0.000111663434033617
-0.00962835261669916
-0.00758167302798532
-0.00167578377283209
-0.000859181456233236
0.00204847841474857
0.000374129939106987
0.00891665286704822
0.007545849183295
0.0078241802438734
0.00654097130615736
-0.000542380733531063
-0.000549065735996435
0.00136799181925454
0.000172725286978076
-0.00121420043706615
0.00337192393641025
0.00818293065542107
0.0048984597809734
0.00804409163838959
0.00393759074346543
0.00888962072239346
0.000467481162010048
-0.00290845724232992
-0.00364792186434959
-0.00458916322176759
-0.0056853892889922
-0.00311935411240436
-0.00400972463944526
6.91334579133469e-05
0.00502908435194223
-0.000394098987556523
-0.00791212491846572
-0.00758166507046674
-0.00735689161846243
-0.0167066559764811
0.00277786271944282
-0.00749205288897737
0.000482143302841572
0.00420421188449339
0.0112811723137308
0.00750128594132992
0.000667814596337475
0.00534365322344854
0.00766948231977873
0.0102141032334251
0.0251494193757199
0.0362990608390879
0.0321582837673181
0.0196710502443811
0.0231400172569334
0.0233867522773565
-0.000348688968406499
-0.00725005310043487
-0.00560008946933123
0.00300702264543893
0.00356728209262255
0.00356507155515637
0.00355234098562968
0.00489360661218755
0.00680483316694519
0.0061405204371183
0.00442243667080476
0.00441143049826377
0.00399165089013055
0.00106937584403805
5.05906440843914e-05
0.00203864507145657
0.0020827386121314
0.00190946357228368
0.00405989771615922
0.00564632172687915
0.00373861654668944
0.00102636347380298
-0.00322219011929041
-0.00740652358011581
-0.0270927415580749
-0.0224635987724412
-0.0248197594577552
-0.0294018894786932
-0.0140367133843357
-0.0119387845261549
-0.00624430030881728
-0.00841980080865336
0.000178428564064246
0.00385375473764702
0.00599090292056677
0.00306091171931803
0.00054359862674751
0.00044443308593651
0.00126084423049059
0.00162303861431186
0.00183643150244454
0.00275546120944294
0.0158220853950471
0.00299317049323128
0.00725648335857487
0.00179206744293154
0.00367089575069537
0.00567277398843469
0.0271214246657677
0.00604621343253884
0.00670193738171963
0.00275618881560569
-0.00410320081879991
-0.0076553094058993
-0.0169168087543016
-0.0106769626956673
-0.00568888717642481
-0.0039303106401649
-0.00432669385665584
-0.00431767911470283
-0.00260663912415783
-0.00115609313286586
-0.00664226012706985
-0.0118742075332614
-0.0128289927999604
-0.00646382216449842
-0.0174757541019014
-0.0072721597770066
-0.00753219441004204
-0.0164907275748113
-0.0169535733283694
-0.011927656830483
-0.00780332327041205
-0.0139761668213035
-0.0160298672418368
-0.00226874445317615
0.000125606625521496
-0.00188222483610547
0.00173445333589295
-0.00458337548484148
-0.0142555486229255
-0.0138243595356171
-0.0171941830705584
-0.0201950499850565
-0.0208555386818947
-0.00939516439926467
0.00198216251595155
-0.00301106782768942
-0.00307727466102827
0.00186140913451785
-0.00557403669827484
-0.00760646473677391
0.0038502144216806
0.00935548279225689
0.000556207941441758
0.000574639108926247
0.00134558023999675
-0.0046346843761377
-0.0029196260214419
0.00246933950274418
0.00375425865104455
0.000830572878445789
-0.00114539975524077
-0.00387091667839588
0.00160225446703651
-0.000471676275012001
-0.0088061978968286
-0.0098732350539152
-0.00139561522483944
0.000695906072977523
-0.00332251796469673
0.002549234615791
0.000897529176073892
-0.00186168575399612
-0.00287703629088277
-0.00416901348673325
-0.00624244577002
-0.00609184324712776
-0.00540079438346455
-0.000344613104847876
0.00165473937745857
0.000576369752609791
0.00236574475928172
-0.0022553077260533
-0.00164408432480723
-0.00257009600443433
0.000236946274057797
0.00199980806772911
0.00202135555152669
-0.00370994929173406
-0.00558018841238867
-0.00764655501597276
-0.0133157679760483
-0.0136313867312145
-0.0106527118264153
-0.00278446222515059
0.001654002945881
0.000494350890872164
0.00157706487889258
0.000632574005317843
-0.00111042203456185
-0.00109099479265861
-0.00159456897056785
0.00259553404148076
-0.000508584392972228
0.00468114859609393
0.00675505023067544
0.00207244587781384
0.00120059643310805
0.00264617324631466
-0.00125603439412892
-0.00343870997120046
-0.0148814584250361
-0.0174991557626029
-0.00207630356282942
-0.00321776450311718
-0.00632565554879651
-0.0109946993400324
-0.0118913929672378
-0.00922787012528284
-0.00660559668981456
0.000704658717093576
2.928122572443e-05
0.00218344351152711
0.000901260568083923
-0.000256175847272261
0.000184704819619337
0.00075096033890571
-0.000942767080956661
0.000802090881319979
0.00577379943036794
0.00632704974584262
0.00546941399854168
0.00447893773378798
0.0110147101003689
0.0161702946650111
0.00480258004571177
-0.00122273226762874
-0.00218695584122643
-4.30804082494449e-05
4.0041335336255e-05
5.19539746816123e-05
0.00142196149073001
-0.000149339479580332
-0.000451548140367502
-0.00364632014917883
0.00618856522363706
-0.00304262957927396
-0.00613616193449575
-0.00441605718295235
-0.00153427431882479
0.00011198083071443
-0.00440773614083999
-0.0117755981000657
-0.0107006927246271
-0.00887159866901268
-0.0102031295005605
-0.00205548160523206
-0.00119430638382943
0.000202472210809336
-0.00142450480104698
-0.000816027093011933
0.00135538092826911
0.00245213571731383
0.000509363585387881
0.000259502437322337
0.00159248688149276
3.82390768416303e-05
-0.000202897236780636
-0.00154683179531917
0.00269159140283235
0.000612730043489993
0.000558302787237292
-0.000101742289320228
-0.00760705199462904
-0.00456877191501023
-0.00400538767559284
-0.00459928017372003
0.005952540491946
-0.00594641712179727
-0.00591937717153752
0.000503548153525146
0.00266984696383223
0.00259016394049314
-0.00442095735982396
0.00102617416543572
0.00415722135602267
0.00236608211599847
0.00125061541180165
0.000852812101751667
0.00158446222078025
0.00089501419841101
0.00914308184521664
0.0104531022775126
0.0124636197157655
0.00779204058357171
0.00798352346643859
0.00571358390502396
-0.00302436562306723
-0.00389289790455318
0.00264563573946762
4.8668992863047e-05
0.00595267603006419
0.0161510396337083
0.0165487769073459
0.00446858743105501
-0.00391537967799141
-0.00568911035032042
-0.00800719587544518
-0.00452173309100935
-0.00240360652842444
-0.00306124412588705
-0.00171446295838121
0.00169727011459108
0.00305389167312879
0.00277804186285614
0.0087669290978582
0.00615564624876148
0.00756014437226664
0.00227680507508361
0.00672460409413159
0.0120370940554342
0.00177399348979103
0.00382118965750196
0.0052586985379142
0.00373894595627393
-0.000202673582935417
-0.00140217138321778
-0.0024402771633122
-0.00209268335293243
-0.00178589299039181
-0.000360444941787054
-6.95956855509287e-05
-0.000396153848673177
-0.00245913593947963
0.000631032245834389
0.000877199962219523
-0.000473922829893281
-0.000759523450107715
0.00106616140119961
-0.00115033231151487
-0.00420654571047585
-0.00483739991514408
-0.0048789729684246
-0.00320584402557096
-0.000807599381476592
0.000736016648633333
-0.000264771686325965
-0.00410182151600988
-0.00230528248180778
-0.00132557476622064
-0.0083484925113299
-0.0101939753125176
-0.00553081308573087
9.98512822862315e-05
-0.000677422324669258
-0.00207770394149639
-0.00210702259017472
-0.00204454612300408
-0.000100696772741824
-0.00130820854974252
-0.00568020445311147
-0.00763223874413357
-0.00656733398743753
-0.00472406459689588
-0.00556434822689928
-0.000383934312527272
0.00275069403948291
0.00301857458770393
0.00922895462210483
0.00769542536317268
-0.000297535053761921
-0.00281621747212634
-0.000664483898345132
-0.000549847898441876
0.00253096888865359
0.00374384355766211
0.00232947559571137
0.00421258218279484
0.00572197114733996
0.00372579407983804
0.00380956655490235
0.0096592243635399
0.00768537248030008
0.00688598551481307
0.00524070624501471
0.00142638237095517
0.00112792855084194
0.00263354050868207
0.00301766945373982
0.00159245858843963
0.00385255675712099
0.00437488724295932
0.00299615135138338
0.00205266564069808
0.0050453107329974
0.010689290779641
0.00640276389839163
0.00186102367170398
0.00199515618903335
0.0027025481503779
0.000451747701516214
0.0037220111041454
0.00256195327056306
0.000670998640200675
-0.00384314680098411
-0.00503397571576567
-0.00325113120887524
-0.000131713373190724
0.000303023128681626
-0.000226975181915344
0.000209788890048686
-0.000147237229262431
-0.00569264936462926
-0.0059772635288198
-0.00488161713537612
-0.00414961088140051
-0.00277658578695953
-0.00253337020869251
-0.00100274361512379
0.000198441484945452
0.000348490803263107
0.00097993410339147
0.00255271148545349
-5.83363956492291e-05
0.000196904211628196
-0.000783975635206312
8.94674707089954e-05
-0.00247250753511472
-0.00661637291631432
0.00186042964451719
0.00241777530932855
0.00461247936809946
0.0100695451213397
0.00645486966270345
0.00126650342344004
-4.65306399884124e-05
-0.00235716778059587
-0.00833211265900924
-0.00664639064642817
-0.00228134552809705
0.00141529399848282
0.004284669706003
0.00643926557850824
0.00846783158468096
0.00895101641805685
0.00821676539942489
0.00737123862602277
0.00522496855073448
0.00259220747373821
0.00143318746650482
0.00105034790239773
-8.44378259314237e-05
-0.0026523727917269
-0.00260899900908987
-0.00569015949382685
-0.00207498830467679
-0.00531994874689848
-0.00442670443680437
-0.00234486250966558
-0.00138099021191136
-0.000448684962666474
0.00201713813881949
0.00207140587878748
-0.00402491595446118
0.00398766083063849
0.00925253879565705
0.00776056507879898
0.00643768952810521
0.00625834791258614
0.00443637515692741
-0.00162229656434919
-0.0033684076055787
-0.00521672013958462
-0.006048480160601
-0.00826992477761045
0.00344604058399906
0.00329074885893841
0.00152939235564597
0.00279850369457034
0.00272967539210133
-0.00325377655804175
-0.00717357981489559
-0.00391917109734517
-0.00159533779381791
-0.00116751492999409
0.00102232278676483
0.00196253184836527
0.00354137945917125
0.00264564375214929
0.00236035477135834
0.000978559651032436
-0.00228913595603872
-0.0036303538301601
-0.00351529226664098
-0.00306396774606071
-0.00289290166152279
-0.00201081742357473
0.00435823949074847
0.00410419559999607
0.00476929084233044
0.00654739143222283
0.00450724702251845
-0.00023675760085662
-0.000451709103681815
-0.000437006114557025
-0.00253758879505212
-0.00339658541764434
-0.00153536814010109
3.57941787650822e-05
0.000232787584865778
0.00139897140980663
0.00557494590017422
0.00353716050507751
0.000757951396512761
0.00222611623845414
0.00449285152556511
0.000774668968368098
0.000786654577007181
-5.16968832739014e-05
-0.00247517467689862
-0.00307741990208469
-0.000481412053331747
0.00116857550796961
0.000288527240790899
-0.00267674364981443
-0.0017624716963556
8.54557902739466e-05
7.39342466904919e-05
0.000782156936180802
0.00411275181531208
-0.0011502122079907
-0.00459669239340416
-0.00961757012765835
-0.0119938895706941
-0.00806756961781409
-0.0026072681587664
-0.000580522787563076
-0.00104397636919979
0.00180037298082977
-0.000713595200388526
-0.00508261641020899
-0.00570456215707986
-0.00261310349500265
-0.0127561794808103
-0.000879476590133818
-0.00374967195422729
-0.00386774495485022
-0.00274256300949608
-0.00413041529260502
-0.00220160861995023
-0.00193258063357498
-0.000524758886996551
0.000704419383035109
0.000662496617047953
0.00139827364723532
-0.00217007407931257
-0.0022434748167221
-0.00172346883619127
-0.00206671258645328
-0.00461139975406405
-0.00541989504289766
-0.00530891060382833
-0.00678122582995279
-0.00748017968025639
-0.00577853268873677
-0.00484746970082631
-0.0054535079335612
-0.00428101787154643
-0.00343121438354035
-0.0040530129500618
-0.0060302895890024
-0.000477441932698735
-0.00141607957985229
6.57922846208263e-05
0.000256679234881905
-0.00209501919321321
-0.000808757812793048
-0.00266902771231778
-0.00319778502007755
-0.00173745526432014
-0.000383990462126918
-0.00031900165414999
0.00011762530005307
0.000487973044457398
-0.000666057955415029
-0.00189829298884709
-0.00199200645424312
-0.00210922721005249
-0.00278706771970309
-0.00236989607686177
-0.00105699214742482
-0.000257001186149401
0.00112850809303174
0.00136411331988244
-0.000406036993615171
-0.00189027628284038
-0.00216253612906848
-0.00323737214536793
-0.0056039847406896
-0.00519591879585878
-0.00365683782418031
-0.00249790224209556
-0.000525697729626623
0.00102110545116453
0.000898297437180554
-0.00098719336446478
-0.00132792526438563
-0.0025277583081189
-0.00453520648417942
-0.00530919719689456
2.7524108064789e-05
-9.16698899122237e-06
0.000208051257361581
0.00040238021873302
-0.00151740255771763
-0.00624332380723652
-0.00833021268194287
-0.00901866839145686
-0.0106587488430867
-0.00658220292580385
-0.00748318808000358
-0.00290973690787607
-0.00421292763045218
-0.000139268215722804
0.000882909565144262
-0.000889169572613952
-0.00264198032147423
-0.00156818796635084
-0.00017976215206936
-0.000251683446287306
0.000743890677988248
0.00206895714283767
0.00106517808263653
-0.000984814522951845
-0.00106516525934305
-0.000804336973539672
-0.00149952754856408
-0.00172487728649279
-0.00298113049737157
-0.00247292426808427
-0.000327310062875453
0.00110869537078589
0.00036342122136787
4.37095095618322e-05
-0.0010006192014732
-0.00360931866065719
-0.00308913476593299
-0.0021923205309185
-0.00159705159605183
-0.000662141671303598
0.00106879084149858
7.41916552581205e-05
-0.00202488198610133
-0.00300243088583261
-0.00330655550128192
-0.00269160104932339
-0.00163318136246157
-0.00102548118870609
-0.000537746442744069
-4.72760379228571e-05
-0.00050071214310353
-0.00152551734795642
-0.00238196884982868
-0.00320929965548017
-0.0040284242398211
-0.00387282666553421
-0.00312959455458893
-0.00303585969874318
-0.0027323118174644
-0.0028551411572496
-0.00390267816744029
-0.00158929201526114
-0.00135420397763349
-0.00270984769465779
-0.00240461294922512
-0.0035222726650002
-0.00327033912357184
-0.00217673689648291
-0.000924312312746936
-0.000687832320280255
-0.000968831451952057
-0.00123074706661716
-0.00158763999212901
-0.00158949015601533
-0.00142422543306611
-0.00155071856661961
-0.00144457984860335
-0.000885795545323493
-0.000665236004125012
-0.000708348715287607
-0.000459917337752961
-0.000503084050984641
-0.00109433642486553
-0.00140700226033698
-0.000862394710400436
-0.00144950951139488
-0.00202055829682801
-0.000971701845831939
-0.000175404180888143
-1.82384125498321e-05
-3.18080855644349e-05
-3.18080855644349e-05
-3.18080855644355e-05
