-0.993206354169916
-0.993206354169917
-0.993206354169917
-0.993206354169918
-0.993206354169918
-0.993206354169919
-0.994104822386393
-0.991432027884498
-1.00594065602357
-0.96302896386763
-0.830469324855485
-0.749544782216801
-0.743222534920025
-0.725957779573735
-0.673893603660323
-0.696277219021909
-0.657123352667705
-0.464456585427649
-0.405346186694624
-0.4126599528143
-0.304660697888112
-0.201236350990954
-0.215139645148915
-0.215638014579324
-0.155206719222962
-0.198201384451242
-0.276684566479385
-0.232309246366338
-0.173556766947976
-0.204841533253518
-0.177738332306434
-0.0687717584879794
-0.0568341558693874
-0.115084736925853
-0.0960563457427385
-0.0883290000756513
-0.15901196137125
-0.19025478359259
-0.137588661380732
-0.107534748211961
-0.103493497344621
-0.0438128045087417
-0.00656231260534272
-0.0455622616384686
-0.06206419601735
-0.0754500264655227
-0.0964983222380161
-0.128309525816443
-0.196660025282542
-0.22657739695722
-0.234390635357984
-0.206535661641636
-0.167300917640097
-0.150494532396444
-0.160723644581923
-0.161745767245618
-0.166163225276593
-0.210558115252465
-0.257810697508732
-0.255465052439383
-0.235542324291962
-0.188880683142759
-0.125078777333674
-0.0491860696905433
-0.0360251278076718
-0.0659660465335833
-0.0842567052092954
-0.156518513330737
-0.239575351038857
-0.251801644780449
-0.170151653342587
-0.138843141537221
-0.134041387187906
-0.0905241018069424
-0.0513256171395887
-0.0729364423651684
-0.116010116543739
-0.101086579093007
-0.0836888838690492
-0.0991012965090268
-0.0639147565661978
-0.0336195915665756
-0.0223824574833442
-0.0271398691292059
-0.0322233385740924
-0.0305826069787383
-0.0800132160417681
-0.100610331843758
-0.107166226325203
-0.0689156589873314
-0.0577960157841823
-0.0490160116752377
-0.0273478957583059
-0.0417319815684561
-0.0857314803165033
-0.111726457271931
-0.132410395944827
-0.200497236819337
-0.190381765269327
-0.155791211357651
-0.150527157718234
-0.101693524932007
0.000816372277309907
0.0163333370092595
-0.0596647228706966
-0.0605773325134661
-0.0687297686732552
-0.123732504620013
-0.125252942894627
-0.0800412912327836
-0.10948319952045
-0.139670045307379
-0.108443364299053
-0.0327642314184754
-0.0235959417036364
-0.0183190844164804
-0.0103182963062086
-0.0436125493870452
-0.0971330556912683
-0.108377041215324
-0.104092144331081
-0.121882399253981
-0.111884236217536
-0.048365376212299
0.00569674850394004
-0.00834192358275784
-0.00619644173951302
-0.000613651120546184
-0.0427543456924328
-0.0984376567403882
-0.107453911483082
-0.100087027967092
-0.0923111677161606
-0.106554352995103
-0.0778257893924795
-0.0407470634700544
-0.0353346542265754
-0.0468312012035343
-0.0618768026724578
-0.0526459702687435
-0.056124888863558
-0.0886802053378342
-0.0869660224786813
-0.0457158378853394
-0.031944375467411
-0.035638072489785
-0.00282945599506714
0.00196725777013138
-0.0186182006717398
-0.0372863229642187
-0.0445190484633956
-0.0546445190586288
-0.071003552547264
-0.0582599012291405
-0.026017222448675
-0.0106190586796101
-0.0054697778295441
0.00598074970573836
0.00238146984195487
-0.0240592697256801
-0.0448236634887651
-0.0562531957635193
-0.0690311211832227
-0.0781471363367075
-0.0449483129415544
-0.0374340777594971
-0.0367652862073841
-0.0471110733107751
-0.0271966926909187
0.00138400871346564
-0.0130370797306774
-0.0409699575617073
-0.0963674762117291
-0.087315195964472
-0.0341370390262536
-0.0132453950227849
-0.0133266936829805
-0.018060327138804
-0.00292413775560329
-0.0115568025385962
-0.0249974353627173
-0.0197069422114089
-0.0308320973819317
-0.0210064351107027
-0.0302005099193755
-0.0287446474238606
-0.0187738375189864
-0.0174608608973932
-0.00588483773726414
0.00965162313761874
0.00578551323762553
-0.0135695998921248
-0.0258621141888695
-0.0312679787681576
-0.0447899262504945
-0.0527392723316113
-0.0361319507002388
-0.0184298620749895
-0.00779245290908012
0.0116832315996803
0.0121181922576307
0.00740416313935184
-0.013371854035889
-0.0277284737719782
-0.0493729093505263
-0.0448433522844258
-0.0320230160540993
-0.0140888349984375
-0.000423966676877746
0.0144146786614015
0.0170567622966155
0.00233172964811271
0.000229794312996003
0.015687283480183
-0.0103306242318133
0.00826599810753616
0.0306073285576921
0.0527724527436351
0.043874102964395
0.0418581765013188
0.0465582417896982
0.0287516096425913
0.00611280946893275
0.00585050085309158
0.0112263304384247
0.00629499714433122
0.0210259855744909
0.0450777949767281
0.0437510062041629
0.0303125560439776
0.0351139069820878
0.0242983564479077
-0.0114273828452063
-0.027700894025984
-0.00979731788825022
-0.0121483616154115
-0.0150089592280951
-0.00020684681478142
0.0193034292182841
0.0193662367781093
0.00395274649172621
0.00837015158305274
0.0106730896566672
0.00800533750570738
0.00216729255167922
0.00114161174425527
-0.00273497389209009
-0.00998919225647941
-0.00651593858778457
0.0450681512598361
0.0542796747946303
0.0480059661228074
0.0354565216614353
0.063906729361354
0.0281209381155624
0.00586727129278433
0.00415986661632479
-0.000483964881765163
-0.0146572758764386
-0.0185641675150262
0.00820752636136131
0.00568766218054513
0.000866201993840798
0.000523034898319414
0.0085838480415561
0.00757071494916313
0.007252816174394
-0.00547790062862448
-0.00983801991325475
-0.0123503243956392
-0.0186484434191746
-0.0161350454842201
-0.00867221969563177
-0.00978112621493745
-0.000386778445637717
0.00826884393773528
0.00727431425240259
0.00363830880691708
0.00187562727733531
-0.00271071844472807
-0.00272067863095389
-0.00439382450124931
-0.0038824651502503
0.000247733313248305
-0.00278461615921746
0.00131256043419405
0.00445495953742514
0.0126677879577422
0.0128631297697606
0.0149252038080502
0.0145479209576284
0.0113088349400447
0.00616871525782013
0.00345728141920659
0.00387541148198241
0.00422839032633232
0.00260262206396799
0.00947269045295186
0.00976793714182807
0.00822740925007047
0.00753281261271518
0.00660345762803719
0.00664980759976822
0.00558652886585329
0.00492023317516751
0.00513108123708826
0.00418099749682092
0.00169591787660789
0.000533475512228102
0.00378154297239654
0.0189746201647012
0.022279552225432
0.0101028010887534
0.00432065735096137
-0.000315147209668934
-0.00294990666155005
-0.00317205609825006
-0.00872231620048607
-0.00931640335023513
-0.00428825538278121
-0.00444135090689726
0.000420381064474697
-1.54993706074132e-05
-0.000661808414157111
0.0129084148490738
0.02626035758533
0.0144448025518402
0.0124564428165624
0.0208180712571643
0.013075386069035
0.0101269135672056
0.0146934686297853
0.0132077654512145
0.00789230392661092
0.010125562892708
0.0106792840293264
0.000526802808626094
-0.00633472291934258
-0.00819059670781313
-0.0104377500365924
-0.0125135846401938
-0.00169645795323265
0.00229067057405562
0.0105080527038879
0.0259858426722548
0.018356888900063
0.00188031546002053
0.000675400531520121
-0.00134611418893374
0.000965934328331034
0.000163351993200209
-0.000171181275490042
-0.000293619024542254
0.000311586762177152
-0.002326812564032
-0.000882164320597528
-0.000385616646574974
-0.000638131271513771
-0.000933764079825574
-0.0021536790062298
-0.00261147412028725
-0.00429447103618287
-0.00502191415739135
-0.00288524435036854
-0.00264402955406805
0.000273125826804527
-0.000564569880883583
0.000144729276291167
-0.00113172644576542
-0.00555930026468245
-0.0121431968015573
-0.0154313013925731
-0.0170734994086246
-0.0118245088022083
-0.00628134220276457
-0.000743399524941403
0.00206242468623083
-0.00734000431923185
-0.0126358592340983
-0.0129664809058831
-0.0132536345713381
-0.00865512024551868
-0.00152553356616705
-0.00104673111072464
-0.000580994500027002
-0.00223622940167273
9.68900227210686e-05
8.90097024633368e-05
0.00599985837886214
0.00136786941168686
-0.00442849474195135
-0.00710641952487086
-0.00610405481264182
-0.00347740307163593
-0.00543815162115321
-0.00793132349776428
-0.00548249540696428
-0.00224707108047785
0.000230366425378936
0.00187420466790013
0.00150777166069
0.00559882875130442
0.00852199930147197
0.00612215867361759
-0.00904750857267877
-0.00943281976629907
-0.00859424034646531
-0.0137207342367514
-0.0117545196534927
-0.0027949362158369
0.00258775463317936
-0.000383435333103859
-0.00247395663563533
-0.00364096575354741
0.00375794750559934
-0.0160821232483391
-0.0427324598979737
-0.0167291922783363
-0.00970638397927818
-0.00314878260495256
-0.00378483698423847
0.0075834831900037
0.0186193925518476
0.00653018817839229
0.00277263150263578
0.00439249869950571
-2.1313062439971e-05
-0.0106619985925094
-0.0118192510107803
-0.00381744793818868
-0.00378259231539201
-0.00445600548426436
0.00413797945587657
0.000561337776068477
0.00230273669382759
0.00546697372211649
0.00388148001474417
0.00197757105292568
-0.000191672123123602
-0.00192279603245126
-0.00306212093510881
0.00290997297160815
0.00761759431874828
0.0072162100973777
0.00308988232413567
0.000718234138598099
0.00505795108075675
0.000102622656139464
0.00288000532517911
0.00552243904646924
0.00882351292877535
0.00213912829625041
-0.00254916959629936
-0.00599325379907166
-0.0041900845368618
-0.0039110554246892
-0.00507114868675272
-0.00215842015475043
0.00623648145817607
0.00703131554361953
0.00186049393423546
-0.00121357691781738
-0.0159918483062449
-0.00845315966630967
-0.000553312821367865
-0.00685013572661647
-0.00516874992936446
-0.000691678925090271
0.00113175551017468
0.000824793956169609
0.00343238222047317
0.00302616413329814
-0.0032881700362084
0.00322730187675807
0.00408337975591238
0.00400800194879563
0.0144648854133112
0.0104271433100383
0.00953692536644592
-0.00623736012350771
-0.000883313763392684
-0.00458420357833641
0.00286281324789592
0.0129501749078981
0.0190419463057751
0.0269320553679391
0.0282994876810525
0.0216992050572309
0.0101371894953406
0.00397313269660845
0.00345535651494612
0.00632392435833578
0.00930544909699522
0.00334177905094887
0.0095698842860842
0.0107931988559143
0.00441425690461998
-0.0109168773029574
-0.00594980172582098
0.0113984230803247
0.00119685733602009
-0.012748808944616
-0.000428943221016111
-0.000496201355597421
-0.0047402734579423
-0.00375416489892477
-0.00369057147248042
-0.0122488566368327
-0.0211304202181317
-0.0229736053061921
-0.0290204714767817
-0.0298454960947964
-0.0136431716848096
-0.0044128607832716
0.00291461565901595
-0.00441260900624215
-0.010316114712395
-0.00160662203875436
-0.00338039689250497
-0.00757032640470102
0.00932449028438275
0.0141794542297518
0.00673183741690148
0.00322263780832168
0.00364814201182732
-0.00162322305549419
-0.0036081806494475
0.00153149922820262
-0.00162123003931733
0.0123641651578997
-0.0167661570428316
-0.00373969310592185
-0.000693439951910953
0.00332614896637544
0.000873746976000678
-0.00189908723639994
0.000925214400148639
0.00154905263259519
-0.000256302274415863
0.000118834747044519
0.00358616676966871
0.00779218617101847
0.00621648604756405
0.00305472428234981
0.000119153647183397
-0.0033841640951799
-0.00198106934021529
0.00189778343284546
0.0136120463103225
0.012263656115093
0.00595386459350529
0.00502272629674427
0.0031395331391642
0.00275938213282962
0.00412115749105212
0.00419310311887141
0.0132258578147779
0.00440512262295695
-8.48572285713353e-05
-0.00553301173605953
-0.0100559715792019
-0.00498230734649654
-0.0122769302343137
-0.00736710720522081
0.00336892476159376
0.00316341602921697
0.00693791884287408
0.00749706461864512
0.00524697263274473
0.0020397729038939
-0.00245173699541513
-0.00406910132868054
-0.00729692700314735
0.0053400744101958
-0.00249786477861719
0.000124616339165585
0.0019954091831814
0.00607528887169307
0.0118427235012727
0.0129819382023371
0.0104643473393043
0.0122467751535439
0.00752339635461937
0.0183189480221085
0.0225401597977554
0.0122068214441205
0.0137226368500169
0.00363460017498262
0.000135138726608484
-0.000858119377965132
0.00277385325705583
0.00765893440414054
0.0128488372723419
0.0185316689736955
0.0201653977217942
0.0154837880224052
0.00741672704225604
0.00381124291196825
0.000165013800356042
-0.00426324731710672
-0.00245822429798835
0.00176019191600398
-0.000190547118940044
0.000377847178902475
0.000593844895934227
0.00347718918901805
0.00238331125586024
0.00410691486792875
0.000978004026807632
-0.00148755913311863
-0.00175074974866642
-0.0061491341786533
-0.00736592281537132
-0.0122841233215875
-0.00683188509122107
-0.00545690159807148
-0.00077552625640999
0.00112284563918155
-0.000580096217263143
-0.0104524033151817
-0.0117551488619685
-0.00599308896051527
-0.00469032544105818
0.00269686815816561
0.00978428300299482
0.00340394441259834
-0.0135979064645784
-0.00892121071654735
-0.010620539240952
-0.0136472308280599
-0.0246256108236952
-0.0157454390721982
-0.0174647691830764
-0.00430141406457167
0.0038671201025468
0.00452705155379965
0.00609933502295524
0.00564775021059198
-0.000296162510623784
0.0037883526626513
0.00396963797646509
0.00124480620421633
0.00101939375835825
0.0015051859484309
0.000954873108050073
0.000327543179288763
-0.000766208649008874
0.00174875646406151
0.00738396065445136
0.000762146358322948
0.0129954308653551
0.019287161642698
0.0145072617739875
0.0078203469643681
0.00941402613750844
0.00178912186584079
-0.00227494210457519
0.000122841698654111
0.000332595338971902
-0.00158132123806553
0.00190439837973667
0.00419012992800619
0.00231169401896785
0.0058518976378632
0.0116303149339358
0.0138419775446335
0.00760816900598328
0.0186907353035543
0.00633762775367752
-0.00265185331639438
-0.000244104864097728
-0.00534134774869114
-0.0128385589533097
-0.0237625367393128
-0.026483456828478
-0.00650074462681824
-0.0129440974047815
-0.00386047514165924
-0.00166305640678888
0.00238916032157967
-0.00368655002538848
-0.0148455655444875
-0.00346699693602285
0.000789326384244191
0.00361414886645972
0.00211664233666762
-0.000798240310922439
0.00134369392472281
-0.000353857594364409
0.00215609470562542
0.00305585779041824
0.00152731461477125
-0.00124246709360835
0.00722828589416219
0.000407858166039876
-0.00476016544977214
-0.0073854992085317
-0.00261714142252663
-0.00185709609358345
0.00450804699507419
0.0100840300455913
0.0130530299582061
0.008320122642146
0.0124267409545338
0.00963025192796233
0.00703320922329183
0.0056007725293162
0.00305023723658683
-0.00260970256461337
-0.00364587262623246
-0.000499531821723276
0.00499049600831027
0.00399473922514024
0.0122406345546301
0.00466298847523616
0.00341489039060917
0.00226903270733267
0.00192042994152543
0.000580896337395359
-3.10090890518781e-05
-0.0017387440625848
-0.00269314384017521
-0.0017817507463712
-0.0020005057429815
-0.00367679052406971
-0.00147413157287183
0.00374307899316668
0.00761682513669868
0.00119111211027622
0.00634487110818957
0.00293529820903468
0.00206940480112274
0.000930125785174752
0.00127570450364841
-0.00188536813152148
-0.00769852780877392
-0.00699095893072142
-0.00177770528840824
-0.000934593263976701
0.00156128379488819
-0.0068460618993922
-0.0102782981058507
-0.0132613033006146
-0.0179393069691338
-0.0143257398687483
-0.0112610542843547
-0.00460004963377979
0.00130759504274564
0.000647148091208234
-0.00360420139005127
-0.00432857715344324
-0.00751752341852087
-0.0171850714263432
-0.0232563173418792
-0.00901253116817961
-0.0128225394560873
-0.0096708650683516
-0.00412473692213746
-0.000739191967156026
-0.00497140944528625
-0.00846984708905482
-0.00835430117215913
-0.00973104287917142
0.00278786190874472
-0.011956648510254
-0.00742082327236041
-0.000851700323877606
0.00217327153710086
0.00022518441436091
-0.000892412666718582
0.000467070185172081
0.00030564338599479
0.000140322644008728
-0.000284155900286127
0.000471223280129997
0.000304903803850039
-0.000405568050469005
-0.00098328386333099
-0.00209118639335848
-0.0046359871914551
-0.00617908899838133
-0.00555345684810074
-0.00378410086009327
-0.0025738321483155
-0.00117467186947487
-0.000929794699480267
-0.00202079134757281
-0.00348382593659636
-0.00625380134525881
-0.006347915503983
-0.00665782107902366
-0.00491435367326256
-0.00616038692310321
-0.00416309549603521
-0.00126162462768045
0.00116698275334722
0.000737344021279316
-0.00627818003410385
-0.00644334000410208
-0.0128236162415382
-0.0153594393064945
-0.00819761990086038
-0.00911546247371911
-0.00815886097026814
-0.00581013213254971
-0.00552515526680896
-0.0095025163699052
-0.0108290241802011
-0.0106736553470125
-0.012364139169696
-0.0118484280026288
-0.00783282585538203
-0.00606393034664458
-0.00669565749278702
-0.00525200359928572
-0.000578321566592175
-0.00142237780143593
-0.00682676235754606
-0.00946622262863816
-0.00830487494888096
-0.0164624708859977
-0.0192693823674577
-0.0151542682227664
-0.00918099067350862
-0.00599655087292756
-0.00032937127016684
-0.000671849441377631
0.00396806415769598
0.00367603968997327
0.00313771995043126
0.00215495984152172
-0.000560339002390534
-0.00436434383651723
-0.00498708736027502
-0.00368478453922585
-0.00357355612393336
-0.00396149789813893
-0.00346230559014143
-0.0032735872767276
-0.00130526875937567
0.000172497377132181
-0.00136802955295195
-0.003537394345408
-0.00425150993816509
-0.00522291364745783
-0.00658639879392541
-0.00705978100681883
-0.00558987372488546
-0.00315978623627416
-0.000662903316174273
-6.41679320784069e-05
0.000240340292674877
0.000407997276242752
-0.000490284272609494
-0.00179322571724164
-0.00215470891645663
-0.0022846210954526
-0.00386188299359782
-0.00352618417497886
-0.000986603028262471
-0.00028245107588696
0.000192855669832437
-0.00137316381584036
-0.00104406641824851
-0.00129604983073585
-0.00136628762058756
-0.000365086026111402
-0.00102945475333164
-0.00150706527467099
-0.00101408350036371
-0.00057212698403615
-0.00184124163374421
-0.00074188188405576
-0.00203653783929922
-0.00116989779504422
-0.00126955430400871
0.00129478255441388
0.000999825638398453
-0.00024230181369979
-0.000944799787939539
-0.00248192361185603
-0.00398580654486894
-0.00424238726565385
-0.00293325718832976
-0.0020111128079408
-0.000871617463182215
0.000968920440833279
-0.000836077978297144
-0.00340178000812557
-0.00608404131504617
-0.00605540031587673
-0.00738144155657731
-0.00533077048715626
-0.00401112200561791
-0.0023573963494511
-0.0011163476821559
-0.00109467661970115
0.000338229747347933
-0.000673755739596967
-0.00124386246477143
-0.00230734691546061
-0.00353828766924474
-0.00305925515843708
0.00065160567816183
-0.0018569431339549
4.52798883298373e-05
0.00096420780267567
0.000131241957967002
-0.000232660756378856
0.000319478262291597
0.000195523613299336
-0.000886405272988821
-0.00119611291713406
-0.00100544042510389
-0.00140831288479144
-0.0012401823505865
-0.000216432919222458
0.0003552316915776
0.000893015132204874
0.00150655244635277
0.0012683469766092
3.36039023745456e-05
-0.000610234902580325
-0.000336015166505726
-0.000512631897140126
1.45307398247957e-05
0.000463659444516834
-0.00104118969202344
-0.000118373637561453
-0.000123212612775452
-0.000396255060385358
-0.00109553425696463
-0.00141632002528867
-0.000741003534983238
0.000457886186979394
0.000872939051939486
-0.000343321810803979
-0.0011653212376809
-0.000841061560807245
-0.00251901269815398
-0.00322590947264251
-0.00281773619866747
-0.00453137089027168
-0.00335435171906614
-0.00155477912440664
0.000254681448480065
0.000140725389336737
-0.000481179437563886
-0.000185297511466328
3.32048629508643e-05
-0.0001065415504595
-7.82625303437896e-05
0.000259391756970499
0.00072285137058102
0.000470484337069932
6.61741997951739e-05
0.000194513348763969
-0.000313639915883283
-0.00056119737191625
-0.000401749073815719
-0.000198928462811071
-0.000132785621659621
0.000138186472169832
0.000630589254572686
-4.13418203248177e-05
3.71664199502937e-06
7.15545330406648e-05
0.000136764129377871
0.000323725443649834
0.000953280165510374
0.00104800670962017
0.000689293428773536
0.000633162216769183
0.000246473324512097
-0.00030778619055174
-0.00135606384125556
-0.000962271472235183
0.000426594477422383
0.000635145832020155
-8.90552230385429e-05
5.81697035211162e-05
-8.57010864972827e-05
-0.000405222914193324
-0.000876530637624826
-0.000277023477561855
0.000522425653911119
0.000152458540000498
-0.00154196246744824
-0.00281624322034665
-0.00470607257760583
-0.00751121730239367
-0.00872508060125058
-0.00843187783823012
-0.00669453239577234
-0.00515794930621263
-0.00309323523020301
-0.000276294998853284
0.000813296203373229
5.9644011350854e-05
-0.000538967401740216
-0.00147050245409254
-0.00306807993607649
-0.00474361182860051
-0.00411276887842822
-0.00234697381731757
-0.00188675946229937
-0.00134662878726122
-0.00018633368302453
-0.000274593068551254
-0.00114393569244882
-0.00279535857018521
-0.00487560243636649
-0.00664443494975441
-0.00881310527235772
-0.00803880658920815
-0.00663597382136652
-0.00577887116527207
-0.0041659616425722
-0.00205371137983066
-0.00238101676846729
-0.00238158439706015
-0.00268288263360448
-0.00255341885236549
-0.00283535629842062
-0.00354711638020244
-0.00328113306478417
-0.00382688303722928
-0.00463920689917066
-0.00366940335656092
-0.00284045004285287
-0.00173391033336486
-0.0010231027397373
-0.000962731761770863
-0.0013218643060066
-0.00204617166342853
-0.0025509664275558
-0.00360783812417343
-0.00338436357046676
-0.0024008172640666
-0.00192151004540389
-0.00185148214548172
-0.00185148214548172
-0.00185148214548173
-0.00185148214548172
-0.00185148214548173
-0.00185148214548173
-0.00185148214548173
-0.00185148214548173
-0.00185148214548173
-0.00185148214548173
