-0.992123848570789
-0.990148246339019
-0.931222138883347
-0.948191150652162
-0.958355240762453
-0.896302814026298
-0.776793144473447
-0.757893138412004
-0.656164226971734
-0.585838946042795
-0.571255217870741
-0.619838965506945
-0.703838097387947
-0.64217398996909
-0.580815772085483
-0.416416630784871
-0.357375803789584
-0.270544196758966
-0.630671194803169
-0.563877095569135
-0.154190323669035
-0.215216360249603
-0.371096304488088
-0.387906591020125
-0.397045603722244
-0.264266041060431
-0.265353659735673
-0.323290363308654
-0.312693673385041
-0.3295129616178
-0.308844684022181
-0.339310782279374
-0.390391022883458
-0.372329722311674
-0.218114312458812
-0.258609184321254
-0.300042439793581
-0.328145639776738
-0.25879616076388
-0.190160676951024
-0.090030324175355
-0.0825580516976303
-0.150481912735929
-0.233519708183272
-0.226282333903664
-0.231457552034019
-0.262447828124129
-0.148385767556051
-0.0471388699185004
-0.0728694371256793
-0.136714642912128
-0.0772465790803622
-0.0108790411133021
0.00718653785666104
-0.00475666979718954
-0.011033822931479
-0.00848369819142226
-0.0044934655427719
-0.0945747755138951
-0.080514661623667
-0.0733216818341502
-0.0870926020494357
-0.0341131824217045
-0.0119015883153071
-0.00166073686357921
-0.0198867044320372
-0.0339449803648368
-0.0673060174894435
-0.0241065473949551
-0.0204970940039305
-0.0147547482240903
0.00233931958444884
0.00791226643432085
0.0469516250363426
0.076571164838184
0.0104646880057865
-0.00594613703668983
0.0126979660419779
-0.0052150613247794
-0.0079648005167868
-0.0195360014494747
-0.0299340368429404
-0.0449714834479747
-0.0224731508026538
0.00261043648158446
-0.00338987233506756
-0.0207061399471803
-0.0301951286880624
-0.0262960772643564
-0.028563542672047
-0.0273722927818197
-0.0455575985082596
-0.0690475966142402
-0.0746616272907451
-0.086917328281036
-0.0861296064099998
-0.0995677549103194
-0.0763306481539539
-0.0736695892650563
-0.0623230299000253
-0.0419532710338277
-0.00995681164997536
-0.0129556962146686
-0.0477065279519686
-0.0492799908857207
-0.0782455484814886
-0.126353060803773
-0.0490439021415746
-0.0460026633530491
0.00809403427029407
-0.0215429974395005
-0.0372824850324146
-0.0177848983195166
0.0991568353667468
-0.00756125982462787
-0.0102666744804495
-0.0104941267645132
-0.014578126301807
-0.0204481279224208
-0.0131198642990104
-0.00949068851009293
-0.0175850497165885
-0.0266996830162482
-0.0185363211886615
0.00547622505074511
0.0136376653708978
0.00773862902025276
0.00746602627935743
-0.0371423751543691
-0.0637780934762293
0.0100225816294801
-0.0379789007803802
0.018374851414235
-0.0280408061009121
-0.0404924277479208
-0.0132619583900321
-0.00926990159678642
0.0192287004555738
0.0102926270716259
-0.0212320785889247
0.0156978631622349
0.0266875379700423
-0.0200581179272653
0.00479068089792088
0.00369892905838123
0.0132520650816799
0.0272389057991713
0.00245485036590955
0.000506196785290248
-0.00418338459148342
-0.00729159691088618
0.0207816761875977
0.0295820237291971
0.0449522377775417
0.0057624334095204
0.00574372954078038
0.0244371990964066
0.0146407963944519
0.02054882890278
0.0148186024303326
0.0371733296064569
-0.00664501778097146
-0.00225477931240803
-0.0223830534840188
0.000518873924872585
0.0110352794650864
-0.00403947641793605
-0.00526798738462883
-0.0157677551200456
0.00301757649212193
0.0175389293977032
-0.00569457426774434
-0.0114053363226509
-0.00112280270114086
-0.00718194741232736
-0.000956974465071334
-0.00526170396633818
-0.0123897974688415
-0.0102099453554401
-0.00511707556610632
-0.00743833042874984
-0.00928906100621458
0.00709358933967269
0.00190555404949283
0.00213830025375748
-0.0233338929665581
-0.02564387898223
-0.0217470407200701
-0.0124255213486485
0.00272855755082036
0.0169804739333963
-0.000205885042624305
-0.00110194428702771
0.00142358014091912
-0.00248356898195661
-0.0210846160996592
0.0123764853241736
0.00195731039062931
-0.0202402982894003
-0.0123417004681066
-0.0025172879788385
0.0024139949931712
-0.00339495714206041
0.00572138671669748
0.00505149265089868
-0.00265786886241434
0.00149340383047491
0.00530410732810424
0.00287128420147083
-7.50705280425871e-06
-0.000666048023744824
-0.00372716505666556
-0.0104232464025309
-0.00863792237955604
-0.0066178361271179
0.0139217965635863
0.000809779024083595
-0.00588674913273953
-0.00669413918450191
-0.00312343217252758
0.0127394023271063
0.00892503739432072
-0.0058278073946103
-0.00385371623113041
0.00429594255583395
-0.0114884428378149
-0.0237800216353936
-0.0225395090907629
-0.0121000358030871
-0.0096289825104879
0.0059291522273447
0.00765453062087473
-0.000791255270270808
-0.00117037181276125
0.0209583777011251
0.0415030659891421
-0.00948575549710805
-0.0106764727004306
-0.00206867423051116
0.00458708895691439
0.0140212848299812
-0.00892885812786497
-0.00904116861614084
-0.00463493858050839
-0.0120227255076867
-0.00770345838348147
-0.0133287537679371
-0.0207406522035055
-0.00294222233158715
0.0115725084084402
0.0292444813829739
0.0226728409439454
0.0102691720247015
0.00816448145623305
-0.00976627812373473
0.00884961116530249
0.00129916380349372
0.0159780594544056
0.0491331449209062
-0.0238866338779193
-0.029136883639102
-0.00680097775708357
-0.028358694362012
-0.043647150278919
0.0127333531484552
0.00169674067243571
0.0114438715741277
0.0041634651450064
0.0261317661907457
0.014064272982784
-0.00433647026777524
-0.0132958666624967
-0.0164607846433317
-0.00575465285715343
0.00361294683374287
0.0609921524949673
0.0278578462910594
0.00510602919881806
0.00904573560962616
0.0138320344271531
0.0180408106298864
-0.00287279233390776
-0.0200965320327393
-0.0147217844163429
-0.0117356172107761
-0.000900953111591767
6.07748550556916e-05
-0.0359860992152891
-0.0321905015233419
-0.0231420910497221
-0.00419337004446847
-0.00746626770920245
0.0155076913346766
-0.00490854392993452
-0.00995278748309649
0.0218368446516213
0.00459644636277176
-0.0186385508082379
-0.110042295387045
-0.0948202846869206
-0.0667422195146377
-0.0867093977723458
-0.126151773742477
-0.15439316926123
-0.0675587096987597
-0.0174985149260835
-0.0125964204108639
-0.0200120989644711
-0.00432270158078926
-0.0242099559245686
-0.0120922257778839
-0.00505141725181052
-0.0438161334635363
-0.0364917648826526
-0.0368546416263077
-0.0405089849685302
-0.00208074059211507
-0.00131904988984525
-0.00794143391952715
-0.0093666552052412
0.0148060002891693
0.054569857246294
-0.0186327045391467
0.0142650844078222
0.0010620899334491
0.000881189298851433
0.00976423599104572
-0.000545640940887866
-0.00211686643046606
0.00951884900933656
-0.00711888120443145
-0.0223673299470887
-0.00323633465864709
-0.00801350331661133
-0.0106227465441414
-0.0194713403289054
0.000256785996021436
0.00207857919260062
-0.00438620900437593
-0.00531515603364153
0.0290061406470985
0.0115302356447312
3.16850993469777e-05
-0.00921434042883507
-0.0182849152618218
-0.0105210196232212
0.0551820005309161
0.0243052018415861
-0.0345175730816661
-0.0390092680050029
0.00799273032554483
0.0316481754987429
0.0556944199754192
0.0465243457397951
0.0492360984148495
0.0123530695989048
0.0118868087403718
-0.0343700500031537
-0.010686566852817
0.0131795746476191
-0.0119504012626532
-0.0264646778500596
-0.00574458802312447
-0.000961881333502035
-0.0158552258778646
0.00842495113500521
0.00784406211944577
0.00781603306332469
0.00481758514259356
0.00422174921426039
-0.000138854979983824
-0.0147806350420005
-0.0202558614062608
-0.0244797501520066
-0.0300456291923101
-0.00623128207382008
-0.00510541590322608
-0.00176103990638736
0.0113578706330097
0.000320288248714683
0.000559345413900947
0.00772717932691883
-0.00791452902590005
-0.0163951164629905
0.00316788080590613
-0.0107526688442682
-0.00686775368225146
0.000571723602323946
-0.00893676087610656
0.0198237481731557
0.0108625606639251
0.0175686298822727
-0.00697930369127297
-0.0286562446739089
-0.0312953344051863
-0.0358852942151632
-0.0232291896642266
-0.0087231698604538
-0.000136871547862818
0.00428284083303852
0.0155572609484212
-0.00891013839155652
-0.00448381923672079
0.00250493557532964
0.0169279374311937
0.0257565534604741
0.0499979851400325
0.034661939158184
0.00239855377474217
0.0136466101283689
0.003560402978607
0.0223534687346633
-0.0106819019667419
0.000181552331861306
-0.0160047481005125
-0.00145497496764295
-0.00833575622721928
0.00386373779158714
0.0135912550488674
0.0110705601457031
0.00829175843207908
4.91727000536809e-05
-0.00183162815014272
-0.00384722409817388
-0.00312225764576598
-0.00265078405663186
0.00333880406795679
0.00400468623642528
-0.00313526065974829
0.0109699874615881
-0.00257219301620381
-0.0138966550176385
-0.022343049152094
-0.000816166009528702
0.00304383756667296
-0.000944038643959927
-0.00482923157597382
-0.00406259135744897
-0.00241995075498662
0.00332131636097971
0.000366911017760632
0.031473981213706
-0.0136698167967913
-0.00601114305561589
-0.000173912988300088
0.00294446712970055
0.0112505421868708
0.0147926067906165
0.00431722226004732
0.00673024756902022
-0.00210995596642646
-0.00454384251540928
0.00902480994045593
-0.00471740605072595
0.00512012589117913
-0.00500068314748414
0.00269476131680834
-0.00497691364252082
-0.0108987913184392
-0.00636344733730815
-0.000244996367043549
-0.00070871117717769
0.00497526919113372
0.00958963650868031
0.013340249337672
-0.00561453818386197
-0.0469885333445562
0.00137854885264699
0.00642395426533099
-0.0028509417393157
0.0108021132532116
0.011005893884014
-3.57644001067648e-05
-5.61035340379944e-05
-0.0287673503674154
-0.0209166865767587
0.00390260249015753
0.00618578979738226
0.00415641745510497
0.00872183599434218
-0.0150235529374888
0.00879348534688024
-0.00506688749216299
0.00194329065088061
-0.010046283610232
-0.00257384266851206
-0.0027605476738498
0.00249481686162313
-0.00658258820713967
-0.0012743155173025
-0.000531159846685929
0.00618850200222563
0.0220566731056392
0.00700661837333464
0.00560114245282058
-0.00337849000302929
-0.0810092479271398
-0.022935021222182
-0.00488945483393405
0.00298415738005535
-0.000235277881927334
0.00602254750872514
0.00790604438456795
0.0160987115216521
0.0219245422294877
0.00121275259215708
0.00248638296756143
-0.00485097305638174
0.0022949472097086
-0.00144951572841972
0.000290950434210473
0.00640389411248012
-0.00112659351957275
-0.00548506715619964
-0.00472379611267616
-0.00890952430593118
-0.00852537524996357
0.00274649216908028
0.000942942793664777
-0.00613920264196651
-0.00934421946514802
-0.00590364483274621
-0.00337650123022601
-0.00467890245340783
-0.0019010951775142
0.00253708021011148
0.00737412866934136
0.00096077558723975
-0.00434739845283152
-0.0100443497764822
-0.00239476899351082
0.00659490327079386
0.00416216430507266
-0.000371319836216616
-0.00315071747353435
0.00339486381041249
0.00727614513885607
0.00117254213323814
-0.0212456909299809
-0.00403516522496237
-0.00564034747623214
0.0109755522972402
0.00255567594505004
-0.00780687692683959
-0.00360237559835294
-0.000806943748939422
-0.00245595253246378
0.000124810555337223
0.00567818810576194
0.00309745430666926
0.00134911670390929
-0.0014152117764242
-0.0185777909177109
-0.00674127452030846
-0.0156559328243887
-0.00287571919088537
-0.00849615635619727
-0.00104440008269034
0.00117957404234537
0.00218952670481818
-0.00373983435412711
-0.00708026239890798
-0.00394666264098834
-0.0102958046299875
-0.00296602681405284
-0.00563525453082256
-0.00801570762278822
0.00600701006925117
0.0105436114290966
-0.00448625491844819
-0.00574746337529359
0.00168084824239757
0.00224381755277086
0.000177754153477545
-0.00761442798883557
-0.011613908553691
0.00557464470222829
-0.00994598271137966
-0.000354079930283933
0.00541234149793492
-0.00169908140223337
-0.0181554099472355
-0.0210315826350899
0.00300857827725105
0.00907332864537331
0.00907713297591604
-0.00931750658370545
-0.00250458105302858
-9.77248377087552e-05
0.000567509188267479
0.00333565555583728
-0.0115724302729775
0.00841960607494355
0.02373296601684
0.0235324114598928
0.00771724788901871
0.0117158132141438
0.00627054143891581
-0.00339912565040178
0.0036687454288771
0.0142144249069055
-0.00199665751731839
-0.00400113611636953
-0.0020248101962609
0.00124265579907799
-0.00303680559103037
-0.00274615873808326
-0.00047384719429509
-0.00415320946039527
-0.0137010098401214
-0.0129736655319704
-0.0209675765623999
-0.00998565765808725
-0.00929808588302692
-0.00406441349655251
-0.00270176267350898
-0.00443755714064875
-0.00486607675650916
-0.0103832979802143
-0.00605413281806052
-0.0106425295514183
-0.0218312036250184
-0.00362133802869424
-0.00270370074302748
-0.00289168179209058
-0.00192093266071723
-0.0018193177902162
0.000253661693682111
0.00556219709288891
0.000427907657192518
0.00494832240058424
0.00424415100043861
0.014417947519963
0.0129822027728155
0.00665873755522464
0.0103730942370895
0.00542234716177657
0.000943796998596916
0.000182814169208688
0.000199765718037219
-0.00163535309802872
-0.00257973622205322
-0.00310786107011487
-0.000836360799324572
0.00242591738088972
0.000104361743225229
0.00497026183296743
-0.000318534080059307
-0.00161129763458419
-0.00199211837239821
-0.0191780643056693
-0.00327167498037429
0.00191092450813017
0.00082915401772621
0.00365395069872039
-0.003822253403965
0.00498240566399688
-0.00160324981028318
0.00326377877083234
-0.000943935524112459
-0.00531297988896536
-0.00257460803038466
2.04513227535496e-05
-0.00050943298599319
-0.000900574269478227
-0.000899403956060358
-0.000872297580692008
-0.0071088681515485
0.00576590058202653
0.0037401426675321
-0.000493861125275665
-0.000290543993995834
-0.00129925488088124
-0.001167263255339
-0.000160668870823148
-0.00110888250359193
-0.00878971021037569
0.00337728374260296
0.00111808241342247
-0.00556384249356995
-0.00299741831559528
0.000884677967566074
0.000251485663445543
-0.000521343510686077
-0.00626745316542622
-0.00529908204844106
-0.00837680381201485
-0.00316743872883562
-0.000997057274250016
-0.0022483788596733
-0.00189710649782242
-0.00626289793815663
-0.00168429488589257
-0.00083471152290802
0.00356092354273842
0.00273303416485913
0.00278794068329101
0.000164851223716287
0.00239205563809995
-0.00237148372173304
-0.00492880704739459
-0.00509998102459895
-0.00205772654590255
-0.000757062866393419
-0.00154752540363557
-0.00286308870127966
0.000685361481900423
-0.00133803732976688
-0.000133961061857052
-0.00173351398837469
-0.00109320785940681
0.00131438071458881
0.000412979600508847
0.000323473908151023
-0.00253677451645543
-0.00247866189817529
-0.000535873245598403
-0.00120464287102063
-0.00708407807139231
0.000658279882919307
0.00606546169548871
0.00152284829777805
0.00033376483266501
0.000497446737140716
-0.00154968541664847
0.0018914783511794
0.000222479769645336
-0.00274689058349057
-0.00191805018133199
0.00113947429442249
-0.00829813430749715
-0.00194999714262268
0.000183525554754228
9.6531751938136e-05
-0.0011020049230726
-0.0021943226307284
0.000292602320607268
6.98366748048541e-05
-0.00696204116583287
-0.00153277413176585
0.0021868281613616
-0.0027367323831108
-0.000884195853144049
-0.00115967181704915
8.14935031651091e-05
0.000663947278229692
-0.000208173744972442
0.00118443724774722
-5.28273809355168e-05
0.00487222279726726
0.00042346149047844
0.00339392081824052
0.00500705275644562
0.00130850627360438
-0.00140070664351277
0.00261105088679284
-0.00287664591965047
-0.00085746077243732
-0.00066475907472548
2.50867081854452e-05
-0.000266576998828749
0.00181241689042385
0.00162363683566637
-0.00359044824989519
-0.0024684965577285
-0.00150740230485023
-0.00156649882625401
-0.00253118794008927
-0.00145439792171623
0.00157041201456629
0.000846110811227409
-0.00028047229366424
-0.0018105170583892
-0.000231593011558575
0.00126423989843041
-0.00458280577059542
-0.00495504264319733
-0.00230805303802128
2.73317204582318e-05
0.00188540439802446
0.000211273231612181
-5.08664569618229e-05
-0.0025131009758209
-0.00121813370041617
-0.00197786693131912
-0.0011335206919703
-0.00128020179813003
0.000355567603741707
0.000358211576744762
0.000102157470775133
0.00119630557512685
0.00426568965192072
0.00207466275383429
9.52047863029572e-05
-0.00178303650530341
-0.00171233786447011
-0.000797709829170998
0.000966609840253479
0.00167060232479625
0.000556828813170653
-3.78944732432601e-05
2.7391662559864e-05
0.000187588643286269
-0.00255437288721775
-0.00332796847354312
0.00103267325960559
-0.00023265199661235
-0.00196940906312823
-0.000185649016069337
9.73412572318286e-05
-2.10828820400678e-05
0.000631407546162474
8.1224133134798e-05
0.000607955186677625
0.000467129490171329
0.000818008539037314
0.00066560782504844
0.000314807024692261
-0.000336455576858974
-0.000885091875004448
0.00121940918350018
0.00137780742229938
0.0015515764360569
-0.0012640790099137
0.00102700872415931
0.00291531789901161
0.00290227544016387
0.000285738898984699
-0.00116273529991068
0.00151836498566692
0.00170210499708503
0.00268063578619733
0.00200214274348632
0.00170547722264096
0.00306066941406919
0.0036266551281832
0.00368580736206116
0.00311907694189802
0.00106791876625632
-0.00258069383423309
-0.00111151600890497
0.0022994138563355
0.00445366736372485
0.00355168439917196
0.00574058035779643
-0.00249426608358471
-0.000288439401491931
0.000510425860127493
0.00207174937799558
0.000713615821604624
0.00236456782010933
0.00174043641677565
-0.000785718023681667
-0.000571006390887186
-0.000154716016017773
0.000506858485608929
0.000329889786052927
2.63970777069902e-05
3.10504876139383e-05
-0.000267623736584529
-0.000260611359035556
-4.5163844526448e-05
0.000904554740804518
0.00119944452467965
0.000128930081965605
-0.0032519803358544
-0.00200167305631407
-0.000470529649903652
-0.000940325168430629
-0.000398521148182861
0.000302633836348115
0.000742541572567831
2.7876770073002e-05
0.00046369690957301
-0.00106413784251124
0.000707868340402594
-0.00240875729643061
0.00152132876790312
0.00165296329015059
0.00252163796154657
-0.00261317894460731
-0.00166722795170783
6.89419857557243e-05
-0.000234393888091761
-0.000177554667826273
0.000104932684269975
-0.00115749274479893
-0.00111256415789728
-0.000726496615187013
0.000191449828178413
-0.00136122149431838
-0.00109294959001712
-0.000223339245310431
-0.000569388791869817
-0.00158042504689852
-0.00290312776703586
-0.00254695066354838
-0.00280162692739412
-0.000461318512030388
-0.000811586282960584
-0.00219457103358984
-0.00136663178006274
0.000294139707709228
-0.00029692011135887
-0.00208303179567068
-0.0018814701012288
-0.00275100640102643
-0.00300132755034135
-0.00151242874428768
0.00152078177375037
0.00171726296487496
0.000584672224138295
-0.00195052902692436
0.000400484857509648
0.00204276600812031
0.000728642578777073
0.000820753868443934
0.00143938350514004
4.87413914981672e-05
-0.00159701366166935
0.000103377590963383
0.000250221051660625
-0.000590970136998092
-0.000497326445701439
0.000938202206525842
-0.000114166614520525
-0.000819789625180594
-0.00144017924464461
0.000690872653528993
-9.54940182506323e-05
0.000477715888171348
0.0019945372082362
0.0010952484668428
-0.00156050096008009
-0.00130257173515668
1.12620969441179e-05
0.000173866608054923
-0.00098779132740842
0.000867993967300261
0.000647075610526045
-0.000779588801008043
-0.00179892903797368
-0.00276922581935752
-0.000378189823927364
7.94548865100268e-05
0.00163230312131415
0.000313467312613459
0.000977161114965914
-0.000120894915451533
-0.000949729348906386
2.88966256172399e-05
0.000919674132651429
-0.0025773082540949
-0.00396613900262284
-0.003906251218174
-0.00229535293704958
-0.0019728904278832
-0.00140029352624205
0.000575855652442299
0.000407620344558075
-0.00183382372169855
-0.00131876621803272
-0.000429922230251944
0.000333573263413068
0.00128443280482478
0.000323597881178777
-0.000115946103944762
-0.0017451850144329
-0.00475284134849673
-0.00451625227927932
-0.00497208250091614
-0.00411870230852619
-0.00454324613292405
-0.00402348991924518
-0.00302609176110548
-0.000967893058310655
-0.00120666134163284
-0.001401053342109
0.00144013935280845
-0.00098073587015669
-0.00263595180732254
-0.00738491972523174
-0.00364262437492019
-0.00222012232584496
-0.000427593166101629
-0.0010536845621755
-0.000122227588690351
-0.000480670437882191
-0.00274209411729894
-0.00269802981598504
-0.00417043619804422
-0.00301031125963878
-0.00258634063704934
-0.000420307007475798
-0.00239896218231603
-0.000980353738797738
-0.00122358958929563
-0.000435908063219837
-0.000443342306286446
-9.17848499884656e-05
-0.001116492393007
-0.00184134013963826
-0.00124894982291469
-0.00294059158433029
-0.00358253213233685
-0.00298725387528418
-0.00275959305789955
-0.0016865184297774
-0.00106357679230642
-0.00115985880795524
-0.0040125432273574
-0.00445983979509226
-0.00514477145360866
-0.00535449540556222
-0.00295350771217819
-0.00220369898392923
-0.000928554968612309
-0.000421984694323357
-0.00192891183718125
-0.00219386742947419
-0.00202802805489893
-0.00156922604579055
-0.00135169462417189
-0.00161327171300333
-0.0016232040848423
