-0.996557624029047
-0.996562446243118
-0.997230535683035
-1.00988342664044
-1.02125864207485
-0.947200247129353
-0.793660579489355
-0.740196890748498
-0.517257146209804
-0.50322040507615
-0.468628618524349
-0.373052440947711
-0.43754059815707
-0.584242922282785
-0.594740428150857
-0.555478212402782
-0.503380372000561
-0.412910242625002
-0.250800971982391
-0.209592736420382
-0.216172757445892
-0.210118277675278
-0.1659799029555
-0.312130582221677
-0.326319184569455
-0.281198534586162
-0.202953675371891
-0.255230555883259
-0.192035730645065
-0.228143753256346
-0.27682100927725
-0.286514423990222
-0.338473951816171
-0.347257787626345
-0.36538449728319
-0.400098476723167
-0.366722041048526
-0.242031808716589
-0.341147919834075
-0.301204884201121
-0.126026489611221
-0.138435765088002
-0.069710187015312
-0.0926305260758566
-0.246684480901076
-0.29286799405267
-0.306080089991211
-0.356763504985301
-0.204033207226329
-0.11483660357103
-0.136437797822706
-0.120871650485551
-0.0992025998002156
-0.0544294104370261
-0.0605848997904316
-0.0428616603585931
-0.0217340385940919
-0.0208966547741476
-0.0252858642603996
-0.0542548949271749
-0.022763431089084
-0.015847734895137
-0.0835249890858551
-0.00844251050968656
-0.00567358510361959
-0.0486022436223635
0.0209258972264013
0.034230826893576
-0.0115139438213458
-0.0435160648523445
-0.0241380829559126
-0.020607134454314
-0.0727350238372502
-0.0757746272622054
-0.031284089329451
-0.0141631176171893
-0.0110423682357059
0.00268181744475445
0.0159721835154574
0.015382155227674
-0.0123937954609329
-0.000259025219994768
-0.0533759483065908
-0.0972731520339224
-0.0484061005778316
-0.0633254185537954
-0.0112255882865751
-0.107898462600408
-0.194812562840073
-0.152016337296575
-0.124336749094939
-0.124575463118245
-0.122198008124401
-0.0888292161453425
-0.0485300765417421
-0.0303035343884067
-0.0853098206071233
-0.14763797252043
-0.0751394146252674
-0.107658599046877
-0.0433919468819789
-0.0658012630487213
-0.0262759791327422
-0.0264429137183219
-0.0885186247569036
-0.0269222392007856
0.0142233855858754
-0.0101963074236923
-0.0234565067172678
-0.0149270648724949
-0.0278324158315239
-0.0490932628950647
-0.00607473111618267
-0.0160236056508225
-0.02327095589826
-0.00726271814713415
-0.00136426262440067
-0.0240225600041416
0.00164580894948968
0.00318885717023238
-0.0204819862979814
-0.0276474450889512
-0.0173793426442723
0.000446175425047752
-0.0392095041779201
-0.0131135659379253
-0.00886971518804251
-0.0218642381329158
-0.00216776048600283
-0.00108736410946864
-0.0126463593813249
0.0117421164261578
0.0279017110889802
0.0211472546179663
0.0212310133426771
-0.0110384567663672
0.0308695766374369
0.0716063302827877
0.0425556283329809
-0.0280330340487883
0.0332711064058534
0.0149904887363322
0.0488565571814486
0.013539886985272
0.00317096282770233
0.0115053054171148
-0.035421267405435
-0.052549076603516
-0.0419385425476392
-0.0156912947293866
-0.0280255501339281
-0.0380132302092825
0.000121745361274239
-0.0380429488855786
-0.000835221779329791
0.000377250392370215
-0.00829623808623648
-0.0268824041263136
-0.0408634141930136
-0.00711248576651504
0.00877780037018511
0.00745577934143565
-0.0289073371132694
0.00483935443108961
0.0417404689324163
0.0500908443102742
0.0769681649446985
0.0192754503925775
-0.0290749945521794
-0.0443717054639675
-0.0157211496058138
0.00370895932454123
-0.0309445738490295
-0.00507622813411041
-0.0184612182784249
-0.0112362949027197
0.0106684769559621
-0.000897408748208837
-0.013727827460815
0.018454509166346
0.0279869692248337
-0.0273745959302298
-0.0410783970276745
-0.0462628013856834
-0.0431902059889894
-0.0379571057652314
-0.00252510584620362
-0.000451289728416258
0.00378361635035773
-0.000919571156667649
0.0523831966524143
0.014415119245225
-0.024824743967859
-0.00329786139509896
0.00558138740613076
-0.0189704329616523
0.0345039384171318
-0.00944053505620181
0.0545846581125944
0.0213221640453734
-0.0139793191283486
0.0471436056053721
-0.0380518669786604
0.00447872848391655
0.0467283843140522
0.0205962487586428
-0.00422142560519509
-0.0242309061251933
-0.0248190423854995
-0.00938087775261661
-0.0146993026492421
0.0203387621998578
-0.00898526251600575
-0.0245086091263762
-0.00237077998941398
0.00882628247484006
0.0369281663590085
0.0277816341435751
-0.0137856160475784
0.018704316519073
0.00143394499711433
0.0123460168707067
0.00124926091701212
-0.00995686279255331
-0.0269494634810823
-0.0566127688771631
-0.0400070521868598
0.00189970889366116
-0.0131588000312191
0.00577250526053617
-0.0169533718282069
-0.0108189135271482
-0.0599193569006017
-0.0176102836228985
0.000105656712738565
-0.0239301466825642
-0.0404897311930516
-0.0443997665410589
-0.0592713302146666
-0.0347339662012124
-0.0242539801763821
-0.0119444964891948
-0.0021950851452122
0.0179552302965343
-0.0203750335400728
-0.00507745648777013
-0.0122447749259032
-0.0054130091617329
-0.0230416388122241
-0.00141230796928694
6.6822174152225e-05
-0.00254530981926897
0.00419664855836602
0.000414790259989787
0.00225410929945778
0.00211418008523623
-0.000616936132373517
0.0189059643590893
0.0179071050081563
0.00645894453061475
0.013714095894613
0.00111641379199183
0.0202441980899253
0.00273494393075295
-0.019036948769969
-0.0200188993360791
-0.0618543441711803
-0.0169161040149258
-0.0139047809683569
-0.0384654932319504
-0.0331204765933041
-0.0139438552767539
-0.00187706432730839
-0.00732384085263658
-0.0195047659471113
-0.0716892744704607
0.0249274951618687
-0.00812351612745791
-0.0524037027342644
-0.00951298011693743
0.0116467571804988
-0.0340778200648963
-0.0803550862751913
-0.0926717237838618
-0.0360561354747926
-0.0277473838361317
-0.0433563444242858
-0.0141161924960879
0.00958418630569686
-0.016138977712511
-0.0146849201296954
0.0726142035289215
0.0112025898237338
-0.0169892417316159
0.021381638165827
-0.040902211015696
-0.0281993630404593
0.056088085667077
-0.0246889238841789
-0.0823962391454019
0.00933269475757256
0.0113133034443066
-0.0158850755065136
-0.00964632608790316
-0.00487502735506107
0.045179975398577
-0.0186309960126032
-0.000416974457032913
-0.0023898828597216
-0.00601164740443142
-0.0078207069439508
0.0299740180118986
0.0365591237866883
0.0531689638989199
0.0375370872228597
0.0125548213826631
-0.00472868747586226
0.00335912561505851
0.00636091090749244
0.00298871876819018
0.0112175084038851
-0.0356952624150934
0.00848828604927053
-0.016563077185712
-0.00756672012354024
0.0165814617200375
-0.000174595698780699
-0.0122468989512514
-0.00615469376030682
-0.00190551197489108
0.00822518082050508
0.00811170812342972
0.0218247193553365
0.014318613086152
0.0185843592054176
0.011193270057402
-9.49923727851364e-05
-0.000333065352124149
0.0119824588972276
0.017529512514077
-0.014487292931679
-0.0119194981431321
0.0142058829022026
0.0158444689172694
-0.00585949297886682
-0.00565379278987923
-0.00924483867628305
0.0038497068998919
0.00388120676158379
0.0265952579053096
0.0149368507268725
0.0338894059687882
-0.00243721086448583
-0.00825085471468161
-0.0276039930447965
-0.00764767020310321
0.00855556702025694
0.0155696715966449
8.03584520611151e-05
-0.000425957522327968
-0.00998445902809148
-0.0164273426149459
0.00152598562131522
0.0112653682652187
-0.00415349869690003
0.0164831596053933
0.0409105554786536
0.0346252072613632
0.0134304469348909
-0.00150870727200991
0.0228795571659342
-0.0120796111156295
-0.0138847845623047
0.00186173805370786
0.00930644763955621
0.00058167490480543
-0.0216016655733038
0.000361434790425172
0.0187208301993456
0.0167866951963782
0.00976804117793083
0.000456897416497679
0.000401136995383396
-0.0136249105062087
-0.0146965332473727
0.0152556278778946
0.0254407881345722
0.020622923772076
0.0220319293287486
-0.00459699913515644
-0.0156640801185403
-0.0120410744907049
-0.0215397865081315
-0.0309974599320693
-0.016266118165668
-0.00221243237527631
-0.00262725123389915
-0.0286988217441081
-0.0798147231869164
-0.0476691517567802
-0.0196161256063181
-0.0100076280182761
-0.0172920125904871
-0.021318830105223
-0.000835031104270766
-0.0039997944498181
0.00980367654951164
-0.00481963229166869
-0.00594991851520935
-0.0208544886630258
-0.0113901628873746
-0.0255918911216791
-0.0761157525037453
-0.0102324337382588
0.0209698696303981
-0.0208994743546111
0.0261428945642838
0.00382439481470407
-0.0197409242157086
-0.00192024591482043
-0.0076001754360356
0.00267694046072791
0.00519309354211563
0.00507110482963106
0.0131572787043282
0.011487273136512
0.0104090697420386
0.0211976384958865
-0.00172418372481584
-0.00914645801484028
-0.0047098912543825
0.00420551743509367
-0.00856701959724986
-0.0486079078686485
-0.00630921779734598
0.0110776627692853
0.0158269840364763
0.0162684080349377
0.0111680629189543
0.00115970751085557
-0.0179985685341263
0.000742497042099755
0.000577075574331074
0.00714137409653492
-0.00805837388107848
-0.00630319116377412
0.0098031530855483
-0.00111450107217027
0.00213603061643423
0.00283028687540999
0.00194810919133252
-0.024678379199893
-0.0198722439342852
-0.0036697636082907
-0.0200149293877421
-0.0252156821042195
-0.00198975487568811
0.000625859891533225
-0.00653608765930833
-1.32248872288451e-05
-0.00291482565010663
0.00581596387114832
0.0165152110523734
-0.00639300280759759
-0.0112580464660914
0.00819547280198638
-0.00367503529592704
-0.0251471537747069
-0.0188246379542297
0.00239694152600057
-0.0177779608021952
0.0143510505000077
0.0819533542079445
0.00832553840987662
0.00582933042162406
-0.0201319018431374
-0.0114380575536045
-0.000402545275755179
0.00058021472639697
0.00489876079970464
0.0392218207931715
0.0238505927182995
0.0109768837180452
0.00190401222635835
0.00473880666375369
-0.00715214409436178
0.0194974459730602
0.00148249309905885
0.00059564083495523
-0.00742052523197307
0.00907045632673808
-0.00504188686390289
0.00747151156282102
0.00881810714322424
-0.00157332470239204
-0.0126073995998441
-0.0232101364204986
-0.0129390582578945
0.00117163587928562
-0.0185319289238802
0.00185753370698629
0.00202336409679325
0.00453514844798512
0.00564297911943108
0.0246144080230426
-0.000993123089777906
-0.0124893097009526
-0.000755513246930774
-0.0181571696809936
-0.0063999225397264
0.00260379766246506
0.0143903068268471
0.0107748096089889
-0.00436636773941241
0.0590846108782133
0.00385306172338135
-0.0233402916461461
0.00984405381784724
0.0174956864722599
0.0180965646610798
-0.0114417603280211
-0.0118263183006198
-0.00879304126052307
-0.00404947713390395
0.00831794478291805
0.0206734591797854
0.00551068856470602
0.00104153213913536
-0.00160361796030347
-0.00903854420260946
-0.00282314670232959
-0.00818936287525094
-0.00398023536189726
-0.0138056606517593
-0.00856787745028188
0.00688957084309328
0.00806691046595287
0.00778107717282637
0.00410642409675858
-0.010598181487562
-0.0316323500049482
-0.0275042940313554
-0.0290456098842192
-0.0193318021352965
-0.0383795852470933
0.00473437052172465
0.00270250307087941
0.00944596617004715
0.00972604561480053
0.0172704195945771
0.0147462050755815
0.00439216926176654
-0.00112467464042216
0.00278738627173083
0.0124210280170376
0.00998642529795839
0.000555145445402866
-0.00322769656444964
-0.0111553912802594
-0.016850377462418
-0.0201409936613852
-0.00341230442408683
0.0291044872185511
0.0403292563642055
0.0212467620336384
0.0105898510195444
-0.00532104366287523
0.00283815641960647
-0.00275554195387319
-0.00467468557428296
0.00858161362332029
0.00424201892805409
-0.0353880834476015
-0.00117031158647428
0.00271357628922661
-0.000812660492166409
-0.0048153716506398
0.00206276054682879
-0.0150795859945566
-0.0055043050750376
-0.0299000086572185
0.00264822683576393
-0.00233287721630292
-0.00626225174883336
0.00737186580145933
0.0145345179771997
0.017292716179831
0.013369075791594
-0.0139359083020441
-0.000730462077380528
0.0112033387241162
-0.00777125911838454
-0.00829049020799384
-0.00191120951172282
-0.00396710286774337
-0.00113611805079236
-0.00168598012155962
-0.003511269676876
-0.000429753965526987
0.00449073158536882
0.0019225765411083
0.0138420610575051
0.00561224054369888
0.000134498841586917
-0.00149184067958915
0.000711220453327647
0.00226890357311529
-0.0111130036489144
-0.00854032858535182
0.0364301156786665
0.00491481827151891
0.000176411447612657
-0.01030100498477
-0.013502384713318
0.00594490830015177
0.00141110987113258
0.0188148223269916
0.0107818554186655
0.00647404140246279
-0.0040753225702686
0.00462671829334401
-0.018716359260845
-0.011123242218999
-0.00296978209466093
0.0101887943207433
0.00724770555573253
0.00388103314011408
0.0109210749492166
0.00079750075152619
0.00446262624666933
0.00838887199288259
0.0352900663341252
0.0345500430908796
0.022020723139808
0.00442397010194413
0.00912265030785715
0.00125562699932954
0.001369275763443
0.00125171863959884
-0.0106844866604902
-0.00204882087173746
-0.0300955265183372
-0.0141341846928762
-0.0246568051394543
-0.0661723220857739
-0.0727245034399099
0.000896276834079567
0.00401751670996097
0.0073362674260325
0.00386240566623629
-0.0193755113865955
-0.0296899470183205
-0.0121655247338481
-0.0132596146367915
0.00327531223903643
-0.0111992476038948
0.00359155235221893
-0.00846011413436228
-0.0129093019771978
-0.0263089373708209
-0.0170715440543364
-0.0115043482053632
0.00634255850756966
-0.00872202707508869
-0.00463358518973549
-0.0114688077635645
-0.0131771522701325
0.0292333704932628
0.0255101532222456
0.0017508527997194
-0.0196823699383489
-0.0255731754588122
-0.0170379079748012
-0.0107647987789997
-0.0380446388347443
-0.0453710626775396
-0.0278325370144081
-0.00216606642926117
-0.00128185338820833
-0.0207020353921729
-0.00313221974772576
-0.0222092304488773
-0.00989730174186306
0.00274647935812637
0.00079618614186119
0.0138920309325243
0.00454342723411452
-0.00346874319424843
0.00206508855895457
0.0206819605517901
-0.00993425088055884
-0.0367951036028494
-0.0122320226717023
0.0543138494943839
0.00670618342642155
0.0027031137523027
0.00402721682404338
-0.00531799634240418
-0.00258377624845713
0.000536668510305808
-0.00296617817693311
-0.00289239851312115
0.00421706078156276
-0.00119909013737751
-0.00562868424776412
-0.00768186162993435
-0.00662995528335054
-0.0118105304583398
-0.00104329520499401
-0.00273261378851613
-0.00282351511172272
-0.0165578101026178
-0.0124386974741396
0.0108903410024965
-0.00117517508897824
-0.0150984024580778
-0.0050172787110853
-0.0102218689088811
-0.00200862063388006
-0.0030509806832831
0.00552280097897981
0.0063781793751716
-0.0193221524337623
-0.000259877008514493
0.000453368454382067
-0.00112540464998104
0.00318828023860576
0.00356524791204485
-0.00123631478362325
0.0190632588650221
0.00344128181108317
-0.0117292029942903
0.00556638141757499
0.0497751731003829
-0.00278316522346104
-0.00913167612011281
-0.00551995652685356
-0.00227975922655339
0.00874078484526715
0.0103140571345633
0.0102585919387579
0.0252586904252344
-0.00533560473479838
-0.0369275029672881
-0.0111758458627399
0.00416091809418595
-0.0317993781483987
-0.0104626978456144
0.000535043577965211
0.000390608275265972
0.00239720949256752
-0.00102647927869148
0.00349553719805068
0.000124872877124365
0.00285338832362198
0.0160745177570537
-0.000882118147964869
-0.000692758082335077
-0.00178430833577508
-0.00159359409318207
-0.00685969488503624
0.00896273693735593
0.00327726414601935
0.00381673350196815
0.000702794259677251
-0.00317014152770875
-0.00698338702336244
-0.00592334620349307
0.00275259745472648
0.00676074874535588
-0.00276780579637442
0.00459781323494566
0.000292435466615737
-0.0142746035295483
-0.00373149113959997
-0.00639379925730466
-0.0045326151467251
-0.0106696688933851
0.000191347919472278
-0.00288236671959987
0.0060743191229129
-0.00171256981198415
-0.0067829501766528
-0.0133165681088967
-0.00992802781459324
0.0106506114111759
0.00848970574577481
0.00464481143958912
0.00423608649314003
0.00202922998972761
0.0034031237129151
-0.00594372722451296
-0.0103580020811067
0.000325422600906951
-0.00625830644520617
-0.00653034925667555
0.00353223565653146
0.00291736099322785
0.00566834975661286
-0.0197595943994456
-0.00867154486258986
0.0217984920679366
0.00214041612953831
0.00988306666374838
-0.029662813683737
-0.000405244281089508
0.00229712796600136
0.0159354780392957
0.00217381483732054
-0.0140683081325332
-0.00488978515772597
-0.0143000362106537
-0.0202488503944508
-0.0264054498908279
-0.0107414021878682
-0.0242000665126786
-0.00665862099770281
-0.00380327744849618
-0.00426499248340871
0.0172565403161857
0.00454850103596332
-0.00255541059941414
0.0104641309534779
-0.00684496609251442
-0.0193713557401144
-0.00345583394552649
-0.00896493008787708
-0.00693559746961891
-0.00643724110791744
-0.000691036552405748
0.000154647419601036
0.00346085072976012
-0.0280254839032198
-0.00209894542302002
-0.00174454295250675
-0.00177339753609093
-0.000290219440748918
-0.00806602271678362
-0.0057813695310192
-0.00237898286447543
0.000820223495870866
0.00370378833600603
0.00151724577452288
-0.00575011115543453
-0.00399737024486276
-0.00389232644945343
0.000962816293696128
0.000157959349448797
-0.00477286446440028
-0.0091456532230469
0.00231672986709148
3.3630143177827e-05
-0.00224211211882036
-1.65575721215225e-05
0.00323936503228447
-0.00231632235441628
-0.0101339085978218
-0.0203816224020899
-0.00631357537601833
0.00481907821649739
0.00483359462407111
-0.00331298821679114
-0.00433847888906901
-0.0041131995100801
-0.00494724607205777
-0.00301905101874982
-0.000983294917060725
-0.000660274683984202
2.09518173376946e-05
0.000617319359274738
-0.000230955513863698
4.90451941785705e-06
2.82937410131089e-05
0.0060786793081265
-0.0181148428438379
-0.00959864449878886
-0.00691523180012174
-0.00948697678474598
-0.000805795746366784
-0.000270886711007742
-0.00234889051973217
-0.00185012310422887
-0.0054860871947017
-0.00880582994394245
-0.00679959245355195
-0.00543455704685888
-0.00668365067569351
0.0151211710271271
0.0107534724741416
0.00281018995798654
-0.000803263374191788
-0.0026395400612473
-0.00667328939902313
-0.0144353086281923
-0.00721414514126479
-0.00431444716954974
-0.000939626967411663
-0.00299554866245399
0.000196173536891291
0.00255011184976455
-0.000741316302746697
-0.00128741992670274
-0.00324103505138063
-0.00619384564751552
-0.00211989536964266
0.00433198480252585
-0.00496145212910859
0.0084370771908799
0.00458543939434614
0.00307813666608025
0.00152396779106835
-0.00373874237474421
-0.00504569387011554
-0.0186650527122037
-0.0128002862823662
-0.0062157390980715
-0.00109273379045127
-0.000485284193211724
-0.0024075908191344
-0.000733151127083058
-0.00388801511644922
-0.00243385472584065
-0.00104923325963939
0.00391222234394998
-0.00106754641827392
-0.00310418889135259
-0.00627465625850934
-0.010867076987634
-0.00658571331599085
-0.0115251172075498
-0.00485037552761143
-0.00455696346871621
-0.00159351088629007
-0.0009678367015589
-0.00367413921751731
-0.000942262421995003
-0.0023357972255468
-0.00208904604786714
-0.00856864739937019
-0.024070051595738
-0.00706415829481186
-0.000164138603782414
-2.10794643160919e-06
0.000478044420468537
-0.00265436496238151
0.00467585717452614
-0.00635131530463011
-0.000969720893851729
0.000296424635543889
0.000205457955408015
-0.00264279705692386
-0.00377370304970584
0.00347181516630585
0.0063591055723275
0.000687707362262807
0.0032997656782531
0.0032572336299156
0.00103711677706385
-1.49788598217349e-05
3.73594479142233e-06
-0.00185034767674422
-0.00172277781662524
-0.00468900018612055
-0.00193821133830927
4.2865474257817e-05
-0.00405284148598657
-0.00524718165668293
-0.00345406296323859
0.000284074093695244
0.00136193680316477
0.00174781943372578
0.00179963082201285
0.000586844658684971
0.000133601927318603
0.00164109803234599
0.00312436333459318
0.00162573722012162
-0.000572919355548898
0.000870800853534942
0.00262719836418813
0.00043075340225209
0.00105115795293347
-0.00271016228349727
-0.00393966814050136
-0.00192827342712518
-0.00102874534494017
7.13609065879185e-05
-5.2640715711654e-05
0.000547352795287107
7.91494381101799e-05
-0.00352416605638177
-0.00659391799183969
-0.00485600509017251
-0.00350106129801291
-0.00218445582519501
-0.000910235265603719
-0.000356788451153823
0.000518469935031152
-0.00079268212524703
-0.00033063642968043
-4.59598506242888e-05
0.000672464852238159
0.00144061368593746
0.000227861215743875
-0.0010945120030666
-0.00015267330498741
-3.79784799740554e-05
-0.000352076470670842
-0.00240660429160319
-0.00466131661803713
-0.00354570486190818
-0.00265777831079756
-0.00217237525495177
-0.000872878383662016
-0.000712214592476145
-0.000785399459849456
-9.41638848245337e-05
0.000159525673983063
-0.000660591696046786
-0.000203071384075403
-0.000278392043270444
-0.000561638094258518
-0.000437022305933202
-0.000547867406847453
-0.00055096016954932
