-0.997936648911955
-0.996607992807206
-0.987910685448199
-0.965140242656139
-0.912383720739126
-0.697303091915921
-0.560816124946292
-0.468029004334546
-0.353227578842476
-0.329345918017044
-0.342572842078465
-0.410066798579913
-0.426847643980284
-0.417494770462161
-0.386126882923638
-0.355821283843803
-0.240622634627826
-0.122405780642547
-0.088425956667156
-0.0894288148008358
-0.05733307474402
-0.0268197092193909
-0.0346275752049216
-0.0911597783602101
-0.231271534470992
-0.239864408416632
-0.232313974827931
-0.186166501850331
-0.126888215290136
-0.186475487586087
-0.227346534552974
-0.238439678903557
-0.238087313058568
-0.312284587492495
-0.284237216357238
-0.209475362546898
-0.260301074258796
-0.257850244601047
-0.199764775976233
-0.232476700843502
-0.264683346570321
-0.246891582320109
-0.178241061751735
-0.173407007591327
-0.144392026773113
-0.124558540019302
-0.147221857336144
-0.0927260622211951
-0.00764601556632097
-0.133452788956995
-0.189471288415259
-0.131148875414473
-0.0638231053182079
-0.0726383020602983
-0.0694572959504723
-0.0888364777842152
-0.0898582702060914
-0.0672398090272378
-0.106591607929808
-0.21292341710828
-0.229132053864895
-0.222907315819189
-0.161756765171916
-0.0645620676640273
-0.0399750505191346
-0.0320995846487021
-0.0196044958653343
-0.0391981890337749
-0.0852481430541182
-0.201868457917897
-0.241419185078055
-0.158324701397349
-0.00212156987434823
-0.0497432359160108
-0.0402320128403434
-0.0752357234254457
-0.000862045951824738
-0.0110168181580809
-0.0650147009936939
-0.0363555149825568
-0.0499670655712152
-0.109330622650273
-0.0737080746637407
0.0225141243441876
-0.0205666424048597
-0.0398776560567896
-0.0199901554348196
-0.0197668209708136
-0.0255050596114217
-0.0265175308684889
-0.00116881821031521
-0.0396198933035179
-0.0895431984322198
-0.0517264741021704
0.0442709903051545
-0.0239410765815968
-0.0895767751887432
-0.0735357765940632
-0.0206337160646762
-0.0122400443955979
0.0103681162625445
-0.00747565988999711
-0.00586250801995591
-0.0303294027366369
-0.0384799749929048
0.0258670895506122
-0.0180605679958066
0.00349327518748472
-0.0218155343485293
-0.0254584494674805
-0.0137146696102311
-0.00886760291952573
-0.026021097208565
-0.019214698657015
-0.0226231865773531
-0.00833746809093012
-0.00317900060359642
-0.00791107469331027
-0.00556863884471698
-0.000674651192715913
0.046637622151405
0.0186739562154881
0.0345064567291168
0.0225451906878625
-0.0287994487371913
0.0109821095995535
0.0050798690847243
0.00256186061932235
-0.0104210053132609
-0.00414721108194277
-0.0253345185384031
-0.0173416004063669
0.00647040057837747
0.00544819835638122
-0.00202599532384362
-0.00850127099379856
0.0245316911579363
-0.00288432877342688
0.0107471961520745
-0.0322729641710344
-0.0156187850833899
-0.000909619743710642
0.0122050409868348
0.0221747994742457
0.00183654609604562
0.00695650793955348
0.0220164430519173
0.0189136860649522
-0.0359251116418127
-0.0226840661890552
-0.00249719971737278
-0.00411019461581092
-0.0673070537019645
-0.001879318553708
0.00976065993902819
0.0550698637484615
0.0823342193883338
-0.000579415443166824
-0.0339555139289495
-0.0125170379938416
-0.0104197649009995
-0.0082598500458122
-0.0015733484690916
0.0247349768781764
0.0302526821724418
-0.00277115484490936
0.0384561593531806
-0.0358514037842153
-0.0188324191011975
0.000620372830155046
-0.000420511854793498
-0.0134194144003285
-0.0184144240062169
-0.0252664437527015
-0.0343831653276504
0.0347338842297408
0.00870986271911856
0.0351601175724659
-0.00367990144114621
-0.0175210869703747
-0.0114097149869403
-0.0302016737519253
0.000593147153995457
0.0440497444142646
0.00287800150703319
-0.008669893275029
0.00221893319196175
0.0146054738348436
-0.0406981122960034
0.0147569710882644
0.0163402190389585
0.00252180012241998
0.00978033938608765
0.013157321493234
-0.00267348501151564
-0.00425544653440601
-0.00239290617136903
-0.00646947333037104
-0.0151816194897903
0.029931435621954
-0.000105832340939745
0.0123381651312382
-0.023902652188024
-0.00968855626292708
-0.0229357287100634
-0.00623390393619574
-0.0391593577222944
-0.014692569060088
0.0594119874781207
0.0588965387333915
0.0150713170377656
0.0190752981011002
0.0271861094593607
0.0345970441656859
0.0265775202903516
0.00911574428754256
0.00798167454216474
0.011992973585426
0.027317661612234
0.0084586832659235
-0.00108249853712014
-0.00117830486489636
0.00751351014002149
-0.00506414232543584
-0.0020141995151086
-0.0308734173518026
-0.0122611053054773
0.0117851632852337
0.0199049678667492
-0.0226048948500493
-0.0597491500034467
-0.0235566337328531
-0.0577023173819476
-0.0202868402715455
0.00633640708965376
-0.00478036666640959
-0.000732734945817257
0.00622827155413339
0.0754815242164881
0.0122188316568537
-0.010539224318997
-0.0317832552509798
-0.0349426873040634
-0.0649646388479359
-0.0408562173551667
-0.0494701950220721
-0.00351397244886004
-0.0133101920854159
0.0114126777456063
-0.00504288832492997
-0.0163716342522085
-0.0126347142529202
0.0447508056082519
0.0116783719998119
0.0570070383201211
0.00380184717091307
0.00189418894009407
-0.0163505994344863
-0.00502596928004319
-0.00510322900064753
-0.000140300171686121
-0.00194929677032332
0.0289777300977991
0.0167068662803683
-0.0394394918190614
-0.0591725232830319
-0.00153572441936583
0.0168842546471538
-0.00809463678558735
-0.0297357339573586
-0.041804543007034
-0.0174734433732576
-0.00161260175423326
0.00658665036631864
-0.0345440332013432
-0.0226939518613945
-0.0295089498129441
0.0181496420711581
0.0157988948904186
0.0133539961717927
0.0269381026100434
0.0168666578606758
-0.0174224305335476
-0.0143453336187801
-0.0370380677387982
0.0143834856655613
0.0174858285841133
0.0105200242533371
0.0375745122767395
0.0184157747812409
0.000586578671832648
0.00656606155948777
-0.0071478644456309
-0.0134564196887408
-0.00267929460640502
-0.00931652401859302
0.0255005164201356
0.0109353171073457
0.0101561506982795
0.0393574955138741
0.0145854099162823
-0.00192577648470549
0.00141848379276523
-0.00687683038139907
0.0213407711935084
0.0117328158767009
0.0355268276881264
0.0143884231994984
0.0237177252945285
0.020334503333255
-0.00781522407930803
-0.0101975623118672
0.0116365831679063
0.00496002513923278
0.00696303048444984
-0.00197782280570127
0.00345452303550958
-0.00590054991989336
-0.000528747636357927
-0.00271989876950338
0.001322579234077
-0.0136210782349081
0.00135821683177379
0.00271019068087704
-0.00148863855466659
-0.00211490955610119
-0.00428746481862041
-0.000929776687409072
-0.00593345499209509
0.000246834589680824
0.000120407028161906
0.00203885376153054
0.0052658034027573
0.00564329764700218
0.0114318475633397
0.00255983182966653
-0.0072883052482316
-0.00583476165297222
-0.0128675519425257
0.00292851019876843
0.0137918456537322
0.0336567735462922
0.0121360392051495
0.00155214674694607
0.0181261462436962
0.00701926003755447
0.00592667391704703
0.000746128866610323
-0.00585232484172813
0.00419294038615511
-0.00358279328926649
-0.00766647507048893
0.0090701873854242
-0.0105979316404073
0.00297507705588263
0.00699911616125683
0.000450505271952705
0.00517106954526168
0.00770108981637054
0.00720965838177764
0.00481521736408405
-0.0208901608424012
0.0234795528514898
0.00417954345466626
0.000463549928912505
-0.00594647308013536
-0.0139381973510163
-0.0663934040746557
-0.0571278716041552
-0.015987303250881
0.0107066956230131
0.0203402740652226
0.0103132750878879
0.00700714084770499
-0.00359308226416786
0.00367749083690129
0.0191345270151709
0.00987211745153507
0.0116516375096984
0.00607042086944021
-0.0132356166984668
-0.0079287300416405
0.00268113756232811
5.03812557711568e-05
-0.00250476527476416
0.000534782970193406
-0.000533635313921961
-0.00688175490911485
0.0506879618654668
0.0228550681208523
0.0164063072093846
-0.00432356488313522
-0.0127865627627792
-0.0164573873319634
-0.0230976301311524
-0.0239884865863355
-0.00202268139655067
-0.00387455488592948
-0.00202929555730977
-0.011504310620033
-0.000832022968758076
0.00429139525744335
0.0109831461634013
0.000851903693617446
-0.00906211077180843
-0.020085331233755
-0.0190094719404635
-0.00434977137416473
0.00741006677595771
0.00855717820366603
0.00802058015983371
-0.000774889813332261
0.0230778285613998
0.00616721567510184
0.00937127764495386
-0.0514554213401092
-0.0418105840313363
-0.0356624347470799
0.00191197222012156
0.0325281416233652
-0.000793962545318494
0.0107037365813805
0.0114825472278174
0.0273223441726144
0.0338281463775305
-0.0229727235693258
0.0238715146259594
0.00668818324211551
0.0288034120508064
0.0121094892995807
-0.0104253723472484
0.00558662537822727
0.00179080245362359
0.00322243295369433
0.00619376892008519
0.00916890105600127
-0.016352118710051
-0.00200669493926309
-0.0110808570348861
-0.00782216805070237
-0.00506340433089547
0.00178049500866996
-0.0017602654129355
0.00119186264536646
-0.0124754469054872
-0.0097915525549281
0.00853722680039849
-0.00886755835755736
0.0265480243587875
0.0175524518299262
0.00540674579981666
-0.0186141875870687
-0.00793734911206804
-0.000281273655542746
0.00363945373190547
0.00831737451978798
0.00362739871073295
0.00467909047054898
0.00856026307916964
0.00437329246576861
0.0172618218439599
0.0152235451831541
0.0130718633722909
-0.0129893746548468
-0.00127426311088167
-0.00433618847165894
-0.00226864650122728
0.00127293492287989
-0.00412033521494305
0.0010999536518932
0.00283627801203308
0.00369932328292573
0.00149148179433961
-0.00120505919503158
0.00187696874115133
0.0137252206093394
0.0322351514973771
0.0208709753750113
0.0397623849408399
0.00198476166135049
-0.00541956806275009
-0.0205839378377572
-0.0356939524032156
-0.0301317306368106
-0.0183347542179931
-0.0042229555468526
-0.000293091786137434
0.00239483441990746
-0.0013573599300892
0.00402124370089887
0.00390567987331831
0.00371404546104359
-0.000641042872501807
0.0032833169187054
0.00702974842517589
0.0059350690043388
-0.0115080580898401
-0.00320961440860051
-0.00659602988467416
-0.000376923933947983
-0.00349841562933637
0.00177341437353356
0.00833080534005272
0.00740446022836767
0.0309885439009704
0.0121740710354437
0.00454118240612359
0.000616584233937786
-0.00526749700342747
0.00277470156958886
0.00555272978908926
0.000955781055291372
-0.018085251983246
-0.0103659622489196
-0.0115905690609588
-0.000608132351855882
-0.00697539795005823
-0.00555767708923586
-0.00169025021675667
-0.00254061160961189
-0.00271379520131176
0.00799940485945658
-0.000800041806991876
0.00418032441794498
-0.00101296581803615
-0.00271873455819222
0.00332879055202891
0.00921702049082365
0.00288473969156784
-0.00820145709166609
0.0018231164706197
-0.00185748966091875
0.00921165227523807
0.00682131277200037
-0.0116877273450879
0.0279164926887564
-0.00262719022246396
0.000993278360159442
-0.00696316677214888
0.00475674264038121
0.00359934424909833
-0.00783258784957785
-0.0166959276297091
0.00415975007721048
-0.0131909193447204
-0.0101361117010717
-0.00118293213259858
0.000292930124939028
0.00162453963143613
0.00358986137099859
-0.000652507136634699
-0.00385444938618841
-0.00280348669409843
-0.00575886053916066
-0.0155362569201373
-0.0148796358459609
-0.00139706684119677
0.00327754447992555
-0.0127459705597287
-0.00825394568451446
-0.00956442864062828
-0.0111254495492294
-0.00306021871711116
-0.00823237273744157
-4.27648586971991e-05
0.00507368358716245
-0.00411711480515369
0.00930238880646426
0.00992197516930214
-0.00919451418856714
0.0019010076821589
-0.0235920579687099
-0.0369713920388415
-0.00184417806141641
-0.00215177005323796
-0.0178961469575169
-0.0121300346840465
0.000614504055763243
-0.0197523720054263
-0.0266541852767207
-0.00334292750758239
-0.0023604675012002
0.0060979972274724
-0.00252249650272518
0.00265762406910348
0.00948222259577946
-0.000318200807123236
-0.000409984498488955
0.00524420592778451
4.50351397763445e-05
-0.000399228503939921
0.00143284403564675
0.00406989030196384
0.00309554557483352
-0.00595677549883959
0.000601844310947144
0.00912266512127911
-0.0158756238793033
-0.0116167775396006
-0.0345132538015491
0.0112653642103226
0.00464754997905582
0.00691068353513063
0.00776331516900186
0.00109900405512674
-0.0228922202893829
0.0052405235520481
0.0399012654020615
-0.0119814077532597
-0.0085762971712932
-0.00637831477629758
-0.00252175537391157
0.00165797274251735
-0.00622847626593469
-2.68643425709938e-05
-0.00918235491069468
-0.00765050328595814
-0.00973634205575812
-0.0286809234858289
-0.0306967162936961
-0.0190445080110642
0.0102605044070939
-0.00230946324795345
-0.000611302701845453
0.0104665485321329
-0.00154696309751999
0.00230760170703858
0.00206955310092745
-0.00100433295838651
-0.00337436702506928
-0.0319023425813824
-0.0570538280461285
-0.0460629642707178
-0.0284734446740372
-0.00504635382827935
-0.00903151611470704
0.0118819422580373
0.0540807969663989
0.0533782529794846
0.024030547377388
-0.00585586837310406
-0.0429271836530209
-0.028050385575466
-0.00864438707080951
0.0030600642236056
-0.00327100628020955
0.0170017538504014
0.0137965802733126
0.0365477615943764
-0.0238268801945267
-0.027535110846357
-0.00424869707917405
-0.0159443692283936
0.00226619836595966
-0.0370762896329075
-0.00664343223106418
0.00174832353090215
-0.00377875815186132
-0.00533252781213716
0.0135561069036655
0.014151430914232
0.0101745395715058
0.0183378099187686
0.00145687411556063
0.0558918115836556
0.0351428006662697
0.0470261574397405
-0.00205235859880109
-0.00667124098446925
0.00425730885042916
0.0223319038709031
0.000324028787428585
-0.00587385399088005
-0.00856978213814116
-0.00998199460698029
0.0174119324012285
-0.00319393039456572
-0.00606524830823501
-0.00537470676422664
-0.00640903599137726
-0.00561061361394093
-0.00788200752226996
-0.0141601084068346
-0.0097804996135601
-0.00324372745159094
-0.00524841993540615
-0.00100870084894118
-0.00772132266311005
-0.00702649022234067
-0.0108720678628506
-0.01023457080022
-0.019883268421014
-0.02177274035979
-0.00540952109846742
0.0152767988013068
0.000802781954012149
-0.0108015127246554
0.000350703057883161
-0.004228316700224
-0.00532492061761873
-0.00238584689874303
-0.00491575517873839
-0.00642635321100553
-0.0153518055207847
-0.00854478084746158
0.0050754414724944
-0.00107896750955502
-0.00799116812815619
0.00575716229500378
0.00383174083939587
0.00169272833084538
-0.00582871803443526
0.0233322847906004
0.0203452196232023
0.00524179474210978
0.00298512194454379
0.00132607346616778
0.00227296155951862
0.0070006942169104
0.000336627487824599
-0.00703122656139015
-0.0135959603319738
0.000299858826882974
-0.00502356363044696
-0.0186404113454822
-0.00188717002066317
-0.000774185215153201
-0.00113252068903702
0.000514847932604141
0.00630069382401589
-0.000808122872056549
-0.000444892179908728
-0.000234958427698268
0.0328376614221146
0.0448480901261003
0.00911236282211832
0.00770706728068658
0.0118555568685813
0.00253501135078794
0.00183125625836098
0.000950398200279316
0.00879823435127274
0.00718052166880723
-0.000210672622153773
-0.00582717540151955
0.00190260346211454
-0.00179626223167165
-0.00184768294622775
-0.00654442164612992
-0.0204926273191985
-0.00639010231266578
-0.00024699550762308
-0.00495331180268543
-0.00342974929886847
-0.000101198946028788
0.00223657509164071
-0.00552911150156623
-0.0046608463981828
0.0136107282801987
0.00426360678934674
0.00709766943266928
0.0211414892054498
0.0259311615494494
0.00903849938581267
0.00558440891528195
0.0086153661480689
-0.00386691411754432
0.00226623268509862
-0.0110177141592094
-0.00203038530667793
-0.00161261710822094
0.00173329566305232
0.0162073923733934
0.00650556969183093
0.00067487465717876
0.00174220036814767
-0.0028278289960085
0.0016551390205893
-0.00516907896012294
-0.00727056273351791
-0.00596595178873073
-0.00456733118441133
-0.00207515996333606
0.00136745098381651
-0.00228970298400205
0.012336916187855
-0.000350985421032653
-0.00737934257286803
-0.0189526891240922
-0.0145103333472771
0.0064347719651648
-0.00929279278971959
-0.0158455097038372
-0.00580469853294761
-0.00791939564565699
-0.0021624873796786
-0.00179958848686117
-0.00268041032093025
-0.0029834933862744
-0.00238679175521944
-0.00223247129800055
-0.00426685439734046
0.00740656889049892
0.00184519463882425
0.000830744329873328
-0.000988088668741763
0.00871986367754013
0.00853535394887521
0.00511248052862059
0.00347532213360923
-0.00119926199207381
0.000359585851572237
0.000794590962498696
0.0147566589461195
-0.00229452447191131
0.000508891171762955
0.00638230442363192
0.00229529826935541
-0.0112415798335382
-0.0147908642801016
-0.01301212580448
-0.000487797966008337
-0.002845387929391
-0.00835219606334862
-0.00263129534400768
-0.00375845651657187
-0.000244635231891325
0.00318722570929871
0.0190041260540914
0.00947976011754605
-0.00298715836603609
0.005763305928331
-0.00168198519763811
0.000119501335108506
-0.00401572609874353
-0.0116133128796949
-0.000746170431168618
-0.000748782632786954
-0.00139438836870773
-0.00623697343497946
-0.00802892444206918
-0.0019028637065428
-0.00965579440645266
-0.00407629476950429
-0.00953680651379309
-0.00824437487791892
-0.0192900025495918
-0.0392214300815721
-0.0314285991013009
-0.0280737683109723
-0.021214515997775
-0.014777517267276
-0.00386967128443368
0.00328905053869667
0.00444866286033068
-0.00878797887018444
-0.010349512383608
0.0251632246843384
0.0190284835979041
0.0044121278083495
-0.00439765569676119
-0.0189512498566382
0.00110363252421213
0.00279867751626828
-0.0109375821850149
-0.00679460559897303
0.0011994870516938
0.00172572116021134
-0.00114724248218766
0.000142091983970321
0.00133008131586064
0.00117174791296268
0.00184465523022864
-0.00161386665407321
-0.000826630541814453
0.000517640133477833
0.00190570353878872
0.000632772785556747
0.0069381682576229
0.0103643287684519
-2.39392947629785e-06
0.00208705360067235
0.00330774120044241
0.00151319749204771
-0.00218121647801831
0.000921043635937082
-0.00193593789609617
0.0014396598942614
0.00766852885351896
0.00393922756087193
0.000165297209945237
-0.00147437806642523
-0.000720960875238287
-0.00343418738224407
-0.00564653655854629
-0.00470896754401595
-0.00110981321139164
6.80046332928235e-05
-0.00532122371254246
-0.00347388574798022
-0.00115753514111473
0.00424232740591964
-0.00201390593463521
0.00974244398384542
0.000997150497033935
-0.00383604423560345
-0.000176875200794897
0.00233298613049114
0.00434626094083238
0.00133175221014061
-0.00760645915803024
2.741230991912e-05
-0.00479423224992197
0.000374484494669738
-0.0112371565708226
-0.0107498428265127
0.00306950272253227
-0.00285458703220764
-0.00387271808456256
-0.00376205913672389
-0.00217529220068816
-0.00304936425700071
-0.00129274473289237
0.000383538770706777
-0.00088357173715954
-0.0037872435783299
6.54696777181568e-05
-0.000390568042379332
-0.00264601395875018
-0.0021645881874426
0.00316219991710103
0.0067810519032759
0.000684703607900731
0.0016476986511825
-0.00128284260049307
-0.00412529024316702
-0.00785390494804973
-0.00433785472687046
-0.000329659512216666
-0.00173471081743948
0.000229175306451335
-0.000885365483660713
1.54709104487009e-05
0.000322305818417913
-0.00497357176869198
-0.00381691500965515
-0.0039691445923507
-0.0029390256327804
-0.00504786935510652
-0.0094274712390095
-0.00780648956978118
-0.00194822411366241
-0.00216251610800547
0.00101419540950545
-0.000386210167902301
-0.0032025471836287
-0.00305883678189081
-0.00142840450093654
-0.00338856462416662
-0.00352308417938061
-0.00246767025660904
9.92855915846786e-05
0.000988205328889938
-7.14474123472196e-05
-0.00258602019981737
-0.00956321717620058
-0.0123839871470161
-0.0030833382772264
-0.0018347420444479
-0.00134957737150388
-0.0106029949533666
-0.00760417380054809
-0.00844940389594923
-0.00468514829880696
-0.00215644639954485
-0.00205868733847676
-0.00212140488939192
-0.00404988113578615
-0.00977687541717339
-0.012642054642671
-0.0107400319722352
-0.00923582788656531
-0.0059033484145807
-0.00405628091461894
-0.0034092097429753
-0.00177813292202934
-0.000630599783417732
-0.000123605755119783
-0.000745878593074772
-0.00119560547200591
-0.00103667673222745
-0.00364679678865323
-0.0028078527399081
-0.003523615752956
-0.00245398735915348
-0.000192990180864465
-0.000438020975663934
-0.000145067235806418
-0.000553161470244502
-0.00107610009648391
-0.00169331530326564
-0.00363236387401458
-0.00534945425833143
-0.00472912896440637
-0.00374647537758523
-0.00512081314211382
-0.00412801951238546
-0.00379733677230332
-0.00315762091674273
-0.00169264257375745
0.00110903934529513
0.00143873318961683
0.0053388490419443
0.00420173545467072
-4.89655576336458e-05
-0.00962049674490426
-0.00782480811429035
-0.0102796582296424
-0.00737378306489219
-0.00293489667304398
-0.00160957260867119
-0.000407916679344509
-0.000560399867211423
-0.00103865973967758
-0.00126229215563165
