-0.999511029741962
-0.957973353935127
-0.951027557510168
-0.871935322402135
-0.752937390127082
-0.607632031915979
-0.646855305881561
-0.584944891573205
-0.488089511847407
-0.566803101851901
-0.672758998754006
-0.603035724512793
-0.584609788108096
-0.564400394752445
-0.448724816617831
-0.350455669300984
-0.359735140471061
-0.250582965507035
-0.151275259813149
-0.180185834514381
-0.211768573448718
-0.28285844223388
-0.253386751355024
-0.219892003495098
-0.294488888308501
-0.403776210949138
-0.2868989322651
-0.219634894873152
-0.0870141997557539
-0.176580724400334
-0.215932849948152
-0.324445939795801
-0.225053836912249
-0.2494305361948
-0.265945902562698
-0.225429001713305
-0.154205042374386
-0.202940728905864
-0.185078141786045
-0.203386450886234
-0.196167460184468
-0.180635417282437
-0.143130904083653
-0.173712392897175
-0.255482832943469
-0.196262286792499
-0.144136389600588
-0.0740503154975802
-0.0599642798984894
-0.0106986583283383
-0.042340262463015
-0.121371835161062
-0.197202378353937
-0.203092425396382
-0.12130747940681
-0.0498367049353628
-0.0347440219600437
-0.0276317388943643
-0.101937727242975
-0.0329594660481362
-0.057008317222522
0.0149002477363943
0.00906506382422568
-0.0441372722027251
-0.106843066259214
-0.00498342832063815
-0.0652714151549219
-0.0644608483004286
-0.00641524343338969
0.0305887185165528
0.00164127295577607
0.0170024597170383
0.00837136721895463
-0.0248500381604128
-0.134554732648451
-0.123613741669818
-0.09069381320423
-0.101306897354907
-0.0116106202946088
0.0483948796884209
-0.0473963996084459
-0.0932433582968398
-0.147365434345804
-0.227526597723444
-0.319154606339031
-0.124395668260405
-0.0957176399674463
-0.0730463007513418
-0.0358362904749322
-0.0346091434930107
0.00823079389436762
-0.0597644815368361
-0.0735532365505166
-0.0870043595966509
-0.0879816278670584
-0.0937849980126091
-0.0691073870518537
-0.0177039712449523
-0.00195786345552882
0.0121777725456309
-0.0567333165420235
-0.0404976231017709
-0.060535925361057
-0.0645266164453674
-0.0769261957459744
-0.0333701170096714
-0.0113510097268963
-0.0394075425305181
-0.0317114207257414
-0.0351347314091893
-0.0343930524371433
-0.0468395157255331
-0.0223642886704363
-0.0174778991979283
-0.0133917174064982
0.00259738321212616
0.00591946769451739
-0.000417785953066835
-0.0271482937616583
-0.0301399365453945
0.0125289869100725
0.0309585428136834
0.0656585520089657
0.0492398892353336
-0.00855277534241054
0.0110401481819
0.00471221582913457
0.0137453650527466
-0.0166343976747783
-0.0122498303931351
0.00188485196446899
-0.00156983006338054
0.0207874746078744
-0.0761143615620028
-0.0493067804503528
-0.0106619096458414
0.00132646563419173
-0.000791532937115424
0.00515088822732108
0.00669533593751819
-0.0218362260831961
-0.0315317735616679
-0.0316540741903711
-0.0417020316054801
-0.0364420425325209
-0.042504843820156
-0.0398649414612106
-0.0379485510154901
-0.00322102743067664
-0.023278118802748
-0.0398238970453015
-0.0245076739326203
-0.0224062562400965
-0.00252321021689464
-0.00528806915855873
-0.0252769087676693
-0.00907070398790561
-0.020523403498268
-0.00489910030050844
-0.0111143771877372
-0.00304991220625831
0.00124161449920923
-0.00270002010328035
0.01919001319343
0.0113043042398353
0.0107057628739943
0.00613536861470692
0.0357367542838412
0.0191595993361441
-0.00910643883190401
-0.0152620869125183
-0.0114907728852231
0.0216987177419261
0.00837209078452333
-0.00438573030987498
0.0488507699521231
0.0422681046748472
0.0318686069212021
0.0106551219281375
0.0673794828980527
-0.00233662153262731
-0.044995491237884
-0.010252938489869
-0.00754512619105567
0.0310910477100714
-0.0168639101914311
0.00737204604236365
-0.00513291172579185
-0.000530741142816285
0.00154354792108118
-0.00903291880778292
-0.00216118874495028
-0.00123387912978596
0.0163151530625751
0.0282274940271795
0.0363995374837579
0.0166450651708778
-0.033885907940422
-0.0209960966940297
0.000747280929646928
-0.0187110819214693
0.0100070854479093
-0.00955090001272241
0.0108462460027292
-0.00708343688634066
-0.00494399066780663
0.0295717507413307
-0.00561885949078687
-0.0012269277783409
-0.0125688573374459
-0.0145356874001093
0.0151030154041636
0.0251309905283221
0.00543307531986047
-0.0379563400748451
-0.0033013353698223
-0.0479556531728619
-0.0259824984487275
-0.00466247818191813
0.0247669744123976
0.0106883873838359
0.0729267795899975
0.0426500441343843
0.0083445364037504
-0.0407400580702926
-0.0248904066510638
-0.00177534594996917
0.00561122071923968
0.0275220199567905
-0.0195236323010675
0.00808150498888561
0.0121901518788276
0.00080431515224098
0.0091075445271619
0.019648113372955
0.00497052448690493
0.0211828461407955
0.00946039261440978
0.016587035818283
-0.00240618375190951
-0.0152039514899994
-0.0200447707762938
0.0133142881489061
0.0369314481477978
-0.0509060841857951
0.0186340140655971
0.00978260741638042
0.00507598645760177
0.00525327168704383
0.00162135765215241
0.00224503609554328
-0.006226184113603
-0.0237083232887036
-0.00411328922549723
0.0125209771961295
0.0253594428461509
0.0328312537232177
-0.0211933693325113
-0.0144895007405718
-0.0264088015872845
-0.0109025536960524
-0.00715535189058954
-0.0058361158652202
-0.0181090353596598
0.00382230810813912
0.00971643578405687
-0.00952545546238023
-0.00148449564061109
-0.00782500416555591
-0.00365274166464195
-0.00124303712398264
-0.00057608683467566
0.00699672257962116
0.00196123416398152
0.000753403975465565
-0.00378815658047653
-0.00563513662867504
0.00365991906825113
0.0169809390732788
0.00706228641780987
-0.0150467286900173
0.00332948985278263
0.0210907993714256
-0.000776951040084885
-0.000107873362390319
0.00224941575849736
0.00673472332166806
-0.000304400052474322
0.00256419687936546
0.00760091470602219
0.000116085900659976
-0.00560872547373014
-0.0129898669504437
-0.00702787474384261
0.0018233911889523
-0.00123149146399721
-0.00277464438808673
0.000827014473157688
-0.0111060838413274
-0.0400732869800147
0.00456394853173769
-0.00608505694225208
0.00671962207689858
-0.00639838814229592
-0.00985879398051093
-0.0241601226220049
-0.00378255077977892
0.0123565683462137
-0.000441689195822769
0.00179605685201603
-0.00851805075780417
-0.0269204194934045
-0.0486968180909677
-0.0406254620462815
0.00404266334888716
0.00504124072341064
0.0094971452072517
-0.0040236213416485
0.014030174037903
0.00483013921155813
0.0067142008379998
0.0245678347716297
0.000601349914920009
-0.00118872824343437
0.0101280269372437
0.0225653715479307
0.0276707644123736
0.0305483851364734
-0.00465511428835895
0.0128083112158773
0.00264334508965192
0.0027167856379796
0.02282643695045
0.00712358006937066
-0.0469018136408266
-0.00534339100079217
-0.0052542313202637
0.00277453553465726
0.0191771374049695
0.00149139066363447
0.00440730310610006
-0.0133927312165255
-0.0163793950436514
-0.00261218678430709
0.0138776214406767
-0.00489580093218227
0.0529892154996532
-0.00699272177348964
0.0183250792529486
0.0947241619260964
-0.00331494903801477
-0.0348279177536142
-0.0227815145027349
-0.0171032268513731
0.00321571771649105
0.00103341905834422
0.0347963129468433
0.02179375905524
0.00499835757580293
-0.0198523818146121
-0.02010583526911
-0.00444636460006604
-0.0137855489153358
0.00191769600241551
0.0151058329237974
0.00288873173906567
-0.0112581279891683
-0.0182409598209587
-0.0354874785923277
-0.0366062255675227
-0.0249748653191074
-0.0136308417823311
0.000292014771317696
-0.00416672948023492
-0.0169236436938702
0.00441869960522665
0.00714703545601457
0.00904305004175007
-0.00639467602019077
-0.00842008889510969
-0.0414967224470491
-0.0684435521355309
-0.106548234726507
-0.051669516534173
-0.0180748693263302
-0.0127501232983147
-2.18657408395332e-05
0.0151312539463896
0.0169582281055542
0.00546744536677474
0.0418611757737699
0.00425724479194248
-0.0138676938462378
-0.00416859101472133
-0.0313923359801164
-0.0498638188763783
-0.0756674896299352
-0.0608103406788924
-0.0587179608431631
-0.00450657466373349
-0.0388526137274828
-0.0103709362075628
-0.0350340599986851
-0.0293816080528272
-0.00633385649877794
0.00904287036867623
-0.00556929368238669
0.00543441262082422
0.039420020394802
-0.00809790365585421
0.00780071246043063
-0.0153516899664494
-0.0499379440399832
-0.0613413125196105
-0.060115492805313
-0.0400499574583392
0.0352924256135139
-0.00783121704142414
-0.00193459453237917
0.00867889889482967
0.00874036782686446
-0.00389580141604526
0.00207280528716169
0.00676162597798799
0.0114432805171551
-0.0237543585264386
-0.0247185448887813
-0.00055335186219276
0.00576640046026822
-0.00137959074182816
-0.00231168474253742
-0.00125961100774265
-0.00282489502163351
-0.0131455117861051
-0.0259509343623354
-0.0271779941768791
-0.0396892741575611
-0.0245895843753496
-0.00891373469666108
0.00134450786598482
0.00765181738707446
0.00553880132449841
-0.00593313834429116
-0.00197941198747033
-0.00439399921203095
0.0167091273327742
0.0377429368875642
0.0779265724316899
0.0598539074258531
-0.00884954572944302
0.0175426793662395
-0.00690742834291769
-0.000197353032176512
0.00259935523000804
0.00156719677683581
-0.0108891831302496
-0.00251813226047101
-0.00265367353126387
-0.0182755937735524
-0.02169590463608
-0.0138221222180619
0.0115558777822804
0.00927977683342875
-0.00501538774825953
-0.00105531904667416
0.00225724728024776
0.00191541146860947
0.000609344163535264
0.00178462851890162
0.000640502675957313
0.00163834845257753
-0.00491313422759982
-0.00518815682683102
0.0029918754904514
-0.00524578630547697
-0.00728321400713339
0.00257837896909975
0.00954394054752318
0.0018423880770478
-0.0110222867055084
-0.000682912456669038
0.00376020863149839
-0.00193101320263125
-0.0125972468391826
0.00764293080598721
0.000659237532660112
-0.0268366803182102
-0.0123141455788652
0.0141194635452723
0.013940600475769
0.00999119776732693
-0.0138929615573389
0.00619774807040031
-0.00473709782954166
-0.000449984856483568
-0.000788656000326262
-0.0195890739613828
-0.00956632754426763
0.0024712369568485
-0.000311105991839145
-0.00281597815624328
-0.0107171668774391
0.00238882309663583
-0.00124240865878416
-0.00278494888996237
-0.0129867873436673
0.00550131062718547
-0.00144911094955613
-0.00251131376663007
-0.00121332189745775
-0.00447864177237817
-0.0101995780626117
-0.0219959047119819
-0.00701708626325952
-0.00763514475901619
-0.0176440679121359
0.0164657491115112
0.00582406818896079
-0.00202393147737892
-0.00461949455880924
-0.00396637389229574
-0.0094343322613076
0.00166590443468635
-0.0251375844367069
-0.00471438168925752
-0.00410449488089273
0.00826553492977169
0.0156679012529185
-0.0206434983348695
0.0113721960832439
-0.0012349130449392
-0.0342914018305068
-0.0179993438282368
-0.000982650731062205
-0.018753205798839
-0.0289380399542216
-0.00248360138307849
0.0395372571631298
0.013171816661993
-0.00256457397339485
-0.0127088704445077
-0.00800897724183452
-0.0172843687145989
-0.00320264570117235
-0.0113365872705186
-0.0187710025977182
-0.00802982471844545
0.00734413714440899
-0.00110038973044334
0.0080852463991387
0.00758770697159874
0.00629925219836599
0.0202698730767932
0.0021693898446585
-0.0145234902591878
-0.000850907197008142
-0.0090743655359834
-0.00523469882219312
-0.004281107016545
-0.00570511216395725
0.0122335227358309
-0.00749911420325227
-0.000569628464452835
0.00204249550568253
-0.0125563258248939
-0.0181520264380469
-0.0678214541399867
-0.0216573155797738
0.0109786545689513
0.0245957091491078
0.0140202358885981
0.00370915483226169
0.0175428364830458
0.0035910744256324
-0.03166768159469
-0.0152911803991219
0.011242786057745
-0.000999177206774386
-0.0116037828888048
0.00441287474505197
-0.00486517893297789
0.00755161864751556
0.0121562363762546
-0.0123288654038338
-0.043488340314996
0.00176196302281088
-0.0481180579925025
-0.0713796640617811
-0.016763133294455
-0.0131535254463085
-0.00194917289235396
0.0047823977229947
-0.000883802970557224
0.00244996713265714
0.0135799050325664
0.0286210325714224
0.0293877867501391
0.000665393995975181
0.00463015202593036
-0.00261830787023136
-0.0142589782847986
-0.000636547721382934
-0.00299418716109783
0.0140350082673745
0.000456914144937013
0.0213353802753015
-0.0177266831851478
-0.0106159345165128
-0.00644480950695762
0.00387036898662847
-0.000188554563108806
-0.000904856200165134
0.00465890121208511
0.00483271813881492
0.00445750810298442
0.00752284577110605
0.0167781537233509
-0.0137157588260692
-0.0129023066777928
-0.0241856251223645
-0.0398739681723751
-0.0215974415049653
-0.00435302910633133
0.00369030686892026
-0.00549164009174884
-0.00720166880006392
-0.00295400546535992
0.00114838440840269
0.0124225861990848
-0.0111014847195107
-0.0031002495927222
-0.0121886526549348
-0.0300970957108844
-0.0257279053255372
-0.00924711509974731
-0.00962704585775255
-0.0206729646842617
-0.010979671931068
0.000502781575013683
0.00368028805542287
-0.00660838183996384
-0.0136177797908038
-0.0162025577467522
-0.0113547387287388
-0.0110104800424005
-0.00863824625179307
-0.0212920993947483
0.0266917353106829
0.0175141241228165
0.00824443112649359
0.00686166364089802
-0.00325685150738419
-0.0115073379438696
-0.00577859400914139
-0.00110412598805979
0.00857496438117927
-0.0043686562137474
0.00374648302306312
0.0039338130673195
-0.00285944295159292
0.00516554821566688
-0.000245311009909779
0.00237056886756471
0.00326821578884568
0.00695385031744112
-0.00205909984749726
-0.00416583469939979
-0.0124817604821235
-0.0145970574919713
-0.00721155165055715
-0.0211703651605133
-0.00987323298021044
-0.00283645219074849
0.00447533470307385
0.00451114302404673
-0.00420687143970298
-0.00541912652788328
0.00133817733219812
0.0119782357141181
-0.00167895754809284
0.000118762934292447
-0.00289806571071784
0.00116114655971616
-0.00384527383904414
-0.0167723536841094
0.00747552149749128
0.00825699543521832
0.00163401838318232
0.0141253565327233
-0.00989392776782475
-0.0130686269694012
-0.0281884490667393
-0.0158748987084848
-0.00302648152481069
0.000233702890139209
0.00828177769891187
0.0023819257364029
0.000322075986431025
-0.019020170748062
-0.0234063728151358
-0.0188012312787916
0.0113509089884213
0.001377262658226
-0.000610138376095466
-0.00220758602956204
-0.0116146488361206
-0.0171827007241146
0.00529719561731918
0.0369995516655906
0.00415786494673827
-0.000313339743987382
-0.00887296744664672
-0.00505119123771589
-0.00676689655433192
-0.00250106888863625
-0.00197567065529159
0.00358676923867333
0.00249982466266204
0.00134768678921181
0.00196548645957072
0.00296965956550221
-0.00217500895849138
-0.00299987889078553
-0.00373784391580424
0.00997182301714523
0.0135174665806705
-0.0124126336620545
-0.0103732357189546
-0.0123127834377516
-0.0084632576977255
-0.011528880525528
-0.0174072779383594
-0.00580051142158803
-0.0133315691190619
-0.0222375344030906
-0.0214807673275933
-0.00764493289726473
-0.00202988455626691
0.015177038522684
-0.012191654186514
-0.00363870934760997
-0.00308755815832064
-0.00926644704884979
-0.0106721883228561
-0.000209389456238601
0.002078023820017
0.0172059062319764
0.0163706529374628
0.001131267088581
-0.00325132133702737
0.030392524864311
0.00336175328610975
-0.00842676374470271
-0.00734117486740106
-0.012796332266467
-0.0191408251380653
0.000186909989769861
0.0032723562811618
0.00474566591222508
-0.000753047109732022
-0.00700853279839317
0.00134347907538144
-0.00123517150907016
-0.000534277232415093
0.000111731984405784
0.0173383931234105
0.00495368548034447
0.000675257912148378
-0.014005277465571
0.00464274006143482
-0.000807110913495637
-0.00596906912936784
0.00414108950156503
0.00508675372262713
0.00334253644771706
0.00160632587318919
-4.27309160518575e-05
0.00105149823258343
0.00239402316562894
0.00104125153985822
-0.000446283378248894
0.00520094249783185
0.00080853794613375
0.0024744697063875
-1.59098910308911e-05
-0.000769517728985129
-0.000862513322919716
0.000232558764089646
0.000238572732444321
7.39733674934278e-05
-0.00773175774924616
-0.00014584935354436
0.000684093469153034
0.00275223023189837
-0.00199598169652169
-0.00497214762847001
0.00221176080549467
0.00660741261849446
0.00928162570990532
0.00597892655192673
0.00399789210341994
0.00883562777853565
-0.000360721008842387
-0.0031384243668634
0.00101640833845954
-0.0016500726267673
-0.00134289388758089
5.02550968102837e-07
-0.00185663927037165
0.00207266723384831
0.000956603538481358
0.00132627027410626
0.00437208915276228
-0.0029259387511059
-0.00291205104559325
0.00353868856007003
0.00519299430493971
0.00261307032593924
8.60058442347148e-05
0.000788363482561411
0.000909437657003854
-0.000153690702631627
-0.00112641884921398
-0.00145056232057928
-0.000843785305258211
0.00099402060084822
0.00406504972281365
0.00320583043075363
0.00210193405857144
0.00240479484256821
0.00108189714686703
-0.000418014791315701
0.000344815897372668
0.0020069043356243
-0.000263889842577463
0.00115694852160686
0.00163387498882769
-0.000891404219835593
0.00101038933352564
-0.000730332665741325
0.000523919142173459
0.00159273576320902
0.00382553473178708
0.00019018101994047
0.00250050735816789
0.000556098376466181
-0.00525877022533212
-0.0082861122730202
-0.0102405527214002
-0.00274568708451998
-0.00167476153740692
-0.00175566898252495
-0.00459500124212542
-0.00135876704244807
0.00264844704345046
0.00226274283432282
0.00372356226352119
0.000855192464029441
-0.000818529426796306
-0.000874764096950146
-0.00166672124645034
-0.00352248762411832
-0.00371652761031211
-0.00526714835099635
-0.00659937556201186
0.0023854708837572
0.000130896316075549
1.50433198552925e-05
-2.36027847106356e-05
0.00132556370767059
-0.000362963618816424
-0.00253837021610373
-0.00245187102767859
-0.00898553656134557
-0.00513585044614265
-0.00358149647878262
-0.000436602659287645
-0.00091193387224667
-0.00116957846077039
3.6266362749841e-05
0.00392893802691941
0.00177386272125173
0.000332241041230784
-0.00035883345847419
-0.000260099059226535
-0.000917562035543588
0.000828570568516695
-0.00164251559306748
-0.00308329646773337
-0.000933995471762897
-0.000821496899563351
-0.000514633899324144
-0.00394117751150855
0.000289442969284047
-0.000810820249436475
-0.00313081346055259
-0.000845147961341923
-0.000776442656874596
0.00127699995493924
-0.00185511863018739
-0.00365218787116541
-0.00628044836837782
-0.00757744596780075
-0.00737107008332703
-0.00885213964976322
-0.00833894276241331
-0.00884146181395259
-0.00543860841354742
-0.00780106523909169
-0.00894668218925622
-0.00618787317972927
-0.008249820792554
-0.00577429579057376
-0.00312604084799041
-0.00326060652493227
-0.00476450128338178
-0.00245728053922117
-0.00340306751841503
-0.00120556340620565
-0.000535624401192123
0.00138771746367585
-0.00153774984221078
-0.00562214224094415
-0.00641521128569777
-0.00399787507135027
-7.59554760631916e-05
-0.000196858264958193
-0.00059929498740253
-0.00126554131567582
0.000248238898511353
0.000133767282383907
0.000301931301135735
-0.000100429977148925
-0.0006975049326198
-0.000282412299431304
-0.00153156901115905
9.5782071701561e-05
-0.000192640300987446
-0.00146986671955482
-0.00191265420504855
-0.0030630652708137
0.000732732167483636
-0.000309560709452515
-0.000752612518313351
0.000913697418287374
0.00290015678928983
0.00343431987002139
0.00171550441137118
-0.000759628990050791
-0.00395880658782777
-0.00491789115080606
-0.00507018243144228
-0.00536556052916599
-0.00147699960780815
0.0003722080013978
-0.000909199067030465
-0.0065356090068443
-0.00921024988167158
-0.00370574328903014
-0.00305935882836166
0.000827800860324896
-0.00159310623350706
-0.00592889694008874
-0.0110540018720497
-0.0108684250244016
-0.00730597890035503
-0.00705585374798778
-0.0061739507910037
-0.00378074701293058
-0.003371971696319
-0.00273639961348185
-0.00358006946331897
-0.00480298313959235
-0.00490671785685196
-0.00475309561243025
-0.00690273458444667
-0.0072929660047649
-0.00501522438797853
-0.00258625768376629
-0.00129992918128132
-0.00103863957211072
-0.00193561560718134
-0.00157791004575334
-0.00143292083581452
-0.00187622593676959
-0.000292816821932624
-0.00035106087718249
-0.00105266643114633
-0.00215577126440403
-0.000713642126931245
-0.000863312999405697
-0.000231331485269195
-0.000456219599746165
0.000137736216862806
-0.000598875629106278
-0.000332506998693073
-0.000855830549397797
-0.000600186657899355
-0.000769454753081713
-0.00038949939764707
-0.000538431634490058
-0.000912005624428047
-0.000460727014976229
-2.71385023513972e-05
-4.90328887390613e-05
-0.00162806530514269
-0.00365912411502273
-0.00143161893047547
-0.000194490401683824
-0.0010259478260854
-0.000895720907478503
-0.0005387287953916
-0.000766647957532119
-0.000863666725069201
-0.000837542933888578
-0.000679654343701076
-0.000479040139627777
-0.000309912600388705
-0.000356912420160515
-0.00031514273097603
-0.00031514273097603
-0.000315142730976031
-0.00031514273097603
-0.000315142730976031
-0.000315142730976031
