-0.949245449810134
-0.949245449810134
-0.947072808901666
-0.954276596695166
-0.970337117592214
-0.984512712724605
-0.94174377741993
-0.841224550070817
-0.820303552778073
-0.750759612407174
-0.739807145727599
-0.682768954939977
-0.702620914912805
-0.661216338805085
-0.723676117610721
-0.728553026883963
-0.737867019733272
-0.741722531942461
-0.766948538256462
-0.645868182549097
-0.579583759259802
-0.529472114481253
-0.45243176634168
-0.452042028554039
-0.472703285839179
-0.422599529958502
-0.246791240722252
-0.249970822020101
-0.282912282334704
-0.251706547637705
-0.131270780094761
-0.128073835781849
-0.0525293416832409
-0.025628418102286
-0.0727195348832333
-0.043164711592017
-0.13741822205794
-0.217202146165728
-0.199188759167558
-0.0748325322441357
-0.073180438386026
-0.0857485000041669
-0.108228987215095
0.0600048548793183
-0.0683663407982545
-0.195559591451294
-0.218358649991376
-0.227541934691543
-0.248337579964059
-0.19185412683502
-0.0748775338900737
-0.107908344793951
-0.0547962943765603
-0.0763069774888833
-0.152025888166068
-0.12998580206267
-0.113851407416528
-0.128962836134033
-0.144802142150615
-0.164428546011458
-0.0700993047185027
-0.0423801027818619
0.0269841218606105
-0.00504879763614632
-0.0995111248359006
-0.0903140734957526
-0.126255687224187
-0.164263221738608
-0.193408362080731
-0.218547818685003
-0.154946077459446
-0.124951234310346
-0.0716337148318143
-0.0842455374497244
-0.0863198503772823
-0.115668922741068
-0.151733795839101
-0.231044863038754
-0.185347898841794
-0.18229945120258
-0.148567858927545
-0.0977585522190352
-0.15912203490143
-0.174871961161159
0.00557803359319775
0.0131075323554776
-0.0663359796165063
-0.020143458873603
-0.0645769872366997
-0.0701180722376484
-0.0229621130659561
0.00981736172229183
0.0209337664027482
-0.0421935244765303
0.00712263770047425
-0.045701984652588
-0.0657455364172354
-0.0406337217219893
-0.0603051883395831
-0.06011965252398
-0.0840212672466256
-0.130910441867743
-0.173086080660836
-0.104622693270119
-0.0761103400555339
-0.0973829726634636
-0.0471109668831957
-0.0271577977224459
-0.0611019506839722
-0.0683104394124267
-0.0615423326574261
-0.0461940403160121
-0.0208319072371661
-0.0416539209112458
-0.032768451182082
-0.0523181969022479
-0.0891559192089423
-0.105417881915815
-0.03446768927828
-0.0136107890897607
-0.00719126847585379
-0.00612605628832166
-0.00494527495327335
-0.00823734026374518
-0.0136462900084049
-0.0126171898339131
-0.00605814807296908
0.000839539837064152
0.00794554756464606
-0.000309221985412911
0.0124655954853093
0.00761562229091506
0.00317488925731792
0.00198889905912389
0.0104151380509198
0.0113452652539115
0.00457675655347845
-0.0136071172199449
-0.0276352275983751
-0.00749134636944475
0.0262905472965654
0.0475298853714196
0.023357396094461
0.00908844463934501
-0.0221274422456828
-0.00840342495057127
0.00107281786548277
0.00376069587806499
0.00426139158108549
0.00231264439896437
0.00234804144139321
-0.0025206885320817
-0.00873053143680702
0.0193355914958635
0.0221031143761313
0.00724282614474765
-0.00961388285492711
-0.00670647757429321
0.00928765908557001
-0.00938536726759892
-0.00472318968107846
0.0193265724439293
-0.00114991548886934
0.0198780708794268
0.0386468711535062
0.0198933171481011
-0.00129544170105069
-0.00989776571226066
-0.00693797494705636
-0.00771333841515367
-0.00112808674481514
-0.00833628771562565
-0.00818518119792584
0.013552415691702
0.00323435540762391
0.00709206435723742
0.00269076013822518
0.0236633299453733
0.00832702872525371
0.0166032870051265
0.0185057631059066
0.0429085485192363
-0.0125673619521578
-0.0270963170488355
-0.00486037327807919
-0.0548958292855953
-0.00998155749623461
-0.0201633227573311
0.000902462848060311
0.022085368085533
-0.00629959960047446
0.00747975774114617
0.0112283100193363
0.0124796599496033
-0.000446733891361722
0.0437894014639944
0.015946998377448
-0.00229139778375791
0.00813949984457847
0.026928045273996
0.0137242819893882
0.0049304894254947
-0.00553803471302307
0.0113722153752809
-0.000647865140652848
-0.0309216932407174
-0.00168260783111433
-0.0212772738506988
0.00405442921328652
0.0211321392552163
-0.00134826085412713
0.00654282199491534
-0.00403138459239154
0.00383933120643703
0.00508650079097575
-0.00474825008922477
-0.0160899436549574
-0.0246949561367707
0.00618084720607113
0.0157814282606938
0.000760119873313442
-0.000923107590576252
-0.0106175820794178
0.00617184586716553
-0.0121274896862662
-0.00759176566418726
-0.0205369051102044
-0.00152587129532502
-0.0119321171554709
-0.00954838276361186
0.0178425867303709
0.00798306920904797
0.0189949399157369
-0.0237278528311964
-0.0228610412801117
-0.00693710619361373
-0.00480910310616856
-0.00695764174565373
0.00473461204929119
0.00136424292795945
0.0069005648307586
0.0104609289624101
-0.00213025103036113
0.00244496208878757
-0.00247791639456031
0.0167371113770225
0.019748949172919
-0.000948974922337732
-0.0116814414207584
-0.036732410234078
-0.0475184587168888
-0.00950744304759956
0.00982545149971141
0.0128667752386433
-0.0174836813828472
0.000626218285644068
0.00836362724860842
0.0247168260891583
-0.00222940091195135
0.0189324467317778
0.0205097610805193
0.01852337157033
-0.00287864280680789
0.00622939700277916
-0.00210727863203376
0.000599517603980637
-0.0218324630866183
-0.0105834383324999
0.0216030870517282
0.00361947602265211
0.0229180729209966
0.00825319302160039
-0.0111170783697244
-0.00694809012103156
-0.00415396174724711
0.00259701516154316
-0.00732017395569102
0.00201594682767132
0.00586831270892285
-0.0069521664698052
-0.0221659875782944
-0.0307716460640739
-0.00108740220082727
-0.00866939305687161
-0.0160996122498689
-0.0277477604908392
-0.0442914213011023
-0.00858898978169385
-0.0069313193626861
0.00645253863642767
-0.0115099090928219
0.0310592169910679
-0.00355566253633787
-0.0238563033209787
-0.0151120410185967
0.00187966606690926
-0.013689280969758
0.00285873177531634
-0.00896619496096083
0.000457803955122787
0.00190063321412811
0.0036334161145117
-0.00668971458345522
-0.0176721624249236
0.0120565919509724
0.0106443245828641
0.013401338483444
-0.00273343990230237
0.0107053282668576
0.00140430068632984
0.0213284258494391
-0.0401210295390831
0.0210844484968976
0.00151895460420992
-0.00420592760601535
0.0270384217650354
0.0214169131665596
0.00658067922658088
-0.00245173314309939
-0.01683106788461
-0.00941720944431847
-0.00343271419377356
0.0109128990625903
0.0111334404418539
0.0281819995233753
0.0677815136194887
0.030473285229169
0.0264087787821155
-0.0206566035860883
-0.0213748526108085
0.0279446524927827
0.0187410978305311
0.00220505615968203
0.00575165273041094
0.0389019557744464
0.0195645176730477
0.00636835715524992
-0.00940562938181067
-0.00743771372762903
-0.0186671758053401
-0.00711079070614075
0.00317894846470652
-0.000278858989287744
-0.0052379938179441
-0.0029771477233757
-0.000757420224323651
-0.0043910955681243
-0.0078079630677497
-0.0193588028676736
-0.0410824755306682
-0.0249476191114793
-0.00285963177058511
-3.87620154283878e-05
0.00498016233601024
0.00698780289425114
-0.00443032247656084
0.0189859782902797
0.00579985443955409
0.0126722593576849
0.0121345038961297
-0.00649199698446049
-0.0204120219219608
-0.0112173953816358
-0.0148420364595157
0.025874744056829
0.00223706742000375
-0.0172071474652047
-0.00032776719306217
-0.0233171343553018
-0.0225050431801814
-0.00997700875638727
-0.00754122470484548
0.0048582365640906
-0.00517847139317311
0.0312071294660575
0.0396964486914232
0.012685769771353
0.0161911771890496
-0.0192500786684764
-0.014751195145524
-0.0171414051773215
-0.0230873303822525
-0.0725532409532076
-0.0776244119085295
-0.0516891921267385
-0.0144416278860928
-0.0155150021901088
-0.00461193879533064
-0.00524998816348698
0.0115284507142045
0.00154218392535497
0.0327628842884889
0.0107583921271687
-0.00451162575683992
-0.00587670289414347
0.00588530343145104
-0.00884272500269401
-0.00644934000396457
-0.00757221296248536
-0.00631133003943706
-0.0169091928036444
0.0139357592762323
-0.000827062424319971
-0.0377868195905465
-0.00032376364677887
0.00846641905956842
1.96006361975606e-05
-0.0106289413209675
0.0475603923926971
0.0745905313854425
0.0211309750855349
0.00580013491822687
0.00991296853482316
0.00144650406965817
-0.00873172393040098
-0.00619283362745202
-0.00452568197094931
-0.0162070772703518
-0.0388102645014531
0.00357424586554392
0.00815144465201722
0.00292388418586512
-0.00603041086158867
0.00281730798486191
0.0288222309918135
0.0329833194103702
0.00649476532642511
-0.0213023862654013
-0.000690696663377711
-0.0514567683442365
-0.0354001207892359
-0.023906578628898
-0.0249109082057202
-0.0495545477045543
-0.0135798040535386
0.00336723335962698
-0.00125186812568425
-0.0174119648975824
0.00936867653027886
0.0262884808832373
0.00468817179896173
0.0248794546502971
-0.0195628147672714
-0.0182615634595547
-0.0527157615155297
-0.0201413634734412
-0.0179304311732554
-0.0068762909881563
0.00393466798245146
0.0144422018066322
0.00713140334860715
0.00234151954850668
0.0232643255413137
0.00626867067724652
0.0186624852014577
-0.018893433509537
-0.0329215099256685
0.000528287384385699
-0.00539344210572856
-0.0771409938775097
-0.0480073121400187
-0.0225224035028235
-0.0208796865397743
0.0209046589812291
0.0524874855286259
0.0183391749188328
0.00890313737376221
0.0142566303234928
0.0421790896708433
-0.0194687597833901
-0.0100689706640578
0.000594934866717547
0.0105511019166467
0.00293880236571483
0.0149085441824622
0.00180739542826444
-0.0179595000135199
-0.00824773599507194
-0.00215385086699573
-0.0135375840191025
0.0156655031761092
-0.000147061775009888
0.00977940040871062
-0.00533936879453008
-0.00470662510793792
0.0101876499179341
-0.00435945483850269
0.00165002730276647
0.00346334692232801
0.00185634974026806
0.0087262451633702
0.0121517761829083
0.0035977511685993
-0.00260607162973338
0.0169817936860468
0.00479291603183643
0.000870413041054308
-0.00772206792660106
-0.0151409639169373
-0.00767852436747171
0.0231459314033565
-0.000307737678473897
-0.031369800231524
-0.0178611408823943
-0.00655758681921612
-0.00285959161317158
-0.0258747339951496
-0.00172629184456537
-0.00271042563974274
-0.0219712602524335
0.0024154638706001
-0.0201925931253674
0.0582185405254559
0.0389343429122499
-0.0350049605770936
-0.0651240453958232
-0.0185935547387182
-0.00119894801458451
0.0157967653633131
0.00250476430295362
0.0123129233184791
0.00356029221025385
-0.00593522468387404
-0.00366613693939644
-0.0102493781064917
-0.0101868904974665
-0.00284735586796684
-0.011467049395651
-0.010139778546311
-9.13634108735029e-05
-0.000231714882103916
-0.00354867467521708
-0.0113713308318136
0.00408862819922834
0.00225459338987695
-0.00759962002839453
-0.00860255579591687
-0.000530099962653469
-0.000258963533533371
0.00224786295549782
0.00460199268659748
0.00283087565735764
-0.00432617297091996
-0.00622362272177583
-0.000467771044217641
0.00469132121975139
-0.0194156154404858
-0.0116151070833879
-0.00477740756703386
-0.00923901145045607
0.00191975056842634
0.000575776221164807
0.000870082454265814
0.00265111376947393
0.00388303448108389
-0.00304927436645891
-0.00432074679346087
0.00658353543619804
0.00829457761187951
0.0116831848092044
-0.0112457643573014
-0.00897560370801837
-0.0207414799661764
-0.00652690515636413
0.00348659468262332
0.00531257760342778
0.0259020619784061
0.0341222419281512
0.00148155735885247
0.00357785300849763
-0.00237748426263644
-0.0142922051240897
-0.0226703736481637
-0.0183255509978999
-0.0186058521144157
-0.0294375120602111
-0.0238336728959282
-0.00887283335550132
-0.00154543138905574
0.00488919221719842
0.00334692198647314
0.0072622540527805
-0.00162205071020174
0.000931547738535912
-0.00709993325421737
-0.013478748832541
-0.00446964648799505
0.00588347748746603
0.000331841570861701
0.000613944817854392
-0.00031516685772618
0.000495925598919043
-0.000553142043062704
0.00505038344777236
-0.00288109587590322
-0.00293756891864787
0.000807161258192654
0.00305342714036311
0.00555374859172474
0.00428267735838539
0.00267763721162564
-0.000837850703730019
-0.000429457162151295
0.000668848194421359
0.00392926350479088
-0.0152653809530799
0.0130881146765732
0.00735417471049767
0.00120339706711446
0.00281388782177446
-0.0135525758399075
-0.013900890488367
-0.018506038928572
-0.00355449171775299
0.00503350439507203
0.00374487333132435
0.00104236939673386
-0.0101111768372907
-0.00186221196721152
-0.020180587154894
-0.0135189850265175
-0.0191502454893481
-0.0218210559718248
-0.0116585399816415
-0.00755957437471846
-0.00225316088584345
0.00132381969016931
0.00977221471184765
0.00211771058686072
0.00342121438604647
-0.000187732051841472
-0.0111046170408054
0.00186070633840579
0.00114118725349398
0.00474401620496781
0.00312219709668296
0.00430309865123227
-0.00137741713447353
-0.0106197136607635
-0.00751084346325689
-0.0186051777640757
-0.000990917490716361
0.00915766077543789
0.000367047886132376
0.00412278412468475
0.00158471317731762
-8.65761507362326e-05
0.000148379141203266
-0.00772903195040754
-0.0143554671180211
0.00374501619233335
0.000555611897144048
0.000812903996328075
-0.000941339561202462
0.000686306667927333
-0.000356361093902127
-0.00152408551779676
1.25759153217044e-05
0.000581442422980238
0.00178514942045419
0.00496307896830119
-0.00231075338670083
-0.0122725367834183
-0.005025987496093
-0.0053692041474894
-0.00767023240015923
-0.0138589294898805
-0.00871898902291737
-0.0106141433613876
-0.00435682772494969
-0.0066041579419038
-0.00496907894699424
-0.00437340867796466
0.00068436425563676
0.00133932901439054
0.00426913362433225
0.000675593246003585
0.0020543603377263
0.00287616252021047
0.00368016369228336
0.00147497251625172
-0.0011030783504958
-1.52947923039246e-06
-0.00436152954640984
-0.00765529574892527
-0.00325519956758541
-0.0011284198669868
5.21486014551376e-05
9.62752781024398e-05
-0.0010734523091197
0.00444654488164177
0.0135165405486381
0.0109809162793927
-0.000246910777736632
0.00203003005353889
0.00859255990346309
0.00650149911019777
-0.00294445331571147
-0.00542141532874651
-0.0088731221415698
-0.012150185758409
-0.00256400608019894
-0.00224686332595331
-0.00177719928182547
-0.00112842032539348
-0.00018370325852348
-0.000705932371249076
0.000382465539370929
0.000416629894120157
0.000156991964313638
0.000285209767177851
0.00255923381989033
0.00237982650508737
-0.00407253166978121
0.00562341532921558
0.0137909883447304
0.00665905060594724
0.00381200100508308
0.000487650383937672
0.00574422498747474
-0.00303027892176123
-0.00494605893225928
0.00139735012102794
0.00146043660056088
-0.00805321408232233
-0.00486923640405266
-0.00329506262989194
-0.0120576377443427
0.000269429487788156
0.00112166775813074
-0.00232425191991557
0.000288892941121728
-0.0059770988055627
-0.00200913021705423
-0.00256886836015588
-0.00674783706815193
-0.00105815280958766
-0.00305440759929067
-0.0116281919602534
-0.00760395524762892
-0.00537282921436462
0.000138367671196691
0.00328073716940149
0.0160395199795846
-0.000304054646524055
0.000877841874845672
0.0109482160780855
0.00248389957149334
0.00836645183142653
0.00504474047007912
-0.00850297197485864
-0.0176742392739055
-0.00260382329220998
0.00250985367397742
0.000812894844297621
-0.00353576682788983
6.57607465183261e-05
-0.000423384862904982
-0.000896650476461217
0.000674611788057878
0.00355628041774968
0.000772614695357857
0.000261622402064725
0.00133195061517463
-0.00756698046595036
-0.0015848767416415
-0.000665882689212855
0.00067831631189562
0.00129709061181094
-0.00130447408809786
-0.00255574458871068
-0.00519670571974315
-0.00319741454866086
-0.001883297125725
-0.000370658094017862
0.000373575921386672
-0.00912813429109949
-0.0172471942124024
-0.0115310916421881
-0.00801097716597831
-0.00230934231716958
-0.00243096617359186
6.531474051241e-05
-0.00163467825076706
-0.00854218420428036
-0.00150141176017017
-0.0050876457312408
-0.00545884788629694
-0.00199874213411991
2.16187754550935e-05
-0.000550466739348658
-0.00227611312909466
0.00716692699626232
-0.00220510019227436
-0.00296929813837334
-0.00379028629388949
-0.00483914448419189
0.00271499050404797
0.00420262921989303
-0.00239423260743443
-0.00527563586088703
-0.00256032953665894
-0.0030410964901463
-0.00227146724859496
0.00138321238822599
-4.09447546475873e-05
-0.00442985395081186
-0.000211686193209101
0.000695283417760526
8.92221281751593e-05
0.000603611593445876
-7.41692380303925e-05
-0.00228570011308475
-0.00190133678878767
-0.00145655502737995
-0.000295985976547796
-0.000112589905455905
0.00193231406503523
0.00194642470480444
-0.000430501040700345
0.000586227610692899
-0.000412475292485848
0.000356393159901006
0.00152298509296463
0.00182114399872206
0.000155047149425453
-0.000317139510426489
0.00175231201599828
0.00171147025887921
-0.00784956941954503
0.000177377040761565
0.00230784863399762
0.00469578739018757
0.00408760563953839
0.0044233906220422
0.00280741720546385
-0.000210551515834341
-0.00300591788358844
-0.00143987251713778
0.0022455667754089
-0.000162143701456929
-0.00217130558254515
-0.00532196214493751
-0.00238597717271166
-0.00158015549048722
0.00193971557130457
0.00927189266464554
-0.00389980185998911
-0.00217039143685132
-0.0026123126494714
-0.00165553098728287
-0.00386727879564246
-0.0140919651716238
-0.0152476037698386
-0.00994858705883569
-0.00890688836871969
-0.00514590400853691
-0.00446871556558964
0.00184360738587053
0.00272173604464115
0.000923053823629078
-0.00339453077934785
-0.00673529482636945
-0.00835452662649571
-0.00893474241738972
-0.0015479581178754
-0.00494487702684617
-0.00285096059313025
-0.000633780984645213
-0.00101883038330603
-0.000879218085767149
0.00763262764233231
0.00505297383341964
0.000259018029648081
-0.000867049865278211
0.00286030147453609
-0.000572339260233577
-0.00232757276984235
-0.00416142025974951
-0.00457066426019674
-0.00324725878085873
-0.0024347630518097
-0.000468398577771248
0.000145075738621178
-0.000652240221999981
0.00160521929070143
0.00155362320108139
0.00216531808970744
-0.00437414553299927
-0.00270268438777529
-0.00474675239142109
-0.00142536269971828
-0.00072612830382352
-0.00826586712038903
-0.00592543978282726
-0.00437833751941549
-0.00196984066425293
-0.000902988687525591
-0.00139936117885181
0.000964345291966471
-0.00423020934691391
-0.00205355234375789
-0.000252848007145866
-0.00057755126248825
-0.00241749718264039
-0.000770212306460167
-0.00412102530519071
-0.000967469390423563
-0.00214242928483831
-0.00223433135555316
0.000110451161139537
-0.00317373472787356
-0.00337080818196606
-0.00193508579005951
0.00047157253338379
0.000417084738631807
0.000298082049966307
0.000396947123410392
0.00134146644913852
-0.00442662749371256
-0.00428264365192342
-0.00266031219615061
0.000993938283974298
0.00177899841268918
-0.00238956818780984
-0.00138921470974549
-0.000992324777660255
0.000497005126045343
-0.0004544160948487
-0.0046384808886854
-0.000710499088013125
0.000323368546656985
-0.000763346028396233
-0.00278555321486414
-0.00238161198965936
-3.193490702521e-05
0.000417251568223212
0.001651517171232
-0.000459056223199227
-5.65754517529461e-05
-0.000204605105618347
0.000589312176845387
0.00237191386150002
-0.00378186039217941
-0.00575522433933557
-0.00495068853870096
-0.00258693927361729
-0.000159058108278867
0.000955630877826614
-0.000749122955877948
-0.000723620760530588
-0.000819782015828338
0.00106641791266047
0.000452649404330546
0.000249485986612359
0.000511693548902664
0.000258992997374799
-0.000120533180869432
0.000156422799059619
-5.73991800399383e-06
7.35429237208708e-05
-0.00027037392420284
-7.09993749570766e-05
-0.00101083007126609
-0.000503807824065796
-0.000670210362432631
-0.00126554594985672
-0.00182983285164786
-0.00500173814468413
-0.0134609452844645
-0.00784742971657884
-0.00694523362696417
-0.00380452758367638
-0.000722104900087343
-0.00101828784116497
-0.00114827905345216
0.00163082195211223
-0.00134681112421593
-0.00388280012771703
-0.0043783319697768
-0.00305626286898236
-0.001453254717397
-0.000231297114223799
0.00046890989802074
-0.000154672073416539
7.08688883316687e-05
-0.000811568157667929
-0.00251064636130037
-0.00501941342411257
-0.00434480797265099
-0.00229420811814562
-0.00147874229495861
-0.00181105659417959
-0.00160900697354734
-0.000597316401059739
-0.00133840665560506
-0.00129282290990814
-0.00313932771488044
-0.00458967329038542
-0.00438348215998906
-0.00392055059170244
-0.00283309453747687
-0.0036575595438111
-0.00185162808624879
0.00012708652392194
0.00111240830584467
0.000205440697407811
-4.27359619594343e-05
-0.000524142791603595
-0.000392280637498251
-0.00127409062400421
-0.00180683323795118
-0.00306537318866675
-0.00136370487516355
-0.000686327919857673
-0.000903840046165048
-0.00110039074699224
-0.00169736624889069
-0.00193579906499955
-0.00200800151178824
-0.00196996008030326
-0.00196996008030326
-0.00196996008030326
-0.00196996008030326
-0.00196996008030326
