-0.937920252829698
-0.944912231943114
-0.94914369628906
-0.894512939188617
-0.803877362165284
-0.736516162095843
-0.691918100916721
-0.636981612657407
-0.651728405441893
-0.722540353066419
-0.767726275265998
-0.774157928501866
-0.812869158887388
-0.777564604112439
-0.615763588132403
-0.518454868528587
-0.483343953770548
-0.414371474309928
-0.396134386666871
-0.475064691441335
-0.513176765269421
-0.476843249004536
-0.498507811841817
-0.478687898040701
-0.339621976987092
-0.249608688906159
-0.279320323398459
-0.260969505290925
-0.251277420883307
-0.365766456313429
-0.409428642610827
-0.344116666430265
-0.327688835772364
-0.30124040797561
-0.1790732238818
-0.105980809345962
-0.145635292164897
-0.15861948370359
-0.158239765482151
-0.262991514500479
-0.322909186541871
-0.291016932406258
-0.274837879023656
-0.261506721722657
-0.161059486439864
-0.0809868581263882
-0.0766873063775931
-0.0402537617125825
-0.029307475446412
-0.0974677792973685
-0.118692368356132
-0.129318085744336
-0.123064739841573
-0.136000527942834
-0.104765055017185
-0.0745222957034403
-0.103071315790887
-0.130897675225786
-0.116180947696632
-0.126025427220221
-0.154644978235961
-0.163051018763648
-0.159166609213437
-0.165765041953262
-0.115665483066429
-0.117386343607808
-0.103683735724086
-0.0933540386794409
-0.107521178285245
-0.132284545319576
-0.14447301222535
-0.149138234846283
-0.154284752563867
-0.125614123959779
-0.0713777345267746
-0.0294316204005843
-0.0174935123086742
-0.0107707074619226
-0.0102246119924468
-0.0349370678989965
-0.0760340178582554
-0.0951106630751301
-0.0970829167103994
-0.0631467316193181
-0.0656067530713008
-0.0619175389340985
-0.0524429335320613
-0.0443663943203447
-0.0640471035107166
-0.0855517980675905
-0.0894887311525775
-0.0991483823050296
-0.104031491568473
-0.0785404629991968
-0.0511486450618313
-0.0509307266210964
-0.0563064630928421
-0.0545998860188189
-0.0623402350748486
-0.0997920106879963
-0.0685447566082115
-0.0423422784875877
-0.0685247140527117
-0.07342670960108
-0.0515095019268525
-0.0414106414901557
-0.0359351873309089
0.0049991153812107
0.00657507798396905
0.00382921579240189
0.00825732923263673
-0.00463311217827583
-0.0215981813153844
-0.029298116866088
-0.0218428002917518
-0.0144317143016316
0.00418613775223635
0.0179317564628567
0.0132382780515229
0.0139547417680375
0.01885470180367
0.0141786466603628
0.00705042212791768
0.00665352295753325
0.00241652311170919
-0.00046475375071079
0.0116184856097849
0.0215947162540524
0.01905914422726
0.0206203819786873
0.0206084634064679
0.0169389095800334
0.013488487900449
0.0115508446766832
0.013656704990679
0.00885995849664991
0.00857353937524874
0.0141516976438066
0.0201658926502617
0.0020632413404315
-0.0124892567493136
0.00491619055685809
0.0101086121816958
0.00411868361498631
0.00129041287202113
-0.0013595868339731
-0.000790638703072331
-0.0106072248812448
-0.000654846430693556
0.00977003525899688
0.0153322190429149
0.00684295018513383
0.00628700252186229
0.00697378695286978
-0.000708314791757532
-0.00383884739828228
-0.00465584879954779
-0.0111142048083205
-0.0195402283738588
-0.014356830725225
-0.00482528413887948
-0.00402190514287206
-0.000813050379174448
0.00893281721295355
-0.0110966398317352
-0.0260387226965551
-0.0287504991823915
-0.037073408291838
-0.0438544224774443
-0.0257741827388148
-0.00139582370959656
0.01287386595068
0.0157034426683046
0.0280654675101813
0.00970388493486826
0.0340950451720977
0.0518208863024083
0.0607239700823098
0.0378169391738338
0.0269668276312232
0.0250339298373411
0.0104448972886726
-0.0126106047264325
-0.00338710348676837
0.00877075571931756
-0.0005164520347821
0.00994266401941311
0.0166469198580621
0.0127007052165013
0.00535305068309117
0.00192851686093602
-0.00376573531247339
-0.00769152602870122
-0.00400995955348011
0.00232334617260251
-0.000824474289780216
0.0025703757091219
-0.0122999548428057
-0.00453054901408902
-0.00152719698269772
-0.00565905056861661
-0.011216439007921
0.000217944492681643
0.000389138224476844
-0.00910030072214891
-0.0263574438709318
-0.0346788159342818
-0.0414886273973937
-0.0412155728351731
-0.0288128069157539
-0.0162838408779846
-0.0115264111041156
-0.00434040494737632
-0.0191412368932288
-0.00958526460305402
-0.00400957233962303
0.000783854565584182
0.00323167584254766
0.000942851174451149
-0.00482980654866427
-0.00356305114434374
0.000677306438142217
0.0022609006069627
0.0239466499894944
0.0144786551800339
0.0119447935293522
-0.00269411717669852
-0.00194210258050996
0.000652235464401133
0.000363390548919412
0.00133557559894771
0.00670938712396592
0.012086875168996
0.00481690008657629
0.00299694667071634
0.0105392054407265
0.00729446045592659
0.00280500273235086
0.00390361196405789
-0.00255559165206094
-0.0023363788397644
0.000627847637388232
-0.00518777396343656
-0.00847990810700759
-0.00399614797133988
-0.0056363672264842
-0.00937150104606377
-0.00596855557353865
-0.020415181405417
-0.0036478087218353
0.00291531522897728
0.0254756554811469
0.0174623805510334
0.00512027486739298
0.00739080657217666
0.00105555409484303
0.00499429576272822
0.00574567850639548
0.0092374534655988
0.00350533094996015
-0.0230737576525536
-0.0248600092008337
-0.0151391070430921
-0.021038595983018
-0.0218323595881164
0.00674242874798932
-0.00214288644218395
0.00249765276467856
0.00129095797266824
0.00717838407952748
0.0102110877369441
-2.06183320209264e-06
-0.00636930575963087
-0.0086108874264456
-0.019373509708875
-0.0212314453562315
-0.00375662379912996
0.00831688772739618
0.00697661321286643
0.0113130536309051
0.0142879506825264
0.00176969971703872
-0.00832960425691274
-0.00743704122268851
-0.0102091751526741
-0.0119470791252866
0.0016161866824756
0.00650539475086832
0.00378288231231788
0.00689484139831201
0.00924277907490476
0.00720809906432951
-0.0103168824641218
-0.00875191709583874
-0.013034106826584
-0.0224656963159026
-0.0105107737958642
0.00101360232500009
0.00781567620743377
0.0148654450026126
0.0104265529170067
0.0152136501058499
0.0117217663292955
0.000735611232975294
-0.00198778778072572
-0.003293917472245
-0.0130150580953561
-0.0119501316407431
0.00287804940466912
0.00865964160646517
0.00543223561301033
0.00317559467014493
0.00654991596480014
0.00948861698615291
0.0127746655322634
0.00801888289678944
-0.000507201279918726
-0.0023302536600288
0.00368754280450379
0.00457988091720556
0.000549504438576928
0.00924427431888836
0.0203757231879017
0.0158568657215047
0.0121975902623667
0.0147412981597932
0.00837354499429376
-0.002625913798452
-0.00429133208643499
0.00121566971049788
0.00192968217411977
0.00438577864093788
0.00597077124800803
0.0284010230364042
0.0357682647080151
0.0253765255894688
0.0155007126834805
0.0159040420333526
0.0181827223071827
0.0063566289404494
0.00161894176288482
-0.000466495475332534
-0.00185818722471215
-0.00143381235935328
0.00176918999606055
2.64579325712343e-05
0.00150820843920179
0.00455274029821599
0.00171473934796818
-0.000267626699211135
0.00163629369002784
-0.00404285151956581
-0.0125322396367587
-0.0131336995385181
-0.00933758157209383
-0.0100922588038576
-0.00662402872711483
0.00274420603727344
0.00619260776318513
0.00172230200075776
-0.00158373130107725
-0.000755075612098935
-0.00187683318664756
-0.00471569495216491
-0.0010768416764787
0.0064015603414296
0.000108569617514383
0.00232201749444325
0.000343622353775909
0.000105470111591736
0.00123677716794282
0.00545581965993344
0.010202931753014
0.00831892075609959
-0.00529447860236805
-0.00834629739114629
-0.0028766020656077
-0.00604685269815844
-0.00279648548436858
0.00586929478544321
0.00761142641792281
0.00532204759722357
0.00740495434360852
0.0177560993035796
-0.00379606107303391
-0.00972950572578583
-0.00416832034789209
-0.000515755155470477
-8.5781503436827e-05
-0.000102475714976269
0.00356219344786272
-0.000423631546583718
-0.00623275783618212
-0.00436596718931259
-0.00143572860920075
-0.00246731843550834
-0.00225489821316202
0.00167399888125602
0.00411083908785226
0.00395411006421463
0.00827186041078484
0.0107347244925535
0.00719268803480712
0.0123808471565056
0.00953470753781497
0.0094549654723067
0.00922665115989834
0.00198915286229898
-0.0105925383994441
-0.00369860696112023
0.00107207317252454
-0.00544463914245481
-0.00865038749167498
-0.00874745463612404
-0.00890304057029832
-0.00867756751227485
-0.00701471122095857
-0.0024651494398234
-0.00082652891677652
-0.00370368683550174
-0.00775482262067392
-0.0127768513426833
-0.012043826361808
-0.0163065020960236
-0.0134327589977739
-0.0145385843292722
-0.0157508057785565
-0.009607142116765
-0.00509753592595999
-0.00365269828138092
0.00107459612312718
0.00425470986731065
0.000213570879032381
0.00200793402248205
0.00486849321252599
-0.0072105995443617
0.00109141659951119
0.00335025698525248
0.00212152917414752
0.00472878123306395
0.00390843177167578
-0.00878631323712062
-0.00871020521789986
-0.00454289121802201
-0.00753766497497676
-0.00901257333841329
-0.00360038025179923
0.00611908717404297
0.00515206132757769
-0.00437075120905249
-0.016781718150471
-0.0201541077597797
-0.0225950500610224
-0.0182301292022433
-0.00290287577134365
0.00415747201564181
0.00070132700266145
-0.00186495999407406
-0.00298831680214014
-0.0126183129711306
-0.0182840567699327
-0.011398521533858
-0.0223613460784118
-0.00778428539554136
-0.00332650021512414
-0.00566741034867648
-0.00433384240516855
0.0086310443724075
0.00710496697359416
0.00414933164502988
0.00888231386362334
0.00471428520511335
-0.0202936351341864
-0.0278242447446831
-0.0377493985363487
-0.0673022324313619
-0.0589043020609007
-0.0459141551516597
-0.0294044179700506
-0.0185764665149772
-0.0166682476697126
-0.0170871899287768
-0.013519542527242
-0.0151822450889339
-0.0163494463946159
-0.0162057083372807
-0.0143231945121028
-0.0117927545734454
-0.0103739570246146
-0.00927829543949681
-0.00859844617377142
-0.00956730915522878
-0.0117779418636541
-0.0110172994517357
-0.0118994119510477
-0.0220242822940456
-0.0278145769447604
-0.0262517463293113
-0.0395965489920916
-0.0240137780190326
-0.0323697110709872
-0.0331591358162553
-0.0319081372368195
-0.0311317652816184
-0.0311317652816184
-0.0311837599242769
-0.0359890230264783
-0.0287400994339714
-0.0249524280370635
-0.0216873570160624
-0.0224668763255351
-0.0192307176769458
-0.0140619424354633
-0.0127282464123028
-0.0118641514887796
-0.0104402958743636
-0.0128521203458517
-0.0166596768158682
-0.0212683104437206
-0.0251723441499566
-0.0246516238218305
-0.0221403428660879
-0.0187828185552626
-0.0142305801128652
-0.0122839796247544
-0.00664075264711209
-0.0120722379723475
-0.0141796224770959
-0.0206845375099765
-0.0145276942605753
-0.0174302738814274
-0.0263559321609704
-0.0284138102360225
-0.0243313433173374
-0.0228095981182924
-0.0204314523555102
-0.0229227162200719
-0.0244737105726326
-0.0289892867125157
-0.0256844772811961
-0.0315335636872143
-0.0374193129495213
-0.0351629977850781
-0.0263052767138267
-0.0276100554274681
-0.0334902195634523
-0.0459508635972804
-0.045210609568806
-0.0205204744366899
-0.0203720921851419
-0.0169542659809442
0.00615469561995063
0.0148788273631403
0.0110524125167734
0.0133278585608382
0.0189750873912541
0.013840877731066
0.00432976437158021
0.00332268413497006
0.00168058442560544
-0.000161304216854165
-8.27326024728662e-05
0.00289117350412569
0.00925920547286347
0.00680942457797008
0.0142461727225459
0.00370981723283084
-0.00828621601219496
-0.00309855809321991
0.0009339508215879
0.00229454376140432
0.0104776418103148
0.0114629522347145
0.00873110183738259
0.0228270260923212
0.0297676603587871
0.0193745519083644
0.0108033766501493
0.0127238231684429
0.0104916278253683
0.00671977307375981
0.00800283950560922
0.00649608108277406
0.00240442625319483
0.00118110271144022
0.00847230626002244
0.0033940820510497
-0.00611614500034221
-0.0080723715178146
-0.0127777009893306
-0.0114622542612549
-0.00115794535174731
0.000998986964965566
-0.00082002309355961
0.00164624953772998
-0.00459216185404293
-0.008478071480301
-0.00307329961294281
-0.00163308119159349
-0.000433831349108731
-0.00236514770265204
-0.00312839005821525
-0.00353045389119702
-0.00350517541694538
-0.00201294862734814
-0.000693524469042927
-6.96809919174932e-05
-0.00205619226871957
-0.00793622420148202
-0.00354912923808834
-0.00537790315969025
-0.00819021868103866
-0.00701940030466603
-0.00252500453077339
-0.00017209173286833
-0.000218748133564092
0.000476379160020936
7.4429931697464e-07
-0.00311823517965815
-0.00488048241084107
-0.00513732206906793
-0.00761297725387966
-0.00715361770020666
-0.00316061833949368
-0.00177374304879517
-0.00136877364891502
0.00229136464507208
0.00369883299529443
-0.00202471491401877
-0.00711868835922494
-0.000166790649174838
-0.00662165960968642
-0.0129176741103008
-0.00675969295143793
-0.013504066758331
-0.0200823769307621
-0.0106441691048438
-0.0106152897231154
-0.012837505655418
-0.012819857509135
-0.00992774259636206
-0.00951709490185383
-0.00895842611158539
-0.006651486763118
-0.00648553191498105
-0.0077735458697801
-0.0106021445337838
-0.0146856886472371
-0.0153488215078539
-0.0161510470258502
-0.0161424651212233
-0.0126197645506605
-0.00867833473827554
-0.00747523207375955
-0.00743003067013791
-0.00429762524840536
-0.00420840266830123
-0.00549556094797355
-0.0125281655078411
-0.0156387527963438
-0.0147255130164339
-0.0111443192383467
-0.0144528561754611
-0.0119109325014912
-0.0109983778662967
-0.00733846095629875
0.00247848042357221
0.00425229167497608
0.00252082873349921
0.00059407198697325
0.000318749833537038
-0.000747939813982934
0.00109570027203629
-0.0013204320004819
-0.00410795367198067
-0.0035743331755035
-0.00230158055619163
0.00222927562867524
0.00301730706915739
0.00890473605810321
0.00938748619950818
0.00150940734770075
-0.00220904508474078
-0.00295238897760562
-0.00830148819245335
-0.0085724383464512
-0.00239929574959265
0.000115116463390011
0.000870572991156677
0.00111517385278697
-0.00252779318389803
-0.00601573328191811
-0.000883065993553114
0.00564365940524541
-0.00546734525169513
-0.00455027399552449
0.000856843263230565
0.00502179056959169
0.0027705118952396
0.00280712885620801
0.00420291335663853
0.00255060417834627
0.00164466409111403
0.00164920366458941
-0.00252281873078007
-0.0116042589170177
-0.0155063581551614
-0.00831851368836107
-0.00408724520716267
-0.0106039457921758
-0.0144872160549531
-0.00729307943526182
-0.00189900054033529
-0.00279557555627988
-7.63868074246665e-06
-0.00726635782900618
-0.0100101885286731
-0.00455840973502654
-0.00245247725622545
-0.00080191090682758
0.00305889546537897
0.00419765615437643
0.00293637128558139
0.000793991477605637
0.000663253793723126
0.00533974317300105
0.00673055545584465
0.0020487226392236
-0.00257310549621571
-0.00208359556342825
0.00613224295676808
0.016723743065734
0.0115546256875834
0.00773039042149569
0.00854809842489471
0.000175714382636123
0.00219823403956819
-0.000436542372745716
-0.00575668646863884
-0.00895320984976435
-0.0224439891193542
-0.0398334718284224
-0.0321528730763924
-0.0289910237025821
-0.0203468309157701
-0.00410355269789895
0.00269763306456045
0.000167119841737225
0.000160038825054814
-0.00369340922256662
-0.0170779900753617
-0.0226076354160226
-0.0208366617890551
-0.0122133550423298
0.00706579166865913
0.0186605653577116
0.0210283578701331
0.0108515736980196
0.00629011871663857
0.00619213303620776
-0.00309232338990898
-0.00725366578907278
-0.00599590974168844
-0.0116598269939296
-0.010660963252633
-0.000990512056534182
-0.00103236626679637
0.000989992093783882
0.0028056877834197
0.00100753218252972
-0.000326341642386671
7.61944475232614e-05
0.000728362866733888
-9.32632047598355e-05
0.00349218739363033
0.00894116625553751
0.0085762179955804
0.00248774510472696
0.0155039742319831
0.0272652292318024
0.0152712357678202
0.00829486003019069
0.0122726312452267
-0.00893281617164511
-0.0195894774940373
-0.0134394410361437
-0.0132481593424694
-0.0109669762024074
-0.00430899514785556
-0.00384652668254961
-0.000557196265237101
-0.000359910615438819
-0.00181113395011318
-0.00597205698657021
-0.00739049582896397
-0.0120915457950614
-0.0104737680163479
-0.00793108886234879
-0.00299541309122637
-0.000637117982887587
0.00159095991103868
-0.00152938805015717
-0.00578858635005235
-0.00539456059789363
-0.00623649950064266
-0.00626893145688276
-0.00622628566354
0.00146345728954006
0.00575559043919554
0.00832329569474294
0.0130786127784212
0.00706901722651913
-0.00225503396321201
-0.0060258401022965
-0.00726481184614772
-0.0123338040787276
-0.00888717010269825
0.00345097894279455
-0.00323478295901111
-0.0034050186340102
-0.00613473740402519
-0.0077498757519481
-0.00699165656067941
-0.00809474341103858
-0.00448081693377111
-0.00337748080442995
-0.00130952149720651
0.000312905678487002
0.000480089532323863
-3.30226500028869e-05
-0.00195854382934278
-0.00487181882523752
-0.00633864819291419
-0.0132195396512548
-0.011015843942463
-0.0171453007518975
-0.0155022605615738
-0.00976668851783449
-0.00291627592051795
-0.00362423148216726
-0.00652858089859499
-0.00746675399028188
-0.012445822916031
-0.0198638623133213
-0.0230519525769023
-0.0247387234159261
-0.0257703259728343
-0.0187611244489668
-0.0168402380294103
-0.0159368280837489
-0.00909887319624915
-0.0139433250071243
-0.0168921638376599
-0.018248865277213
-0.0155508814601247
-0.00951771804494035
-0.00687218988610735
-0.00720899723640623
-0.0117923393195049
-0.0147604141987082
-0.0163143297237579
-0.0224395689111686
-0.0261986617776059
-0.0304183548268147
-0.00673623971534784
-0.00568588922765795
-0.00367774016849293
-0.00139127566941568
-0.00290187462076963
-0.00678124168666774
-0.00941553171864886
-0.0115174705284948
-0.013886251140266
-0.0134490296810961
-0.0107576092648839
-0.00933901407854008
-0.00809618936553104
-0.00546665410014261
-0.00517000782255107
-0.00832223959980365
-0.00973007083448116
-0.00908547830593702
-0.0110597506422563
-0.0126723556799312
-0.00812807215928369
-0.00594403577331765
-0.00544763674845381
-0.00343204148372311
0.000521037620026738
0.000736755419819839
0.000724422606074388
-0.00253064355813012
-0.00948677798947032
-0.00918814357470432
-0.00732691792632264
-0.00585747692410142
-0.00228299770951477
0.000145796809722134
-0.00133675970223041
-0.00331744054367666
-0.00703812400636247
-0.00914504189080345
-0.0122192892083804
-0.0163751722591317
-0.0153904344929073
-0.0161681298434906
-0.0175778680030821
-0.0122275501629977
-0.00804434879530075
-0.00251416171524406
0.000476455743499115
-0.00207710374203729
-0.00813121968973187
-0.0137253174926932
-0.0169781654932009
-0.018124212861013
-0.0159874027206859
-0.0108633296730208
-0.00433187855096251
-0.000630856528868568
-0.00112223000220624
-0.0015640214950473
-0.00372178476490827
-0.00820684098649564
-0.00966851064981603
-0.00620566382282912
-0.00101187981369891
-0.000712613210071049
0.000292981937898924
0.00101472597491558
-0.00170761552759896
-0.00390572464615965
-0.00451769107404418
-0.0115001595205094
-0.0170289328015715
-0.0199259439166652
-0.0238289436751467
-0.0226758108356231
-0.0162480293524612
-0.00843639304193157
-0.00611213558492357
-0.00579523854415491
-0.00352839761200437
-0.00205291546375684
-0.00014347876714202
0.00204024995777956
0.00111788766124177
0.000328306009101115
0.00102588867343488
-0.000836157092446757
-0.00374432443633823
-0.00420274829117695
-0.00344130062636219
-0.00327408582508173
-0.00213736617639599
-3.81710582235934e-05
0.00058917955514143
-0.000188700209405919
-0.000230081566223542
-0.00104835526422921
-0.00391012560002371
-0.0043781804174674
-0.00317641763418449
-0.00308474672426478
-0.00317366897244399
-0.00184996827295888
-0.000880003862094949
-0.00205377878598245
-0.00128880568723578
-0.00115016411899958
-0.00223958207279721
-0.0101205011773165
-0.016739694732211
-0.0118441179406351
-0.00691572029245437
-0.00351387663410889
-0.00158468437940632
-0.0021986010676741
-0.00553583434370766
-0.00852089934611486
-0.0138369637437485
-0.0131785542721596
-0.0138395327957702
-0.00963296594387069
-0.00726732941141067
-0.00614616115019635
-0.00621592104230173
-0.00563992573453135
-0.00463278666098109
-0.00429164803459078
-0.00399064582702928
-0.00279903846892013
-0.00201947742529074
-0.00205834040819603
-0.00216977980703688
-0.00211508387071617
-0.00323885441074693
-0.00371344079622511
-0.00304721192906405
-0.00290867678739464
-0.00282924919028256
-0.00170180799528343
-0.000941887446403673
-0.00149527770684721
-0.00183977202741826
-0.0019118828431714
-0.0030625953526907
-0.00411691213317986
-0.00371188105028353
-0.00331243297965591
-0.00332139509038853
-0.00224182127795661
-0.00155285082561874
-0.00238870797383209
-0.00289315537756691
-0.00284287097523771
-0.00357697019072079
-0.00411458066906684
-0.0028987617965345
-0.00242939794369589
-0.00306372827110521
-0.00266295901160309
-0.00199030824496951
-0.00213622664605557
-0.00335178721679927
