-0.930878455739007
-0.930878455739006
-0.925377010642775
-0.919350745894682
-0.900434819893369
-0.916836205492354
-0.879772617417857
-0.787714895667904
-0.718025388003923
-0.70252692015615
-0.681824112778855
-0.675231254093946
-0.722469669772294
-0.776445759896971
-0.788316949274617
-0.790165666574445
-0.788785115876384
-0.732974308611247
-0.665180078807306
-0.649604750585497
-0.639270946549776
-0.622474512280099
-0.660599202080034
-0.732557303469306
-0.724861861214977
-0.748158587698869
-0.697618077234868
-0.523078844211469
-0.363980411919804
-0.290737727998861
-0.229043131982168
-0.214999610262018
-0.292407346384664
-0.380274949544387
-0.39680681150295
-0.428560532470196
-0.411505256111221
-0.265506945413395
-0.145521735831123
-0.113469348093036
-0.0715464393182386
-0.0703628334067226
-0.193415568027209
-0.280857202533004
-0.297144953736288
-0.297474825434019
-0.281011901598676
-0.181709591963013
-0.0804632632426773
-0.0408223360220103
-0.0334638485301746
-0.0344948252852709
-0.0807234839487673
-0.117822724262759
-0.111299303790459
-0.10115077889722
-0.0832559437581956
-0.0597413588788914
-0.0376866497341048
-0.0150005315318632
-0.012129860025614
-0.0269572136067482
-0.0297607932588762
-0.0304910051767558
-0.0650243331607852
-0.0679080353985294
-0.0356713606669752
-0.0257133091249914
-0.0382083257803896
-0.0388475658253702
-0.0404306250716163
-0.0377261886506597
-0.0589035013131768
-0.0586956394854944
-0.0435170705843872
-0.0489351721638826
-0.0469389741203023
-0.0396334190361131
-0.0381242673774639
-0.0319383339409611
-0.041078485482424
-0.0425651299805066
-0.0428602988727622
-0.0358236389287739
-0.0358130662976527
-0.0579143679960603
-0.0589228183431778
-0.0588781096547463
-0.0998385923031498
-0.116000318103481
-0.0829959849121177
-0.0841634212159196
-0.0763465214079984
-0.0457962946805965
-0.0569360710838851
-0.0585743599281826
-0.0388887521393728
-0.0398128445869114
-0.0570990247080937
-0.0567474904907967
-0.0487789077986477
-0.0581594721227514
-0.0675983910449347
-0.0512137203059668
-0.0390871001307828
-0.0415831875849871
-0.0191494257722402
-0.00250451895809053
-0.0176177755401404
-0.0343287968962752
-0.0177243731543865
-0.0193695104357817
-0.0191653728799306
0.016990974711997
0.0173626767154893
-0.00702329238321673
0.00696850761351645
0.00924870533889286
-0.00139042694775892
-0.0175014577911622
-0.0214272544218841
-0.0249890956026629
-0.0434809068113438
-0.0539461043564295
-0.0317032742247854
-0.0230407847024887
-0.0125581789001032
0.0104145238103439
0.0156713235236612
-0.0031804070631953
-0.00750897764348994
-0.00963854139807205
-0.0216286622298243
-0.0209758619377587
-0.00592093524865318
0.00128044884515678
-0.00683678574784864
0.00690667092614823
0.0196406110422534
0.0181191333168032
0.00964290760228716
0.00674810892284346
0.00175886058371057
-0.01367817453344
-0.0114360226120817
-0.00601552254689179
-0.00469576680834244
-0.0105860264846914
-0.0128079586529209
-0.00481689162714809
-0.011537426372951
-0.0130491679385519
-0.00726061488928481
0.00420019950900048
-0.0125993410155361
-0.0163331110996577
-0.0140837654519411
-0.0164095974214786
-0.0166494345444075
-0.0282285028509526
-0.0539196533317825
-0.0621754404901128
-0.0625985694290576
-0.059296917345306
-0.0335337044147416
-0.00638960846905262
-0.0239417793605712
-0.0285957386917331
-0.024846826296692
-0.0512165492321152
-0.0670439840784972
-0.0520318182597912
-0.0507288029713221
-0.0495999489730917
-0.0256242567685325
-0.00374017324775361
-0.016602460855543
-0.00825616351957696
6.69858355955427e-06
-0.00797753493950131
-0.0172259011234288
-0.0162321290334861
-0.0161775926442186
-0.0163346087056946
-0.0177004380882809
-0.00204813763343119
-0.00526312098406358
-0.0154050629110564
0.0128956187983237
-0.0181942905642928
-0.00290324327655451
0.0195907385714466
0.0135760789498274
-0.0139886603934662
-0.00366434685555174
-0.0209820010797468
-0.0198795641214183
-0.0217222580933729
-0.020667509987282
-0.0106047501445137
-0.0111724471847631
-0.00984044825513687
-0.0271475561120874
-0.0386471331178493
-0.0331366224687208
-0.0435726165404118
-0.0472435008664324
-0.0280055984475218
-0.0245501453584819
-0.0352650383045906
-0.0283831027839056
-0.0198070367394337
-0.0301229866145734
-0.037230307463066
-0.0326362078446649
-0.0398380661027904
-0.0581044836144185
-0.0608760311006409
-0.0417261346379045
-0.0450804124642508
-0.0273902874749901
-0.0232649446758457
-0.0310313386160715
-0.0450926828281284
-0.0464962498975854
-0.0380129891796387
-0.0515399785354653
-0.0200525179894425
0.0146633541104251
0.0130882942915827
0.0116749105200035
0.0181790285970286
-0.00329008273149952
-0.0321975804525544
-0.0281393533982935
-0.0365192049644892
-0.0143131571662924
0.00449485142841512
0.0292779130436993
0.00600291358114952
-0.00168299025442788
-0.00170285443203319
-0.0103105815224621
-0.0179853670957453
-0.0145530444026934
-0.0086049584488239
-0.00755722962679486
-0.00534635014605968
0.000727695561752322
0.00215902942318613
-0.000804059721321782
-0.00144594880058397
-0.00262791562135344
-0.00924704769195943
-0.0121019031963699
-0.0115344011255458
-0.0138278517457191
-0.00169414605539245
0.024214631781039
0.021574778016142
0.00327844110684519
0.00932885470731641
0.00523413206529025
-0.00594305215771617
-0.00476446320840646
0.0122648459930878
0.0171958944148169
0.0207936514082842
0.0361514736041234
0.0418571933176271
0.0484408748102566
0.0385131024370735
0.0233825771023302
0.016438962487474
0.00544580499654549
-0.00692050606430434
-0.00589966679462473
-0.0124252323818944
-0.0194218351283212
0.000486949984399684
0.0215399812880465
0.0200787382501864
0.0285833812464488
0.0374995706067867
0.0115738635424135
-0.0122130236851086
-0.0105184345291216
-0.0176511790181479
-0.0294269247607509
-0.011380758153251
0.0119409139697406
0.0114806537865127
0.0143138619506711
0.0244530418973034
0.0179601158498647
-0.00354046764145737
-0.00134055117891083
-0.00480234259088398
-0.0265225010185306
-0.0263156862726404
-0.0119865848136031
-0.00969494811501834
-0.00693816441669729
-0.00125199986159986
-3.18034113179731e-05
0.0163863545375408
0.0127477793775416
0.0119385755093953
0.0166072946693128
0.0102206622991848
-0.0011066289437876
0.00113914658799712
0.00169562640603779
0.0038450002368787
0.0174831800172344
0.0253494269087193
0.0284465562262723
0.03552077386138
0.0354529565657696
0.0230891595059518
0.0135647070272019
0.00234611773690174
0.00216485301618071
0.00254282167300661
0.021050632638378
0.0407675535803612
0.0406556883855225
0.0304169687161496
0.0144755995550475
0.00563423189539008
-0.00453439966444953
-0.00516260045203103
0.009145005966904
0.0231353142490428
0.0288950828984943
0.011456325928818
0.00883725980164299
0.00585833345664888
-0.00210446038461303
-0.00515753866571132
-0.0147353067060101
-0.0179536140444293
-0.0214624372218894
-0.00276394959309529
-0.00657486152564229
0.0012110762047234
0.00791627478799651
0.00275399899013634
-0.00647760654999562
-0.00800515139611007
-0.0178894209213154
-0.0318793013582778
-0.026851887901383
-0.014255250370636
-0.0116719004834495
-0.00550541090081549
0.0117091292663676
0.0119094879990251
-0.00273654815496238
-0.00464977201745165
-0.010214742563925
-0.0146556103139683
-0.0112691271487688
-0.0131646995963572
-0.0127654291053515
-0.0142424720196135
-0.0181455034508025
-0.0114862792345068
-0.00347609455785273
-0.00431128066654945
-0.0106968733812319
-0.0118767770478725
-0.00951967719903963
-0.0116826272212149
-0.00501041127413946
-0.0033297912813174
-0.00172062557679825
-0.00378658730639595
-0.00997376819051662
-0.0139736049932311
-0.0140335408966639
-0.00236218562858333
0.010582390658822
0.00480853592274671
0.0065568809360506
0.00944707367681015
0.00495207254655104
0.00048861213046517
0.00139728761688924
-0.00061050477863953
-0.0049926254552765
-0.002316998346076
0.00478269017472947
0.0082365700749596
0.0104712802170547
0.0153227491946905
0.0159355370010385
0.00993262595506272
0.00651873277586031
0.0104507973537638
0.00600452107478867
0.00294155105033463
0.00722634597068554
0.0185055749855408
0.0228154797115877
0.0104279784203186
0.016068019860454
0.0124748064793117
0.0151107788733605
0.0243717181255982
0.027745746751091
0.028452318516286
0.0374966680972855
0.037429110640255
0.0212329417072697
0.0192581439409598
0.0147407820437607
0.000939430569630934
-0.00520985401078946
0.0028936801867865
-0.00239624471027094
0.0115528695868805
0.0176486512407492
0.0207366627938915
0.0180012232732302
0.0248802161561784
0.0213785284639819
0.00471776394902135
-0.00141588422580062
-0.00727596431525988
-0.0193932742084555
-0.0168413262744336
-0.00558702537887922
0.00273191299022575
0.00323576070820556
0.013002334178079
0.0146566656521891
0.0100004987512621
0.00644792992607407
0.00492481585802318
-0.000658218044420506
-0.000911249043267091
-2.48088857971353e-05
0.000349820922375762
-0.0024446554899427
-0.00527388889426117
-0.00408526970889071
-0.000257855364877289
-0.00292135280535274
-0.00380423028700064
-0.00106904330144297
-0.00145038297280791
-0.00179695274550774
-0.000207682502258363
0.000502025412451903
-0.000449678420914952
0.000118329142871689
-0.00245827874520662
-0.00688512149741632
0.00794357138209306
0.0151953297022986
0.00281490679562854
-0.0090759654938048
-0.00674418265939041
-0.00488152232312613
-0.00579508593299818
-0.0029918568630975
0.0074273316876468
0.00964750313135601
0.00420670497660689
-0.000963742597365673
-0.00095138797782687
-0.00810700398537524
-0.0169433872560943
-0.0109093598655281
-0.00640088116455344
-0.00288072777128178
-0.00169185283641892
0.00411540084111042
0.00731951298496021
0.00665380682049027
0.00300039769883526
-0.00391391258816748
0.00706459645138814
0.00873045727091896
0.004157847125416
0.00274316827159467
-0.0080642121799562
-0.00295449531081151
0.00131408249783511
-0.00300975953910153
-0.00351879155344508
0.00239224806484906
0.00413024690723938
0.0138664144728362
0.0151106871764461
0.0149027770352436
0.0175028403203447
0.012802303374869
0.00631598894211918
0.00754364844733874
0.00926314398402042
0.00729787394988249
0.00992890594373632
0.0118439887175615
0.00613475082593202
0.00161707133849835
0.00303916128643388
0.00117099715183698
-0.0043213454042
-0.00445150077313235
-0.00461127576454144
-0.00402626491893344
-0.00264569168758664
0.00218620588284942
0.00308754044402149
0.000400342241603902
0.00113108920422661
0.00118947822023613
-0.000735887410991781
0.000463047234094101
0.0101192833982225
0.0164464456955268
0.00943082688601091
0.00343251686525475
0.00700549257624792
0.00804409186542492
0.00343327871633138
0.00548306441517677
0.0084122812729903
0.00613626690396204
0.00781220566640418
0.00702029962663335
0.00724507780667122
0.0098040987113236
0.0116837960018234
0.0103783245865005
0.0131504952732062
0.0135340633446043
0.0158309118694213
0.0230108144878661
0.0236847223950236
0.0182557966836421
-0.0016731290899225
0.00675994799307595
-6.77922201313616e-05
0.00317958263776786
0.00672521135145309
0.0046596086605607
0.00171814876210086
0.00503141483914908
0.00620578302391772
0.00595454042598753
0.00680907777837584
0.00256652323134932
-0.00138820128733047
-0.00193550137451188
0.00473877890069104
0.00170779612058349
0.00550115678211393
0.0113585927482652
0.00961807774625277
0.00559582284930747
0.00666850556233093
0.00475462392793858
-0.00607307018717738
-0.00903753606999683
-0.00676451594453482
-0.00823464770640983
-0.00823797524958064
0.000227862435459011
0.000762434334989393
0.00119285009389502
0.00216408661528147
-0.000301698538795232
-0.00244892691786237
0.000194055751723857
0.00167098835931368
0.00236982615844816
0.00326087055589049
0.00223112889961834
0.00182873868278104
0.00318267360871672
0.00364288783350089
0.00325056290804922
-0.00594322869020567
-0.00512435394028787
-0.00198917470728581
-0.00367305201786713
-4.22869018150405e-05
0.00232620232755703
0.000875256573433248
0.00685093320860271
0.0139246262493341
0.00822221181097435
0.0086205982905651
0.00914829902559682
0.00233966110799612
-0.00517256252810083
-0.00728474668040137
-0.00654059737022892
-0.00661427889933356
-0.00849126338336684
-0.00440054161300865
0.0018554308732584
-0.00191374054257119
-0.000728689048388752
-1.44136651103817e-05
-0.00149277055946523
-0.00228698042434982
0.000409991244488494
0.00301069659365684
0.00227069726961803
0.00112407533994735
0.00245585714196941
0.00222719908155391
0.0011988727823437
0.00147656932170852
0.000976445780658091
8.9155876869578e-05
-0.000474563385644361
0.000275696958246189
0.000329957094817506
-0.00158620077114899
-0.000591969400471381
-0.000188910966713671
-0.000666801340839069
-0.00100531382734471
-0.00111328214205217
-0.00201370739450313
0.00219781793229119
0.000182793222265545
-0.000615304597093135
-0.00125082701134737
-0.00185147077789905
0.00139685237394163
0.000706917334950591
0.00220225110545243
0.00210296775617681
0.000753935064117842
-0.000104770717380129
-0.00150639921990972
-0.00105130896726664
-0.000897564614964233
-0.000139189514185497
0.00355665263412851
0.0015069281645967
0.000632480337874566
0.000344700013484977
-0.000834400232469957
-0.00151768977122635
-0.000820389062286784
-0.000261987735025404
-0.000132513021625262
0.000390049266044228
0.000697870592442587
0.000338453764572442
-0.00010074530841433
-0.00025347606870123
-0.00131249898646744
0.00715506191881505
0.00554859482991642
-0.00138720427066656
-0.00577109174061594
-0.00399910654219638
-0.00420002132971265
-0.00784892228295029
-0.0105042815985532
-0.00925700616799557
-0.00868701617722179
-0.0147613159012071
-0.0154881758859867
-0.00963816049741318
-0.0113988984764013
-0.00866456147300905
-0.00784817365184577
-0.011791905508715
-0.0101221294856065
-0.00804457630273774
-0.0122520388087637
-0.013801113272911
-0.00965360267644388
-0.0102829914988376
-0.0190554327232407
-0.0164153955790075
-0.0113405425729595
-0.0132252650549789
-0.0132541979115579
-0.00783698675541323
-0.00535214849203927
-0.00596489191913383
-0.00277794144378997
0.0015940420372653
-0.000906902714125598
-0.00611147221850757
-0.0100678623974541
-0.0153413250580159
-0.0191849198411388
-0.0163134574187077
-0.0160287879257221
-0.0137310216760147
-0.0133413211431576
-0.00996305075240118
-0.0136070619230031
-0.0129839759426781
-0.0129443565212352
-0.00987953900565447
-0.00646895622866118
-0.00858725896187697
-0.0045068295839848
3.47895657705594e-05
-0.00479976243246317
-0.0045479916105829
-0.00428892152199653
-0.00286234892460316
-0.00138212485299072
0.000413591996585132
0.000367329646277268
0.000650888105155161
0.000572004353107559
0.000511241887122179
-0.000314817152954864
-0.000650939200426395
-0.00064890846330473
-0.0038299069281408
-0.00197998482761622
-0.00078577261280593
-0.000866143268580493
-0.000267505982416409
0.000499103624272475
0.000410545904350728
0.00069973196509143
0.00184930033962319
0.000793758517156067
-0.000278228817464074
1.89591233113236e-05
0.000274760575862153
0.000180698501669375
0.0014176615605368
0.000344739738139436
-0.000439354426825247
0.000177764513501203
-0.00111824730034805
-0.00513138675345435
-0.00395387859577968
-0.00211905713787405
-0.00144124704024656
-0.000607744509113515
-0.000306469054159833
-0.00355120661969504
-0.00949427803472007
-0.00833797813365799
-0.00817902165107058
-0.00736786396033766
-0.00557556799533341
-0.00461625663104189
-0.0045456805125929
-0.00484140088170806
-0.00561532489170917
-0.00675615070634633
-0.0076739433263477
-0.00639931523057133
-0.00716066690005547
-0.00571806612376761
-0.00470490824210062
-0.00843420030936598
-0.00905098712938076
-0.00546903861685404
-0.00522253881504863
-0.00480859987105961
-0.00108119803826196
-0.00607482303578426
-0.0158168088834173
-0.0175142240418313
-0.019113284636225
-0.0245202901385447
-0.024489227509403
-0.0174629197230553
-0.0114178522815653
-0.00736073863856693
-0.0026677167300051
-0.0014540918590152
-0.0021733566064659
-0.00313161149830656
-0.0106073214530689
-0.0127115430538724
-0.0110822708658807
-0.00818148613202958
-0.00726284120006357
-0.00282970407408561
0.0011386639763359
0.000268963469295539
-0.000425878193650067
-0.00614618713703551
-0.0076812122149363
-0.00695541248524293
-0.00926888220243128
-0.00912281533582742
-0.00221756103538059
0.00100893314969319
0.000358455533900178
0.00115747271452302
0.00199078458264597
-0.00102993698265142
-0.00135445573695847
-0.000828379281891205
-0.00353691991684925
-0.00376107531384697
-0.00145409385924446
-0.00220866193572626
-0.00339684698203551
-0.00249640993901362
0.000254965926010088
-0.000142775828419441
-0.00020109873655631
-0.000126546278155299
-0.000791038244181185
-0.00127541335137694
-0.000792267556303449
-0.000409467679706758
5.16458597515023e-05
0.000318589298257605
-0.000138186400497046
-0.00205148446566382
-0.00244630097730162
-0.000846004322957149
-0.00602254986861726
-0.00355750708913415
-0.000222200533509505
0.00247962879243871
0.00808998117068173
0.00898161731291556
0.00558391406401019
0.000130551369211348
-0.00391420522183295
-0.0030115784612896
-0.00381545496276831
-0.00793926892803459
-0.00316868730817229
-0.00267932880014189
-0.00212833904795086
-6.06033659722035e-05
0.000356040132146333
-0.00127697487424098
-0.00190877282933448
-0.00208229078808106
-0.00423861924420352
-0.00387888383881205
-0.0044191303977732
-0.00362606128070075
-0.00194179101727661
0.000322565526783033
6.40382011502816e-05
-0.000245262417864884
-0.000609922928193135
-0.00221742345612109
-0.00546812304561138
-0.00764262016990312
-0.00791838834330546
-0.00738230764530676
-0.00495778181486806
0.00256375124118702
0.000459951854296774
-0.000985520559381159
-0.00158713679005356
-0.0024398394974443
-0.00456583930691649
-0.00497569365715046
-0.00586533639875371
-0.00607936324451376
-0.00495464909549098
-0.00294462531897319
-0.00153720244107487
-0.000475573431124035
-0.000211253938593975
-0.000563381425238544
-0.00171990023945268
-0.00402138338240689
-0.00558580222651459
-0.00557826734122935
-0.00501188285973811
-0.00370013777433279
-0.00217678714456474
-0.00118155150217595
-0.00207815201683744
-0.00245618849337967
-0.00225971241372318
-0.00282739106165771
-0.00281342215178582
-0.00220293566836978
-0.0046537469789677
-0.00688093194100517
-0.00869151496274089
-0.00945137571988969
-0.00796157409312739
-0.00922012996114438
-0.00374053281201804
-0.000517735121040408
0.000211536857152774
-0.00225036606548075
-0.00112863734210931
-0.000894335145376424
-0.00360173790930516
-0.00112432165175564
-0.00168251112461028
-0.0011828370303866
-0.000562081384933618
-0.00057707247149246
-0.00172340394501712
-0.00116817706087166
-0.000988078085499394
-9.9628796769564e-05
0.00113884787157317
0.000811168149918895
-0.000339363958256501
-0.00107288891404096
-0.000926740394234511
-0.000550059147085742
-0.00335372684687639
-0.00297655695735929
-0.00194998115098189
-0.0019906481747351
-0.000732130769032213
0.000839823954092437
0.000209466646979439
-0.000405876933939642
0.00090297769935577
0.000357746754140469
-0.000687313650152369
-0.000335528046350192
-0.000882076073191347
-0.00199973788835967
-0.000342474692850419
0.00152239472957898
0.0014708130838028
0.00141206212743505
0.00174235864909071
0.000745182361475821
-0.00140540188977432
-0.00172861466924255
-0.00151735861030181
-0.00139827568870789
-0.00151223265775197
-0.00148650974336733
-0.000338199446771184
0.000282056010416258
0.000104042509043941
-3.60492240693688e-05
-0.000841298848039475
-0.0033192187727217
-0.00321794456209819
-0.00373596287035426
-0.00320811239902941
-0.0025541498137184
-0.00234333429438016
-0.00223296090826129
-0.0015010089778136
-0.00165958427417806
-0.00227080406613623
-0.00323311524936835
-0.00424280659621496
-0.00515727246316589
-0.00732686434567077
-0.00924238603277928
-0.0089648634824776
-0.0065340259909505
-0.0039406862686626
-0.00173299369878908
-0.000510124359860494
-0.000918515749949373
-0.00234960568132059
-0.00532137750406496
-0.00542619301104874
-0.00427054079420236
-0.00355039216791586
-0.00551913704611186
-0.00397318513841305
-0.000886159574233859
2.03433216175053e-05
-8.04538469006745e-05
0.000215066423722745
5.32724008863809e-05
-0.00020567551308777
-0.000373877929146289
-0.00101200228997744
-0.0015577631337926
-0.00221721961077456
-0.00302825819162924
-0.00178012411100987
-0.00147155483250604
-0.000952721839505397
-0.000944573075925846
-0.00116449421003804
-0.00141202768456138
-0.001785286611574
-0.00202984162196553
-0.00199671382037107
-0.00202698999392488
-0.0025448365429141
-0.00399873086848082
-0.00457180946691698
-0.00483361750147038
-0.00514630178163858
-0.00375579473692255
-0.00281057947698133
-0.00205602336488823
-0.00178178891834526
-0.00164683864651242
-0.00110038775298488
-0.00215365409123465
-0.0029335272373521
-0.00422870229562407
-0.00609622017845225
-0.00721550596527525
-0.00720409079303549
-0.00834568534898664
-0.00716677230029169
-0.00716677230029168
-0.00716677230029168
-0.00716677230029168
-0.00716677230029168
-0.00716677230029168
-0.00716677230029167
-0.00716677230029167
-0.00716677230029167
