-0.925752053710463
-0.925752053710463
-0.925752053710462
-0.925752053710461
-0.925752053710461
-0.925752053710461
-0.925752053710461
-0.92575205371046
-0.925752053710461
-0.92575205371046
-0.92575205371046
-0.925752053710459
-0.925752053710459
-0.925752053710459
-0.925752053710459
-0.92575205371046
-0.925752053710459
-0.925752053710459
-0.925752053710458
-0.925752053710458
-0.921342203224785
-0.929772021758864
-0.938024782567329
-0.928782559432644
-0.907281065503748
-0.781775566484862
-0.647605656188034
-0.562066180439475
-0.478914659183621
-0.465896362635319
-0.524903526642889
-0.581285468857719
-0.617988197411131
-0.655002161334636
-0.651895190963721
-0.587085967948678
-0.523408328821669
-0.464783008545799
-0.407462274615957
-0.381521381586238
-0.417445025433029
-0.47429829621167
-0.511127666484973
-0.548195707673099
-0.580500764806032
-0.478175368583611
-0.326332497573146
-0.202929056962659
-0.120974069747761
-0.0626917263251802
-0.00132541100194091
-0.0273725154753855
-0.118010113505052
-0.182120343046352
-0.211715290852309
-0.264459259751381
-0.248894510220095
-0.153420848771096
-0.0807767607110233
-0.0432701555906824
0.0143618067530953
0.037065900838337
-0.0625716896705685
-0.15533951347245
-0.213464770465594
-0.245923683140978
-0.251937413894134
-0.173628422696964
-0.094763101584427
-0.0721404645419235
-0.0468265146463269
-0.0374606405875062
-0.0677120215339422
-0.0858978385428955
-0.0867462088345088
-0.100332979556537
-0.0813381259566354
-0.0548113299616933
-0.04137000921413
-0.0212917863051434
-0.0235342352575628
-0.0371391848378468
-0.0263611393351321
-0.0371270511303958
-0.0723905048488538
-0.0794621736651222
-0.0942360214347087
-0.139430503374719
-0.143958362857739
-0.131911777615232
-0.128604781966627
-0.110006832028274
-0.0697319433636481
-0.0628100783077063
-0.0481952990722677
-0.0193311760180346
-0.0293650132522843
-0.0580727910817202
-0.0608664053973809
-0.0615824796101427
-0.0741644717518661
-0.0626491415107719
-0.0326058973924428
-0.0302183858719995
-0.0272038634106294
-0.017100287412387
-0.0193539228941909
-0.0353617372026841
-0.0328940288492763
-0.028024001539779
-0.0475009038063658
-0.0456989204399843
-0.0242743858834789
-0.0418792045269731
-0.0675300045111097
-0.0606249452263915
-0.058162387542298
-0.0400538366446278
0.00598033208828608
0.00767467006601867
-0.0263283568103964
-0.0487954722141203
-0.0660566003968386
-0.0794769607112007
-0.10112997126431
-0.0687376999950745
-0.0581834807553135
-0.041508194226531
-0.0324071444417779
-0.0204807495127052
-0.0349396474680827
-0.0492640686090293
-0.0659638739480929
-0.0457782888746769
-0.0374821668818688
-0.0460930823672774
-0.0495946856663076
-0.0561057210632929
-0.083324248909412
-0.0875615127710636
-0.0691044574356138
-0.064036720770062
-0.0635204858836941
-0.0441097862274184
-0.0316689423598029
-0.0423650202636435
-0.0474420983912347
-0.0486735892067215
-0.0728341137111711
-0.0978555244742462
-0.0925431944018726
-0.0851994250805166
-0.0872173540861328
-0.0631401349354444
-0.0417763793022958
-0.0520501703622189
-0.0848382856135844
-0.0887734071711568
-0.106632618552417
-0.136621121799809
-0.11146698278071
-0.111587950092005
-0.0895038444151061
-0.0740486723132071
-0.0645027424951995
-0.0933161655794394
-0.108978173038836
-0.101603254600437
-0.110015550153495
-0.12654329030897
-0.134855747718177
-0.139204448739243
-0.125163379882898
-0.0964894488057065
-0.0801034386688656
-0.0747650456586127
-0.0752126189613341
-0.0783400878154535
-0.0954676242036825
-0.116046246493807
-0.125503718685194
-0.127005262277242
-0.121897672740566
-0.104196770153145
-0.0828330219910039
-0.0721786329895851
-0.0689493452779243
-0.0700699104714061
-0.0775523076610793
-0.0830866722836863
-0.0908174700300108
-0.091334335972613
-0.0881258086066957
-0.0724956485510102
-0.0320835975054888
-0.0202118530480747
-0.0223921006413003
-0.024535974712732
-0.0401935951058676
-0.0609972629846495
-0.0531897876375526
-0.0394335308438367
-0.0367054669495103
-0.0459122891766899
-0.0406996639408701
-0.0387295087357347
-0.0348302482682581
-0.0384911987842486
-0.0420463027759043
-0.0265220689492461
-0.0145968850014248
0.000988234792857066
-0.00449975902136791
-0.00684641633980659
-0.00532731899846502
-0.00620264855939033
-0.0138115921332428
-0.0165467286006243
-0.0230219317052042
-0.0378461457998569
-0.0371587505380349
-0.0403778557061221
-0.0197637387221042
0.000283046776358719
0.00260263310533198
0.00107846455295242
-0.0159399189485555
-0.0405768544425543
-0.0369019859445565
-0.025092685632656
-0.0203183262666834
-0.00773758177174382
0.00647905807205837
0.00152067784686978
-0.00490418155815257
-0.00454865944528585
-0.00611902977871918
-0.0158271180340144
-0.010614373056036
-0.00350632786268994
-0.00311599089494286
-0.00154461276514073
-0.00602193964496463
-0.016717524618763
-0.015342656194895
-0.000442330714940858
0.00137813336526705
0.00949504417606981
0.0324646735131637
0.0274329159370298
0.00304695653785231
0.0178087196598794
0.0122630697299793
-0.00654807455827061
-0.0126309618470577
-0.0030884446624958
-0.0147772429101478
-0.00377779460979015
0.00117304821948309
-0.00113815941185671
-0.00672746045909776
-0.0230910869304232
-0.0439477654081433
-0.0504028470452446
-0.0521286339338161
-0.050650152085155
-0.0463413901460117
-0.0402638964473711
-0.0286487177733908
-0.0236385133686184
-0.0212417773854473
-0.0256405888126907
-0.0317557870979659
-0.0373714709331855
-0.0335144791323425
-0.0356810861016818
-0.0311152363127694
-0.0199298900749489
-0.0217641895567397
-0.0235139098174243
-0.028314179465327
-0.0264702196506065
-0.0378293072761113
-0.0543459564165459
-0.0509551675120627
-0.043030147997662
-0.0374901979345119
-0.0257158635976058
-0.0109490965281788
0.00454042956631084
0.00948388572109085
-0.00171591660661152
-0.00429875992378715
0.00541858992701807
-0.0273997956361723
-0.0141370121696386
-0.00794186653196737
0.0034552789724668
-0.00985038638625089
-0.0118427098429554
0.000652343256445418
0.00931388180965475
0.00605704787364817
0.0053515243269542
0.00602697387133694
0.00259844225701931
0.00189242317953501
0.000856893048614236
-0.00573243817839723
-0.0102852889920577
0.00042877496297512
0.0122999695207618
0.0107500520082873
0.0117123484074435
0.0201187044157256
0.01470032451765
-0.0056061801063485
-0.023299864381388
-0.00847061662217018
-0.00219958470581423
-0.00947641853054859
0.00422149980041963
-0.00590002342678954
-0.0397020166013205
-0.0494354578994845
-0.041777073389171
-0.0511197931884652
-0.0450578022193984
-0.00868481999416676
0.00804982964124061
0.00162050347446155
0.0197698064516005
0.0374853148620385
0.00196356245918888
0.00888664876039711
0.0215251170265306
0.0225064299844379
0.0249664565059581
0.0207195628155643
0.00922652366737904
0.00451981126085325
4.71527604133729e-05
0.00593505235143827
0.018362891459682
0.0176593910022657
0.0154997792537926
0.0113037130952542
0.00187875673405396
-0.0054227084811948
0.000633728728824546
0.00304966631026991
0.00685834362211056
0.0153454008647786
0.00894543951139136
0.000675355197210809
-0.0057296733813444
-0.000666990581039216
-0.0163907483177263
-0.0149643391024386
-0.00440610304341308
-0.00235752042354581
-0.0104065926685546
-0.0197327644190855
-0.000578985411113718
0.0328336370557506
0.0182734347586491
0.0113491156944656
0.0188921218894693
0.0144089486863907
-0.00756346476107591
-0.00484243408757056
0.00192068673263089
-0.0166313950879713
-0.0162556483862948
-0.0136318059198744
-0.0131964973400955
-0.0089144903794278
0.000975474989952652
0.0179904554328851
0.0141218734912086
0.00757943145773073
0.00957725514569562
0.00751690066817285
0.00228974452286513
0.000539654919232715
0.000893330077054955
-0.00177804409550317
-0.00601615657360364
-0.00329168092660382
-0.0022249000802209
-0.00243474715138753
0.00560709356265949
0.0104108393508793
0.00375528675198067
0.000353574974465696
-0.00355813819404047
-0.00281093438637955
-0.00332377200348051
-0.00416833998519607
-0.0138941005172591
-0.0193401719192611
-0.0276733637364739
-0.0211693771119683
-0.00509313549789243
-0.00709872183707692
0.00449474375247162
0.014583192293167
0.00531328653260383
0.00359160397445018
0.00111758254938479
-0.00290790639692588
-0.00486863818922171
-0.00177843236104521
-0.000763496148539751
-0.00859842504989234
-0.0156079063689646
-0.0110392367610553
-0.00418085707702807
-0.00475393305393509
-0.00454180652858576
-0.000198006457076222
-0.00623279135328564
-0.00649510659300336
-0.00297556358784866
0.00441439639390918
0.00704996031410612
0.00329268562999453
0.00543165153686851
0.00288236690030146
-0.00175094046302095
-0.00671605291030419
-0.0130446337999745
-0.0246803749416445
-0.0275053066568235
-0.0256335866164399
-0.0151252594703913
-0.00681331613510546
-0.00119525531537487
0.00197237092057479
-0.00230179295041914
-0.0103487781058531
-0.0220648524882543
-0.0275632422048893
-0.0204712780780216
-0.0119385506508074
-0.00288168629285245
0.000404976366808585
0.00394066499773852
-0.000531647089624748
-0.00115321822385686
-0.00842533790937074
-0.00474743751930337
-0.00565320760271647
-0.00869695181702185
-0.00315558103630829
0.0114925204175988
0.0124026070084653
0.00422160819637187
0.0176116640295369
0.002148065660792
-0.0140080093732604
-0.00620562912305168
-0.00771807575073497
-0.0153570405836237
-0.0132220276782376
-0.000544746287639999
0.00691401911378853
0.0166469613668891
0.0164101469362067
0.0118399691696589
-0.00869062171662606
-0.016712094261715
-0.00970621759569933
-0.00501900957761831
-0.00336112337272023
0.0156180687225687
0.0330457742228604
0.0066423730604736
-0.00824251554189378
-0.0162353233866664
-0.0213118442533814
-0.01704847668909
-0.00396793878534607
0.00773706087104294
-0.000224630696769852
-0.00684076579439301
-0.00163752702144765
-0.00548895292947948
-0.00975423973627394
-0.00666298843663314
-0.00484433547375955
-0.00634153626190176
0.00360611765038515
0.0151090374183921
0.00131231521597642
0.00602231056155711
0.011173654291635
-0.00470939192783192
-0.00942933317226458
-0.00562531928326626
-0.00331075936548192
-0.00308938059445712
0.00244883386970617
0.00423911342931475
0.000334891424726829
-0.00114057695103223
0.000560935752995591
0.000163930124414081
0.00235569888061333
0.00772905198797221
0.00638731503447626
0.00464764150652641
0.00574700975070673
0.00641782685744121
-9.50044885366762e-05
-0.000302854082292862
-0.00260113973869768
-0.0042803294579701
-0.00149095814525388
-0.000525687074842687
-0.00292043897227157
-0.00296527246826752
-0.0012019370194221
-0.00461540294675529
-0.00892661731118861
-0.00693751696703134
0.000310007937068701
0.00116582149613171
0.0065274720877122
0.0101770609276466
0.00902401424442156
0.0067806121223304
0.00542445592378517
0.00212742211375323
0.00017947844312372
-0.00192839073412751
-0.00058252420725382
0.00430027193698903
0.00409279275846625
0.0024484696818968
0.00267932966387089
0.000970554375726978
-0.00288979219890648
-0.00459197950605515
-0.00276553849450072
-0.00221748495937535
-0.00200809757896257
-0.000757609163416037
-0.000225780423467516
-0.000729374789579103
0.00304580886825344
0.00731306928074982
0.00434839903741956
0.000295507277171061
0.00170200250278133
-2.42776172813496e-05
0.000234658912172111
0.00239559172490358
0.00285420541912546
0.00224053322749739
0.00397785988007299
0.00320480259952421
0.00626224306382855
-0.00484381210089916
4.43278647367772e-05
-0.0014050851017898
-0.00130558306779425
0.000514927200949198
-0.00384819462863982
-0.00305403240450111
-0.00203879353319845
-0.00261610909902437
-0.00110575128196058
-0.00226034766158335
-0.00315585166995155
-0.00238538552492669
-1.43344589792252e-05
-0.000116093265915023
-0.0018169856480902
-0.00403829762640415
-0.00597540625547436
-0.00449511642739761
-0.00235549039410898
-0.00365609172662234
-0.00319074715399151
-0.00165129244461599
-0.00244708824715782
-0.00356425007506418
-0.0026590705990542
-0.00260250089597999
-0.00276199688468514
-0.00234481207041225
0.000297540107134529
0.00409210726323168
0.00222233622517125
0.0016412798433808
0.00172838712589065
-0.00396877923341156
-0.00881505116934857
-0.00540797752345906
-0.0024166204206537
-0.00142781136378402
-0.000985468936872687
0.00493056542856802
0.000156217875526431
0.00247261314189053
0.00518803365480543
0.000714153869887009
0.00174714813091358
0.00300199063581081
0.00514250970086725
0.00488336790295141
0.00753028838785163
0.0075473952939527
0.00843278193233144
0.00942877804565466
0.00947408540076327
0.0098282491165653
0.0100195684950297
0.00834112008161731
0.00663733060778243
0.00464435726279083
0.00197828377749147
0.000665371723027479
0.00473816392134263
0.00695999145945249
0.0028590587290849
-2.27828365767688e-05
0.00141707760321251
0.0010584959011332
0.000477412849977044
0.00318871884125387
0.00446588201098395
0.00112309012995852
0.00168305168134371
0.0038214892734354
0.00353706127285454
0.00327578963437998
0.00359912880474774
0.00256401357090704
0.00136636379921468
0.00186581316706827
0.00150022862052022
0.000442636115611733
0.00183633285230468
0.00398567415420545
0.00404726691510654
0.00344539066850768
0.00481328626585972
0.00338016769155124
0.00332362926709721
-0.00447299654087248
-0.0061496434077074
0.000377427509404639
0.00594376116640643
0.00484217584954264
-0.00376908974388039
-0.00469164536812232
-0.00561727201055872
-0.0103096091267699
-0.0105212938992458
-0.00605449773469979
0.00315780597947448
0.00661709457752518
0.000707391779194851
-0.000372485642915233
-0.0017117179792293
-0.00286688939623852
-0.00144834319519942
-0.00113844418254021
-0.000949463017135652
-0.000397102003555289
-0.000265070339423979
-0.00259204520420175
-0.00475111632387176
-0.00503458442144025
-0.00476481873765274
-0.00436722280816904
-0.00282544633343802
-0.000446390440499592
0.00020233162057153
0.000266890810320328
0.00111595076753221
-0.000306896831119968
-0.00323766770590538
-0.00386811891335017
-0.0015263484595677
-0.00184931156121778
-0.00497383606111195
0.00165497222962066
0.00127687719270659
0.00166690021100281
0.00313021331372294
0.00375499867734873
0.00240817985511919
0.00105031703716282
-0.00313893689163038
-0.0071991422768429
-0.00743589562822119
-0.00773343130457711
-0.00495809220265226
0.00166836909694316
-0.00328627797855935
-0.00586465777553423
-0.00761001044691604
-0.00337095294412669
5.58384955839722e-05
0.00160896140096567
0.00723109887594426
0.00864741337333611
0.00457468849075266
0.00428354521662024
0.00195433962947501
-0.00555864991597276
-0.00666757976694562
-0.0025622052793377
-0.00548554608086425
-0.00544610338737828
-0.00723693093764087
-0.00737178879688579
-0.0022873463162594
-0.000720582252111484
-0.00426930211324144
-0.00638321825510696
-0.00151549972343446
-0.000205477057955543
0.00485816290569253
0.0111559371237694
0.0147544471451031
0.00860258512455877
0.0037462833652107
0.00189311373505986
-0.00359884950350506
-0.00476117676244678
0.000178831605901764
0.00373973647301119
0.00398228850897742
0.00593487388729299
0.00782790155716127
0.00647104318984623
0.00755130045708453
0.00841315554636458
0.00969301250393228
0.0107557624423942
0.00573743115621058
0.00367269395380837
0.00589550776602798
0.00514804564491751
0.00324608793980892
-0.0024081114240945
-0.000269073458738235
-0.000355020428544676
-0.000826457172703321
0.000162623307532596
-4.29421663120054e-05
-0.00302482229119455
-0.00105030673790334
0.00215914350472671
0.00243157275701408
0.00232642000230527
0.00302813259182244
0.00233762084436904
7.31234187787329e-05
-0.000761228390882334
-0.000860972685705928
-0.0021353706844183
-0.000617081888161611
0.00102888262585663
-0.00025305428391571
-0.000380817436037989
0.000972979928536601
0.000858538458622245
-0.000273680702249614
-0.00285534924645185
-0.000572311967060082
0.0043072459867206
-0.000286830132969054
-0.00357443462713566
-0.00108572428054252
0.000505085830241726
0.00291003794852091
0.00126610663500532
0.0014140239719732
-0.00130973998970874
-0.007187304245203
-0.0089294207248245
-0.00749856219541627
-0.00402924140650214
-0.00197840473626353
-0.00267255783285854
-0.00183093951039904
-0.00236202741336299
-0.00225530692259036
-0.00123982248840368
-0.00116326270412441
-0.00115938283172701
-0.00203639395214778
-0.00340194507318284
-0.00301905359518202
-0.00165023357991989
0.00049293889687841
0.00289577955641524
0.00255166880650298
-0.000690776243657343
-0.000206337334716305
0.000123423465949001
-0.00100130737828179
-0.000683060552325866
-0.00300170575440041
-0.00319096864330356
-0.00324547233610086
-0.00169199265653049
0.000232669670436243
0.00419569191535783
0.00283318594995785
0.00104166997379417
-0.001505093729684
-0.00209507047902875
-0.00468373741571139
-0.0108304210119192
-0.0102161992924616
-0.00986480856584605
-0.00475146413891547
-0.00263619728054461
-0.000451559221489936
-0.00451223985944128
-0.010329202712744
-0.00982424189830794
-0.0076910758970265
-0.00604169485124062
-0.00313363123365408
-0.000327025698080581
0.000534521657970268
-0.000986524828754621
-0.0020323927839926
-0.0013585697626304
-0.00234752553019501
-0.00377541669633551
-0.00536339155088529
-0.00249080191832777
0.00113421614596963
-0.0010020028286002
0.000181499982438485
0.00198493328126791
0.000222571380910681
-0.000889238356136016
-0.000657656162118276
-0.00317737331342672
-0.0025945467945925
-0.00101593693199601
-0.00120232768529582
-0.000516428335713353
0.00138820831205022
0.00310685001422664
0.00423186976951341
0.00199146230553046
0.00159238467016327
-0.000223768610224257
-0.00221673922859468
-0.00227642908317536
-0.00777082199098793
-0.0132154575279119
-0.0155094826393394
-0.0265890481399746
-0.0291660215147969
-0.0197089291412488
-0.0113416823695389
-0.00528161951960854
-0.000409806684992575
0.000194398741115283
-0.00488988046064557
-0.0100777883739582
-0.0131195875949012
-0.017313078572544
-0.0167183876144388
-0.00844647370313139
-0.00275563043982768
-0.00227008743518371
-0.000675985780164445
-0.000559938867056011
-0.00716977701989461
-0.0136374864590039
-0.0140065624094851
-0.0142921279521326
-0.0164219037556513
-0.0127452695575293
-0.00466651683196337
-0.00485678724047632
-0.00412254685816272
-0.00268330249150661
-0.0016960466550151
-0.000690014999402591
-0.00108672870627231
-0.00178681123487147
-0.00142746398584808
-0.00175856780213357
-0.00536904584558477
-0.00681215644130332
-0.00302113188798103
-0.00127395019406032
-0.00190628419403728
2.51596742753904e-05
0.00113704888697523
0.000367101585709389
0.000510939895829609
-9.42818183479612e-05
-0.00187313345088598
-0.00211259042020856
-0.00175923788775003
-0.00138275775225514
-0.000619796851885408
-0.00022032947765837
-3.40304916064079e-05
8.85782832709238e-05
-0.000108975630661503
-0.000199930411131878
-0.000719144572462412
-0.00099791198325905
-0.000404052500657959
-0.000289558513578978
0.000152458966834766
2.69046606083325e-05
-0.00165747189588514
-0.000921359718360265
-0.000406152091375799
0.000119869568163747
0.00197102724608002
0.00172014756755368
0.000294914246467638
-0.00113242384013375
-0.00193450405489056
-0.00277032620271521
-0.00216373303441347
-0.000284548446243007
-0.000604947327440222
0.000990789129425264
0.000598348993291236
0.000403149110011801
0.00018491449734246
-7.67350863941452e-05
-0.000288869117683683
5.05243089022053e-05
0.000467386231915027
0.000314066970273383
2.36869641390859e-05
-0.000175157185573077
-0.000309833403159548
-0.000327608880604979
-0.000256154662805597
0.000136837013664166
0.000472369839350918
0.000354194331625553
0.000242699468713621
0.000255788288570867
-0.000175931935843431
-0.000523472801984952
-0.000466242308917778
-0.000360641511982373
-0.000219117853190193
3.17534655573223e-05
0.000396706918284931
0.000275303610646316
4.31807534230021e-05
-3.76902631050182e-05
-1.33781301525969e-05
0.00014284569940831
0.00010384036474807
-5.79068257993524e-05
0.000187387882147736
-0.000110232599689007
-2.76890817158329e-06
-0.000599537999885323
-0.00106094250722418
-0.00133524067237075
-0.00117219726781763
-0.00127477500063047
-0.00144335910558225
-0.000711598911802125
-3.33749546114322e-05
-5.30366250885258e-05
-0.00057100181526984
-0.0007834817028312
-0.000916726498401448
-0.0019927342057454
-0.00159354071663409
-0.000973762573934979
-0.00159468280813527
-0.00292998281169741
-0.00371167747743541
-0.00510618870980553
-0.0052012242010257
-0.00395673909573266
-0.00244337152686676
-0.00115928817673881
-0.000411083890643914
-0.000406550901901762
-0.00146592637617585
-0.00284315719671104
-0.00396595656077304
-0.00473119920755908
-0.00477105316981435
-0.00369272000071778
-0.00207017089618077
-0.00086819965820043
-0.000242546376191213
-0.000169872972365613
-0.00100021564605179
-0.00239902254217632
-0.00348459404427609
-0.00417083691103821
-0.00434375809449065
-0.00350426670886418
-0.00204421534513495
-0.000862646936904169
-0.000236120057269891
-1.51857435337342e-06
-0.000476232796733108
-0.00134068328589188
-0.0023124063250773
-0.00308171917169078
-0.00372121967687234
-0.00341257552529538
-0.00223239453521657
-0.00123700567026431
-0.000531566223619056
