-0.982292072123891
-0.982292072123891
-0.98229207212389
-0.982292072123889
-0.98120423730142
-0.984334506037678
-0.976128771553421
-0.959148672162644
-0.901300494395286
-0.849410276055622
-0.792529522163869
-0.727202992020927
-0.693292629251772
-0.639943322116383
-0.610770881030845
-0.520298343527887
-0.41212528944824
-0.367271583573521
-0.327126445295215
-0.25450276785154
-0.277358721006965
-0.368487165722797
-0.394715184490318
-0.40748247588994
-0.442393487263218
-0.406101672683993
-0.312824572062268
-0.270612973038894
-0.249450847350031
-0.201564580150855
-0.202768643519948
-0.26967272431703
-0.283766576968591
-0.264990221774365
-0.245105134550036
-0.217369320980065
-0.178428809722694
-0.149742776093008
-0.160333332901112
-0.181042973545666
-0.208157892154713
-0.248928464575645
-0.257121586907175
-0.252373382191376
-0.247652021064616
-0.248020019595353
-0.174710274721746
-0.126235976970949
-0.130372866554004
-0.155845876983008
-0.143034577977231
-0.181850385858252
-0.240717840633174
-0.237670464048984
-0.21688409479333
-0.206796752380642
-0.216362945096622
-0.201956203254113
-0.183019232863783
-0.210634502598588
-0.256179264523174
-0.27225420295035
-0.243991194431055
-0.208874668414646
-0.15691771468954
-0.0741753367187545
-0.043137807183261
-0.0433823977421838
-0.0650242525421465
-0.118389478590409
-0.202707598997865
-0.2770749953087
-0.233794965321233
-0.16527529298191
-0.146253925109832
-0.106787863471565
-0.060796105246553
-0.042575891224685
-0.0661923015145186
-0.105528112809681
-0.152440746550194
-0.197338475714068
-0.221462161242866
-0.207283742292767
-0.17076574467816
-0.124319748072144
-0.0689502988650034
-0.0503083043228676
-0.0849583247785258
-0.132236375587315
-0.168354136748398
-0.217950161827565
-0.214096513629555
-0.165997474292309
-0.130235644230815
-0.0611226796312982
-0.0185581535982454
-0.0241015184262578
-0.0304091265483696
-0.104877435888921
-0.0894094127661729
-0.112721914076468
-0.123649692526877
-0.139615405283085
-0.134079036549499
-0.123878699385388
-0.1446464698099
-0.140657697696706
-0.135427352224714
-0.160735291736666
-0.150935511429674
-0.137685217338616
-0.106111423522574
-0.0546125233319393
-0.0324793114288893
-0.0254816897710388
-0.0122070011647607
-0.0147135737962315
-0.0399665439223912
-0.0513350550633189
-0.0489873625188093
-0.0548448022125069
-0.0480784527926041
-0.0261682198926427
-0.0113743283537837
-0.0110737492168728
-0.0102453795178849
-0.00787509890376487
-0.0138467900182681
-0.0264248263644965
-0.0352181174778007
-0.0369952921055539
-0.0343269912507007
-0.0281572889211004
-0.0126641384433599
0.000488372599774982
-0.0129425476969643
-0.0237796612412207
-0.00975834300167211
0.00195541323945316
0.00766506174561158
-0.000633210089211496
0.00158700278939147
0.00550898458864997
-0.00250206255405098
-0.00253508412482171
-0.00730621384869647
-0.0168746506055296
0.0101606774483301
0.0126070959295237
0.00390676868145208
-0.00215550780340615
0.00309726020869354
0.00266844410393481
-0.00520871850162066
-0.0085444742330018
-0.0058310930319602
-0.0114553865619389
-0.0196778890936336
-0.0152786660767642
-0.00987814787605115
-0.00784122835147735
0.000241220451329422
0.00330194396660152
-0.00490509786919697
-0.00830984435876391
-0.0110090056655822
-0.0271031152378383
-0.0179513496523474
-0.000235835400246964
0.00898329275262419
0.0284187296073195
0.028852619925022
0.0207816642765284
0.00859624320453114
0.00104790180110437
-0.00220637028233274
-0.00223595088174669
-0.00451213833376388
-0.0043154581498752
-0.00513047058328635
-0.00069801389639014
-0.000464854396620234
0.000333459255999454
-0.0129899528168374
-0.0192139558176306
-0.0222849434032542
-0.00478419863871171
-0.00328544606577596
-0.00167733875033562
0.00591643176388343
-0.00429382372897239
-0.0136402189708242
-0.00231992433916509
0.00553797117031227
0.00160883276110626
0.00258674920553622
0.00463934033226591
-0.00533279523608284
-0.00480817771214475
0.00810138512431815
0.00843694412311598
0.00222780269217858
0.010877474221828
0.0173922280748886
-0.00293591760342489
-0.00726770995598099
-0.00247971730129835
-0.000843283065758745
-0.00434381369508391
0.0146424780070738
0.0320613934870414
0.0122325997311206
0.00127932934403507
0.004494541105068
0.00185820731399138
0.00525688821636341
0.00738318515186516
0.0174196465141896
0.00344485791397596
0.00428294097011115
0.000153677700743496
0.00406582898629647
0.0086899151795477
-0.00181261688810834
-0.00302793117949465
0.00377867350729248
0.00884487920227966
-0.00420178754075616
0.0152735251258272
-0.0018418464219262
-0.0269993706338083
-0.0269202158037302
-0.026110756582409
-0.0366388251837998
-0.0201673669598944
0.00756086985925089
0.0124018238286897
0.00283090040478288
0.00140129397370234
-0.0138880461992224
-0.0377200754958567
-0.0518654359348444
-0.0708202079334256
-0.0620497404671826
-0.0358548443614989
-0.00884429849851068
-0.00241845738095227
0.00614653686691689
0.0172253666154822
-0.000531600845583687
-0.0225763455793097
-0.0243994473916003
-0.0257207889320039
-0.0232240672737848
-0.0149526072861318
-0.00575901011297737
0.00418029634513035
0.00322811535855472
0.00120957476995167
-0.00101996718535982
-0.000819709192298321
-0.00295545325413649
-0.00466885526992871
-0.00150917638975504
0.00148472514484819
0.0013331541810733
0.00351793451311645
0.00663955907964752
0.00431174002380706
-0.00040260106034484
-0.0012897407806978
0.00301461184051806
-0.00098850242539251
0.00446039014979961
0.0198733667364345
0.0154956654315489
0.00117330056915935
0.00332424223762941
-0.00900155248477195
-0.0261132422940614
-0.0281363618642173
-0.0168123503939972
-0.0150434499867856
-0.0162863811795054
-0.00735160366171992
-0.0115936151794581
-0.017708180466206
-0.017785033273118
-0.025320909297143
-0.0215728742117338
-0.0270817613827513
-0.0109072882892471
-0.0042297727378162
0.00405702904830964
0.0180152458199827
0.00143924441127429
-0.0292472922643812
-0.032762360507918
-0.0337450705011157
-0.0391833382128413
-0.0277849829934909
-0.00235055381192036
-0.00388135050388626
-0.00235055772381641
0.0116874455297474
0.00701682862748735
-0.00625037657150662
-0.00412997659272757
0.00363727623033643
-0.00332786809217579
0.00901208680183344
-0.000669141099873649
-0.0150160643336291
-0.0152738940718858
-0.00707632427511088
-0.00264105899662261
-0.00143341724607854
0.0112348892681742
0.0142078740939116
-0.00236824189114836
-0.00870349184091806
-0.00896536654403702
-0.013745708764606
-0.0151420320304789
-0.0176928622526519
-0.0102550686885329
0.00572435959405677
0.000865075166654001
-0.000313052830708008
-0.00113633343816649
0.00605752099097503
0.000240723364607402
0.0132607704757728
0.0105817261822006
0.00110807639857926
0.00715241089706758
0.0106459602555927
0.00881843045172885
0.0103177400907982
0.00965521268370586
0.0107376605710082
0.00015875802027539
-0.00345089305212036
-0.00427884367723446
-0.0060564996432881
-0.0102848682267427
-0.00386962222952505
0.00385239149923079
9.87941226834668e-05
-0.00410878551709825
-0.00253574795788652
-0.00882927410480319
-0.0124273946913213
-0.00705550052730852
-0.0141546878784618
-0.0226649771885535
-0.0178512236228869
-0.0189376407143379
-0.0205354678537631
-0.0173554858730907
-0.00982901267949384
-0.00591420473214731
-0.00221449875694058
0.00488134609734839
0.00746297680206137
0.00941936675174839
0.00735585831851668
0.00414660257745195
0.00106080352638522
-0.000425355124980321
-0.00183328467531162
-0.000860426232786384
0.00266278166077738
0.00610393169335795
0.00534000346188238
0.00197734786422664
0.00015809839633737
-0.00188858674200711
-0.00445825251566726
-0.00156546491792646
-0.00142523199804179
-0.00374811998822654
-0.00446120844309103
-0.00484779972379726
-0.00407239510837667
-0.00421765893744623
-0.0048025926496276
-0.00487160591730173
-0.0047601640000877
-0.00449664717697712
-0.00382056480545094
-0.00231922226779643
-0.00362146927165709
-0.00587654188394669
-0.00548664215563315
-0.00501759490855079
-0.00615297107806146
-0.00501585213906601
-0.00247937586729022
-0.00387763318740628
-0.00512905368163765
-0.00298792238802202
-0.00341093606465723
-0.00958473914045234
-0.00953567063169302
-0.0062010174268992
-0.00583438448072242
-0.00406512638448211
0.00316906110021152
0.00949029878561733
0.00146114667333741
-0.00158022961055424
-0.00249375057711812
-0.00554663084271368
-0.00559327227824902
-0.00130443619101244
0.000113990429900996
-0.000724994998754029
-0.00155364021686485
-0.00163636973478759
0.00381176386875623
0.00688546170624339
0.0119395589041716
0.0116045078442627
0.00828293675958442
0.0106770414388426
0.00978837099201544
0.00729719763068877
0.014316150050816
0.0175273183429064
0.0113100443811119
0.0124816045050235
0.00938763174542111
0.00557891650830419
0.00850027430141077
0.00908290597329784
0.00548714481540367
0.00753749682829319
0.00703322139960762
-6.98808156462008e-05
-0.00265995549068038
-0.00422668140220034
-0.00361225686934838
-0.00208076350130736
-0.000198786050509894
0.0013699092125499
0.000877662172030752
0.000508587769834259
0.000983194731715741
0.00104377864662061
-0.00187805999433584
0.00171780271427704
-0.00169870524225128
5.70797986251328e-05
0.0140874339544387
0.0240556452516598
0.0277537989438232
0.00960145767128378
0.00485959023669599
0.00386430054471522
-0.000115693971978547
-0.00240201466928921
0.000678210544759266
-0.00377583315753166
-0.00877925317491076
-0.00836123937381976
-0.0191412979669535
-0.0103491337045002
0.00608685375911784
0.00566558351204052
-0.00527805833323139
0.00172398586643886
0.00539483005076723
-0.00227592626407493
-0.0057122039951555
-0.000288738733372821
0.00420968455932626
0.00120270492194812
-0.000470503247968911
0.00314168658768484
0.0060286302471366
0.00672815997660546
0.00996570703482856
0.00962525226471808
0.00542538627669745
0.00558995469192696
-0.00338301904228795
0.00059034445869406
0.000431873790720879
-0.00343299120477276
-0.00226214702255524
-0.00093202226952155
-0.00322402263867524
-0.00169464820907622
-0.00265065054865256
-0.00406246724739792
0.00232910786740252
0.000970407787971847
0.00274514133548025
-0.000129089658546641
-0.000258266687124471
0.00255406967403837
0.000498479728565433
-8.75709631744494e-05
-0.000642781243856155
1.49266723399382e-06
0.00214256930752788
0.00252482156981466
0.00749424501830998
0.0134710872731212
0.0043850809598522
-0.00451074822219709
-0.00309064614017973
-0.00547170434867443
-0.00310797175759098
0.00864059576920959
0.0200005451284438
0.0147945510613266
0.014108664272539
0.0228503304715981
0.0237717184589714
0.0326354888319293
0.0353456566514933
0.0345909935282536
0.0246216535164937
0.0194332403038489
0.0190357683448689
0.00695394861929762
0.00269684292894194
0.00270068442232693
-0.000285183697704479
0.00270198671278221
0.00889115453558172
0.0111644421922017
0.0116397824637244
0.00959059753597239
0.00499198426158572
0.00196345525800747
0.00103605769026603
-0.00140425990123583
8.43721287557705e-05
0.00667978452467516
0.011078041115782
0.0155641723120605
0.0156870306543768
0.0119728435900444
0.00794829157583101
0.00632431110632406
0.00192734523204367
-0.000765270601043522
-0.00497651071008814
-0.00293829578396469
0.000481065108719509
-0.00234772161763068
-0.00948241605296331
-0.00174739927190023
0.0163684391209495
0.00688276719228107
0.00782258375566076
0.00245089030671453
0.00449712948539908
0.00512041902588801
-0.000856745411543387
-0.000440835934802635
0.00724412870565415
0.0104140399110338
0.00788922101274398
0.00869996338820726
0.00776696707329392
0.000841916775196901
-0.00288613273032565
-0.00120666630756001
-0.00114355773026964
-0.000183732617702475
0.00650746870471773
0.0109922749597243
0.00908582310089101
0.00826574504340572
0.00847891645482969
0.00348436034550769
-0.000980415950344933
0.00111190225729196
0.00261189499465322
0.00306379549799989
0.0100551398245348
0.0185291573503992
0.0196111984744261
0.0131297446444571
0.0120658775591157
0.0117687267691592
-0.00191446068415079
-0.0133706126272216
-0.00709225131060967
-0.00702706907455811
-0.0147126985752812
-0.00962172353218198
-0.00838700007264574
-0.00261553490605821
0.00195743736180459
0.00735013783866827
0.00648720940420066
0.00582368626258872
0.00683330336761526
0.00349326211966152
-0.00512530608896454
-0.00863836365230936
-0.00706974862763982
-0.00692434703284367
-0.00257614574600472
0.00567963489505706
0.00667788761543401
0.00431141377331103
0.00520406985017
-0.00105027350192002
-0.0135106606929589
-0.0156749018138095
-0.0133545489699719
-0.0169669480695869
-0.010892827931667
0.0017587534815111
0.00190017249665749
0.00329851747601109
0.00816049166428097
0.00393534354866847
0.000799397934382306
0.000156583720971363
-0.00928507567811243
-0.0166980086744291
-0.0150321146521759
-0.0101405371062519
-0.00517520557916948
0.000938001678908071
0.00331230799261771
-0.00103135092515169
-0.00298563768788356
-0.00401702494038398
-0.007266009555386
-0.0176092650064814
-0.0219443740829199
-0.0259218387459854
-0.0203463527759002
-0.00890520660154694
-0.00191523184805023
-0.000716636561341402
-0.000662398131348803
-0.00329339806245917
-0.0145205658007057
-0.0244132429133129
-0.0251926244634654
-0.0238747824911017
-0.0209529912010419
-0.012038074819287
-0.00286360094755589
-0.00049720816849712
-0.00356688792674128
-0.00806511218122948
-0.0142776147873648
-0.0108581132080839
-0.0163382144277816
-0.0328507250843551
-0.0308634802282671
-0.0249632869864505
-0.0290619927892764
-0.0243816098219713
-0.0132153721644391
0.000244002461008456
0.0076129626299178
0.0088252039680245
0.00573006343031353
0.00610288736953622
-0.00226854770437027
-0.0118157998296018
-0.0136069073021036
-0.00720013202821471
-0.00675592340712812
-0.00302965700919358
0.00596310792616589
0.00976451969903718
0.00565891699871613
0.0042554873921142
0.00373643095171167
-0.00302950029032213
-0.00799245406603873
-0.0045120660511205
-0.00170112562896895
-0.00172269570114767
0.0103106231171783
0.00869981455739637
0.00101958670986541
-0.000611359695161976
-0.00699882930961665
-0.019842499857138
-0.0250879992905967
-0.0236526494021178
-0.0231572687920257
-0.0106481276729582
-0.00122852775057865
0.00152313298014462
-0.00583987847746292
-0.00974287547587759
-0.0140532976023154
-0.0171369248490998
-0.0123041846185529
-0.0193184167760458
-0.0130292762601416
0.00430408361198043
0.00286455998516127
0.00204861252770067
0.00544312835211065
0.00243691793362742
-0.00546359411446332
-0.00802565053877294
-0.00735423165504218
-0.00551506365047225
-0.00534278506723809
-0.00111608330994655
0.00363582624515125
0.00238097978972421
0.000972543356416146
0.00255614970632433
0.000123559902507057
-0.00458266562325959
-0.0037679157715594
-0.00154948414611029
-0.000789195569854512
-0.00154007951099782
-0.00129291111180289
-0.00452734585147471
-0.00600822854706438
-0.00550707693617811
-0.0030950067899117
-0.00162135119454435
-0.000857958499957037
-0.00130270066675688
-0.00284674246944684
-0.00455164989950147
-0.00618026830399044
-0.00819170943676497
-0.0106548546328299
-0.00644611749440519
-0.000112712438685429
-3.42192660143752e-05
-0.00121927378124359
-0.00234761953228504
-0.00443696038651155
-0.0172096837951114
-0.0112726887512421
-0.00685547456589406
-0.00652046073706499
-0.00523249709397089
-0.00557205235046872
-0.00707532724324384
-0.00594718986296464
-0.00466859791446516
-0.00634449724966659
-0.00898110477783057
-0.00713781711151899
-0.00587682057848461
-0.00551878098471689
-0.0024559203327105
-0.00129930102471071
-0.00262974597414291
-0.00224078990875115
-0.00256917885943902
-0.0052665634768789
-0.00666089826672901
-0.0053680108201056
-0.00576348369769934
-0.00576320341532219
-0.00163784041138579
0.000156010431158069
-0.000377020884668694
0.000459865455493858
-0.00107238753624025
-0.00474796607651004
-0.00613179282300015
-0.00560699505997055
-0.00339866438984035
0.000383234207538624
0.00289072408347842
0.000424007585590654
-0.00121464710678717
0.00202851893119774
0.00600188295759501
0.0106985725828447
0.00280672926735352
-0.00757005747084657
-0.000414124534216226
-0.00211787035433847
-0.00135198822815055
-0.000518377104138478
-0.000812647789366478
-0.00197535177284845
-0.00167063134999315
-0.00309118362122575
-0.00938873268866783
-0.00627174697398391
-0.00205952573726035
-0.00242867884155374
-0.000715785830727129
0.00180828785468965
9.82398962330036e-05
-0.00207655479479533
-0.00110183588771247
-0.00398129623885351
-0.00812668885139424
-0.00625965040951872
-0.00403633059838449
-0.00690131370276735
-0.00630741931653426
-0.00029105537353733
0.00114354286665854
-0.00202413757860709
0.00205639792189206
0.00335846650340762
-0.00481325863815467
-0.00676044357432399
-0.00959068238409505
-0.00820160812960662
-0.00462385589776534
-0.00458624543387139
-0.00389533286825768
-0.00290375409568509
-0.0049784100541389
-0.00494609775856293
-0.00728358172903595
-0.00668656570519529
-0.00263218545469405
-0.00133499586587928
-0.00166360223376485
-0.00136757699158256
-0.00411056974456644
-0.00121443060302103
-0.000990802230054436
-0.00118161356805598
-0.000642168126516106
0.000851928297431865
0.000746963205714537
0.000220418018266215
0.000613961180657721
-9.68057678819666e-05
-0.00205226744710122
-0.00209644540635831
-0.0012179459588545
-0.0018655796657347
-0.00211151832208805
-0.000147478538058783
0.00107716042988077
0.000653539518714572
0.00175120128826633
0.00122347167292751
-0.00380232245510101
-0.00588979603186666
-0.00558930371266586
-0.00555481587792398
-0.00845217358367661
-0.010016221162327
-0.00912611582426763
-0.00972309425417398
-0.00615623405284196
-0.0187645233011929
-0.00892744863904293
-0.00488028740293053
-0.00423633097617188
-0.00227555226746054
0.000795012386380609
0.00233761830441546
0.00110050249386049
0.000878014830774127
0.0010533310806786
-0.00241600954103644
-0.00570808740203921
-0.00507448809731977
-0.00523652919481171
-0.00742850401045152
-0.00543402906686705
-0.000301993347738068
0.000971547879249614
0.00115402604959069
0.00465964866749816
0.00429997585230975
-0.0017717900403654
-0.00289787106764721
-0.00247867379670469
-0.0106660759859737
-0.0162149567838476
-0.00829118008356953
-0.00360699137433724
-0.00275283180846404
0.00162482562150223
0.0076051329419097
0.00716294658946506
0.0024661087470848
0.0038246058947926
0.0015560894742757
-0.000749174684411944
-0.000128517607457631
-0.000888969594495149
0.00217382738834697
0.00025545907520133
-0.000179582145345655
-0.000589456914440509
-0.00244511287501454
-0.00298599990746357
-0.00229723078517295
-0.00299591162444885
-0.00269269996866732
-0.00257521520396242
-0.00191353743507478
-0.000860442489625692
-0.00032050126281312
0.000221140578866501
0.000662220509336437
0.000934804931883683
0.000355532962635884
5.87207839561273e-05
0.000199103600788136
0.00101785515402741
0.00148501025328452
-0.000340653610135215
-0.000997565805725528
-0.000836135835784812
-0.00348237620071781
-0.00349955285371476
-0.00190391393559147
-0.0024199102658819
-0.000737261896729678
0.00205380416747219
0.00143132474470175
0.000949986900976393
0.000707176301437324
0.000502942138120289
-0.00104470993567424
-0.0010294338598864
-0.000395655317904175
-0.000607259845435186
-0.00175337764491252
-0.00364650749750948
-0.00556504351627952
-0.0068888117480198
-0.00951764756415529
-0.00992694787030454
-0.00912682100195378
-0.00690271239825316
-0.00232402813101384
0.0005743448391961
6.10116294753838e-05
-0.00207161752434993
-0.00412229377377033
-0.00668761284163322
-0.00949546440035332
-0.00947123755813878
-0.00853287852952612
-0.00718028369317267
-0.00411878462526008
-0.00217500840860893
-0.00272788131827255
-0.00515021256166237
-0.0103376242249429
-0.0122972734319989
-0.00971525320226771
-0.0076277985213967
-0.00602057266295143
-0.0046550165492828
-0.001415998119009
0.000248848051623291
-4.15349323131829e-05
-1.08369850438662e-05
-0.000456655082793272
-0.00318118722680219
-0.00534920759695754
-0.00496818393528303
-0.0044211369164445
-0.00369827280175031
-0.00261503191534165
-0.00189676312970863
-0.00140960206324341
-0.000343749526431246
-0.000809915694914193
-0.00138370666401955
-0.00244072832362065
-0.0033727541424984
-0.00320967319215553
-0.00238277767635479
-0.00167527662483927
-0.000731116781867863
4.16807564430949e-05
-0.000345881627826682
-0.00147601889964429
-0.00214422743526392
-0.00255858580810746
-0.0029886021345186
-0.00245900813811807
-0.00158762035098879
-0.000951683144088149
-0.000498419729093504
-0.000322453250766042
-0.000466465452120944
-0.00148410095452444
-0.00170603231460358
-0.00217003984327715
-0.00326743017014644
-0.00334780683360124
-0.00278004686271682
-0.00246405930217463
-0.00266991652579891
-0.00239038877904241
-0.00197174053102241
-0.0022902460541285
-0.00286949249444739
-0.00280241474511386
-0.00303242150829441
-0.0036133407837464
-0.00366230333406418
-0.00305000466532721
-0.00294662452212251
-0.00337710691611159
-0.00300591440066857
-0.00266943543845911
-0.00271640627265373
-0.00316506430355409
-0.00316506430355409
-0.00316506430355409
-0.00316506430355409
