-0.993458245669645
-0.993458245669645
-0.993458245669644
-0.993458245669643
-0.993458245669643
-0.993458245669643
-0.993458245669643
-0.993458245669643
-0.993458245669643
-0.993458245669642
-0.993458245669642
-0.993458245669641
-0.993458245669641
-0.993458245669642
-0.993458245669642
-0.993458245669641
-0.993458245669641
-0.993458245669641
-0.993458245669641
-0.993458245669641
-0.993458245669641
-0.993458245669641
-0.993458245669641
-0.993458245669642
-0.993458245669641
-0.995622259240789
-0.997094396896823
-0.997344664415622
-0.950588189376301
-0.908286506484098
-0.833508259072765
-0.76296931142492
-0.706546581649652
-0.658281246531643
-0.59307040610854
-0.542883621919906
-0.582045906577667
-0.601682592541856
-0.584123649259768
-0.609143722313233
-0.609706338232888
-0.559907920793579
-0.483488335388645
-0.410921700542947
-0.329283384044443
-0.257086081802391
-0.235269791463991
-0.216186901364633
-0.224192667664379
-0.268450211719946
-0.284959901287509
-0.295227331562731
-0.292341297206526
-0.240310276738951
-0.176442884125239
-0.123635714758182
-0.0605373088723515
-0.0291610098729644
-0.0591607928485204
-0.0922156564227776
-0.120639209282258
-0.174476041411874
-0.200736060001869
-0.163082769191726
-0.120677856992226
-0.10085295446235
-0.0447246266494066
0.00888540589427052
-0.0182486397556001
-0.096629873791526
-0.164624976688239
-0.23676441533866
-0.315875302169249
-0.287495343614087
-0.214225793951348
-0.175824202484001
-0.14111856393027
-0.0626472305185163
-0.0328536672296979
-0.048383826510633
-0.0549189923406051
-0.0785516379744363
-0.133843625541869
-0.17041485908374
-0.188579525976893
-0.196902427351915
-0.178084631638552
-0.136750632872101
-0.108424095733679
-0.0945017863157536
-0.0940890665411809
-0.104007755291247
-0.107517686238335
-0.0788496545056359
-0.0688128316835707
-0.0710420828481927
-0.0860065632193787
-0.0844418236821345
-0.111549292220921
-0.120196877756118
-0.0948605449412742
-0.0688393446369627
-0.0315899060619048
-0.00920615684141465
-0.000373017720878812
-0.00461779913496185
-0.0181399285881652
-0.0341396863763827
-0.0481638221214289
-0.0511269811108429
-0.0441655569097182
-0.0228948007222958
-0.0137554721051666
-0.0103784021835808
0.00161800494152552
0.00424578106149556
0.00582132467751544
0.00950357456912968
0.00187738775501897
-0.0279046406771176
-0.0350468308693582
-0.0331017751035718
-0.048107177620657
-0.045486124749178
-0.00897892394005219
0.00420472905743141
0.00341943669226427
0.00623152795847254
-0.00273366737165323
-0.0255188647718576
-0.0463167112635654
-0.0558195892933104
-0.0453885648493539
-0.0359332551444454
-0.0175931575272766
-0.00462005504101658
-0.0089061429131049
-0.0391616586750942
-0.0565003862287757
-0.0911251269000225
-0.118705383771844
-0.101140680072984
-0.0890481239894143
-0.0796328123889011
-0.0411997376561872
-0.0106647570668777
-0.027095136914485
-0.0386848784230129
-0.0359671544644307
-0.0674365790434217
-0.0840808568793002
-0.0527620945792669
-0.0318722856015339
-0.0466465580591166
-0.0248751034881563
-0.0254163528046114
0.00731676603179704
0.0158936501746006
0.00720930212039654
0.0390257845167666
0.0192455228257734
0.000918764575099323
0.0112397832924122
0.0134581600460755
0.00493333406167774
0.0146046751049376
0.0233045986282813
0.0190172395488359
0.0285987208812941
0.0353312905809748
0.0113991182212381
-0.00886549470700843
-0.00573519147465181
-0.00735043084545801
-0.0165630842585154
-0.00389128592240818
0.015116992129276
0.0101350661370381
0.005776239120745
0.00504105203618155
0.0150299394451142
0.023080270932288
0.0200924633811003
0.015387509485861
0.0121106983502585
0.00501366533149957
0.000219835280781972
0.0152350638023292
0.0166273517421191
0.0181898590047612
0.0150482296917311
0.015863073783663
0.0194684403531852
0.0218231484446527
0.0229071164326675
0.0357878032419075
0.0618073615459049
0.0555666086823782
0.0492567396686871
0.0490960277948639
0.0347073741763164
0.0161589094614207
0.0208353989473175
0.0275717940955001
0.0211987031587962
0.0285820049190363
0.0448961228936968
0.0428637405602075
0.034452629877565
0.0392624273998435
0.0563519229577334
0.0297700468496297
0.0040310419122624
0.00939971636411977
0.0178766395339698
0.012064992389466
0.0160266177100274
0.0439180607536812
0.0553774507700092
0.0391260539087579
0.0325652994381804
0.00978963396176726
-0.0264777433573225
-0.0458629802636758
-0.0328967629028878
-0.0500989911209718
-0.0408310622934275
-0.00306043845510418
0.0343700184331224
0.0237027698255785
0.00934150956965753
0.0215006568111585
0.000447856882975986
-0.0158351555029701
-0.0203418845783665
-0.0399623263642931
-0.0382165085367169
-0.00487515510572896
0.0114397291272722
0.00272837166919666
0.00503473977738216
0.00695614437171236
-0.0278403314539896
-0.042672178890187
-0.0240821503342813
-0.0230283813090681
-0.021322550768642
-0.0162109952942415
-0.000883523192187593
0.00662653144926649
0.000689761390455777
-0.0124814283852242
-0.0133697506289995
-0.0177371945960174
-0.0261633029928877
-0.0214465924766414
-0.0211079780344177
0.0129143120662337
-0.00158863531390227
-0.0201862637646611
-0.0161185246876783
-0.00899293153366503
-0.00510573440701309
-0.00752164693960689
-0.00777356426116995
0.00166985542011998
-0.00379497256132744
0.000238231727039368
-0.00279022966571458
-0.00406951016064006
-0.0115866959533607
-0.0176175219790946
-0.0247832607741484
-0.0187120292611661
-0.0183110687789203
-0.00853597568939049
-0.000961491991418754
0.00770071739076654
0.0116654778058218
0.00648551857756584
0.0101977373102471
0.00409722180381789
0.000124677639605275
0.00415408704566458
0.00612647688460761
-0.00164302126655883
-0.00471059182039919
-0.00162079008099016
-0.00125573011993275
-0.00819828890784836
-0.00562489779375973
-0.00345567975669396
-0.00359432616629206
-0.00343295198851886
0.00142848134946535
0.0135145264914214
0.00265698425075368
-0.00339034623966189
-0.00535946165803082
-0.0144074446890807
-0.0109261605038172
-0.00850950233552385
-0.000397277848515395
-0.00311071598752277
0.000557569402484874
0.00462106442897194
0.00967549504174206
0.012193454431745
0.00768228548353611
0.00447969929138073
-0.00127969751513335
-0.00615205771762968
-0.00521868296316573
-0.00143409520041854
-0.00336165074016327
0.00174946663950194
0.00867056439355725
0.0074112859600172
0.00366547769448583
0.00344505777995915
-7.69663588100597e-05
-0.00255336329079189
-0.00153415785777369
0.00894339766440293
0.00430075610893305
-0.0055456821011848
-0.0182145063890193
-0.0170156818922339
-0.0162170158794411
-0.0168585504944421
0.0204306401321696
0.0209061260797761
0.0101315409628407
0.00545549877755054
0.00203315470852202
-0.0114295483469772
-0.0184545164145675
-0.00604746144362557
-0.00394143551193723
-0.00598551614719585
0.00335167920910844
0.0110551913926893
0.000685209856885643
-0.00370723527918289
-0.0130569884308815
-0.0158154965042115
-0.00731271099455593
-0.0205987341345096
-0.0253175464778511
-0.0121232781894669
-0.0356193424922218
-0.0451203405457279
-0.0479031228822524
-0.0250699747749282
-0.0176460479546186
-0.0170232759894789
-0.00910921973823372
-0.00257375663898592
-0.00142165454329172
-0.0012190999728079
-0.000664118203676984
-0.00419681014765091
-0.00983972247640388
-0.0094002603802093
-0.00711248937699818
-0.00274175763899805
0.00657734836220407
0.017833165610408
0.00626210300853119
0.00108960260846915
-0.000842480303450569
-0.00440289589328439
-0.00679300552088696
-0.00275839997070119
0.00279995288777217
0.00615100609199579
0.00195868789230989
0.00705983472093999
0.0047816299847217
-0.00574041355024705
0.000243507234778813
-0.0128010403402721
-0.0257353739008223
-0.0351127403100189
-0.0487128308870599
-0.053723291779835
-0.0263538194494594
0.00391810132459074
0.010903380829395
0.0251520328456403
0.0384208861751629
0.0218622576743554
-0.0116128449573406
-0.00915625327257596
-0.0110365453625786
-0.0172763986821211
0.00129203176483113
0.0251358218948526
0.025359139155061
0.0227123823795638
0.0249189538790284
0.00506123073854528
-0.0181196639805814
-0.0235467446035003
-0.0158324114112372
-0.0166110343286295
-0.0125401501871939
0.00219827382235031
0.00807900101967702
0.00841173343352648
0.0051804538292298
0.000869934096781044
-0.00716233927967825
-0.0333313684751082
-0.0392391082407676
-0.0322318633095824
-0.0344203976987935
-0.0319431071230273
-0.0282942326130292
-0.0137202907137053
-0.0125773518316555
-0.00423434233233051
-0.00268467676677226
-0.00317368968403459
-0.00637380018027621
-0.00669551347276692
0.00075805366818056
0.00580529862227953
0.00339558733422853
0.00453659514419603
0.00547655551081458
-0.0083538708505856
-0.0144913013742511
-0.0041504939138445
-0.00198330312658591
-0.00411678731754946
0.00782573117241978
0.0195114247409598
0.0226924159995879
0.029533506351604
0.037459505916765
0.0233870400242553
0.00735983547274499
0.00461344640785792
0.00020567280767865
0.000431836718495216
0.0079082111988304
0.0167865108882568
0.0176589633868424
0.0181036366395925
0.0149768677741546
-0.0108290633520441
-0.0130379687834569
-0.0172081529603361
-0.0151327184773782
-0.00916184670895227
-0.0147293761308558
-0.0274863171847951
-0.030116727730572
-0.0254655181026993
-0.00935912750522816
-0.0206758446863315
-0.0173411027876712
-0.0134394684095051
-0.0176511425517813
-0.0225478305819934
-0.022431209539936
-0.0231597847323395
-0.0248133789720693
-0.0255210242513982
-0.0190328368528473
-0.0148914481511196
-0.00972219852059988
-0.0141675115474298
-0.0146638625077437
-0.011174748652049
-0.0133471916080368
-0.0153940634349855
-0.0141315119394414
-0.012753124950273
-0.0117515536357809
-0.00861657238937936
-0.00534329494223947
-0.0100118431727492
-0.00864256246362917
0.00267873998402993
0.001756066736847
-0.0016231678125071
-0.00603577511602785
-0.00464733365418457
-0.00267548924239202
-0.00748790718914952
-0.0186417123590764
-0.0285502586132477
-0.029253285400348
-0.0288372160830757
-0.027134045453122
-0.0188615021667662
-0.00808167835293803
-0.00354141230363599
-0.00888973016680361
-0.00585388509983902
-8.30186241343759e-05
-0.00318461848378843
-0.0104281184311838
-0.00998783626412892
-0.00446927856630745
0.00133510292883004
0.0026338260536502
-0.00679624685463935
-0.0189016633467445
-0.0263337835597396
-0.0335511239149849
-0.0254277011951242
-0.00349940835160684
0.00320333583763419
0.00632675666302111
0.00257756783150111
-0.00249240893445638
-0.00559043163747954
-0.00327562312475579
0.00477874659149214
0.00132221060078791
0.0144914039821492
0.00719062325311903
-0.00237432733635565
-0.00416546770181203
-0.0156614228783043
-0.0231996481596626
0.00616299352220686
0.0126118132526411
0.00259252796263297
0.0056526890365367
0.0162796588059055
0.0130562089174087
-0.00381429837689577
-0.00218753111465824
-0.00532391984391569
-0.0125643854722384
-0.006405197609064
0.00218284538697265
0.00315933894574146
0.000929238202311464
0.00690087612297765
0.00944550093640499
0.00491850301215096
0.00440370305503603
0.00446235037342561
-0.00246451607690262
-0.00290224893256559
-0.002281081194421
0.0035999813309639
0.00493795526093375
0.00462319342438041
0.00218731254738188
0.00199904149324554
0.00323088914989596
-0.000996796462745453
-0.00492083671822391
-0.00416751328129794
-0.0066598568455576
-0.00581713149533573
-0.0118945261954758
-0.0176138984528298
-0.0109862943126654
-0.00842394795086103
-0.00525032231999599
0.00152313580398841
0.000826563831521096
0.00253757984008366
-0.00293753529558226
-0.0168240064121168
-0.0231261574325787
-0.0156087120287489
-0.0163055565324012
-0.0112880609318049
0.00601567458498378
0.0120810377965137
0.00620983979950385
0.0081947364305279
0.00531665760331275
-0.012687554198525
-0.0225969535154333
-0.0185674882968066
-0.0174845338289032
-0.0143645836091557
0.00305010919030131
0.0162979847402673
0.0126927806173171
0.000634169040274037
-0.0147972158023527
-0.015235640477751
-0.0141194078515939
-0.00690540591314241
-0.00369437965659407
-0.00313320559283358
8.44997678789974e-05
-0.00331648801738987
-0.0104498940716367
-0.00950663122422533
-0.0129153216541143
-0.0133301887467249
-0.0133451888022914
-0.0150826197475252
-0.0172347928499359
-0.0188545066998398
-0.024042278182337
-0.0239417364852375
-0.00485631500365588
0.00141740072202309
-0.00361358012960549
-0.00035542225558629
-0.000799359835418808
-0.00368118863489821
-0.00421610289804362
-0.00787614705039451
-0.0135730683486719
-0.0109408555301062
-0.0108121592564278
-0.0161807782674326
-0.0171302860139736
-0.0158444885986862
-0.0167816079499864
-0.0109826258949952
-0.0058783135253775
-0.00702853186198962
-0.00954882743716551
-0.00816932434153718
-0.00966977889538657
-0.0139127967577325
-0.0133508579427531
-0.0106323494438897
-0.00967316968368794
-0.00683131648887514
-0.000130744311540963
-0.00215249156377437
-0.000992249991066734
-0.0012901319686341
0.00695472091034452
0.00499477817515464
0.0126209790008443
0.0102854776347998
0.00447317542146854
0.00218718380542806
0.00239387629138973
-0.00100105338421629
-0.00312073822957124
-0.0032797259419059
-0.00502079943720596
-0.00244121823637735
0.0017849229446595
0.00558140260292166
0.00256210647773846
-0.0025831664774948
-0.00349223205576388
-0.00729676335584266
-0.0136964231231646
-0.0145939783300647
-0.00871233805396005
-0.00385642654667749
-0.00151248621282096
-4.81453510829931e-05
0.000117664146774035
-0.00380376007112963
-0.00766404961902544
-0.0101369609865113
-0.0116697435455348
-0.011591544266098
-0.00892657552517493
-0.00633414838711088
-0.00275161016567293
0.00020786222178234
-0.000151200655599253
-0.00533317304459375
-0.00724485388484671
-0.00633606506652027
-0.00954598687964154
-0.00878132080947379
0.0019830245544479
-0.0100950021973055
-0.00769151942723397
0.000707804351834004
0.00124098756016988
0.00377157533963113
0.00478353839014723
-0.00058406724498036
-0.00450750057367815
-0.00183049389791834
-0.00551236991000249
-0.0083229929785753
-0.00874223015896407
-0.00863572408805315
-0.0159956286877863
-0.0127219353645311
-0.00551085503869685
-0.0029608597865186
-0.00297402816704551
-0.0025145784058575
-0.00463525138368049
-0.00665240494228676
-0.00490193000821944
-0.00288467085109298
-0.00514792502248064
-0.0100980940569466
-0.0155583070708625
-0.0143621034093379
-0.0106238209071822
-0.00991685203062001
-0.00829132272088916
-0.000146155702888764
0.00416719554243633
0.00117149757713073
-0.000282688763952054
0.000253444832752985
-0.00344944366888762
-0.0101912980911224
-0.00862866233946728
-0.00657189677898514
-0.00905236994702235
-0.00580613536094602
0.00157403211865713
0.00421536346979897
0.00142374779357338
-0.000915328935368266
-0.00409101014815937
-0.00864217151620413
-0.0105401897999372
-0.00705418310348504
-0.0038047266362604
-0.00379381737519842
-0.00427978045135291
-0.0012832535500797
0.00164650085976458
0.00289939992538083
0.0020077666611646
0.0071060787782849
0.000565916419649972
-0.00282606780024002
-0.00107223088754348
9.41212127136808e-05
0.00146842862289789
0.00591253935333345
0.0055941782267121
0.000769426556782166
-0.00644019172719427
-0.0062875963346899
-0.00722041011405776
-0.00924462818517894
-0.00486905596223411
0.000911615266459758
0.00182938925021175
0.00440766181477675
0.00782052156868784
0.0037873754166786
-0.00228239527693389
-0.00297744289806395
-0.00273117673412019
-0.00685374322397296
-0.00715937362122921
-5.34793592013886e-05
0.00311603116474807
0.00526490703734148
0.00722080378032255
0.00270693534680002
-0.00275656849576233
-0.00331912481232321
-0.0028086595175413
-0.00299736049626917
-0.0016167488447378
-0.00118577665146191
-0.000681998882634512
0.00151484383097371
0.00199611512822014
0.0035116358233953
0.00602733857567057
0.00222385314710767
0.00150619723175634
0.00814535863397935
0.00296364066133305
-0.00259314843301549
-0.00355875221449788
-0.0127425214322569
-0.0268127948424736
-0.0265181143365834
-0.0218238995929693
-0.0188800525226917
-0.0101934092648658
-0.000303807949364821
0.00398052562814646
0.000306721249320388
-0.00256985992566639
-0.00576955332371267
-0.014363099004628
-0.01697112404332
-0.0135914328486417
-0.0073010766849747
-0.00427332720643506
-0.000306334952715164
0.00342817860811173
5.752103203027e-06
-0.00290225315462625
-0.00508346936024923
-0.00897578162318041
-0.0127920770140282
-0.0131992199383488
-0.0106088888328822
-0.00766772019942978
-0.00306179818363999
0.00079207763900149
0.000225019910664501
-0.000403206061086878
-0.00519218230271298
0.000444749160797613
0.00497328539996934
0.00414192014025981
0.00589034045155268
0.00457269894374098
0.0013076544513562
-0.000228393709765492
-0.000175114675524172
-3.25096074058468e-05
0.000384678366646683
0.00132413511326083
0.00201151531745495
0.0012103131015261
-0.00322312292977877
-0.00133022115628517
-0.000859909864836308
0.000475712987272183
0.00319381583938027
0.00248361593417949
-0.000651412342835306
-0.00168271167267635
0.000482660756238274
0.000847982852440862
0.00129585529800413
0.00271029456167221
0.00255939967035526
0.0013873442823934
0.00200097136646436
0.0022299531661746
0.00366077950125484
0.00446578537335787
0.00327480087782946
-0.000665436487523546
-0.00028823234217532
-0.00241221987969703
-0.00101387354197273
0.00228817819322989
0.000938726135485405
-0.00168050952273953
-0.00496595763559658
-0.00288726105216392
-0.00227044663761998
-0.000107035363879728
0.000964876231494273
-0.000592906080735131
-0.00288544778812605
-0.00456416865269998
-0.00481445830985476
-0.00606369621706424
-0.00634569906583138
-0.00510185944947955
-0.00485203098270011
-0.00182845699373927
0.000882902547283361
-0.000191382721871686
0.00203779122410677
1.72219211288805e-05
-0.00158123406761686
-0.00224476370392416
-0.00430375657499153
-0.00606893503955772
-0.00604009923583384
-0.00566602592667469
-0.00418540007824908
-0.00262411102807689
-2.93737847275029e-05
0.000748085270424377
7.40424045377073e-05
-0.000632572284320931
-0.00218472219285476
-0.0030912070261327
-0.00168051090169025
-0.000336981174375399
-0.00065659537172131
0.000204514838085563
-6.73322436229747e-05
-0.0010418304051092
-0.000606098789360715
-0.000728359830688483
-0.001741425056138
-0.00242558387961566
-0.00169507897250842
-0.000188036355722163
0.000328947268695816
-0.000488387673996958
-0.00128071552100392
-0.00217815240293843
-0.00175804540706896
-0.000886304300956553
-0.000253130368566644
-0.000268820626922341
-0.000373454994843937
5.3330588807229e-05
2.3592016121458e-05
-0.000331055689895758
-0.000513971688653527
-7.67713721258536e-06
0.0011131754238404
0.000116902443010053
7.72244376967903e-05
-0.000411543449008759
-0.00114246655217664
-0.000835528097965358
0.000440298891250572
0.000947985206144664
-0.000731079598031465
-0.00129283101516891
-0.00121510078691097
-0.00140407908273116
-0.000203986741596449
8.05806795080872e-05
0.000370989250175956
-0.00013920952287572
-0.000140837548196252
-0.000385732893880392
-0.00197043405760616
-0.0038786573979926
-0.00503825284694206
-0.0058118902664643
-0.00502631117705607
-0.00361522312952274
-0.00208919609787233
-0.00154473929275583
-0.00167452482227798
-0.00204828653377855
-0.00288801087618518
-0.00408885138885201
-0.0038718819174166
-0.00253802094826869
-0.00125596682346162
-0.000388326148863477
2.48688740250852e-05
0.000623753567696765
0.000462591435543483
0.000407796992197904
-0.000142215508233708
-0.000441485539875738
-0.000370568761051967
-0.000488294834922645
-0.000286525105494664
-0.000293583340506343
0.000101522954354278
-4.49893602957209e-05
-7.83851398417717e-05
-0.000277515942412906
-0.000204389996873738
-0.000206969246261908
-0.000327806730358332
-0.000169891915653231
-1.27693843426268e-06
-0.000209175382323818
-0.000271774859452964
2.9492840124807e-05
-7.49095514561136e-05
-0.000720049346456602
-0.000844760961543962
-0.000586391294699025
-0.00058761553758194
-0.000479321093051985
-4.90862688996803e-05
4.22806404804334e-05
-0.000641126589024545
-0.000854672880488346
-0.00175084782620617
-0.00268687458473184
-0.00326282030869224
-0.00472214381727304
-0.00406545877466173
-0.00306332718765272
-0.00184513877317601
-0.00192244325835677
-0.00129698927806542
-0.000725917625033562
-0.000204921564033778
-3.99338806328019e-05
2.42882791293073e-05
1.2384843544845e-05
-0.000330100798934476
-0.000664058802608709
-0.000694469146545281
-0.000897450626124148
-0.00108302343576962
-0.000941813926699287
-0.000699611565513017
-0.000448030770009992
-8.96352132066861e-05
0.000102953497534843
-4.93738635659918e-05
-0.000287586267135174
-0.000527653529971105
-0.000880332639682444
-0.00111998130970822
-0.00105011018791344
-0.000858249571338018
-0.000597458575939924
-0.000210491456766667
5.09669161342018e-05
1.58830545305736e-05
-0.000235531453530021
-0.000562612788283338
-0.00093233942638743
-0.00127188931591614
-0.00139756047400399
-0.00128396109631385
-0.00103404622391845
-0.000443055957444509
0.000116761591158373
-9.76093804836862e-05
-0.000470604483568693
-0.00035102008717547
-0.000222247133890028
-0.000222247133890028
-0.000222247133890027
