-0.956142526524991
-0.956142526524991
-0.95614252652499
-0.956142526524989
-0.956142526524989
-0.956142526524989
-0.956142526524988
-0.956142526524988
-0.956142526524988
-0.956142526524988
-0.956142526524988
-0.956142526524987
-0.956142526524987
-0.956142526524987
-0.956142526524988
-0.956142526524987
-0.951067322151166
-0.952632286512542
-0.953089248562606
-0.939261604592433
-0.936837201335544
-0.882113455320106
-0.763668516176024
-0.654197735389777
-0.642016446045572
-0.638861577207914
-0.640828727083851
-0.733994507389315
-0.864184374388268
-0.738377373351437
-0.754286874000488
-0.680332313990194
-0.484460722001905
-0.339435568588722
-0.278122182922103
-0.232029601835238
-0.247447442727796
-0.352079085722848
-0.456610973248945
-0.489381812796697
-0.507491572626875
-0.474222550163583
-0.340917651231539
-0.197646688598181
-0.11222406963178
-0.0485530970064945
-0.0524215079505352
-0.136961740959153
-0.235610875790615
-0.295320706874326
-0.340782448602024
-0.344861258942214
-0.267306105651485
-0.146598614090013
-0.0742226702119735
-0.0434752005877046
-0.0510661061711664
-0.100756011731621
-0.165455120443011
-0.244749603443781
-0.307336108506013
-0.297547428664933
-0.223603394453727
-0.181551641342246
-0.151789738427907
-0.0954953884955087
-0.0738444082882471
-0.126240527320895
-0.127915662657406
-0.173593317054259
-0.214632315127592
-0.279252701626462
-0.269527361745079
-0.259585994543872
-0.230034550882683
-0.187326569649005
-0.168437367258289
-0.180490874215891
-0.188690107354142
-0.226399159125899
-0.23926448294431
-0.275500673708687
-0.23514394413934
-0.227419162811473
-0.220014234030522
-0.185182199165548
-0.167777698206448
-0.189476302947383
-0.186371151439334
-0.149142081099039
-0.144575116224819
-0.141800883273348
-0.0947611653976209
-0.0708417758390719
-0.0870962561448096
-0.0881284017033195
-0.0783307363208117
-0.11706423586844
-0.15593293977832
-0.141651888762018
-0.136148375471063
-0.137822345160991
-0.0914745450955367
-0.0524242244218845
-0.0621174187157249
-0.0717924325790326
-0.0755697852249312
-0.0783410270065842
-0.0991074246093138
-0.112386040435263
-0.0952183328017083
-0.0764630645356393
-0.0515602119681568
-0.0451236211782681
-0.063345767989646
-0.0729186940338066
-0.092778062843719
-0.126431641551375
-0.124741125779933
-0.0961420331864517
-0.103325473851112
-0.0688993082316927
-0.050679009398515
-0.0378447309896377
-0.0172899715271293
-0.0118154187585117
-0.0189632702894317
-0.0240452108667065
-0.0243242398550656
-0.036513340200073
-0.0433363355285965
-0.0473019509344351
-0.0538341096416961
-0.0541109341728712
-0.0463985019815973
-0.0380440549002183
-0.0335733347013056
-0.0281514077149483
-0.031286545472875
-0.0466112023042545
-0.0606800062330322
-0.0662185112295333
-0.0704361739157066
-0.0670805931322019
-0.05141014955983
-0.0428243000829971
-0.0538586423272774
-0.0327276487474926
-0.0167871368230503
0.0402778199290076
0.0409501429300086
0.0154589273771096
0.00944327723380611
0.00291938704222694
0.00433852697247316
0.0159904983744702
0.0228185055366299
0.029511610441758
0.0328899636567569
0.0348744042086848
0.0305556275974042
0.010780762384016
0.00698518965028421
0.000915169438395236
-0.0345788312665614
-0.0291612061156849
-0.0146941187202918
-0.0201878063684557
-0.00948202141919705
0.0119751695063481
0.0123975172710848
0.0069003022539794
0.015432598204093
0.0104699684261428
-0.0162568841364553
-0.0254905333147445
-0.0164534238592378
-0.0186033805401046
-0.0139365058240653
0.0186034384832765
0.0360331200862073
0.0149521859801056
0.000954755098895102
2.38558171715758e-05
-0.0255398175329265
-0.0251965982947235
-0.0168741744476694
-0.0132076175366105
-0.0079793485873929
-0.00594645726214329
-0.00369946529263085
0.00169655259299271
0.0035917122097628
0.000617776124783591
0.00204823527526311
0.00381456061172511
-0.0082347292503782
-0.0226837399559372
-0.0237873499396721
-0.0273160786419632
-0.0220772709896978
-0.0062941728864462
-0.00437080960624898
-0.00567985586423826
0.00728943919445338
0.0115281085411586
0.00981172577765253
-0.00151246410962118
-0.00243683508475794
0.00295429715489781
0.00505573511765967
0.00767772951054583
0.0116345734426747
0.0116292817447246
0.00726502621556793
0.00436229515850268
0.00272779853548079
-0.000666751738106528
-0.00914618823256225
-0.00375118411845229
0.00828348997340329
0.0172887316115399
0.0356458781993988
0.0455500653741073
0.0244997025319526
0.0168644733170994
0.00847848191604513
-0.00318696318161059
-0.00439627916610105
-0.0147656027026191
-0.0336587248162797
-0.0333958577718154
-0.0183179796379032
-0.00846598055563287
0.00241319617416337
0.014486883105462
0.0120770717101506
-0.00394903499095267
-0.00571698934576034
-0.0117911504495811
-0.0150928841592944
-0.0111650578208521
-0.00663927830530975
-0.00169417055755597
-0.00150696587995052
0.00194016167451522
0.00367815819574354
-0.00179884918136461
-0.00400386428615458
-0.00120896411921076
0.00172528127484978
0.00519478665955131
0.00385779473270568
-4.09768537592194e-05
-0.00138045683761072
-0.00845107910489376
0.00827762995606849
0.0257852824146477
0.0210380922483524
0.00194329511537562
-0.00142588828685738
-0.00334273719883939
0.00337060074988533
-0.00543178960539281
0.00656958355827462
0.0323752445356091
0.0368932276481673
0.0316087028915581
0.0322781960745822
0.0234087486726255
-0.00141217904194358
-0.013450678194853
-0.00638324500462495
-0.0074850018308289
0.0138191527918308
0.0171881428551963
0.0121173771659151
0.00957581892445918
0.0258384780631929
0.01000956865364
0.00356051208543567
0.00403619845280508
-0.00950607002674479
-0.0367432224827808
-0.0231856514693444
0.00154318117905429
0.00300345322987816
0.0212128036296314
0.0358569823326874
0.0113517548177272
0.00224352827987016
0.00129048196244401
-0.00707206838643467
-0.00552516193981317
0.00534175410174074
0.00264563957903074
-0.0104619811167935
0.0166231984544918
0.0237552610647229
-0.0151978068190972
-0.0178753347287218
-0.0206371469701877
-0.0186825760868521
-0.00121234980235515
0.000306570506339507
-0.00242394380323051
-0.00426548599450606
-0.00278739328860669
-0.00233431156179328
-0.000512979783012161
-0.000328324890030157
0.00287244877768326
0.000684722530115953
0.00519571044666337
0.0138967921570958
0.0229247765244794
0.0143886499871195
0.010006130189701
0.0116829310512288
-0.00915773241222233
-0.023558812413954
-0.0183159968663431
-0.0178685300439074
-0.0272033897173139
-0.0142199516088568
-0.0182219530872407
-0.0163356981487143
-0.0203765097814168
-0.0241286459333261
-0.0170836386570519
-0.011629678850458
-0.00720441069324419
-0.00177170103580793
-0.00368625469889345
-0.0104245333570661
-0.0190849831329814
-0.0176713951165613
-0.00554936742537615
0.00324858070695811
0.00115441904269795
-0.0138605682830532
-0.0278731011862131
-0.022299501304199
-0.0233263278000464
-0.0108592246284466
0.000809493702704753
0.00163887807672653
0.000454182527573274
-0.000269507002251496
-0.00585941600569808
0.00283815373575602
0.0166726135984461
-0.0102742787890085
-0.0244378004556365
-0.0107820067878561
-0.0100583845019499
-0.0133597558213233
-0.00876546498859762
-0.00345137759493283
-0.000413758759154197
0.00250943827777074
-0.000206561859917784
-0.00606051253602322
-0.00854594933112075
-0.00784842750516951
-0.00684060378497845
-0.00699511759500081
-0.00545863661701051
-0.00303505622676114
-0.00243682782521011
2.03850787930669e-05
0.00388678339786312
-0.0045153925422634
-0.0117470339137531
-0.0171480924652885
-0.0127822475691342
0.0117597404774574
0.0137722627974184
0.00768032533194254
0.0036500613593257
0.00328660092925503
0.00257525631885375
0.00759955482333245
0.0171693880737159
0.019699882723488
0.0243498332355295
0.0285947358819502
0.0187495929622151
0.0034231303567464
-0.000260053825136764
0.00451748419418549
-0.0263891286989442
-0.0285944486017545
-0.0303333231421611
-0.0202964233120531
-0.00390088099043282
0.0212096351684992
0.01921140760534
0.00790843890426332
0.00294271722571076
0.00114292981110401
-0.0178626521090887
-0.021718797619743
-0.0149285960093361
-0.0105551596070738
0.0157458747005086
0.031321355809066
-0.0170918390450886
-0.0111064961443556
-0.00864668804872862
-0.0159041104422499
-0.0165445777738919
-0.00279031358587905
-0.00767066393273164
-0.0119829956253945
-0.00414961733628783
0.00168264694367537
0.00375473172147206
0.00078468753652105
-0.00240359047170786
-0.0134841936688828
-0.0219893720840309
-0.0198647629538062
-0.0146607412741588
-0.00831791476184675
6.33825156789096e-05
0.00451431214486333
-0.00237546913427074
-0.0131990523484376
-0.0178443828982898
-0.0166838205058584
-0.00921508298984822
0.00259257199562515
0.0060212370758218
0.00464408752286298
-0.00480774022586038
-0.0170527740109504
-0.0152352858978083
-0.0272029852223151
-0.041911400297811
-0.0272719474800135
-0.0251536651290576
-0.0202043439145549
-0.00465263287441775
-0.0022107978577657
-0.0133258290914808
-0.00690829936280019
-0.00353547522682457
-0.0226132502414106
-0.023917740670555
-0.019677851392401
-0.00648461603119062
-0.0198972864037752
0.000899571957951911
0.0141247095457635
-0.01400667503629
-0.000766046741762953
0.00502333593784686
-6.47212397908231e-06
-0.00126368034381166
-0.00290637097552112
-0.00823829922177986
-0.0133768615032341
-0.00740523271169521
-0.0205692733873527
-0.0382219985187531
-0.0237999086326371
-0.00739060019158954
-0.0104561465327196
-0.00435065837453253
0.012642581637
0.0102531394996372
0.00020015962002644
-0.00864687553761791
-0.0102025691772205
-0.0104544162675026
0.00347270266375331
0.0114322757552251
-0.000958154375297204
0.00145005533389261
-0.00481307631008058
-0.0112263820048437
-0.0120150489424977
-0.00277765158829187
-0.000794177478150205
0.00186703204528317
0.00944844786512966
0.00922372915809224
0.0077129984073122
-0.000804628641192324
-0.00148304550322243
-0.002810664267945
-0.00263015602132594
-0.000606327469017321
-0.00115751713077948
-0.00462712380247034
-0.00408715033854657
0.00317672817450628
0.00525719838936429
0.00298110627483002
0.000753795472017189
0.0026603663661196
0.00550007606197026
0.00831701734066016
-0.00652984900947139
-0.00408501261021436
-0.000571283349662204
-0.00543312261327343
-0.000858613460839831
0.00628351180906031
0.00507023009183132
0.00247564391206211
-0.0047828633828607
-0.0141919425354581
-0.0150227803710062
-0.00801062017507477
-0.00454162096531172
-0.00458030777551715
-0.00562045127380317
-0.00468950960979116
-0.0102840884634355
-0.0145795042209758
-0.0104348449056791
-0.00523544912405376
-0.00350685555202895
-0.00343997216666948
-0.00377068595416925
-0.00142844556507963
-0.00297026964911939
-0.00224585441023796
-6.49875679855105e-05
-0.00354755289834164
-0.00973383183739617
-0.0102866331520116
-0.00642566933954964
-0.0055573176676055
-0.00145290620340435
0.00375766922495942
0.00397829974501121
0.00236078003868922
-0.00194626135585811
-0.00562980119077085
-0.00594409486802945
-0.00279124819953986
-0.00204920754704008
-0.0111362122937624
-0.0128136492889817
-0.0109985967849942
-0.0240079098510277
-0.018918028553506
-0.0124264132717244
-0.0104786510975973
-0.00733507492752075
-0.0014270935313427
0.000930217244684211
-0.0024704713108112
-0.00722259335588878
-0.0105883479164205
-0.0159573368429727
-0.0141235988329191
-0.00583721254155762
-0.00692469751959527
-0.00561043157060562
-0.000987787202065687
-0.00827711363285865
-0.00977940492989675
-0.00957509596250584
-0.00427156319275987
-0.00375938174397387
-0.00461353446866744
-0.00505792207165148
-0.00218348690413156
-0.000328980881278341
0.00031426417604696
0.000868097929282497
0.00260518764878746
0.00417173277070801
0.00404947284632769
0.00301899801142736
0.00278844248897614
0.00180787957682313
0.00106257848936368
0.000903211369231864
0.00116570460068602
0.00223535658919032
0.00314801765966379
0.000877748299853043
0.000574521571407129
0.000811139405521815
0.00215927201656721
0.00203935834461303
0.000702143616213095
-0.00137237623513922
-0.00271354343636932
-0.00247014661573746
-0.00189151148540714
-0.00262226963905271
-0.00176789937240506
-9.93874022709304e-05
0.000426772446141191
-0.00114455291062771
-0.00316119083540411
-0.00725861615026832
-0.00520970401046291
-0.00260038299149905
-0.00258648465857496
-0.00455726018414766
-0.00946085085713154
-0.00689833501334922
-0.00415750243446594
-0.00210341498467476
-0.00107143498908663
-0.00393219213392895
-0.0083994029828245
-0.00990013240100752
-0.00495611306167457
0.000281860153487506
0.001388201252112
0.00239776539290694
0.00428253037205777
0.000498260945991361
-0.00264601119033463
-0.00355109377934484
-0.00536704721908024
-0.00667562083982936
-0.0020347435718132
0.00309914568621677
0.00413987360747528
0.00346012931507455
0.00599249092928222
0.00224556792215315
-0.00360582794703393
0.00318677119535473
0.000405775782847682
-0.00840561411906431
-0.00715659926690366
-0.00357836181727593
-0.00955233518557239
-0.000410179475577054
0.0106199355444664
0.00796984661566701
0.00222110064860671
0.00206266889437597
0.00778134789204895
0.00622892420405597
-0.0151070716174619
-0.0089968734574552
-0.000887447291676474
-0.00568967951631475
0.000219065568652011
0.00487623075050087
0.00365530536115973
-0.00163836301753776
0.00595187651867065
0.00749022961338661
0.00295902985456353
0.000636702978911653
-0.000744664752743574
-0.00656903803842896
-0.00917930920927712
-0.00503823479182843
-0.00223646202503679
-0.000977608876327847
0.00347219195797052
0.00568374749439298
0.00393156009896285
0.000362446123913529
-0.00348034538897017
-0.00688373137911945
-0.0101585483262368
-0.00254336714446794
0.00644724942142435
0.00820961681599549
0.0125174667604474
0.0232595402384887
0.0271229400916419
0.0133028427976726
0.00857588013141246
0.00429556109818456
-0.000211027253885472
-0.000597926717055056
0.0105590087352687
0.0132070324572388
0.00619351450499977
0.00612874294048356
0.00743757699050772
0.00223764814150337
0.00199748770236998
0.00113005658735434
0.000368554778732574
0.0014364376392036
0.00277945642905594
0.00285083863384313
0.00338772739286389
0.00541289443100323
0.0066657650713945
0.00525196817930075
0.00497865461909151
0.00362091521239571
0.00186523962901445
0.00290281928605056
0.00536182392988641
0.00596956950929163
0.00562698255544474
0.00640143875067825
0.00807792367423574
0.00925464353148856
0.0107904851800337
0.0107904851800337
0.0107904851800337
0.0107904851800336
0.0107904851800336
0.0110230097553302
0.00878347210665044
0.00481280985594184
0.0066289219859823
0.00454996738071258
0.0048869116592267
0.00121803396787946
9.1970288902696e-05
0.00309216182021602
0.000415154390193181
0.00249649444445191
0.00903638080797168
0.0229976560749608
0.0165218010222247
0.00975664358809372
0.0044263499392166
-0.00244693489957196
-0.00660251160427597
0.00213006237807624
0.00747664387361031
0.00495774136386991
0.0082539963267452
0.0134193337365926
0.00659092952540208
0.000222643265925152
0.0014410193719497
0.000441214500398971
-0.00244685355502862
0.000286657112251721
0.00269485164388663
0.000386194592362348
0.00323344659872617
0.00888871984943734
0.00488164410116151
0.00283092263482654
0.00289534818279284
0.000991119350508985
0.00014904511433769
0.000941742901166503
0.00546990805374649
-0.000718406675990723
0.00116209447404593
0.0030622875246446
0.00608764721766032
0.00243652566200383
-0.00311059099838007
-0.0041054743776499
-0.0102408852980246
-0.0133972073929623
-0.00821394151095847
-0.00019825800558408
-0.00104289772315065
0.00114849368255846
0.00276173317403091
0.000367286543002284
-0.00215493444838773
-0.00250718573629648
-0.00501119497530067
-0.00786050571016138
-0.0049011781217153
-0.000599490162554027
0.000133604984692826
0.000585186849023994
0.000944861355875488
-0.0020682944507126
-0.0056320805207321
-0.00620141258111454
-0.00369925452535414
-0.00298722654914779
-0.000532364852346351
0.00264734858069276
0.00105777815736587
-4.58521991721457e-05
-0.00320161417903337
-0.00605329072099566
-0.0077255490411184
-0.00449007601063229
-0.00401463484909177
-0.00488074518375982
-0.00243123703012148
-0.00102332742525933
-0.00360997406243205
-0.00310738398075024
-0.00430396752948387
-0.00588717737266055
-0.00331842817256264
-0.000316305831108906
0.000636849770911428
0.00430501390342241
0.00694714933081556
0.00494450432083577
0.000772094535962591
0.000446131865293429
-0.000310991526874665
-0.00187288799085811
-0.00112680280290743
-0.00113531871138104
-0.00129021995654743
-0.00137044534964217
-0.000576868912590536
0.000690082956267115
-0.000162492337794357
0.000338970543812146
0.00144395874253007
-0.00104739051940724
-0.00370630182911112
-0.00291837665159143
-0.00341098159745689
-0.00227083572190668
-0.000822315444647087
-0.000960314561195175
-0.00219729348356851
-0.00247573780496031
-0.00245398048985739
-0.00333570284972525
-0.00323995590898125
-0.00302144386376488
-0.00557820668275948
-0.00478599035273888
-0.00360521478092132
-0.00227837095737856
-0.00211570960846064
-0.000508308797440302
-0.000179327081572279
-0.00149273477378372
-0.000998088378611697
-0.00247126475667367
-0.0043262773914668
-0.00173484710205962
-0.00208044005124019
-0.00293233232290656
-0.00308920728452541
-0.00522053432917094
-0.00658484885478247
-0.00359338752360769
-0.00149781913779384
-0.00148881310604082
0.000685377660872797
0.000447106458932995
-0.000448383477454081
-0.00174094153749054
-0.00108233351297961
-0.00115210563322811
-0.00160240766776005
-0.000548256650761645
0.000297068359100413
0.000105811164231295
0.000767646484841309
0.00142734597665714
0.000248349566904034
-0.000395100306804363
0.000429771016540784
-0.00126041527575774
-0.00326512822033695
-0.00199793641133951
0.00126558160319153
0.00204384926872002
0.00364237113117099
0.00616989516245078
0.00154558849574775
-0.000504971961698275
-0.00207240914685229
-0.00286049108934419
-0.00424183317622367
-3.45392259483931e-05
0.0021647070034834
0.0028017565784931
0.00358367608271837
0.00503583736540007
0.00350690616996865
0.00201612347811106
0.00199098070733184
0.000271847435513051
-0.00128759855660987
-0.00125345278296444
-0.000348051990355872
1.35483384769496e-05
0.000395158918936182
0.00101417231636595
0.000973891889286206
0.00101239037523078
0.00106357557958073
0.00118584689226305
0.0013177241369393
0.000901415389200672
0.000382300254843254
0.000200642216054666
3.15100991303764e-05
-0.00026666580268935
-0.00046389214829035
-0.000328850228152853
-0.000773671109445966
-0.000657630360900352
4.75301772375683e-05
-0.000206469647897447
-0.00167952186187085
-0.00284340687450536
-0.00359521872162992
-0.00448558398553638
-0.00429037842907649
-0.00288028999920306
-0.00208967009230972
-0.00182949400607796
-0.0012495686158465
-0.00158803335726937
-0.00310910279215974
-0.00439165907248295
-0.00576625024048801
-0.00725513134523891
-0.00767156227927848
-0.00674562573744929
-0.00583516302409849
-0.00306264518036228
-0.0014018622177637
-0.000365429164218831
-6.2433896074671e-05
-0.000731419906103221
-0.00211278148861872
-0.00146967817375033
-0.00182626396104225
-0.00182626396104224
-0.00171442751954416
-0.00204894808264352
-0.00207963877360356
-0.00189096079390761
-0.00260878607343419
-0.0033624454182694
-0.00343767762374029
-0.00470457097162775
-0.00603639940837054
-0.00647417076107287
-0.00607550027674139
-0.00525642772805872
-0.00404684632068847
-0.00240411341137061
-0.00122474482832079
-0.0024791393233201
-0.00458773025546388
-0.00645833827495135
-0.00929406689761664
-0.0112774046337537
-0.0103796743950488
-0.00844471282606775
-0.0063727879236266
-0.00348090264784089
-0.0013564928208953
-0.00200538750123216
-0.00382889707461266
-0.00553827600078543
-0.00815077479235822
-0.0101863339466537
-0.00962608350984585
-0.00821866898190093
-0.00654427621149231
-0.00431163975771981
-0.00164230373060286
-0.000130193160320357
-0.00167962525452167
-0.00302254482132847
-0.00330001212672618
-0.00607591689321616
-0.00939842728203288
-0.010126647385397
-0.00632989880469852
-0.00734016440026833
-0.00461147292066077
-0.0010281017474565
-0.00162305585456851
-0.0020386032853218
-0.00374574374820928
-0.00504549829466938
-0.00805258862900462
-0.00866189820069465
-0.00787430295204924
-0.00723880743102089
-0.00481215064755371
-0.00167306870584845
-0.000380981427243641
-0.000197085017714338
-5.34896473263974e-05
-0.00151729351864149
-0.00465751019355374
-0.00634359504655772
-0.00672753503614634
-0.00660718986350792
-0.00466683605675304
-0.00172801098195417
-2.33720467718158e-05
5.03684321873918e-05
-0.000339135601731238
-0.00170514851763419
-0.00367277104980498
-0.0057001205315955
-0.00628178674455201
-0.00491242077093293
-0.00371400304172399
-0.00270072090411375
-0.00247476732589053
-0.0032918327455304
-0.00437799408677414
-0.00497517219412278
-0.00549566597580236
-0.00557451975647968
-0.0048767610805104
-0.00380757926660474
-0.00292905162989793
-0.0019892896958347
-0.00139794433370313
-0.00173604967600574
-0.00321292941095857
-0.00329613199488073
-0.00388088661380133
-0.00388088661380133
