-0.984957710304121
-0.806631724185956
-0.5825541129741
-0.579106927164023
-0.350368328074263
-0.242717331455005
-0.177382136406795
-0.299157098305705
-0.16414721549058
-0.135091580467061
-0.199751742738657
-0.0413076137225926
-0.015484101885894
-0.057738857080313
-0.113886594812768
-0.0186084479640229
-0.0416739420303858
-0.0815961149688699
-0.098194618316526
-0.0142886093958199
-0.0451839389390735
0.00346853718290686
-0.0162491637152057
-0.0322819360020132
-0.0418738807212568
-0.0479418561449081
0.0133381792092984
-0.0166135491644372
0.00336880663305398
-0.0169348325355586
0.00595715910227747
0.00250026695174255
-0.00557053598241774
0.0169571315267687
0.0012824760297597
0.00450238565701051
0.00623635040034199
-0.0886525839068862
0.0282468097692463
0.0114303103243379
0.0229472149492249
-0.0205307995532292
-0.0140474180079365
0.00035870857381572
0.0155753457882449
-0.0330936425807327
-0.00378734408693484
-0.031390932092195
0.0590660826147107
-0.00407248479711099
-0.00204368042704752
0.00819556827758689
-0.015104478677211
-0.0428778697149985
-0.0187858677025802
0.0187195996525125
-0.0261299796420657
0.0229036276217912
-0.0270926644563807
-0.0304062792072366
0.0110126010405168
0.000728602056513196
0.0125735486380622
0.0116100985829741
0.0416287426504246
0.0148515715598425
-0.00834165690812897
-0.0184776749243336
-0.0363869160510793
-0.00270046645382077
0.00642007131664446
-0.0152221046909519
-0.00565925898963917
-0.00616799953499829
0.000279755071763597
-0.00357437428884495
0.00840742357074899
-0.0113741408153612
0.00200927522199746
-0.0249041568260135
0.0228998937316774
-0.0304802848480401
0.0130381463481991
0.0345265821255127
-0.00129767349321754
0.00195726873443278
-0.0096619303242086
-0.00225357420689384
0.00124435320997747
-0.0212725876035798
-0.00268654543028786
-0.0320769675840183
0.00966942904579588
0.00875120800793279
-0.0222168018745975
0.00388343057817219
0.0130767654071895
0.00941667564878195
-0.000660676133597633
0.0198273436582123
0.00819795664395723
4.48385263457779e-05
-0.00468639774391843
0.0291804535392659
-0.0139031401907702
-0.00655179338516635
0.0129122769788938
-0.000357133067448647
-0.00221870539359723
-0.00257825576937707
-0.00559734884367446
0.0011086082150181
0.00417619854120183
-0.0125647455763857
-0.00851807739913307
-0.000383101858905422
0.00443124285177512
-0.00462115964673897
-0.0173614157848728
-0.019926916194112
0.0070651839821625
-0.0212978932560514
-0.0190377130528121
0.00736557867766941
0.0389330823477266
-0.00858243869090527
-0.00707855075655404
-0.0248058384525698
-0.000187032485011637
-0.0054014748428137
0.0150272180099734
0.00693026701002148
0.0138467523956826
-0.0132337000436673
-0.0104957688780113
0.000193380628788565
0.00166490496067885
-0.0103662473480226
-0.00567348108280213
-0.00772686976189962
-0.0097237158835116
-0.00286095018723287
-0.0185936944748898
-0.0129069941507
-0.00355939157088294
-0.00615829204780197
-0.00506645311694654
-0.0066883818015698
-0.0139834804600275
-0.0310381528433631
0.00152316360765176
-0.00105859940541093
-0.00124147357249715
-0.00100910522978319
0.00166770425299976
-0.00426035806072717
-0.000396579011262352
-0.00467854459814606
0.00278543136346505
-0.00473772377225498
-0.00439898972452162
0.00786167216975806
-0.00145991995477204
0.0105778142250312
0.00198120850490629
-0.0126436206018841
-0.00178970067293103
-0.0240759002867783
-0.00729897787168413
0.00365612769318333
-0.00973955776208377
-0.000926659724534811
0.00453988841328145
-0.0148492802116617
-0.0355720297556542
-0.00164611614160946
-0.0272011928521994
0.0062096183425807
-0.0060763154268246
-0.000741777097456719
-0.00180253893616859
-0.00445649872211202
-0.00200530845979595
0.00159162944831691
-0.00177832610393062
-0.00280822217622979
5.16395388633349e-05
7.04446990829545e-05
6.09683797034676e-06
-0.00103395465627375
-0.012603611450062
-0.00144622948535595
-0.00171467961209674
-0.00294101054522016
0.000415895682747231
-0.000219059300380026
0.000435417997066405
-0.000110521035493736
-0.00206460265460969
-0.000825763198495754
-0.00330745741774651
-0.000642218863036422
-0.000168112402520468
-0.00304703389542869
-0.00205590089921873
