-0.820973150194135
-0.520282249155012
-0.352804245404533
-0.488334008116949
-0.0799075512938654
-0.168599782303883
-0.0743919431043818
-0.133202972287767
-0.0988728523999514
-0.204459183399652
-0.0314205845492604
-0.0823951343304328
-0.1701745960376
-0.164349034483215
-0.0660619845694338
-0.0705172743737333
-0.0335801109597785
-0.0203539790242765
-0.0168619823763906
-0.041440083739489
-0.0948601054777378
-0.0652835090531265
-0.0276325006615043
-0.0246526386090673
-0.0239734873438634
-0.0267411446624232
-0.0266843627881229
-0.0324371128089745
0.000418820365759798
-0.0121626525631749
0.0252399899216619
-0.00390393939588533
-0.0165773043489095
-0.0508387199501244
-0.0617536274774068
-0.0101536214167679
-0.0136451290781083
0.0151117525528823
-0.00126587845001816
-0.00697486967394514
-0.0101974485133483
0.0183098414846543
0.00170651002534361
-0.0315642634680576
0.00668529762784342
0.00717879388638891
-0.0117353994487032
0.0088057157288938
0.0139250005174012
0.00573273780357112
0.0295486103876014
0.00251106007722379
-0.00301334472539985
-0.00227778961763872
-0.00143280929961912
0.000262460580736309
0.00382879136839017
0.00366865139417219
-0.00254374854330662
0.0571705861407659
-0.00646027142171863
0.00195427534630389
-0.0101442444765136
-0.0117860852540157
0.00131369986969192
0.0208489084441502
-0.00828918287437
-0.00357252394949767
-0.00402011858129468
0.00636672039198194
0.00227321668629187
0.0189859155531246
0.00633890364396466
0.000290566916092657
-0.0368477572698375
0.0270834229423663
-0.0128321736683849
0.00458449434268373
0.010458138189214
-0.00488343961279783
-0.00332910346173993
-0.00850968825762615
0.00369981598704809
9.93497931038234e-05
-0.001314783814506
-0.00139892800708059
0.000105364227568943
0.00729921009295483
-0.00335467152097203
0.000526308905672393
-0.00169089211265116
-0.0149859154253521
-0.00331552244693577
0.00378528674419873
-0.00194766911524308
-0.0107860898329333
-0.000231339844508566
-0.000597353533174326
-0.00351631872240684
-0.00382410411487228
0.000970833083551812
-0.000448211424762444
0.00147579001225353
0.0165562389798666
0.00508133128451081
0.00581551634682124
-0.000573800082207973
-0.0120427672885869
0.000212696266089559
0.00321075510343952
-0.00727286771056611
0.000505062001324468
0.000741182286504673
-0.00992960691512759
0.000297816773236649
-0.00940615887765664
-0.00454962486609197
0.00190371716044091
-0.00391190758446306
-0.00158528363742601
-0.000104504429578118
-0.00987131051807839
0.00562824765606849
0.00240119600268778
0.0127213195947167
-0.000322351496208112
0.0025686727686834
0.0111105694761767
0.000436997003660672
-1.32697123678398e-05
-0.00609765537789934
0.0104513480817391
0.00253469415160792
-0.0119137367584803
-0.0460143959545391
-0.0131162095078734
-0.0270970492534013
0.00830993220742881
-0.00903473210024424
-0.0129156949787343
-0.00496949339769504
-0.00928307260201882
-0.0093662798761054
-0.00896173181480766
-0.0219943781644074
0.00754528842917414
-0.00991544391614683
0.000791141633520216
-0.0076055047804605
-0.0107259848235006
0.00181767515931888
-0.00147937335783606
-0.00820556378068946
-0.000365559962507823
0.00109439205511394
0.000601587100735529
0.000798437588778814
-0.00138992047594309
0.00152792766891201
-0.000503886564620107
-0.00524158623746436
-0.000466461047565179
-0.00338991970635285
-0.000339918447392107
-0.00389320410300716
-0.000360010183735612
0.000551056890661185
0.00814320679232593
-0.00129685038209444
-0.00153726634299848
0.00150706460359015
-0.00422396606825566
-0.00168581814063138
-0.00339544532754422
0.000114789752422399
0.00302309463141779
-0.00100525058396233
-2.51959757097033e-05
-0.000705701328883267
-0.000160510333629777
-0.00295460970364862
-0.00402344031946059
-0.00184228201293978
0.00143846818010034
-0.00427010867533488
2.7074040854828e-05
0.000421141898739753
0.000903355746424663
0.000925312862873189
-0.00119537972527136
-0.00244343047324528
0.00276908100776225
-0.0038069043435947
1.32752591103406e-06
-0.00127008696313447
-0.00205539864164876
-0.00309225998735246
-4.08182914939195e-05
-0.000207128457983647
-0.00249174682390842
0.000372123201329265
-0.00228953220700498
-0.000172359842182868
-0.000546530787165016
-0.000740295423332197
