-0.995353168719362
-0.930464012902593
-0.806201301937982
-0.493594055015667
-0.223118340880524
-0.204261430013263
-0.377486617926025
-0.298431888973313
-0.2528312562639
-0.260794922938331
-0.137999282158045
-0.0300081818776674
-0.0864943029721395
-0.113733130693944
-0.133282836748451
-0.0632053125831662
-0.0646619166790718
-0.141199935572576
-0.188808574549423
-0.0538473329505491
0.0451593567989338
-0.0363023226069631
-0.0500890754122251
-0.0408670275641652
-0.0986483522457764
-0.04435812492243
-0.0156551118425293
-0.0267364090206128
-0.0145567155505139
0.0163873806721564
-0.0188442786845538
0.0198291152488844
0.0244116491906432
-0.00359900420687026
-0.000284091139806385
-0.0129374984549807
-0.0223626752466817
0.00475156780083142
-0.00157517233132333
-0.019789016728704
-0.00522576316370799
-0.0207695375664333
-0.00863051980042595
-0.0208481248864822
0.00464771633276645
-0.000751990776350784
-0.0010944781730382
-0.0267355291526777
-0.0240527677624629
-0.0101330249123398
-0.00838443406537714
0.0146708987028544
0.00269824224676162
-0.00781926356451655
-0.0102517539377695
-0.00787793015262068
0.0175435886687867
-0.0131756652038673
-0.000978227739946035
-0.00200816261846744
0.00202952961831696
5.59210014581227e-05
-0.00132027551835336
0.00410494987218946
-0.0032218018706448
-0.00786845252982296
-0.0094893664492433
0.00622809047740795
-0.00459248906753176
-0.0013514322820716
-0.0131998019806308
-0.00349342871927622
0.00650401688919736
0.0070056573262377
0.0028244460541311
0.00155055463423962
-0.0503527656798748
-0.00735989343576865
0.00583893715963276
7.09911990441139e-05
-0.0057953500913299
0.0056012097268561
0.00604781761800574
-0.0410462155864511
-0.0334467024785684
-0.0121250347739176
-0.00599160458314741
-0.00307140955891429
0.00672947608355422
0.0117331425940986
-0.00334174490909979
-0.00047801295557411
-0.000793708264534205
-0.00996564512902678
-0.000188386650743556
-0.00092244126333554
-0.00768608927697607
-0.00268636748198426
0.00253976637553665
0.000891518838497246
-0.00855188170550734
0.00225981075256689
-0.0208481683421649
0.00263315698128863
2.45126853076188e-05
0.00162452915499125
-0.00474822229207534
-0.00163162269253919
-1.4235756631396e-05
-0.00306419501862915
-0.0110176322208849
-0.0107588404358536
-0.0104188930871721
-0.00630139142954116
-0.00976814972618322
-0.020959142996022
-0.00258106209695835
-0.00849601482722521
-0.00568734859643657
-0.000875318813232542
0.0045104510051736
-0.00276975227737204
-0.00327316743462092
-0.00192147027442355
0.00134120193239821
0.00160816616550618
-0.00503311134647062
-0.00350747716021759
0.00118645422024381
0.00127850296811262
-0.00139100750555203
-0.0107834320986271
-0.0136796437147459
-0.0102093667343413
-0.00471322946441028
0.00172772684469494
-6.90470623384077e-05
-0.00568400025580305
-0.000347013502392343
0.00136810818483584
0.00275462194301987
-0.00466157556332895
-0.0121342227388792
-0.00973060129184872
-0.000750112535496325
-0.00120072527814122
-0.00139457784527726
-0.00056722553479341
-0.000223981461073623
0.000238630589142851
-0.00135336852030509
-0.00605405072052029
-0.00887738790648063
-0.00225235619353879
0.000450839824830655
-0.000932143455496708
-0.0022195196363107
-0.00468059142241108
-0.0109856072810333
-0.0129686698871762
-0.00795552800785187
-0.00222670024426176
0.000748895428809662
-0.00177970553085279
-0.000277879368202344
-0.000715594463055135
-0.004684187013792
-0.00569631149780679
-0.0030211899256637
-0.000197006890486954
-0.00286579262670961
-0.00274774077181121
-0.00121613244858044
