-0.982520692313224
-0.827489437664333
-0.528719223329694
-0.362046280165264
-0.372337471550052
-0.28284806804719
-0.191685730470496
-0.0864235739939067
-0.153352691694445
-0.26361927281618
-0.173470442867234
-0.173597538234633
-0.133215343082729
-0.156678106856771
-0.180565270520214
-0.0460317602138985
-0.023060396475544
-0.110333669712979
0.00705193841967656
-0.0364983012043709
-0.0440449590158742
-0.0252461325099216
-0.0737167637607392
-0.0416889312108606
-0.0094255368678415
-0.00988342949545554
-0.015223582880046
-0.002798142776821
0.0177584654320377
-0.0375538558496769
-0.0237195261181939
-0.0311421427752933
-0.0594276645353404
-0.0214405790157591
-0.00349683595961624
-0.0183468843869799
-0.0175330071527866
0.0137665951580394
-0.00843579292941637
-0.0254857582098791
-0.00370528278842786
-0.0203764972212648
-0.0242947151610612
0.00226217598682751
-0.00446912336302127
0.0339317200557126
0.0232252398717428
-0.016956691335559
-0.0236558589950985
-0.000986340911218554
0.0262493313348262
-0.00282461228608973
-0.00120230028669626
0.0058669526230866
-0.00142751957053309
-0.00556119822227643
0.00306640576375221
0.0075978082342357
0.00676045832043808
0.00261342179959027
0.00166304943240849
-0.00724325539244655
-0.0055274962741405
-0.0128286694334176
-0.00908966936390229
0.0032457526555943
0.00493432620065862
0.0103425447058279
0.0063540068419107
0.00256886766996744
-0.00699995317736329
0.00314127267048003
0.01179546113701
0.0173104261032827
-0.00457533971460864
0.00698809814005921
-0.00578748017218847
-0.00719346326714368
-0.00200975397580688
-0.000524827244119917
0.00555976697102465
0.000251134876027094
0.0179140821395588
-0.00449504570696931
-0.00389845940198304
0.00133769262927404
-0.00457359880543303
-0.0180162069894812
-0.00180474898989804
0.00501706096438657
-0.0122350776362188
-0.00290197333680224
0.00972409964124589
-0.00215982031171379
-0.018578462812546
-0.0139517271738892
0.002745788425372
0.0080922182126257
0.00487835651478389
0.00750475112563916
-0.00275932788834762
0.00699439355866386
0.000364187693957952
-0.000204898562314351
-0.000407790517681028
0.000605340847352422
-0.00597964493997222
-0.00404916009426733
-0.00559956844239396
-0.000971172700067158
0.00302718527921447
-0.001260602024704
0.0104566345722603
-0.000596727816034772
6.16222245180022e-05
-0.00215112179332573
0.00211853555968919
-0.0067179877172077
-0.00346857871065015
0.00283071586032572
0.00156840177774048
-0.00238682933392232
4.18551380540703e-05
0.00650280229255237
-0.00237690609341884
0.00363451738694261
-0.000911628743052534
-0.00484533755770169
0.00638324727386371
-0.00576111342116307
-0.00587799884870226
-0.00229589415486045
-0.00325845644181258
-0.00218240457461582
-0.00656410346782274
-0.00559691340976331
0.00281796670164868
0.00229466789716287
-0.00611319981270746
-0.000696592507379093
0.00178216410542072
0.00416794871360707
0.00349929905540733
-6.97516503321539e-05
-0.000479726598024248
-0.00152571105689232
0.0017640662386439
0.00054481687473299
-0.00202731395573901
-0.00287546531418855
0.000262541994660374
-0.00076045606295308
-0.00475267574527077
-0.00990747464030735
-0.00389341486551568
-0.00128246439503628
-0.000951347690244998
-0.000958224651735396
-0.000211181311204059
0.000320907805554901
0.000191295980053076
-0.000491391024441243
-0.000596150050066633
-0.000304282934914609
-0.00212926568663174
-0.00153831453207247
-0.00184722576487923
-0.00158985079197618
-0.00294344461959102
0.000125155453996084
-0.00143404990334076
-0.00495646424358524
-0.00361676637424181
