-0.999408400805322
-0.799297493534225
-0.388802986931276
-0.0708515761248758
-0.180767742735102
-0.212456052351088
-0.278381938264028
-0.273966043308265
-0.179854824734443
-0.100887499234486
-0.111079881402124
-0.164669723453461
-0.165254955138212
-0.152983411414054
-0.0726678638761139
-0.0292674108427972
-0.104981972596603
-0.143473093710488
-0.167699828443898
-0.0755075600641547
-0.000835769557624702
-0.0167469876067946
-0.0186684680675549
-0.024207468811334
-0.0415952177056649
-0.0182204903269542
0.00294612133176163
-0.0169787761971995
0.0127015258973972
-0.00819801496066577
-0.0435987962394893
-0.0642261730715692
-0.0372966101428969
-0.0306698728333998
-0.00441143032746824
0.0186351353277526
0.00749708695144706
0.0104420524397246
0.0180716529305739
0.00925845631126351
-0.00391339138036244
-0.0225878249904271
-0.0120657259030536
-0.00705230607473357
0.00330375712979947
0.00887907666552714
-0.00562816610562259
0.00201686016939096
-0.00254735733122111
0.0125407622315357
0.00866762385271931
0.00645651402928456
0.0180566606606369
0.00963542972499653
0.00872217951043704
-0.0186515607389324
0.00112379161286564
0.00180155235872367
-0.00458492307722563
-0.024566710537465
0.0213374275950976
-0.0085405871452668
0.0078255785772793
-0.00685162150642513
-0.000129310263981567
0.00414219381005299
0.00230221528942901
-0.0273131891480709
-0.000153387241793798
-0.0594045032629668
-0.00720633472218287
0.00728199550031657
-0.0204591177622227
-0.00896374258751651
0.00158856387387646
-0.0137230312326431
-0.0138054949700126
-0.00966167018594005
-0.00824447373865455
0.00194362713744597
0.00643827059013271
-0.00266554524193631
-0.0075292438836073
0.00416227129895203
0.0290480282655078
-0.00345531491082907
0.00154250541375218
-0.000736939881276885
0.00172966088956799
-0.0176276257585668
-0.021153595841239
-0.00623879842863106
-0.00819948536866386
-0.053040782027843
-0.035460934692863
-0.00392414017847074
-0.00606922716734447
-0.0232807593999221
-0.0224605233374974
-0.0451722015324639
-0.0470023742629221
0.00371187795879442
6.39047588971717e-05
-0.000814259411600384
-0.00634489439200866
-0.0133136579358873
-0.0138487755159316
-0.0201972741600005
-0.00958272726173171
-0.00708142781714359
-0.0143751670857037
-0.0160707136233744
6.63443853191298e-05
-0.00675464971261622
-0.00423271030955326
0.00419571081076095
-0.0103985352242606
-0.0113809491343893
-0.0261511466079959
-0.0140696990657694
-0.00745111156608223
0.000673984172787065
0.00780914286545935
-0.0315433623887964
-0.00604417349275427
-0.00779870456851092
-0.0285229136356152
-0.0128106797495129
-0.0104091719326857
-0.00688531569768569
-0.00414632046131391
0.00618470101730551
-0.0122388506890952
-0.0043380098499349
-0.00755314768812052
-0.0209838632104901
0.00219620866674834
-0.00231413072884223
0.00207603761583575
-0.00122386194430621
-0.00213521671502617
-0.00566304436328376
-0.00840063419391539
-0.0125471883697472
-0.00559228430850429
0.0001472924723885
-0.00192392699459167
0.000902797768920143
0.00148708588698576
0.000532580318429885
-0.001901184183243
-0.000498311461292503
-0.00243664697188095
-0.00176769201724451
-0.000973801011957625
0.000957459793547868
-0.00464233244205633
-0.00345017226489832
-0.00360112715224677
-0.00166551641719163
-0.00510260476600629
-0.00224355851245382
-0.00620609561573451
-0.00133341734468678
-0.000685185094728118
-0.00411010338052329
-0.000188880699713332
-0.000118069608220997
-0.00389313655397536
-0.00428034192426563
-0.00307405148410539
-0.00279894512676713
-0.00319259989188169
