-0.987690193662073
-0.930269950343574
-0.679683748339778
-0.462965579103084
-0.381731754644105
-0.279722079871589
-0.229522781130598
-0.301698747934878
-0.166530530089245
-0.118244122945943
-0.108575840147398
-0.102774814290265
-0.0632978800746099
-0.0927796618426073
-0.144679721712098
-0.0283672317932968
-0.0151903193365476
-0.0461047107629105
-0.0274363385650477
-0.0438713350942096
-0.0308696653947319
-0.075344583973637
-0.0689537234555263
-0.028825822993713
-0.0317426813499601
0.00369877254163996
-0.00809943631696022
-0.00624391594452616
0.055799269262919
0.0265221613158662
-0.0118553561927224
-0.0169869743159542
-0.0617147253365744
-0.0290888209450138
-0.0135276494086795
-0.0242842152861864
-0.00396103928704133
0.0158261944143637
-0.00218231127462895
0.00368125968587348
-0.0531197402638429
-0.0462855230373307
0.0164421540019555
0.00403410421691726
0.000602544286915549
0.00115243860979805
0.0103668743165946
-0.0187675114103788
0.00169155048973935
-0.0105123128822867
-0.0194114020553082
0.0144547794274776
-0.000738480679838338
-0.00863368372429118
8.40413785311786e-06
-0.046407187029976
-0.0264993412037436
0.0187269988128014
0.00808225924068562
0.00846639451105673
0.0147453427998346
0.0432385749608026
-0.000422506015125601
-0.0018343188619326
0.0198724658253895
0.0024857851333787
-0.00552484688672943
-0.015287606540343
-0.00202381286975699
0.00348880322475923
0.0119297891994099
-0.00608090323529504
0.002802661451382
-0.00457213045648792
0.00605222367445715
0.0099404854830694
-0.0107348749065362
-0.0076716367679786
-0.00414093250354695
-0.00111650316057427
-0.0021139852526139
-0.00141533261236007
-0.001804263421893
0.00308585521675592
-0.0143359383162782
-0.00978316793016397
-0.0124648296392877
-0.0154385288053746
0.000178754717558797
-0.0098802693577194
-0.00886675093584673
-0.0148151763172965
-0.019285053005172
-0.0335832846580239
0.0250578161675279
0.0250568573066439
0.00343929162459238
-0.0147791837187658
0.00058720062733343
-0.00303495518060202
-0.0194409887200636
-0.0133116550304131
-0.030035940988422
-0.0318753649562303
-0.0198171182606627
0.00157005331362051
-0.00915832845592953
0.0015875049809615
-0.00567892502726883
-0.0134545523266147
0.000535656620534357
0.0250911800990754
0.00653015804474319
0.00599106073149656
0.010822854735727
-0.000430493548205504
0.0038940798934803
-0.00170121060701282
-0.0133666859260496
-0.0213139057575915
-0.0186442716156686
-0.00643181413496139
-9.28942294718075e-05
-0.00408297028649165
-0.0029777584905442
0.00413498919078754
0.0131947664352439
0.000774789985514966
-0.00120071007940792
-0.00248667085097918
0.00204959832171086
0.00815281455910702
0.0116290745710249
0.00067839805789579
0.00858302209447111
-0.0128167959716764
-0.0160303546796264
-0.0166473605132177
-0.00908632310937091
0.00142357883426963
0.00571009225751895
0.000936634309150734
-0.0111031825421538
-0.0146797735145857
-0.000513363246308609
-0.00210770698298736
-0.000333024388581345
-0.00295934141467915
-0.0111277038986236
-0.014081180469635
-0.0262816883118676
-0.0107083527185957
-0.000663064914217369
-0.0207305694636126
-0.035917663473319
-0.036726958960618
-0.0249453931161354
-0.0194005265115707
-0.00178717797690922
0.000302113045576141
-0.00140773808641452
-0.000791812163707039
-0.00202765716359357
-0.00110816442478985
-0.00154755214304616
-0.00265417941694047
-0.00182791047572024
-0.0034094571026059
-0.00956852005610367
-0.00705387328557079
-0.00641113158000711
-0.0122381857447122
-0.00492186025591842
