-0.993140864193711
-0.882690029392139
-0.643734490248727
-0.655773302414036
-0.124911962560589
-0.167744991037865
-0.133321904673456
0.00167528169728357
-0.023546270247508
-0.0388250711235007
9.65664363334487e-05
-0.0159456020712378
0.0178453610002123
0.0229584677720337
-0.016658092721534
0.000508299905182729
0.0273164664973291
0.00252522816952572
0.0133477255499273
-0.022340965899661
-0.0141679884235688
-0.00518253859745283
0.0198733865957619
0.0310712690081728
-0.000248660296183534
0.0172767737191052
-0.00136808740555812
0.00433187086473282
0.00335984449824396
-0.000265613864624397
-0.00121389368271933
-0.00133381611398374
0.0200187556344383
-0.000245027016114596
0.00430201820607747
-0.0132732923659622
0.00225442624804262
-0.0165243862056733
-0.00907822092108586
0.0115176233640793
0.00234696589793729
-0.00980273825139761
0.00553191956574063
0.00421291935270231
0.00290154081125435
-0.00203326998128001
-0.00269676744097902
0.00202267533396799
-0.00264939964826256
-0.00517203106371624
-0.0232124110603935
-0.00603204654407592
-0.00112149742379643
-0.0315654314211763
0.00143362142263905
-0.00208695090697866
0.00370744958125078
-0.000153081431766893
-0.00270586272677272
-0.00644121067458509
0.00348406704743706
0.00203996069419239
-0.0113486649274163
0.0052418285815839
0.00604201388474144
-0.00405422305451278
-0.0145148043007608
-0.00850853414853569
-0.0182595188522794
-8.3570802713504e-05
0.00201917164999332
-0.000305038524324606
-0.00191579327619018
-0.0217027107864516
-0.0119730029654977
0.000101055602744918
0.00200919611557225
-0.00678080257131814
-0.00251810335292517
-0.015758639718669
-0.0209871163936529
-0.0097304695263043
-0.0293715906870489
-0.00290783956682022
-0.015748957281516
-0.0086256207549449
-0.0019454527059402
-0.000635180932124302
-0.00604282741233317
-0.00183982970230222
-0.00653956174651324
-0.00020403282777285
-0.0132817196882209
-0.00340481959996695
-0.00412464159194333
-0.00125584825880592
-0.00224875463448047
-0.0074232970247029
-0.0122834662315133
0.000117458679091916
-0.0179670046155744
-0.00981081166197891
-0.00976506322688766
