-0.965638196152113
-0.569993027191498
-0.162357382581978
-0.503832952869761
-0.173013458919934
-0.0740346358473062
-0.00631507363253526
0.00113678045723289
0.0149152301242329
-0.022557428211757
-0.109640536789901
-0.0646899376178444
-0.0385111759935777
-0.0577353854480646
-0.0816582943002751
-0.0135501840471123
0.0269790626099241
-0.0173847238211135
0.000929883142837897
0.0116235971136283
0.036068721575334
0.0295260622936609
-0.00727451601170384
-0.0321453937994761
-0.0167332251599262
-0.00353034099630965
0.0234033424591704
0.00388856271601058
0.00465782279998717
-0.0233155612096663
0.00443391748886324
-0.0400174525212977
-0.0324895380465855
0.00678793904700655
-0.000520447115683258
0.0162375486008697
0.00807330021828661
0.0200784798468685
0.0057884291289486
-0.00211040952092261
-0.0442945104385915
-0.00895032780777077
0.00318916690706698
0.00841002856063285
0.0015064454673842
0.00482184999486745
0.00267994258500728
0.00154040959571439
0.00350293582462961
-0.00598999794092222
0.00394317714255576
0.0101222598359666
-0.0184288510819824
-0.000524868239604355
-0.000702869411127547
-0.00777575904065785
-0.00781657157319691
-0.00363064749741497
0.00636097218054097
-0.00436896527238008
-0.0118384586776462
-0.00532783388851219
0.00143337262824725
0.00984715244830544
-0.0095708254215364
-0.00170977846637811
0.00689011523422215
-0.0111155935641204
-0.0182119629301462
-0.00370477112139075
-0.0464610604866719
-0.022069652085464
-0.00135522847713305
-0.00409420499332734
-0.00172786418785969
0.000677808718962702
-0.0075481172462009
-0.00807515601058017
0.000516553974328142
-0.000247158692415602
-0.00836214180346423
-0.00182020444108156
-0.00559109867056135
-0.0121738172189918
-0.00495046813146455
-0.0138524927584679
-0.0142340627430922
-0.00341587261435929
-0.00107520507515284
-0.00144721047549645
-0.00192077472375225
-0.00539797051531011
-0.00638406147511777
-0.00818887039872591
-0.0103145508515157
0.000914125551674367
-0.00884477204307354
0.000190915068572147
-0.0118944532084015
-0.000148759817809302
-0.00819631276995432
-0.00118625208278437
-0.00100703841919916
