-0.967286997061498
-0.944909723413546
-0.798867821656264
-0.352860933642055
-0.452992564405962
-0.336444765533775
-0.231964973287993
-0.142064295824181
-0.12034286099532
-0.040077189235722
-0.264122321361605
-0.072929476992861
-0.108214523178228
-0.17817000176131
-0.139814121319225
-0.115887925463094
-0.179898447473681
-0.0261749007660217
-0.0527209427523436
-0.0712684192408931
0.0112462609868028
-0.0209772338941097
-0.0604521920001467
-0.00543251853374848
-0.00429759266189369
-0.0453787718095901
-0.0485794451330351
-0.0212868371301497
-0.0174830970237769
0.00263279225707795
-0.0240613198785687
-0.00501973214289386
0.00131685838704099
-0.0124283233915082
0.0140865093360823
0.000547528965939821
-0.0239956311332039
-0.00237280635898424
0.00719289817581218
0.00386201123428049
-0.014359417411675
0.00469364681251491
0.00233917609354646
-0.0314912365911969
0.002625085981565
-0.00667525552462649
-0.0514115851794182
0.0031038848664467
-0.00385617482407384
-0.00801678487023907
-0.00583411781939116
-0.0068473230460903
0.00602619012618407
0.000194634301034377
-0.018195887901492
-0.00402178467017101
-0.0113458039758743
0.00740278371484312
-0.0122575697937758
-0.0195654450574471
-0.000557199790502109
-0.0278703675146409
-0.0194845063560291
-0.00633653931953004
-0.00231720100261411
-0.00172891159345175
-0.00748795210548855
0.0009122692817989
0.00207155635208759
-0.023049465806059
0.00420085196137465
0.0057441863021035
-0.00743451050827325
-0.00194793289051041
0.00197275996435695
0.00495429575403611
-0.00349345631484986
-0.0109457430456897
-0.00355674158513806
-0.00119742973971135
0.00558500428534632
0.0060999618245165
0.00285138843900891
0.00363128129899478
-0.00450617239038071
0.000959731587913399
-0.0193265084734878
-0.00736799258584907
-0.0229987662020726
-0.0207974936317816
-0.00169036399778049
-0.0137682476615546
-0.00678805497425573
-0.000405439802527527
-0.00173941999802136
-0.020472572503786
-0.000359680909005526
4.34713603610015e-05
-0.0127250751209295
-0.00239291361367219
-0.0129305299947796
-0.0011114047045251
-0.0020162971346177
