-0.956865786796847
-0.967672559390417
-0.782148086958588
-0.343525534163298
-0.370290433141727
-0.25770919801789
-0.177139648907304
-0.0532119684574415
-0.00426409858642568
-0.0714830310375928
-0.0201377165144719
-0.0284137523652302
-0.0307965947329596
-0.0190027762013417
-0.0218547447761795
-0.00763571603156612
0.01208289328603
-0.0156827553877356
-0.00216254957700374
0.0279872639783956
-0.0200394832715779
0.00482070658014512
-0.00280920239012688
-0.0222624317263928
-0.0515216556364697
-0.0419939886571247
-0.0408543822170829
-0.0158070851650975
-0.0464837096167536
-0.00282209269359916
-0.00622018542630404
0.0482465812710348
0.00340953572972372
2.61187181444635e-05
0.000168647482181577
-0.0160519403897269
-0.00591798001938614
-0.0133029428802526
0.00120159852153378
-0.0245473163611966
-0.0433205782647816
-0.0376072079027196
-0.0444489945951527
-0.0221716643814941
0.000719945230695467
-0.0312717774605347
-0.0166281118402666
-0.00185768533470069
-0.000333951437543232
0.0089377641573862
0.00238713412359461
0.0022167071206516
0.00372950930251941
-0.00114902446788688
-0.0181035641459714
-0.0152943784378902
-0.0111765675241615
-0.0222584079770395
-0.0149047256706953
-0.00841138475437419
-0.00839918532664701
-0.00879583391108744
-0.0159316634909099
-0.0174328063056194
-0.00231814433431721
-0.00681442734086055
0.00887369107559276
0.0107679044491302
0.00165532692301614
-0.0030890581027087
-0.000197588549084606
-0.00200489814484211
-0.00106828368250416
-0.00198352974953416
0.0019499678172793
-0.00801011482383416
-0.00171183870033696
0.0024647051761462
-0.00405408069927353
-0.00288358774432439
0.00183674674570074
-0.00781973607983214
-0.0029265232115681
-0.00728414906979504
-0.00201599357002387
-0.000293077202708562
-0.00152703347095377
-0.00171306471332001
-0.0062931257260188
-0.0157356224000724
-0.00348619247056819
-0.0069553388977532
-0.00117751242997011
-0.00712945139297379
-0.00041673445279058
-0.0067310785209738
-0.00713224806214764
4.99817096673673e-06
-0.0019623901516854
-0.00840587407574213
-0.00138271414973167
-0.00420263438740083
-0.00178718209153864
