-0.996015444583261
-0.791075150053866
-0.633347138166468
-0.493932761739968
-0.11375260993336
-0.161238771144403
-0.0436492983265014
-0.0154755339458925
-0.0159194088131895
-0.0106078579825375
-0.0507234993467529
0.00284462110442459
-0.126538382102034
-0.168395343635886
-0.150794899810687
-0.143027777504091
-0.0349764449179817
-0.0905484893904574
-0.0318580873921685
-0.00594229791830448
-0.00295417082699231
0.0242066885968032
-0.0189112846877203
0.0139071286750446
-0.0201526977719018
-0.021198169075367
-0.0020116258482655
-0.0174434660994774
-0.0356573319198049
-0.0218074611399484
0.00284173812056143
-0.0212469309783743
-0.0420023571628647
0.00342220121656222
0.00758270249359661
0.0209348680070698
-0.00793179328426835
-0.00302486330045633
0.00455739787865306
0.0256656703433528
-0.00404914826982767
-0.00816915211751825
-0.00417890243573142
-0.038060349532333
-0.0261935681980171
-0.0198704625861444
-0.0219841073993836
-0.000196223867515249
-0.00385925237997324
-0.000490631546614464
-0.027441009380557
-0.0041335360438743
-0.000299268097219406
0.00795219143672446
0.00207491463384824
-0.000741737831440304
-0.0161854170235836
0.0032866233103802
-0.0245856131563967
-0.0155155794809341
0.000633156959936292
-0.00998915673011394
0.00490593343916643
-0.00854612287482433
0.00108144379908204
0.00277546583128596
0.0030456126958752
-0.000765352826928809
-0.0118176736718778
-0.00515148421865178
-0.00844442597112776
0.00729927221325683
-0.000500578189141214
-0.00160332549600679
-0.00299014804004337
-0.000842286286028287
-0.00435384978611495
-0.00245294737053052
0.00343045000034943
-0.0149264998868289
-0.00894879345491858
-0.00677662842551467
-0.00326854870767071
0.00346221619029774
-0.00428816909124535
0.00084803630607329
0.00136403818628214
-0.0149050708057404
-0.00488404998627479
-0.00189043835242993
-0.00016393558985494
0.00213544119125617
-0.000700439487273799
0.000201687989053013
-0.00628322501287783
0.000551432164867232
0.00124557081525373
-0.00142876057326549
0.0015999818016322
-0.00388896249738687
-0.012168152424639
-0.0107850357077707
-0.00584752251699966
