-0.984674270190785
-0.611617323352166
-0.384367521512665
-0.453246078386906
-0.24905227229111
-0.454016689084825
-0.0823189214813658
-0.155889328328718
-0.0807468945572186
-0.0630594793757505
-0.0234651117518718
-0.104681332033132
-0.0678296209879947
-0.096248554159857
-0.134868425442293
-0.123324967745781
-0.0382653142137558
-0.212634397221129
-0.122611690149415
-0.0177985117717799
-0.0728098456516854
-0.00202851062290568
0.00411873298840276
-0.0078774852119723
-0.0344518711854369
0.00720995506126457
-0.0463857734213726
-0.0334116456631772
-0.0269842208720219
-0.00235658376655712
-0.0240483748282338
0.00765128134640579
0.00737256355872912
-0.0194770535048513
-0.0625686410847911
-0.0749037392056437
-0.0218209015923455
-0.00574087934044349
-0.0291072259842238
0.0350483940922604
0.0137838035299072
-0.0137161521820973
0.00977343491942651
-0.0361543833234622
-0.0131520944330762
-0.0469854444213656
0.00468064891272653
-0.0118995019968612
-0.00841041571267302
0.0204352528991794
-0.00402931611789546
-0.00899523786402269
0.017433450127233
-0.0121638050318478
-0.00307031403309508
-0.0105588523915417
0.00536356076109048
-0.00498123396553242
-0.0347034761234794
-0.0429382434228053
0.00201682073126436
-0.0218063991827978
0.0210095264637948
0.026324167877003
0.0117893672278798
-0.00484968998255622
0.0103181576247715
-0.00102522506145925
-0.00553821949169578
-0.00357006442760269
-0.0314475879771993
-0.029083458310547
-0.00852175416351073
-0.0273871196916258
-0.0342804922765278
-0.00959492793786322
-0.0117251704574357
0.00581543790552815
0.00442967051409188
0.0532216504324773
-0.00387521970888794
0.00374221893789449
-0.000299131639899119
-0.00407393589518493
0.0128461638781495
-0.00157713161918062
-0.0101247246078058
0.00226329300832874
0.00131486062585079
0.00285018827385062
0.00860107513044723
-0.0116609004085085
0.00119964657116963
-0.00712963568039414
0.0149732572593576
-0.0116100078902063
-0.0171369125881632
-0.00146993473391538
-0.044527031918932
-0.00933918404311392
-0.0173085748468142
-0.021053104776122
-0.0061496617304675
0.00113535579477921
-0.0220879134534252
0.00381204536778966
0.00889433025684873
0.00260344928578439
-0.0274138759388602
-0.0313372371589264
-0.0512358654479851
-0.0229033308054666
-0.00420849011705359
0.00268730939045806
0.00904279257655225
-0.0069031021939775
-0.00301785704234817
-0.0286773562102852
0.0135015497264428
0.0138731586624053
-0.0197047385089205
0.00266348947666127
-0.00672122030548729
0.00280256273782368
0.00768754814349161
-0.00446017121847307
0.0168164865893298
-0.00245556884739616
0.0224166214404036
0.00927113470835786
-0.00765395289545794
0.000202359801101122
-0.00103388768076139
0.00923316501069306
-0.00332080444514538
0.0095367801903103
-0.00377304706911378
0.00268548755668702
0.00493756868355022
-0.00832916323346936
0.00257739957213309
-0.00225806766678351
0.00602846699066231
-0.00794383925102447
-0.00779395942369876
0.00276765061203556
-0.00815542361777001
-0.0250286789232755
-0.00421574733204438
0.000503128997488183
0.00182898205210205
-0.000901523101717292
-0.000460827545940736
-0.00480622639560995
0.00331954982700279
0.00210712469305795
-0.00105554677704635
0.0131544873971485
-0.0057163880681178
-0.00783931110030556
-0.00175887115913913
-0.0124879056537479
0.00194489798794163
0.0108507141044995
0.0109245622836199
-0.000839515077116354
0.00329725720852692
0.00270774393262981
0.000644758093973346
-0.00932970592381785
0.0125889709854771
-0.0126843377082639
0.00858967264094392
0.00207192301071673
-0.00216852777059864
0.000400327944783208
-0.00895309385061115
-0.0314113927897149
-0.0192912535986439
-0.00073540584835174
0.00704297375877121
0.00117472320302445
-0.0047908920459222
-0.00379353502456931
-0.0215826570288396
-0.00297156586305911
-0.00386825176682954
0.0105213465965891
-0.0030871388146587
0.00368255937522171
-7.52979259224149e-05
0.00163536423166093
0.00301950555918244
-0.00117546054303822
-0.00139331665399358
-0.007043736595687
0.000730166900068204
-0.0053876629468939
-0.00627920433758773
-0.00634330721708334
0.000192697002377231
-0.000575952812918729
-0.00839867351060546
-0.0031924994058103
-0.0131385608484115
