-0.831205790081798
-0.949440269056103
-0.930651364239301
-0.480638666454165
-0.565680394052144
-0.192792152160149
-0.103691399167815
-0.23903433248752
-0.132652051267866
-0.310188498355831
-0.133853998796756
-0.165480452704413
-0.122931174205368
-0.189169821702555
-0.109504907746303
-0.148129733082464
-0.108308974482435
-0.104589600639722
-0.0624797466919926
-0.0440515188596298
-0.00732964386836182
-0.0420126693190094
-0.0306999936016046
-0.0376256586224248
-0.0585585189460731
-0.00924401627961103
-0.0256997331450538
-0.0558797936064553
-0.0179165434304329
-0.0244583678491283
0.00479102620372213
-0.00488277631663687
-0.0018196480883139
-0.0454206391168294
0.0122517806138524
-0.0805921466583975
0.0010103865833455
0.00258588194293001
0.0157786989277538
-0.0223241078175292
-0.00961202770415505
0.0137832493705203
-0.0102181437648769
0.00414582419467058
0.00476113004972685
0.00695943234006714
0.0347654033961767
-0.000860972367975176
-0.0136650505272427
-0.00255994952052296
0.000965571158700705
-0.0077923632254709
-0.125393024021632
-0.00844331303529472
0.00623637438777001
0.0111953330797808
-0.0167495949240825
-0.00268029198323658
-0.00461129794203214
0.00906642261537214
-0.0131942159122963
-0.0300497647849416
0.0103744030768306
0.0047382736647389
-0.00325865392678372
0.00258571635559745
0.00421809707497234
-0.0202224064002142
-0.00353924316905126
-0.021748087517342
-0.0420588111925836
-0.00181833703368747
0.000327751782794964
-0.0104883093022336
0.0281412032167613
0.0244339722121307
-0.0145245563963531
-0.0203106958522069
-0.00726972684674844
0.0154186060491916
0.0139878875730827
0.00497699083894044
-0.0341753343730167
-0.00275567155202886
-0.00756239262324786
-0.00272369729784822
0.0010139972131594
-0.00954288902224596
0.00235814796693747
-0.0185058878872691
-0.0115463750608711
-0.00748503770972998
-0.0254457226029773
-0.013819301408228
0.0186658495996547
-0.00953621381310532
0.00367421540308019
-0.0110927220675189
-0.00308435938993829
-0.00567291408255163
-0.00877422945467325
-0.00110725397935284
0.00111481862423554
-0.0038691206087214
0.00586567330688238
0.00127958410860146
-1.67019553639217e-05
-0.00387202187284649
-0.0128866188525233
0.00144500848763452
-0.0163259446890241
-0.00798209579378078
0.00491768098097477
-0.0138922208828941
0.0046444035608281
-0.0162302673456228
-0.00642051702704075
0.0216812891939015
0.00343969404230826
0.00144606719743672
0.00514902792892265
-0.0118513314078547
-0.00260022273390791
0.0154308503156977
-0.00813290499168847
0.00966012231222554
-0.00451118920228952
0.0068511675053723
0.00763124294793616
-0.00705644486127993
-0.00305489957103279
-0.0185923624705736
0.000308361890498004
0.00202078989011603
-0.0227525061793709
-0.00195244673439839
0.00834868171000044
0.0078184195043873
-0.00141048826898687
-0.00209211030863442
-0.00657778358242792
0.00303538422721973
-0.0114504369189121
-0.00118966059491294
-0.00914205916455984
-0.00976492894493781
-0.0251641645257346
-0.00204398855444106
0.0043381747739187
-0.00497640933234558
0.00561664161488812
-0.00363217955395864
-0.00346987980448908
-0.00216159305601746
0.00104385312923239
-0.0194555842684104
-0.00864704769977538
-0.00384758915470276
-0.000665424781551405
-1.52467278574566e-05
0.00143551495389695
-0.012118325704535
0.00360143053119246
0.0011868244214276
-0.0066201196862087
0.000966942077037984
0.00704189082791951
0.000247229980327105
0.000202228837280016
-1.30523627112181e-05
0.000582693538311624
-0.0078193261338021
-0.00252134043474704
-0.0083082026139575
-0.002785651329794
-0.0187606977497308
-0.00354532327150595
-0.0130151172539991
-0.000292851548692828
-0.00290781356076879
-0.000362004191577386
-0.00604346645101412
-0.00337693970452613
0.000326895685318464
-0.0049541600263306
-0.000799449232638864
-0.00167993657801955
-0.00754414856289056
0.00186226768108374
0.000356896384388243
-0.00263553554771216
-0.0012950774833151
-0.000724992492183517
0.000490065219196447
0.000479625112153066
-0.00547038697961249
-0.000684300793544925
-0.00190231899943666
-0.00533145221440285
0.000401026144171905
-6.74579622163073e-06
-0.00306882857847972
-0.00391834414110386
-0.00312428773399674
-0.0069913382874982
