-0.959114891553007
-0.936568489114721
-0.79308620048936
-0.778579595500149
-0.333013417895889
-0.222275349949626
-0.130942300380368
-0.0484706081818143
-0.211622169473465
-0.184752020626253
-0.235937472641752
-0.00825638691941362
-0.0736057388291814
-0.0467180686328249
-0.0871986750224892
-0.115952415221741
-0.0402402819200323
-0.0416870926023866
-0.0273870634633661
0.0274546821110551
-0.0298540452554713
-0.00836957809873858
-0.00398070236461129
-0.0173186827474301
-0.0356295549618551
-0.0112124076050968
-0.00519737555540628
-0.0518919754028636
-0.0154945680293097
-0.0179105088142618
0.00861748337885407
0.00278669211349663
0.00066302594586289
-0.0145569831825042
-0.00570062281472871
0.00212725008558325
-0.00930533319840612
0.00944980696092423
0.00821793547565783
0.0539178270804608
0.029506281656211
0.00635791589627808
-0.0238350840357567
0.00936542854584668
0.00286252770587707
0.0230103697510631
0.0102588677866107
-0.0135239848473314
0.0135015881077839
-0.0122771749998219
-0.00644422746810799
-0.00991453445977962
-0.00537785674401832
-0.0474662981057797
0.00102705771126227
-0.00423912552810088
-0.0107134074043065
0.0227429383406114
-0.018807347165567
-0.00234246030029752
-0.00164944556108368
-0.00854729066091213
0.015402858076973
0.0222654044707781
-0.00315809393917949
0.00181692778233634
-0.00646618189728082
0.00770827329621797
0.0160576880999998
-0.00388295212434274
-0.0243924533005535
0.0242502885505388
-0.014691696035194
0.00746651980514558
-0.00235495089862196
0.0199377155966192
-0.00622095361102755
-0.00230001358667382
-0.00433188297777445
-0.000997489152303304
-0.0178433746447865
-0.0214448977165163
-0.0109812335834702
-0.00865347053838452
0.00144175796004387
0.00815635480314822
0.00138448792177147
-0.0529054795677771
-0.00935447517413054
0.00973556463358972
-0.00992975696155762
0.000208770311515418
0.0119071436015653
0.00125242071009642
-0.0223788839817697
-0.00889070942364717
0.00204447260742035
-0.00496259715651093
0.00735073278436223
0.00824520894609813
-0.00466571521429391
0.00095017206894766
0.0289524814184009
0.00693241687618636
0.00770797741053175
-0.00131091995334312
0.00485952269357226
-0.0215531099600605
-0.000897367961935876
-0.00242024377028453
-0.00140899760586043
0.00930592292257104
-0.00383634305808878
-0.00627854804162263
-0.00434565118211869
-0.00652981529615865
0.000940854151267949
-0.0071548931741425
0.00335140560079137
0.00637996588006348
-0.00508113347607851
-0.00741782891226844
-0.0238884631344045
0.00285341290196061
-0.00163141768151899
0.00194065055070884
0.00962265848251942
-0.0100631728260133
0.00201660690368575
0.00863731894489859
0.00162479691433472
0.0146522764304812
-0.00297310864612357
-0.00248034594306826
0.00482009299893092
-0.0117181160072274
0.000946124211217579
0.0034393748963067
-0.00735144684020637
-0.00597331728296651
0.00553669516345269
0.00214246938532616
-0.00357493179368043
-0.00770579115416438
-0.00176447970283236
-0.00634343645291012
-0.00103764741206349
0.00514141770984124
-0.0151545646102394
-0.00314738707999562
-0.000948174106277623
0.000678303019562975
-0.00269204835448033
0.00944879207553855
0.00769373467681035
-0.0139695063470437
-0.00079066646914329
-0.00340929263497531
-0.00815320275581458
0.0046764555509785
-0.00248134369764248
-0.00762227450326737
-0.00751117217426635
0.00343548616341559
-0.00239475449702512
0.00344834797951355
-0.00285790216026666
-0.00661149953732059
-0.00101136110057746
-0.00584563824177592
-0.00213488407657981
-0.00375837648884749
-0.00354607488067973
-0.00685383041630113
-0.0058892130345533
-0.00334542435896019
0.00267848198286858
0.000254724090926509
-0.000278831125856162
0.00139422272499619
0.00021602298960755
4.22933848420019e-05
-0.00372166281428951
0.00137298472441734
-0.00188530829889897
-0.0019950033502591
0.00127872495938304
0.00470923199262904
0.0035875061164659
-0.00133637500798548
-0.00312737610732977
-0.00091709155206504
-0.00342069584560355
-0.00296471635153426
-0.000365341730569818
2.60551025327084e-05
0.000481548780438471
-0.00304591495169326
-0.00529102059858771
-0.000332366968267855
0.000483104557191464
-0.00376683224103176
-0.00138103303801777
-0.00824480164227036
-0.00306259126554558
