-0.910800594256744
-0.692861802962515
-0.538694656134579
-0.230385760884098
-0.517752645614837
-0.327032183525099
-0.341332743446195
-0.131947314246938
-0.0934537545828998
-0.0805594048349177
-0.088289486612979
-0.114512670074494
-0.0236340381810915
-0.16465468642897
-0.0380983457479581
-0.0259227678262368
-0.042826358965252
-0.0255417964915758
-0.029925177105539
0.00492565367417734
0.00333566061754921
-0.00788086333246998
0.000670438570001573
-0.0215723569650155
-0.00489499526055424
0.00686225583356695
-0.00190893722544291
0.00796806021057117
0.021853241151994
-0.0369145845580042
0.0568782804394807
-0.00638904142782415
0.0218558794576256
-0.00889894150452139
0.0102124337885282
-0.027490575646558
0.00341089821310221
0.00562720895317799
-0.00886459778063598
0.00276163327387472
0.014149741339951
-0.0342508530644197
0.00452642361910333
-0.0245604259011262
-0.00261036161980361
0.00502145250337676
0.00348339050148056
-0.00175730106481365
0.0178554151156551
-0.0137947879097155
0.0151644811438006
0.00579893139254834
-0.0186963835281506
0.00741440075363661
-0.00536779236545302
-0.011241884640255
-0.0139123795482031
0.00297790789765384
-0.00109151748789966
-0.00637295903473192
0.0387529578667701
0.0155849860305676
0.0106041016663551
-0.000447044546697971
0.00579918518316131
0.00535240159074186
0.00262597222649298
-0.00982601324218552
-0.0439733033333169
0.00274931785566736
0.000190103589804322
-0.00581700185160046
-0.0177185088564915
0.0213303636733032
0.000926463174978248
0.00887923762287475
-0.00300775447210724
0.00638735123857471
0.0160712404982885
0.0117946790900001
0.0102628896518498
9.79080072651736e-05
0.00786609201641838
-0.00494550763035984
-0.0108684183687062
-0.00137470447593151
-0.0183603266858319
0.00529871715100764
0.00222728163457969
-0.0174601427591292
0.0135112258857214
0.000655264673484576
0.00714152283401022
-0.0110983031912755
-0.000868712652054745
-0.00802923597187747
-0.000639481022123895
9.76338415746205e-05
0.0161589820466269
-0.00763520830845323
-0.00504910562875705
0.00572181520739457
0.00846857704585795
0.000857639183860219
-0.00368591651869921
-0.0128506064575609
-0.0210231123327002
0.00043282829052093
-0.0389112059772434
-0.0102633125807771
0.0065373101444472
-0.0144331203331014
0.00204258084202207
-0.0306021341627988
-0.0328575149552235
-0.017586757949098
0.0151248748057703
-0.00228286883826752
0.000223030525225451
-0.0144021732226168
-0.00129594141201297
-0.0146184717994272
-0.0103340869498913
0.0019444335581569
0.00343628250558222
-0.00232901628565419
0.000941462603853594
0.00198473065567904
-0.00727212820025287
-1.84236880688783e-05
0.000897791540087004
0.0130565930885848
-0.000124191671288054
-0.00882297008248023
0.002865607588634
-0.00895976218846872
-0.00525940250658816
0.00123036946009979
0.000898647952109911
-0.00152030961138562
-0.00230765093612025
0.00645513343486559
-0.00269944717579525
2.54685242394713e-05
0.000289169174743725
0.00364732893684863
0.0124013676513781
-0.0149070413792725
0.00209037684347005
0.00275882683116926
-0.000229125639131488
-0.00230354447404012
-0.00558937883870819
-0.0121893691879314
-0.0249025745059723
0.00388696648263541
-0.003069206993686
0.00812675148092956
0.00598748807900222
-0.0097707000649122
-0.0079220575427069
0.00332421135791067
-0.00391119445364878
-0.00372739369301724
-0.000571097163754811
-0.00774550127375579
-0.00708172633448768
-0.00685920605823634
-0.0191405143416359
-0.00250545606198455
-0.0026671004417246
-0.00894828630318182
-0.00652960361825394
-0.00395448687003443
-0.0132466929520288
-0.00175426825328926
-0.000999641956057605
0.000355982454950286
0.00255737533757393
-0.00123732277752286
-0.00439974205296178
-0.00392165903837398
-1.92290269286151e-05
0.00218393811772575
0.00144644249908103
0.00206920778279989
-0.00229833847357715
-0.00153396250087253
0.00125563974985163
-0.000240991100920508
-0.00296826173892766
-0.000792048149490542
-0.000823517154468351
-0.000591496812448804
0.000290213182630047
0.00013538809328135
-0.000618401811123359
0.000304959689613117
-0.000879246718289122
-0.000370744247414731
-0.00229302854913645
-0.00131838155767165
-0.00314995946296546
-0.0064727835413804
-0.00405237978114094
