-0.976253503514204
-0.670319000561859
-0.401596772403414
-0.651112481978462
-0.401787994000759
-0.0722291243179092
-0.126412107454937
-0.0472493976134359
-0.0113282599798699
-0.04638233935855
-0.0100964068517439
-0.00348169576796238
-0.0313515652366213
0.00383489549841824
0.00558691598569419
-0.0474389048314178
-0.0368153263494899
-0.0293344648799879
-0.0332688096286058
-0.0303722566576055
-0.0060052858996711
-0.0176140185430429
-0.0314080789794064
-0.0653585363037172
0.0107426929365593
-0.00481192225586806
-0.0162516125739593
-0.00586978707210723
-0.00516281126222497
0.000286035545730741
-0.013779129044724
-0.0103234343095102
0.000985482361431847
-0.00487388032458011
0.0101066077233133
-0.00715023503823651
0.00160362100488999
0.00376625921901461
0.00278127192639757
-0.00926776670537724
-0.0183711623498965
0.00617717010918169
-0.00360378358952781
-0.0228232795574487
-0.00199520850924399
-0.00799969320265186
0.00140754900820082
0.0120752048636607
-0.00235295283994666
-0.00559009999680323
-0.012199039298509
-0.00755644550388284
0.00267369195513805
-0.00493147982576413
-0.0184584550430571
-0.00209493559372984
0.012476666848494
-0.00858563817798551
0.0052572271794436
-0.00706534270980661
-0.00140970355012161
1.24696934758594e-05
-0.0285325434691851
-0.00905043640925625
-0.00719920642453618
-0.0163997075868718
-0.000150530352854443
0.00333934845192883
-0.00298842714628686
-2.71357215302992e-06
0.000654671591865344
-0.010407548131476
0.00849958474282409
-0.00651469403651879
0.00316484777832562
-0.00405128925163128
0.00419562896318737
-0.000805958882673462
0.000128373833111487
0.00559593612313102
-0.00711282265347276
-0.000448289405460018
-0.00381282674147378
-0.00141179416708031
-0.000469432381462642
-0.00298516649132866
-0.0111309288389407
-0.0145396546774913
-0.00233196091276006
-0.00167538862271476
-0.000717097158438813
0.00145619413787068
0.00032587540155149
-0.0166128272894628
-0.00478648395396882
-0.000444570242179005
-0.01380963201703
-0.00519561270403185
-0.013142882006487
-0.0241306006927029
-0.00893810907880076
-5.16046143399538e-05
-0.0170560080432379
-0.0170208925369889
-0.00246193281841016
0.000321810018250216
-0.00056803275463928
-0.00833475800404518
-0.00793094267431861
-0.00326128392614238
-0.00183627338577187
-0.0033395620778009
-0.00824716132400624
-0.000992230153527745
-0.00266316547728808
