-0.99742010469768
-0.98776059988668
-0.819730863702145
-0.31070875448746
-0.13033012902024
-0.308424079642646
-0.167954458673714
-0.0326660251345821
0.0123141914248002
-0.101760780143447
-0.0231584142505282
-0.0592631963241677
-0.00289220842744617
-0.0263315187243517
-0.0408141506534083
-0.0124259273505941
-0.0189008977172259
-0.0169813962496056
-0.00711468982393848
-0.0265340779301111
-0.00469297639786157
0.0139736772148123
-0.0214370153407135
-0.0117104604142737
-0.0785829708437064
-0.054562486990862
-0.0190300920683393
-0.0591522804916703
0.0097042315483006
-0.000736177889744005
0.00712394020874132
0.00632957164672218
-0.00718211498014087
-0.0274060840406549
-0.00611841821507316
0.0150655018384917
-0.0413642167539627
-0.0180409806033391
-0.0127564679050706
-0.00796517021218277
-0.00474251930336684
-0.0150828601575851
-0.0244416531596842
0.00726999174399737
0.00264868892792201
-0.0161829844527012
0.00679645700923432
-0.008761301856607
-0.0168342315801114
-0.0235506398317087
0.00316549684426707
-0.0246745215083613
-0.0501954689219689
-0.013036006566674
-0.0070516509774068
-0.0100922056171933
-0.0197787811880837
3.17779946268949e-05
0.00708731426348458
-0.00852887254862011
-0.0196186182192814
-0.0426209676494367
-0.00555704889352588
-0.00946984762914084
-0.0133727135841674
0.00591962362546088
0.000212774881973847
-0.00891170761508083
0.00116123204133178
0.0126801053098806
-0.00622237192998063
-0.00143399720015678
-0.0053883860197702
0.00554320598969473
-0.00260130822005415
3.75326014391557e-05
-0.0024377823428119
-0.000591148050210145
0.0024414577846957
-6.26425632577583e-05
-0.00426568434392136
-0.0010699687700932
-0.00268885710322832
-0.00692948337804076
-0.00790839257384493
-0.00147773647646351
-0.00625089301538917
-0.00217417499974664
-0.0063009837457082
-0.0115220480872173
-0.00234617362225452
0.00368096006496439
0.00357223139662681
0.00080496353845951
-0.00836737022961085
-0.0143950190986371
-0.000859639412556598
-0.0174870204643954
-0.0193415451132036
-0.00360946348828636
-0.0211451586550318
-0.00455414619902144
-0.00219618229466982
-0.00615374371498075
-0.000448511792704928
-0.00273920874519687
-0.00176693175558942
-0.00100396268845274
-0.00103021021497953
-0.000539623672883806
-0.00337983991316575
-0.0010362586825443
-0.00291104788002576
-0.00319155166194893
-0.00107923603182622
