-0.987262901415166
-0.990509000508396
-0.746495844229792
-0.627824271554893
-0.519152322735721
-0.411721186825549
-0.131327603823875
-0.160212502617713
-0.218320932688559
-0.0761491964887919
-0.0700996160928756
0.00844521305258435
-0.0820739767891117
-0.0645482972316664
-0.0306454948358547
-0.0718894176723414
-0.0058004134093487
0.0131973920261184
0.0283706014046286
0.034652508599734
-0.00471319476022972
4.86299657591626e-05
0.000611593993609651
-0.0494862216198813
-0.0311493952886543
-0.0338616268725576
0.0118086296535911
-0.0387210891594246
0.00950721980632098
-0.00647636496198087
-0.00221079591719395
-0.0156356458276661
0.00349302099951961
-0.0108944993266453
-0.0172077885001002
-0.0507075721448391
-0.00412593524626411
0.000712112636282392
-0.00506791435086244
0.024206796842476
0.00322739079054942
0.0131605664930075
-0.00489606706239667
-0.0169303413467641
0.0155750308945524
0.0105588747084189
0.00974384950451821
-0.0288045842159025
-0.016103606551341
-0.00724184498959704
-0.0114519874913154
-0.00972068050775165
-0.0145583958298416
0.00597360474679293
-0.0146590152646229
-0.022243811754122
-0.0122806572787695
0.0146524514443189
-0.0137186384554405
0.00306972970972105
-0.0104583695091166
-0.00314145866491321
-0.00121151488273376
-0.000705560539635512
0.00458191125426486
-0.00509173661277527
0.00141022896540615
-0.000474398838262979
0.00266281918266558
0.00041722967762118
-0.00972274415531819
-0.0199855448166184
0.00725287786087346
-0.0240871239655203
0.000355446392293602
0.00271341671849735
0.00352824648140141
-0.00333915501794874
-0.00542282494051917
0.000623676056472061
-0.0165877716207696
-0.00601827797779281
0.00452118759737798
-0.00618686580542018
-0.00491510863264808
-0.0242792989275734
-0.0047792377760773
-0.017808727973022
-0.000208847623745303
0.00306875086593972
-0.00644643644941234
-8.44664975038034e-05
-0.00491510839249277
-0.0218891660901313
-0.0113556243816951
-0.00114631293030562
-0.0036409087920949
0.00226542778309554
0.000664500460782586
-0.00698705555391318
-0.0032473331914028
-0.00334531853576498
-0.00776269519357015
-0.0159716955250347
0.00209780616342466
-0.0141467053139852
-0.000247071962369281
-0.00219170018507772
-0.00280396997004378
-0.0026871302877488
-0.00832409873771922
-0.00440728149809557
-0.00402791876652505
-0.000486696393801055
-0.0034039424880982
