-0.988323605275428
-0.786166268030726
-0.494832443873594
-0.275249119508553
-0.158597327489333
-0.278029850651159
-0.0979270161126727
-0.0155040741011561
-0.0642998751577566
-0.0406476531030446
0.0192734747603647
-0.0125586115520584
-0.0640211747875074
-0.043714969980764
0.00116196101115479
-0.0612464068479799
-0.0217047615976228
0.00329921048948169
0.0042160826186885
-0.00448770197529763
0.0226780965931861
-0.0129198503882678
-0.02501512614017
0.00700688359537421
-0.042346236098355
-0.00706611758364711
-0.023584629488573
-0.00516665018905462
0.021458042339366
-0.00520067520932072
0.0118615811470231
-0.0051759778974544
-0.0311873534605231
-0.00529594706012673
-0.00111383707341785
0.00661155290600874
0.00233093802855648
-0.00230288218635601
0.00197683321920913
-0.0106517439148807
0.00728178080671111
0.0062599119267923
-0.0159762821022044
-0.0337464065822827
-0.00972658174019566
-0.0100036990797532
-0.0168199967182036
0.00142554295485851
-0.00702350813567124
-0.00943576952466376
0.00586801052262787
-0.00607655457510315
0.0124116495200993
0.00461141167349278
-0.00698333869312899
-7.12726120012663e-05
-0.00317103068720657
-0.00977582257683212
-0.00398993898033197
0.00370093676458561
0.000614061068982562
-0.00984271427515336
-0.0048437432487044
0.00328572264078881
0.00182567631076038
-0.0110134544835706
0.00352035054560638
-0.0370046530853469
-0.005067228219766
-0.0040225473787349
-0.0175574332024645
-0.0135264330768504
-0.000526131783582002
0.00155447499187828
-0.00654237709907868
-0.00407528504935977
-0.00496728059472333
-0.00221363992430387
0.00762781559066934
-0.00740917628823264
-0.00986524845401585
-0.0127459137204048
-0.00544359241376454
-0.00089656176105841
-0.00151601328600343
0.00205123099763026
0.00200257811513831
-0.000132646090486891
0.000256640804841357
-0.0152151933815482
0.00192622649115151
-0.0157518912674136
-0.0274654563553574
-0.00132886105845326
0.00109440595790642
-0.0189772544077099
-0.0030841307730238
-0.00750577872265294
-0.00206573230569221
-0.00606709685990866
-0.00028635718537037
-0.0120917590475303
-0.00389478727184084
-0.0178012213567917
-0.00606435930448883
-0.00422700172793989
-0.0234044130128676
-0.00761282099053652
-0.00384762821587013
-0.000193625997235678
-0.00365005227714464
-0.00727036387458197
-0.00285010034141754
-0.00660229636242546
-0.0170165118461937
