-0.957170608426085
-0.917349676653282
-0.639480078742029
-0.276751608528301
-0.154567387839938
-0.0655094680282932
-0.0660652249116844
-0.0813260619295449
-0.0777631639572404
-0.0808532537082333
0.0172118571542632
0.0192692191849918
-0.0213161262342236
-0.053630753499936
-0.0305408693236224
0.038221370226328
-0.0471214643550423
0.00759258088570618
-0.0882431471160905
-0.027564425322766
-0.00335058495676406
0.0253360012222996
0.00356173400295212
-0.0138733866611321
-0.0103678541335428
0.00301595662783793
-0.00375583331222613
0.0248288302874992
0.00499264702821355
0.0025001685911496
0.0343642672385313
-0.0382208440709507
-0.0038742227843616
-0.0232328616346891
-0.0146171049291079
-0.00278880108948622
0.00152769615355084
-0.0111813934089634
-0.0103530596842985
-0.0154861325530739
-0.0180324070938776
-0.0153947508547234
-0.0072157944278019
-0.00561980394571932
0.00215750446813817
0.00746640154486098
-0.000591840166640597
0.0122982663723005
-0.00667497599052901
0.0305542524429836
0.00405654265732537
-0.00687416897301025
-0.00131670772960307
0.0157671852072885
0.0197343282635509
-0.00749853511904628
-0.00936432216410347
0.00934138160939361
0.092390639883794
0.00135595605285423
0.00439240978293233
0.0649913446482444
0.00108132093715897
0.0123721628926855
-0.00101247094268288
0.0189589606128327
-0.0146097895653481
-0.012878753501484
0.00357396504799731
-2.79766185619802e-05
0.0166792575261132
0.084431782468422
0.0116554121414374
0.00265850082996387
0.00499588292447568
-0.00373530241587626
-0.0174959244525645
0.0170240176308772
-0.019159929826881
0.00249175620807222
0.00226687708749388
-0.0212139182289502
0.0101060197273766
0.00442068680877027
0.0014814885935414
-0.00438422563282293
0.02045683099883
-0.0665041119122972
0.0218050814380249
0.0438096472068465
-0.0046895384847407
-0.00272941602766907
0.00056949207363351
-0.00390717235273614
0.0377268928189417
0.0116305038898928
0.0172958987268881
-0.0067239264388887
-0.00904657201380421
-0.00601947889570407
0.00342801870295774
-0.00721882536303421
-0.0949603395170254
-0.0153232573773904
0.0138938494938338
-0.0120995997384818
0.0123482877728237
0.00535167823877412
-0.0110066344462458
-0.00158354291367767
-0.0142722843184288
0.00997648817781133
0.00970112338382401
0.0128366293722747
0.0847482984857041
0.00431828969661342
-0.0154878354106854
-0.0031909852669209
0.0441036883683973
-0.00269029965042866
-0.0133267996895515
0.00418462611315776
-0.0109381559177429
0.0183635353277432
0.0029537363215796
0.0106479537476417
0.00926988256262489
0.0140241131090933
0.0034437672481612
0.0293242616488613
-0.0128642788800525
-0.0368102418561754
-0.0118289673514203
-0.0208185342369
-0.00548350645479088
0.0075726614481132
-0.0271072744569382
0.00208937334315032
-0.0139244379138812
-0.00630701561677126
-0.0114620626636713
0.00778362546624668
-0.00227340361013596
0.00507860277978441
0.00594839254649477
-0.00337254788227024
0.00184155897655482
-0.0343040366722276
0.0102077259720591
0.0130692905690019
0.00879846016630676
-0.00173563425932805
0.0372416274477874
0.00832377101677463
0.00358358286783689
-0.0151354002788333
0.00246975102567719
-0.0194674107013335
-0.00701468518746224
-0.012824743244966
-0.0041467113324494
-0.00531752829090998
-0.00377840176364559
0.0122417531368341
-0.00441901895050134
0.00547598489616038
-0.0426234687378571
-0.0457645103083417
0.00560143079421222
0.0186095256011533
-0.00727872871290124
0.0121274328426988
-0.00341800793790504
6.383663567683e-05
0.0429823575270248
0.00751517997722905
0.0701951094568852
-0.00630102148982799
-0.00475959935111222
-0.0271727778198444
-0.015054289395581
0.0065565258191164
0.00964382072541999
-0.00138881002719528
0.00603294204626299
-0.000687529370671959
0.0447823298462199
-0.0216781467018958
-0.0183907037579977
-0.0241937787903944
-0.020128213331274
-0.00207501119008508
-0.00723966405004245
-0.0295565761866693
-0.00513694686099769
-0.00498484772606067
-0.00351182411399056
0.00313379214204899
0.00627736483882198
-0.00359093856487894
0.0133436875122448
0.0296714617201871
-0.0188152088431052
0.00340988009609296
0.01697605035339
0.0121414812347774
0.00591941531290504
0.0200850444295329
0.0158698182331671
0.0172140081615049
-0.00421201930596513
-0.0106544390264882
-0.011029063208829
-0.0115736144355655
-0.00408290960362631
0.0427997525521145
-0.00870636837778309
-0.00422117174792925
-0.00199790478355383
-0.001050355287755
0.0455371811540337
0.00970998058895838
-0.00060661146020424
-0.00800030677364807
-0.0122920219336362
0.00323048110707237
-0.00993764908374798
-0.0123565622147123
-0.0111240405362268
-0.0863265948262521
-0.0187439306061742
0.00269309696369203
-0.00261139223223825
0.000919675965008799
0.00226896660261556
0.0200203014087377
0.000208569185933071
-0.00174160451666147
0.00111870933606282
-0.000594811481406633
0.0012684014932009
-0.0240889219768417
0.00480367915666323
-0.0115176524275692
-0.00286917078659153
-0.0090460056839676
0.00606098305743279
-0.00358179704998603
0.00366740600845395
0.00238949422938852
0.00543158403024807
-0.00302826203215898
-0.0179130397781236
-0.0100506241823562
0.0560080096174354
0.0104222618483589
0.00644587211078633
-0.0297332680983295
0.000416481814896735
0.007358496130883
-0.00487794094744616
0.00205082256728909
-0.0152256524941054
0.0138582252329158
0.00062671543057706
0.00143758967103922
-0.00075384051320822
0.00203293286597094
0.0404228272791947
-0.000692774116789304
0.00418502232765278
0.00137726468612152
-0.000940139164239179
-0.00476207500963126
-0.000847531983593353
0.0162344991954627
-0.0115065528786585
0.00752752609302291
0.00119291857246138
0.0101052679224277
0.00342320419042424
0.00667287011205324
-0.00523564764603834
-0.00605279657648604
-0.0105948490004871
-0.000645133104966963
0.0209674499746276
-0.00343659266954045
-0.014400394113464
0.014012496878092
0.00351603856953063
0.0107868136028072
-0.00645508434468062
-0.0139496898726196
-0.00208557964904787
0.00523299040989324
0.0100021868977004
-0.0158579887552891
-0.00193123655695093
-0.00277406302473946
0.00717245455918754
-0.00780091042333276
-0.00433336645109827
0.0397683246255884
-0.0083084246179808
-0.00647109161847628
-0.00829904583458772
-0.00169708980212384
0.00243226778273839
-0.0103855838423327
0.000529967509770285
0.00400025503055488
-0.00905797879575347
-0.102626844047644
0.0177208342405618
0.000375223222657053
0.0141546536064628
-0.00487442692230292
0.00480408702413731
-0.00437316700775205
-0.0172544427127949
-0.00221117923288315
-0.00821949522179377
-0.007261776153419
-0.0100516275109573
0.00604178799386987
-0.00605419957401106
0.000550267299647541
-0.00691595991576587
-0.0104366006286133
-0.0111675791204787
0.00465543952496854
-5.84992999129036e-05
-0.0131217745541011
0.00743282716778868
0.00373716991160288
0.00480820659162658
0.000140600715974553
-0.00162949638035386
0.0032935292761398
-0.0207442265473311
-0.00531137732046493
-0.00126004700202288
-0.00851467694868691
0.00013887785042496
-0.00130237807734789
0.00326667887617167
0.0104745180796467
0.00152709796057275
0.00293980398259013
-0.000187190753801554
0.0014589673268886
-0.00187180483403992
-0.00442365624330814
8.45129126009793e-05
-0.0158044494265138
-0.00244379109148626
0.00706245612941866
-0.0111836460725583
-0.00301020448010249
0.00941094757063751
-0.00207878603463032
-0.00830158388776219
-0.00573177531687755
0.00898465007144781
0.00365296367433073
-0.0168820173876042
0.00401298849890917
-0.00808109376435473
0.000446141882498832
0.000744825500745536
-0.0051465621959819
0.00135440283427769
0.00653504116752524
0.00115708883907194
0.00950117601561643
-0.00340743021551551
-0.00386326182348204
7.31795553337387e-05
0.000667414740599658
-0.000996283891693446
0.000832579282801746
-0.000525222790267589
-0.00546569630150316
-0.00324546253727069
-0.00300182908993056
-0.00886281248022782
0.00958932195047448
0.0103714663618511
-0.00823906094999014
-0.0111980283111984
0.0180294838943415
-0.00370031323825004
-0.000853250026885794
-0.00497761424927842
0.00493773349920498
-0.00885415280454794
-0.00960656502583616
-0.0232482241963902
-0.0028515780000117
-0.000830462504364066
-0.00033289431181863
0.00157008198255046
0.00132483018650538
-0.000527399297699491
-0.000206109962132552
0.00130419793725771
0.000164774726913918
0.00138018303754575
0.000873745620851777
0.000329123595738392
0.000101465132887166
0.00283575904667926
0.000340342009754116
-0.00163580604019699
-0.0018487427255992
-0.00685117372808566
-0.00532086495227597
-0.000238101637541351
-0.0122784035846463
0.000449287675733646
-0.000777276830143742
-0.00545196398920547
-0.00233324033860005
-0.00369127724872405
-0.00282667228809545
0.00151358980238376
-0.000150221140094227
0.00101875472396912
-0.000852715863297416
-0.00100057693296636
-0.00212687643958185
-0.000309315116603398
-0.000652632120436921
-0.00202432625803543
0.00382109783163478
-0.00300994115480098
-0.00270278974828242
-0.00812723735914313
0.00136072709029025
0.000880479232315725
-0.0111066594992746
-0.000435718077046159
-0.022207013388603
0.00189366391761175
-0.00148830135507317
-0.00202795216671955
-0.0015937590772421
-0.00092073648631226
0.0102382447949085
0.00106466556900818
0.00135723066708089
0.00239827130039319
0.00974365294506217
0.00335695372204358
0.00205247076642125
-0.0043606939702685
0.000816566968194253
0.00189952459390054
0.00174864445751564
-0.00300908972113814
0.00139613161127582
-0.00761208256911903
-0.00205444071191158
0.000219172135893456
-0.00122464782165698
5.74010766885944e-05
-0.000276992813698938
-0.000978330945938498
-0.000737879699227745
-0.00500884426187988
-0.0010410556082634
0.00123346604499315
-0.00150458433606804
-0.00119127869461641
1.08891707054388e-05
-0.00372120721505233
0.000353258693653007
-0.00134961306318144
-0.00254807653001999
-0.00046872562145517
0.000963882315291477
0.000379344474342857
-0.00428430788459701
-0.00154645243191499
-0.00465580023103834
-0.000306013102470073
-0.000850600976054638
-0.00136331546141728
-0.000346300505647923
0.000232442084558229
0.000145726645904677
-0.000761745958010957
-0.00146505440459958
-0.00326606657344351
-0.00220662624293973
-0.000138231746811481
-0.000206033953124291
-0.00290721058895874
-0.000707256691664726
-0.000346107638410295
-0.00147647533213179
9.31072916788116e-06
-0.00102458668276139
-0.000314118753057964
-0.00169040918406862
-0.000755674916915286
-1.99052634022239e-05
-0.000276070886573295
-0.000201200434736785
-9.63383913525489e-05
-0.000327912498393554
-0.000744932117086351
