-0.989944690352426
-0.987606487510126
-0.594359507983178
-0.268283781192068
-0.0358513550828224
-0.0290368050831736
0.014414345386698
0.0196056890516257
-0.0505599809997913
-0.0782473708104807
-0.104987289659303
-0.179110216551499
-0.121826965562648
-0.0189072609747604
-0.0175183255570864
0.0485355351288125
0.00410311023305002
0.0332770729412127
0.00837918640874593
-0.00535461122171642
-0.00259384672775948
0.0102512657896845
-0.00987041590655701
-0.0114604067441606
-0.0463094279464145
-0.0229614356257156
0.0166511583754952
-0.0475606473828578
-0.0239984342965162
-0.0469363720730464
-0.0134302942655307
0.0431037809520559
0.0193711776903505
0.0467168255043398
-0.022232745092909
-0.0172352991168078
-0.0374237567466526
0.00944554859349216
0.00281901286508963
-0.00898002616996863
0.00944013545858591
0.00903985399572521
-0.00263024704658647
0.0186558523066404
0.00259200351568042
-0.0429472086598021
0.0287703172743213
0.0607840100486417
0.0224301067403063
-0.007126266763694
-0.00108749584537981
0.00482690081630885
0.012379068003793
-0.0294741250538382
0.0796263110213967
-0.0157462232801387
-0.0433498824146249
-0.0187426360571138
0.00551532069170309
-0.0358206657294001
-0.00111361212922068
0.0559077065492427
-0.0134279732783656
-0.00664943163512776
0.00337602513222206
0.00193577713875376
0.000464100521495386
0.00752427036768409
-0.00572447732236048
-0.019221181506211
-0.0106843513221561
0.000833340271579316
0.0024830852273321
-0.00777363197557354
-0.0103261699061587
-0.0308343072102425
-0.00317812842007197
-0.0101890445021157
-0.00563873523843572
0.0109982246311998
-0.00413591232581125
0.0200491883758042
0.00615132319498799
0.0264731891495111
0.00964639258699715
-0.0248240924092002
0.0371951339816988
0.00773764320091952
0.0261740583319682
0.0215866614097557
-0.000297378645544396
-0.00240588416230021
-0.0080720370305129
-0.000985055423895289
-0.00307987196906363
0.0151413564568559
-0.0137740819806574
0.00247554022115966
-0.00657488010163905
0.0038101727530039
0.000727950020475765
0.00146337176179827
0.00217375918213185
0.00152804576862153
0.0100129577943723
8.41513377419171e-05
0.0135123993255412
-0.00421744371500917
0.0228669301033846
0.016865606958391
0.0690607809165888
-0.0153420027289633
0.00800405856342424
-0.00707643711748968
-0.0032651942215356
0.021653437994728
-0.00814655576526882
-0.0113464880118575
0.0113687722884459
-0.00569105101530637
-0.01850567251584
-0.0199918321884953
-0.0228453553760613
-0.00446812119611559
0.00465286101773131
0.00573967123574649
-0.0142754448116877
-0.0270804979491468
-0.00876870668485253
0.00936821327391271
-0.00526064579272111
0.0228896161914896
0.0189972744694997
0.00661986770411307
0.0577344572383467
0.0137359833839669
0.0303351198105709
-0.000269633602073971
0.00550134440442496
0.032807125077516
0.031152834171567
0.00110237258169854
-0.00577127625363033
0.0270022743118047
0.00277301922246931
0.00217973316505373
0.0243462121666946
0.0299552013560324
-0.00737597607576879
-0.00196859668417987
-0.0519681362158578
-0.00671516217923221
0.0155176886992061
-0.0127710062809247
-0.0103690748141969
-0.0117252935925958
0.0312167586532364
0.00079220272155428
0.0103139258729114
0.0439947624307613
-0.0176443713608083
0.0109945487409812
0.0516775597796306
-0.0235634058124542
-0.0312525563232383
-0.00599462719367224
0.0253313087194653
-0.0252305965173226
-0.00294444658986551
-0.00865238604449507
0.00815794424837016
0.0108271268920454
-0.00572989068007897
0.00334711206325901
-0.0119004598260358
-0.0837566247031882
0.0110119707003722
0.000774791234966878
-0.0178046789181623
-0.00233879301223689
0.000481292032899548
-0.0705646181398365
-0.00818936882869073
-0.00808226542233981
-0.00896523796269856
-0.0105146238425855
-0.0126612058491024
0.0062706923167118
-0.000698801896611493
0.00849248683617465
-0.000423702387041341
0.0215488333725813
0.0121697231349239
0.00240424632186873
-0.00379337364479177
0.0187242520235757
0.016771518263084
-0.0157630442216494
-0.0125463565730656
-0.00213702708702475
-0.0383715012517256
-0.00898319643155043
-0.0175883602761493
0.00712953627570998
-0.00412331888269731
-0.00755535278304237
-0.000589340127317954
0.00835957081812455
-0.0397472504345859
-0.0136339559037894
-0.00588705968521852
0.00494976651980562
0.012801238174626
0.00106099853615968
-0.00989983626409353
-0.0297948178135152
-0.00876878428592892
-0.00438582035965976
-0.0135569782671048
0.0205531563399523
0.0405680223821992
0.0109759195892395
0.000648343006697413
-0.0347537896134635
-0.0027444643162064
0.0355622866397833
0.00209077218118822
0.000852761168846287
0.0166435999245439
0.0570878538813909
-0.00385305293232659
0.0301314085345791
0.00290523510169895
-0.0030350836527136
-0.0100675089970808
-0.023226385659068
0.0100516605044146
-0.000634286202257118
0.00683479223233571
-0.00798082973135058
-0.0265362429812096
-0.0145284672105417
0.00286828644843888
0.0129998209355984
0.0417951656057589
5.3251556652627e-05
0.00211785097930333
0.00265259264675308
0.00659398520999054
-0.00240544595121985
-0.00204236888818258
-0.00446929750833424
-0.0143722541578308
0.00676718641031529
0.00738405886303839
-0.00393015853624189
-0.00468142170439578
0.00451966602689795
0.000194051255814185
-0.00125293813338985
-0.00264935338107734
0.00431782538776484
0.00112704953554943
-0.0266995941184806
0.0296451558974108
0.00944102659989962
-0.00213616564799077
0.00938064949643058
-0.000457283434009428
-0.0118182954129628
0.0083447005169443
-0.00166545088308547
0.0255230291284119
-0.00638757721712506
-0.00505594940038268
0.000730272178810692
0.00189888079304541
0.0108964851418259
0.00145967881511236
-0.00038492323003892
-0.0196893427966406
-0.00213067224051266
0.000804552677208889
-0.011415516836278
-0.0168648711986838
0.00262268114222045
0.00286891189862259
0.039353373054728
-0.00500102029420631
0.00775110383058826
-0.00381980606263433
0.00563364822142648
0.00796685180435305
-0.0700009687308409
-0.00393462835745867
-0.00505480073810653
-0.000266218155544513
0.0133993885648262
-0.000609346143564065
0.0206558611488583
-0.00250011652964577
-0.00768316705573674
-0.0027426151135384
-0.0118125351263956
0.0171067137528541
-0.00228581571792559
-0.00151714697522705
-0.0112502378085684
-0.000550227845542996
0.000183492516446252
0.0053614031561718
0.00598259102419171
0.00722890712696528
0.00137083065075243
-0.00943608918792838
8.40067738371638e-05
-0.000444960176243266
-0.000725767769912582
-0.00127808993375935
-0.00524061011080818
-0.0160701303568978
0.00431368740213847
0.00139656143990182
0.00159398265389914
0.0170446996959919
0.00253645033782986
-0.0174898724089917
0.00739102525233631
-0.00128098504338888
0.00169522380606013
0.00398637876061164
-0.0191998470315553
-0.00126922126131635
0.00475490374443358
-0.00480246867016328
-0.0068324079672854
-0.00254202280792566
-0.00585698687925431
-0.00901225251984433
0.0031510052935724
-0.00601522864962764
-0.00417305599522696
0.00472251793986839
0.00580673644328212
-0.00675217100650768
0.000481068263841986
0.00194205864373442
-0.00188355586578646
-0.00803015745475195
-0.00135407696411147
-0.00337875467594358
4.32972411234156e-06
-0.00690829778421306
0.0168255084007212
-0.00337463007512601
-0.00287885822240068
0.00465343218539019
-0.00174836879709159
0.00303601006640064
0.0269394848795366
0.0364687194639455
-0.0015625088361567
0.00111513302309271
-0.000411249880896356
-0.00262588058140059
-0.001202462349202
-0.002709557900145
0.00368201626687901
-0.00616561995923051
-0.00167168089814214
-0.0100799169182482
-0.00250598933909362
-0.0179537399290255
0.000933387757526834
0.0179322195502384
-0.00235031158518808
0.00177152832862198
-0.00121548007875084
-0.00771871424504643
0.00081716638844365
-0.00411990966583355
0.00489268786799966
0.00221748444649762
-0.0010605633245963
-0.0160982313118968
0.000586007418282244
-0.00652194767611965
-0.00203818867240308
0.00263698359938383
0.00442942881363889
-0.00199209767474866
-0.00240015118730514
-0.0081145633304081
-0.00467437351108589
-0.00606176968999798
-0.00738281513801959
0.000423041780026071
0.00814372321412711
0.002703015554005
-0.00253142443513683
-0.00703970708851971
-0.0059950136857537
-0.00670603077737294
0.021064704616049
0.00423251700276724
-0.00172629202223052
0.000309137344764512
-0.00426144219622511
-0.00885525150209105
-0.0116410240692854
0.0159501087938148
-0.012886223674926
-0.00931087782275873
-0.000520317254224963
0.00118480691663071
-0.00631000788969918
-0.00138115965083884
0.00440759967082829
-0.00228657651032454
-0.00114402060692028
-0.0039454129509717
-0.00173493893867189
-0.00389946153119352
-0.00247171216511324
0.00329350183970115
-0.0106665766408583
-0.00741907714026833
-0.00127886605743421
0.00616546814238663
-0.00267832912850079
0.000471899242713558
-0.00421360102364234
0.0054968045055528
0.00191597350969179
0.00222879512074082
0.000369306349556836
-0.00551429653385378
-0.00431521271907099
0.00235575626151512
0.00289743312146951
-0.00660239345697693
-0.00467663848509221
0.000982254544206578
-0.00248871718191595
-0.00198376185121842
-0.00337841807058118
1.70710591011316e-05
0.00132648600374308
0.0159084113013256
0.00453718658130993
0.00229609353886977
-0.00481592765278871
-0.0013891886943503
-0.00259154257728124
-0.00291372787360223
0.0012614330366894
-0.00282249267355552
-0.0020945655278143
-0.00455900939151023
-0.0021852526120665
-0.00130870327340708
0.000936433028730603
0.0076067057673353
-0.0066038138726221
-0.00310054051605519
-0.00493157623234795
-0.00205110206875816
0.000400129880967586
0.0034891473131504
0.00455513717355203
-0.005607469284186
0.00143630475104897
0.00292579930361336
-0.000497154727608473
0.00102569306616553
-0.00124271636857698
0.00194996610933222
0.0022931618773653
-0.0085400801144007
0.00133890050880281
0.00204349712529187
-0.00590814295316674
0.00341476643833227
0.00385537042904094
-0.00417041384622338
-0.00195535546084674
0.000944063265675983
-0.00434157887179577
-5.5277369845599e-05
-0.00154734184916644
0.00174427620645907
0.00179816272136454
-0.000209621900447111
0.000721621656547001
0.00211147901140427
-0.000253730303439731
-0.00215918654630774
-0.00263666482534004
-0.00154346415292884
0.000948988253215474
-0.00117503721965849
-0.00197280701879764
-0.000583275432904669
-0.00147065444535549
-0.00241414816794507
-0.00291659505570819
-0.00374175171938775
7.19630531917261e-05
-0.000125170964994071
1.01672749273009e-05
-0.00278225886124435
-0.00319682787453935
-0.00403838988706545
