-0.940064913743979
-0.888156738000549
-0.730627972989146
-0.32765197057822
-0.067008489282502
-0.0291809862234848
-0.19994682236401
-0.104061521839742
-0.120255776802805
-0.0531932381844799
0.0209018053590937
-0.0089517255832372
-0.0971466812799117
-0.0229477129726678
-0.0277003206596766
-0.00960619797608281
0.0169608106761125
-0.00513066781390928
0.00911629033272391
-0.0120445079613813
0.00337311661928111
-0.0496492236202957
-0.0233932167214257
-0.0099675781675692
0.028823229731251
0.00255597534977884
-0.0113683382914474
0.0180607415901495
0.00671060848072621
-0.0184207552445008
-0.048092344152824
-0.0455145283403206
-0.0306979946909653
-0.0093705308913939
0.0304202612695991
-0.0153283838034698
0.0280254968948382
-0.0191603665289525
-0.0280050278596407
-0.00423250277583231
0.019694548420301
-0.00151785206468682
-0.0394255954982624
-0.0355457101278296
-0.000970213961793864
0.0164250393767858
0.00172494894080266
-0.0549409996079446
0.0224918818859738
0.00136531213352697
0.0053902336858489
-0.0126905436807614
0.0102748663994369
0.0160682682591487
0.0307380223367456
0.00881030360887604
0.00537110747707659
0.00790649790738232
0.00221884015721445
-0.025171136132056
0.00130190236566313
-0.0190500574856844
-0.0293715079782109
0.00995479699857752
-0.0788726817091573
-0.00276517861742147
0.0134706663117204
0.00302116835183118
-0.00742018534125542
0.0145996203337405
-0.0151450456666195
-0.013749348088739
0.0334652684027914
-0.0288130740206131
-0.0277363204220072
0.0208199092052087
0.000264879655103721
-0.0272873629158717
-0.000215855570533548
0.0230289915635602
0.00258147119147902
0.0115575247021941
-0.0279725362777533
0.0231230598980217
0.035909087630854
0.00320333560435219
0.00810556202017304
0.0127372369145696
0.00565791318462658
0.00260062092556337
0.0107386688372303
0.0284789806196426
-0.0036878182257067
-0.00133925885042772
0.0115666885746418
0.000165959118541826
0.000856117823309868
0.0162014212893695
0.00303898321074745
-0.006756582112202
-0.00267242500157261
-0.0169367057383731
-0.00928529720110267
-0.00758521736780055
-0.0580265993464701
0.00498693053585776
-0.0116426152307998
-0.00955663505998092
-0.0283017036217726
-0.00880439391689654
-0.0341659733159131
0.0209119685701584
0.0126966659407149
0.002960876685956
0.00167661970346865
-0.00693287775194695
0.0304519936865809
0.0183424528694296
0.000607775186667516
-0.00994559154367469
0.0012381172168444
-0.0260177765922324
0.00226169446639351
0.0325478021446233
-0.0633479153262206
-0.035882912218683
-0.00951566984671499
0.0165241777565478
-0.0373488496273992
-0.0165991266182738
-0.00906451418814341
0.0117975798914603
0.00325638701330016
-0.00443919109512438
-0.000120896082084126
0.00072998018860045
-0.00667634175479668
0.0137248649020146
0.00668636756021151
-0.00114952802352529
0.011408405223178
-0.0356362180028422
-0.0296925384782719
0.0137674097196998
-0.00870475415688616
-0.00107742098956982
0.0173504648051473
0.0214521234133689
-0.00478686164165526
0.000254315796017245
-0.00422008066025715
-0.000694892007505184
0.0307474865689098
0.00142083144326194
-0.0153237214822931
-0.0196723878442637
-0.00864499369541733
0.000540780891927917
-0.000810499049063416
0.004990501717212
-0.00421158209604641
0.00282968092302673
0.0185492634051117
0.0177005855319293
-0.0146510586028776
0.00897714058438956
-0.011566291999269
0.00783875822995554
-0.00395885756026206
-0.00168294253199535
0.00104324817126915
0.00796174771024124
-0.0296595601401278
0.000612672185040184
0.00569417684144732
-0.0077722550607195
-0.0018964293184598
0.0109850248431822
-0.00585256458065034
0.0151421285966422
0.00559006011587148
-0.00143822354851871
0.00420014562856835
-0.0034829695132183
0.000277122934872853
0.0190883249842634
-0.0154242696787036
-0.00764679674881294
-0.00526639359067642
-0.0081012644799738
-0.0184732085347692
0.0545736658214295
0.000227675525744805
-0.000461158848691704
0.00936823101248883
-0.00761028334269521
-0.0115663959547335
0.00307703382150698
-0.000478927496638702
0.0109984760497328
0.010760792116035
0.00403251475609501
0.0109477018095282
0.00224206361332836
0.00243391524012962
-0.0135385644821854
-0.00107997273447359
-0.033279421113307
0.010240091040286
0.00214826210833665
0.00620998296461171
0.0213057386095849
-0.00162859983607266
0.0177028696182492
-0.00254730092471219
0.00302233704971803
0.00893053821994619
-0.00479114550844557
-0.00309607701270828
0.00294304821107044
-0.00400680884953388
0.0054602829847667
-0.00420574123343297
-0.0130727255913792
-0.00143069169540044
0.000765229548266074
0.0162741565095644
-0.00148915309967056
0.000950783166559719
0.00135440751503575
-0.00120825964546888
0.00244809795876577
0.0163165793966441
0.0071225971999652
-0.00800453911273052
0.00766140086627267
0.0256111265586686
0.00464356420775025
0.0075247974167969
-0.0220686851721247
0.00329631694959752
-0.0122329216238406
0.00403975616965511
0.0131352901820118
0.000183521120739697
0.0151431644740542
-0.0201800599985247
-0.0223713968722591
-0.0112272495334593
-0.00388211053468433
-0.0122355387917224
-0.00313755854812522
0.0189046729072402
-0.00256258782760894
0.0086464278904761
-0.0130520964224062
0.0012455382156859
-0.00900197999303389
-0.00378584061322944
-0.00397315696087261
-0.00538398473016995
0.0053940645304637
0.0073013862174724
-0.00740002421531559
-0.00182572418539514
-0.00208497588754733
-0.00944122409967194
0.00111548991835716
0.00211686835312493
-0.000688498427822738
0.0206393335899502
0.00497859330724365
0.0102008772546299
-0.000238421655863867
0.00541374389596399
-0.000791694469146723
-0.00488446612373354
0.000836876848624681
-0.000428132238857693
0.00230904829859809
-0.00155242551834025
0.000404238123928286
1.23574912652639e-05
-2.92165623302938e-05
0.000810998805359854
0.000979253979402284
-0.000208650013919454
0.00237482877601629
-0.00185241310083494
0.00492937233801351
-0.000366208408718607
0.00163163094714458
-0.00475516708194121
-0.00667886076802515
0.000885626492360701
-0.00386073148458712
0.0016732629390579
0.00464123600487427
0.000926690947606065
0.00173736070766104
-0.00113456102187805
-0.000385110122179623
0.00116970607588819
-0.00198545156868555
0.00348583662965139
0.00988081947012793
-0.00431582859624681
-0.000516877329417485
0.0409687055428906
-0.0029520402567583
-0.00374756537787026
-0.00517152452027791
0.00088068545641905
0.00882611432712262
0.00144772866500416
-0.00235538567402678
0.000334392476028921
-0.00923042663216717
-0.00550576091699923
0.000840395103956774
0.00673086689522194
-0.0033453859758967
0.00315451017449401
-0.00122209181311585
0.00075358461002815
-0.000717560012560957
0.00843445757660151
-0.00260896615883198
0.00554022295026812
0.0111450827846216
0.00425121831292931
0.00279473487991332
-0.00357180370467061
-0.00075066088809823
0.00322354196350736
-0.000520404406308711
-0.00663379613568911
0.00356334772752008
-0.000131978902990358
-0.00713244086190598
-0.00681168914624314
0.0023210668083808
-0.00135122647822202
-0.00237678938747282
-0.00831966191732241
0.00117764048493934
-0.00444506884461749
-0.00226547196286043
-0.00392839708431173
-0.00344438956376946
0.0027448314733116
-0.00640887312801945
-0.00871750053569293
0.0364417137769791
-0.00054144483514429
-0.00206578107406819
-0.0049301023587416
0.000406255778509308
-0.00225218280827326
-0.0182968870954679
0.000407011134759245
-0.0048403582930964
-0.0125815284821562
0.00133018378494443
-0.00108250246969398
0.00556315271357948
-0.00188821142949068
0.00721469995953504
-0.00461973029533791
-0.00181663172712559
-0.000278381249788343
0.000123304512951807
-0.00375631462353477
0.000349562382441056
-8.80132115447193e-05
-0.000918861181430113
0.00454562062935355
0.00254389376339688
0.00048353193041047
-0.00368799001303888
-0.000470209650935635
-0.000583330686772441
-0.00409774713178799
0.000933051299897291
0.00490595649252686
-0.00160990364044563
0.00228184974679726
-0.00223213408725039
-0.00703225690676313
-0.00952367918621715
0.000161088141667638
-0.00402188485693897
-0.00054363790380765
-0.00275087449035656
0.00611864282751435
0.00138445212920663
5.38124511603558e-05
-0.00143404783712602
-0.00053826309142203
-0.00392472357099146
-0.00675124011438166
-0.000279263121727706
0.0011694928703524
-0.000136390935010884
-0.00112564757915344
8.68937668064379e-05
-5.11344499528801e-05
0.000326086737212536
0.000553014434594012
-0.0533945432146017
0.000490538341768822
0.00324283106464779
0.00294413923832776
-0.00106265249155359
0.00194625969049308
0.00135076289345225
-0.0021307903441272
0.00159543214480377
0.000128649010443283
-0.00601755526047072
-0.00192813471034166
-0.000172061736414468
0.000595747597640301
0.0018608366746526
0.00126787226531787
7.2565206180252e-05
0.00512899495493708
0.00172387790829284
0.000280856645363646
0.00532586487001383
0.000355836264168023
-0.00105617096160064
-0.00102354075566378
0.0014103546790374
7.72351148625825e-05
0.00108618244954255
-0.00126515642727121
-0.00085366603078167
-8.79288043660769e-05
-0.000680700983236798
-0.000999858409446395
-0.000692290217945491
0.000748990080952462
-0.00444574508510028
0.00018515738985199
-0.00165666289631863
-0.000842634951379113
0.000633430320601013
0.000525681193903372
0.00388990229042727
0.00165342231777727
0.00363545940808019
6.42397174613104e-05
-0.000428605304614371
-0.00280449173998105
0.000119816271719528
-0.000242627032434517
-0.00163909121401878
-0.00241541327845356
-0.00279443026019502
0.00129979735441671
6.30262835803464e-05
0.00206575331839934
-0.0010520570675922
-0.000331564572181907
-0.000734402802460397
0.00267955040101073
0.000381717562294481
0.00137314531785224
0.000441282681904201
-0.000784446364613744
0.00028820609887778
-0.00234788745553011
-0.00118667238733563
-0.000100665957063204
0.000333243226547479
-0.000203139004268079
-0.00132326775592762
0.000637639333796189
0.00280638048541608
-0.000502512607606081
-0.000645956902386801
6.78339355101929e-05
-0.0014404398021959
-0.000129021153336932
-0.00032330988004684
-4.67858556285918e-05
0.000207677506212798
0.000910104779324942
0.000648324578134654
-0.000634990004844659
3.39116523020032e-05
-0.00221039793057413
-0.000487435014401867
-0.000893389900546752
1.78788410667372e-06
0.000428170188877716
-0.000784330308746085
-0.00387039022595524
-0.000585137178501628
-0.00021404241072469
-0.00100492533252632
-0.00181295667246953
-0.00144689071684419
-0.00141584611726348
-0.000402996380753592
-0.00156206404898867
-0.00015548053534956
-3.21913396814006e-05
-0.000433997912863655
-0.000431243777284984
-5.21677607382275e-05
-0.000232746258704561
