-0.922086298064092
-1.00498527294376
-0.730533981261849
-0.483581625175917
-0.220380400402964
-0.0606713688910568
-0.0644526169661715
-0.153086328539008
-0.133735618397946
-0.164597001750201
-0.0906359681233752
-0.0657959317518173
-0.00829171582628803
-0.00655490941215464
-0.0309248344158031
-0.0570753931484438
0.0014426615539438
-0.00533184340752552
-0.00176044779902245
0.0208111863226675
-0.0293921738779238
-0.0176161036273338
-0.0965310555244668
-0.0190243804868619
-0.00666866676473047
0.0052964688403632
0.00265743831910392
-0.00176897995849837
-0.018429326330893
-0.14538469604779
0.0335025125672259
-0.00429117302917241
-0.0018381018014107
-0.0109919322741012
-0.050835999174934
0.0182014177156438
0.00114488584969346
0.00181354071510548
0.00319269289154397
-0.033861503951607
0.0470588525114394
0.0352245275420699
-0.0143872351201685
-0.0194715274495615
-0.04509712525675
-0.0383182019936862
0.0108092993318204
0.0395117983514286
0.0184084611109547
0.00947856627762759
-0.017552999540909
0.00936395036867114
-0.00392681433468792
-0.00118410250149214
-0.00208125361432531
-0.0294025816988078
-0.00103833225403183
-0.0037542182068607
-0.036011857358657
0.00733408893855927
0.0147112910150796
0.002021745028593
0.000956833189698109
-0.00726132601005259
0.0153648791214492
-0.00592693207935168
0.000148937880344449
0.000542769859263342
-0.0219235506841695
-0.0236171484381098
-0.00990183174872458
0.0129248836006613
-0.00997334694734763
-0.0312059631695506
-0.00320939487092458
0.0260408330997674
-0.0081304622966987
-0.0132177785402895
-0.0072632205744219
-0.00568219085789116
-0.0366686930693549
-0.00267994987837659
0.00855573267989639
0.00492973708258818
-0.0454410742093458
0.00530428017077809
0.0197643021676529
0.00165310493712636
0.00311674278962049
0.00108623090171481
-0.0111041950463667
-0.0017672267224133
0.0344293278519439
-0.0259395550296143
0.000487675992024469
-0.0114655566925387
0.01488392823163
-0.0046125619633791
-0.0114000550023341
-0.00357710096719617
-0.011761719494377
0.00131773457903531
-8.41079597303121e-05
0.0101083792236263
0.015681767380195
-0.000899108236454204
0.00525044875803641
-0.00134710938023396
0.00246876674777206
0.00853932522689911
-0.000676314558115086
0.00435593388169404
-0.00787168087452552
-0.00987287471963898
0.00573172299818091
-0.0103553473130315
0.00329993077455173
0.00281990232122606
-0.00426449511352466
0.0073740289486188
-0.00600486900345404
0.00461266858962868
-0.00417718129415489
-0.00806076234131617
-0.000862198383988522
-0.00316530607606713
0.00449167129169134
0.00833468217289766
-0.000276287360635236
0.0126316447176991
0.000932703118114768
0.00598710091085237
0.0344114098498881
-0.0296619958166025
0.0296934861825732
0.0177345607836506
0.0425542918133549
0.00213181751901945
-0.00930298785427416
-0.0085462563959801
0.0115866041847072
0.0083013247473683
0.0352479828843552
0.00889349081679849
-0.00332661543539943
-0.013296339060638
-0.0189753942969378
0.0113457315245964
-0.012859663456259
-0.00385697108803777
-0.0049657153485314
0.0029677639992311
0.00562101460845003
-0.00060311057670026
-0.0021254794884661
0.00878459752340739
-0.0119101528228701
0.00883696405714515
0.0149810274412143
-0.00680740907919189
0.00224601663413666
-0.0122014017662596
-0.00479056755080277
-0.00806270846034949
-0.00318215228982305
-0.00277889275384095
-0.0173110326241226
-0.000156060174075862
-0.00296959851752926
0.0497655871138698
-0.00508402356911395
0.00468925057266696
-0.0413382497003966
-0.000471294355009992
-0.00974492949866084
-0.0196521017325521
-0.00382083390097184
0.00535994938277254
-0.0178381228299999
-0.00218363637656342
-0.00079540260209599
0.0144185273252851
-0.00542881068342247
0.00339927160200553
0.0143786843770812
0.000649718431897232
-0.00390136969179432
0.00600256625894199
0.0161958287672742
-0.0230549424697302
-0.00108796768801835
-0.00190864277129385
-0.00328916985299948
0.00677132134841171
0.0023011238054704
0.00219278056124529
0.00306421464912404
-0.000211040959410345
0.00911833946648147
-0.00367767883383708
0.000871455145587052
-0.00851401782335285
-0.00151582400499197
0.00210416043786512
-0.000669240794835154
-0.00101244330057089
0.000513414101334634
0.00785616877377919
0.00955675923969297
-0.0310233079077745
0.00169864654052618
-0.00494134753498196
-0.0068931188825489
-0.00057714318593999
0.00231185676236276
0.00419187577155882
0.00114606670960925
-0.0148649757020939
-0.00170920206909245
0.00582434527515054
0.00586270767563402
0.0342914139011007
-0.041623908213402
-0.0266153322898334
-0.0172216702816785
0.0161577246394769
0.00382963458626659
0.00192975268894129
0.00477794108528313
0.00373708808321662
-0.0113446493022892
-3.43670364648468e-05
-0.000387591656165254
0.00688283622203845
0.000123966092623617
0.000326617802937529
0.0177105007452193
-0.0276639420399633
0.00694227646384116
-0.0164644448949597
-0.0271917573993494
0.00223820731737804
0.000770002296514586
0.0177900389170017
0.000180297448908307
-0.00498669289568741
0.0019887626914949
-0.00144259329589612
-0.0041739189781434
0.000745510720364214
-0.00351353000688418
0.0109433224116356
0.000437590604317643
0.00123654736541413
-0.00440115149904762
-0.00381335821769205
-0.0123210708933893
0.000549045753247594
0.00292464852786381
-0.00800726483851391
0.00527756263050046
-0.00317446661954936
0.0053629716732913
-0.00148436625774564
0.000401478838130896
0.00521829946399803
0.00369557174504945
-0.0115546053428496
-0.0147778492924395
0.00379518807118343
-0.00427350181375724
-0.00329317783532445
-0.00602669368574557
-0.000193178235707186
-0.00578304767008245
-0.00576251481280737
0.00723381728617806
0.00249719385173861
0.016088670207549
0.0055803194696155
0.00515689377915124
0.00126507685449357
0.000406439739983844
0.00236079743094381
0.0004811621089608
-0.000751098639195881
-0.00428709144310297
0.00786743767419051
0.00684000423989291
-0.0177999279475902
0.0118007800401648
0.00936722337424694
-0.00802336193782867
0.00134888790712696
0.00228990358041471
-0.023056586724412
0.000376080743695203
0.00328211990717113
-0.00630645528467649
0.000119568743695108
0.00108638816709504
0.0076372210358775
-0.000724474695845781
-0.0225711431714903
1.62592740125872e-05
0.000952434191139829
-0.00390549193486037
-0.000333022907968658
-0.00150239091432481
0.00237247452883481
-0.00106773979392651
-0.00694013639759343
0.00624564301021146
0.00325344349940584
0.00139164969807197
-0.000205327662162341
-0.0177230529804301
-0.00623222507238472
-0.0001172248974819
0.000400322002818021
-0.0101704474282503
0.000107865604094917
-0.0014529972370093
0.000328197857599224
0.000551972126858772
-0.00533774951281053
-0.00736180278928316
-0.00599427034496687
-0.00921384230833928
0.00230254287573341
-0.0026266168867562
0.00349498474064375
0.000821111849653344
-0.000399112617028931
0.00627729234927678
0.0124194466661618
-0.00596818181967679
-0.00668628413087531
-0.000946692218881913
0.00495829721139881
-0.0454445303213064
0.00126956223187432
0.00329791626248885
0.0137752262657842
0.0296041564316362
5.15446755168106e-05
0.000808878680108265
-0.00533036109386868
-0.00194734522277393
-0.00145226196829628
-0.00255283581383242
8.78719443343124e-05
-0.00145714147515636
0.00177906913547643
0.0048544930394716
-0.00596623294682931
0.00311936861805971
0.00802038963911481
-0.0010569012015163
-0.00302749431994901
0.00204008199352467
0.00159328783258028
-0.00164662270901914
0.00237542148747072
-0.000810705076090405
-0.00498127374275463
0.00188818022502848
0.00224498156506344
-0.00107468165223944
7.99017673532416e-05
-0.000451159590046691
0.000851953258124303
0.00373066536528602
0.000782981220705127
0.00290276219569615
-0.00219759020927594
-0.000972109117878278
0.000108039855354228
-0.00242750976953291
0.00438048780846029
-0.00739782759596062
-0.000408987472064309
0.00136830287047506
-0.00293017973553141
-0.00016312790539348
-0.00081135703038162
0.000298092301767585
0.00297734610626374
-0.000621987035031833
-0.00315493539614986
4.74965123725191e-06
-0.000820246830995969
-0.00147687090406663
-0.000752012754167081
-0.00113619353507415
0.0020875999735156
0.0057121247141958
-0.00193652601324951
0.00499103036911256
-0.00422615774535378
-0.000662586820777324
-0.00120457513928705
-0.000665721606969151
0.000745186435201943
-0.00174287002184667
0.00341372448217907
0.000254734976054345
-0.00658270673500106
4.51184300039011e-05
-0.0027011915264284
-0.0227013944382811
-0.00517774287268296
-0.0131541485186565
-0.000844051825938402
-0.00512186962680297
-0.000553271828673777
-0.0020435054429837
-0.000319785979457129
-0.00161948821709466
-0.00188346705008635
-2.55649871418152e-05
-0.00758705861224588
0.0052000847973203
0.00258676378162111
-0.00197018138851424
-0.00200524139707549
-0.00276615272270595
-7.09040197709604e-05
-0.00449883742070831
0.00118813110538783
0.00084124850082674
-0.00311950267349836
-0.0014674555715104
0.00210824385657052
-0.000452133933359157
-0.00169006219290946
-0.00198699451478355
-0.00385889738440228
0.00056830465288137
0.00479970014995429
0.00304956279711987
-0.00130094969864462
-0.000620528690758151
-0.00154740023902815
-0.00492671004668889
0.000350902749651015
0.000425390713757971
-0.000442237555062078
0.00220338246861697
0.00786199711684502
-0.000697114699458095
-0.000185982034165815
0.00269670241177015
-0.000632863749635473
1.98358432278961e-05
-0.000782093926296468
0.00132818769008555
-0.0101073294182413
-0.00731312946575641
-0.002447735148324
-0.00233169777031751
-0.00366919002660189
0.00392038728998791
0.00439049961457138
0.00485233488014175
0.0021577903642573
-0.00180811337242981
0.000180293081646966
0.000260717468617492
0.00183580347419007
0.00050119906423029
-2.94552213240301e-05
0.0013021242825645
-0.00100443257590455
-0.00489381949382601
0.00403082453261682
0.00208458534365785
-0.000850425986719638
0.000434321255752037
-0.00151285750120168
-0.000344018620397212
-0.00303592096167285
-0.00229919303090127
0.00212364217353614
3.30572271862359e-05
-0.000800015023126912
-0.000413930814307487
-0.00101602584323021
-0.00455938707258353
0.000105366836959234
-0.000396793843311555
-0.0018190512908129
-0.00222607880439273
0.000102317770583427
-2.53564502010463e-05
0.000421869792723806
-0.000580923198595894
-0.000445858881839461
-0.000659856141031643
-0.000409713140602334
-0.000338571197087316
8.41220136221137e-06
-3.10414140442984e-05
-0.00059147402743097
-0.000551047158841447
-6.81440460864575e-05
-0.00024029158459192
-0.000269363277498616
-0.000423613989894891
-0.000594817547797607
-4.850685283274e-05
-0.000423240131126991
-0.000484902041559035
