-0.990097034423963
-0.966766841852906
-0.571627125713099
-0.431982032791892
-0.537984380173066
-0.199101416684413
-0.373968399761659
-0.303512654912067
-0.201143308518385
-0.0613346874623963
-0.0891511747956393
-0.061234954510991
0.00349345709583333
-0.0376933670859831
-0.105614286225079
0.00869240917705921
-0.00288807280804628
-0.00489450248585928
-0.0116405810839359
-0.0112510198970902
-0.019785979427679
0.0183325954955282
-0.0072357604391657
-0.00203937161777951
-0.00865116089114001
-0.0132222149485947
-0.000219880619042418
0.00155364634580753
-0.00528991152619587
-0.0119052583478622
0.00113240734464652
-0.000564373141206655
-0.00179218510877449
-0.000725019641871267
-0.00612384947343447
-0.0182826008562224
-0.00527493718386586
-0.00123574194484301
-0.0124396596565173
-0.053127154000916
-0.0199607236467725
-0.0116841174477643
0.0185684080047059
-0.00763418514468755
-0.000518551024961239
-0.00553171807823587
0.00809330246319922
-0.0302872156724987
0.00389151691646134
0.00176724585911948
0.00340345316823741
-0.000595622756176591
0.000326251560502984
-0.00164478251540526
0.00323634896783866
-0.00371167513354975
-0.0193512309587114
-0.00830873607773447
0.000984556644200642
0.00170570701828969
0.00155797353396844
0.00191123675999406
0.00702451030641412
-0.0071219572706216
-0.00245308816743692
0.00730081902096098
-0.00255355935154393
0.00399864271173418
-0.00728586321751179
-0.00125651733367491
0.00198241523116011
-0.00987627669381128
-0.0203185080117263
-0.0117178111047788
-0.00171401952245933
-0.0224883295030117
-0.017780537038697
-0.0190871945428665
0.00752636220602416
-0.0237005604995041
-0.0339939863557038
-0.0332310719484202
-0.0293873628645304
0.000586054552591923
-0.0148788456837399
-0.0193619661667219
-0.0121013064248859
-0.00986308520704387
-0.0100995906194128
-0.0240949558231748
-0.04116737712113
-0.0217430320115182
-0.0011214020890205
-0.0106776183695108
0.00206398841634938
0.00432959339253631
-0.00791961088897925
0.00010081465340868
-0.00533872107901846
-0.0071171380018177
-0.00618061570500862
-0.032144432167959
-0.0557298696954254
-0.0301654775161815
-0.00570509777148818
-0.0222749004396324
-0.0133620108319197
-0.00441989593156773
-0.00651689008977134
0.00509675541169164
0.00392688921760202
-0.00598225682146613
-0.00951997653014672
-0.00690454954649065
-0.0158889328793617
-0.00737011720593295
-0.016243787588181
-0.0139815219292446
-0.00234377360021022
-0.0163852904272161
-0.0165458261452137
-0.0158178920250924
-0.000578697581031799
-0.0262512832358813
-0.00355271419553582
-0.000672055134142638
-0.00757542025626067
-0.00885306066286977
-0.00359395563964165
-0.00291113074460243
-0.00647729956475089
-0.00188622511180586
