-0.961721038273752
-0.968648844727294
-0.790061832862718
-0.619606574190192
-0.578671972203548
-0.344940154562295
-0.065002014084591
-0.12751409593109
-0.177849781553948
-0.201639930311718
-0.176105743209708
-0.0664626123669786
-0.0629591193253791
-0.00373420445736931
-0.00300240233178901
-0.0602500517819304
-0.0875826387125284
-0.0491176283096263
-0.0120602240969653
-0.020774188831843
-0.00407114066843029
-0.00533168766332334
0.0102826241959394
0.0209376852222173
0.00313168775131089
0.00807121240168378
-0.0122829206073006
-0.0060262498902524
-0.0399868476280479
-0.077191769399041
-0.0175384104227994
-0.00356914495194058
0.00296000370540329
-0.00723355267786824
-0.0396907346087825
-0.037375541215825
-0.0246264724313319
-0.0379221352943632
-0.0230705898217026
-0.0103188682075453
-0.0278095009893832
-0.0108112881069694
-0.00863314019590191
-0.0161827811053811
0.0148344647295707
-0.0124204831870457
-0.0259029780457864
-0.00901714509158985
-0.0149496787175064
-0.0409588544973867
-0.0148479045219858
-0.0188975819133737
0.00943426537717997
0.0212291184707326
-0.0213200751229134
-0.0153534754907785
-0.00710521635799176
-0.0490800821539203
-0.0242320846702721
-0.0259255211733985
-0.0234723602974101
-0.00633029514031484
-0.0268551936728967
-0.0171315337950083
0.000600901424872412
-0.00533646322524557
-0.0362065944185932
-0.0219777661265827
-0.00408970306658915
0.00811441561211701
-0.0118618951183747
-0.010977615342054
-0.0163237841663126
-0.00168088982957903
-0.00910328640017386
-0.0189440092954911
-0.0213169880929364
0.00036229138501428
-0.006629719158128
-0.00697984747301551
-0.00295082278627008
-0.0238274888219278
-0.00726567460744944
0.00754323818146972
-0.0100622851788233
-0.0219225470880312
-0.0224241275567331
0.00386954317748399
-0.0236558612617832
-0.0329190391470962
-0.00656609665405065
0.00251834830853416
-0.00109755184625907
0.00342083027803021
0.00410020563222584
-0.00294158222192739
0.00758175805573712
0.00948528094509567
0.00613416932516203
0.00287185385670287
-0.00866530880967618
-0.00739546759125664
0.00163466128437547
-0.00195871688058955
8.67469508697784e-05
0.00381971449968773
-0.0016506264255298
-0.00412052013253885
-0.000115280730812766
-0.0158134626076773
-0.0149534888496413
-0.000336584511475179
-0.00587289110800457
-0.0116742004694832
-0.00129432200987836
-0.00953148747327877
-0.0005409815600835
-0.000375258097672969
0.000344545842866848
-0.00541949330133423
-0.00231637890457178
-0.00118376357656007
-0.000699080894000974
-3.71725947462633e-05
-0.0033508388388626
-0.00631880811776067
-0.00718845854293945
-0.00760214845494192
-0.00223594160111068
-0.00269388014247178
-0.00334572028558019
-0.00359110584007634
