-0.973236683949891
-0.986922055999901
-0.873876210870675
-0.718811073921476
-0.706094300146154
-0.545859003459141
-0.587897072446391
-0.531092818426644
-0.142953215271958
-0.170697500652837
-0.387168779161028
-0.262306646315819
-0.193641744299562
-0.0249590443001952
-0.0911931947067419
-0.209160037879227
-0.0814683462432931
0.00480680933555
-0.0202434145847416
-0.102114500753996
-0.0409877086426488
-0.0370748357698721
-0.00994773254175594
-0.0161874650812801
-0.0366614906590135
-0.0220607355893629
0.0110541010287825
-0.00466551721083896
0.0036264945507789
-0.0334014669562289
0.0305551178263564
-0.00432257756346602
0.011169688333581
-0.0118100548324747
-0.00656614010594175
-0.00918496036176233
0.00137958644881565
-0.0160826135701447
-0.000706382694361688
-0.0150436859962143
-0.0150025929033888
-0.000516434893734827
-0.00439919013034013
-0.0266175944992858
0.00014996246433383
0.00455725948945738
-0.000761843373631989
-0.00440714297235905
-0.00919247043688645
-0.00211122600623983
-0.00100771512387265
-0.00288046996038398
-0.000401102395664037
-0.0188951540038238
-0.00696286224792579
0.0110475669998062
0.00138867950678277
-0.011235216492269
0.00587792619303493
-0.0127409780944249
-0.00710287825307354
0.00388445092632041
0.00608447976976942
0.0091686837570562
0.00326348826977222
-0.00732690804028823
-0.0267683022923501
-0.0308102568005064
-0.000713335428618265
-0.0239290051169339
-0.012969346430016
0.0270457112104868
-0.00902911217373938
-0.00197535439444915
-0.00546254526964095
-0.00866663160550971
0.010588378577261
0.0129687939454483
-0.00177069835283939
0.0192489931740683
0.0618741533449758
-0.000622740292185077
-0.00870887944849642
0.00767398982515844
0.000454350089881877
0.00516710306161553
0.0139011981960149
-0.00290327107007436
-0.00750177669393494
-0.0109415027366737
0.00480926001099034
-0.00814753988740427
-0.00625837900670459
-0.0310187181392421
-0.00145658255167717
-0.0186728429759482
-0.0210883127893668
-0.0327555945926067
-0.00608689397826216
-0.0312511395186331
-0.013266703589613
-0.0172957221489212
0.0169119464482467
-0.0153008923453333
-0.0186904604891846
0.00511718598510522
-0.031722443972827
-0.0112268076765925
0.00424161999935015
-0.00624667191704832
0.000124878053858654
-0.0106304462225505
-0.00354191383880894
-0.0143896257040266
-0.0179512802436253
0.00350982477311638
-0.000965135456402703
-0.00151478657653826
-0.00417198506061146
-0.00235095067895573
-0.0159431215166211
-0.009699847074689
0.00105888620467098
-0.00159610645625658
-0.00216382021522597
-0.0161117710676701
-0.00804389320290854
-0.00560422323761624
-0.030347498565017
-0.0162726694303324
-0.00290747019843185
-0.0135677129042593
