-0.98862441054291
-0.953325568472834
-0.426957575653096
-0.146805892153151
-0.432220095182242
-0.39147054808162
-0.207424062482836
-0.0297296523044156
-0.0202117204107098
-0.185614429832073
-0.123488556076357
0.0126286893809464
-0.00574323745076333
0.00144337423240473
-0.00896983412741025
-0.019462550053238
-0.00690097826805643
-0.00759632775073086
-0.0525847976760221
-0.00362819809686071
-0.00617825754173538
-0.00550967348761527
-0.00143008527343466
0.00737964862252456
-2.26194908250158e-05
-0.0367437394482933
-0.0428823378058231
-0.0300290413204642
-0.0156068739853644
-0.0215011530003699
0.00162437037476267
-0.0148205379800504
-0.0207520296551911
-0.00529461574763582
-0.00156093913393707
-0.00239487710370326
0.0131865952703608
-0.0304252951073113
-0.0095512634765269
-0.0341074430521416
-0.0219219779995777
-0.00942857179078025
-0.0161045397911838
-0.0276596579738494
-0.0101552652040011
-0.0134510547410135
-0.043706379084653
-0.0162528672484025
-0.00649090553762849
-0.0198335695366644
0.034991538072797
-0.00755193619265182
-0.0119922330325268
-0.00527377268974582
-0.00100719218998035
-0.00383140047043807
-0.000982134823292711
0.00257856328959301
-0.0138143150513957
-0.00179586767457043
-0.0116277093163913
-0.0218392801420221
-0.000228255211285973
-0.00370428453861349
-0.00720401228564797
-0.00958300146258211
-0.0184428952154951
-0.00387386271539692
-0.00534582673228615
-0.0125487322866077
-0.00490767959782222
0.00210756184359468
-0.00321799384676812
0.00580654772147475
5.87617854068074e-05
0.0018660150923561
-0.00470820659764661
-0.00694543458662093
-0.00725032868968354
-0.00658659973992024
-0.00362952221183018
-0.00349298740702721
-0.00813323257338735
-0.00443579060842359
-0.00146268970571567
-0.000757011262284259
0.00312332422947825
-0.00425474662941955
-0.00509546711070154
-0.00212296003390593
-0.00552482879469024
-0.00192812385657162
-0.00302171961869575
0.00140898476470556
-0.000356995203491661
0.000832810907137075
-0.00111168229852222
-0.0182770604766521
-0.00640606416776033
-0.0107388618228701
0.000659452156122639
-0.00833487947741809
-0.000747746009935496
-0.0192821287898962
-0.00550838721856997
-0.000105557959236428
0.00148129923112314
-0.00422790187465212
-0.0123137709567716
-2.99854469978181e-05
-0.00566237277586473
-0.00741505802528076
-0.0123081082143397
-0.012636905064137
-0.0214007193769439
-0.00336399098452492
-0.00525233991053054
-0.00139160050289706
-0.0188317058146183
-0.020033722014361
0.000216983531738759
-0.00270713285134523
-0.00491796269567691
-0.00067667118202479
-0.00218432557511086
-0.000752603580548227
8.32620131108899e-06
-0.00793295969076719
-0.0105089231270433
-0.00404378890476479
-0.00425287747283684
-0.00417759763138854
