-0.979980700241725
-0.778669378414481
-0.682828663594328
-0.498355464993067
-0.203379723440639
-0.380610696773117
-0.225287700569795
-0.101207078780015
-0.127674014815499
-0.0344823783405447
-0.10022397855795
-0.0592686084164291
-0.0255685699055977
-0.0122680177711476
-0.0202617950235884
-0.0218768895270652
-0.0178301474853241
-0.0189143628369578
-0.00488077701331325
-0.0413464262440277
-0.0637123137793724
-0.0112710595230809
-0.00529011455978415
-0.0125866063954703
-0.0922971185743558
-0.00988973327440138
0.0260228346504008
0.0190729972728231
-0.010780985363894
-0.0342105568563864
0.0023487229776919
0.00816968573869571
-0.00330188059882542
-0.00463642548124043
-0.00380328451414258
-0.0148253176026841
0.00564815174707626
-0.0107082937483066
-0.00579545269062384
-0.00302043000549416
0.0204430191100379
0.00205919502497635
-0.00249270217036657
-0.000914103995259514
-0.00974046816908716
-0.0251372321946876
-0.00721011874621825
-0.00967478516925201
0.00998668367645794
-0.01179703537794
-0.0323989747695664
-0.0676691238950269
-0.0101800358923441
-0.0164259697853754
0.00987887929071944
-0.00712093901763286
-0.00986517605393842
-0.00648280399137548
-0.00922097682916958
-0.0237752794184536
0.00581001608326048
-0.0347709495194606
-0.0301202897009313
0.00640891872701338
-0.0218568272216153
0.011641257942805
-0.000883993060238382
0.00340583430463627
0.00421546289863806
0.00592262102003959
0.000104319872942507
0.00207792529799106
0.00165399688676719
-0.00365809488962442
-0.010876285232856
0.00338764251857609
0.000591364879378482
0.014921010868734
-0.000927493540071819
-0.00666161427718701
-0.000208460418111392
0.00186019152489247
0.00102820430963755
-0.00111849457609548
-0.0136339935412096
-0.00254016966865771
-0.000935020567779727
-0.00169940659044462
-0.0189791366981661
-0.0012799818866622
-0.00246783160256449
-0.0134962313019602
-0.0244610667152225
-0.00504401585888286
-0.000561679884972697
-0.00567889898124662
0.00553899274703827
-0.0012805833344345
-0.0105229667270081
-0.0198491635012311
-0.00575872091426427
0.000127616776290457
0.000780215522954874
-1.23908540611206e-05
0.00495549662221758
-0.0152714179434438
-0.00102506792182116
-0.00064063471681779
-0.00505275605180115
1.68292732701664e-05
-0.00238898302551419
-0.00297771952213607
-0.00110673452379914
-0.00168070758382878
-0.0108089489341748
-0.0156887910631118
-0.00566709288727361
0.00358876326843648
-0.000675089915819001
-0.00314260745990158
-4.49489158620936e-05
-0.00165536150807723
-0.00412747698600827
-0.00954671943898907
-0.00887799301522554
-0.00960374101114884
-0.00423433366071701
-0.0103735112498456
-0.0179342666580408
-0.020437128436186
-0.020437128436186
-0.020437128436186
