-0.992589774343014
-0.815052523032907
-0.429016610015896
-0.413490022071282
-0.237329621915916
-0.255161119396709
-0.340494752739281
-0.204315927399338
-0.150111874654823
-0.149098066796012
-0.0797598598498424
-0.026201340909807
-0.146694651193633
-0.181897903525255
-0.148629979376824
-0.0586386351443009
-0.0845545060011356
-0.0954211839614173
-0.0985042285849704
-0.04699351519848
-0.0620050636974484
-0.0813213931539997
-0.02905540399155
-0.145346829600886
-0.0910548687889785
0.0114037518941915
-0.0201891508322363
-0.017891231142357
-0.0288900094455228
0.0157734193360495
0.016627987907518
-0.0186665843534606
0.00742558207054821
-0.0520699703416362
-0.0221765579725131
0.00234870823233615
0.0237742062543835
-0.0168390549444348
-0.00178649425165955
-0.00229038185554812
-0.0064310453327682
0.00399500630299043
-0.0126929099246912
-0.00724484989729454
0.0174635555756854
0.00659134681182603
-0.00354345947334414
0.00682945053608711
0.00170731864311035
0.0146415949132656
0.010570324871878
0.0300546888459563
-0.00434024763033047
-0.00602758320445153
-0.000123623017545896
-0.0166414501230824
-0.0453136958272847
-0.0491488107625846
-0.0404660290566941
-0.0187888964692013
-0.0504383749199252
-0.0672001513644064
-0.00274851831490873
-0.0132613828680356
-0.0248956011230286
0.00116976849717042
0.00224505867429303
0.0230439407261646
0.0249290909037583
0.0075222349681294
0.0125569840727893
-0.00155173658812273
0.00589109427793131
-0.000688778028068797
-0.00493673252790209
0.00630243419014171
-0.0162816051758505
-0.00798253930837092
0.000626633041303877
-0.0323808520607361
-0.00235108416896035
-0.00184166034134942
-0.000355421760943968
-0.00266574951069968
-0.00533919534444975
-0.012010491559947
-0.0137644885192242
-0.00131986626769951
-0.00335977305063283
-0.010118517031927
-0.00798772014330335
-0.00274412498218246
-0.0126344863089532
-0.0256575771828818
-0.0342993484335972
-0.0245096561377813
-0.00839916796807906
-0.00399679938541806
-0.00592398678493193
-0.00285156046068162
-0.016354742585255
-0.00176564529613615
-0.0158578852579699
0.00402409257556126
-0.0165961881415653
-0.0117887503147803
-0.00544328930229796
-0.0141834160368344
-0.00263304819228715
-0.00212151280975605
-0.00294286876818087
-0.00174177051391179
0.000285172937271682
-0.0116895785932897
-0.0282722253867757
-0.0192321333878813
-0.0110707909556146
-1.3402001371805e-05
-0.0166470503750732
-0.0135636748568901
-0.00254871576343386
-0.0181444057855309
-0.0033539294847104
-0.00256380984616109
-0.00627101142125427
-0.00668240243185487
-0.00617870383006063
-0.00130230967765782
-0.00436786145010722
-0.0104508894583128
-0.0116509163662824
-0.0116509163662823
