-0.956629387189337
-0.958317577814509
-0.977856478159721
-0.631603881086429
-0.262002602320351
-0.445078102841303
-0.536392279759203
-0.352276777220348
-0.272588186255286
-0.219886178156923
-0.221580196030293
-0.141692364690058
-0.0349199927919867
-0.0476027518542225
-0.0386735700305148
-0.0229446833280968
-0.0156388395845955
-0.0591709140845174
-0.0233791945938435
-0.0338012385550901
0.00368451431691537
-0.067766923756038
-0.0279538481431389
0.0092733702718773
0.0114104656502777
0.0120737277015369
-0.0142126549291399
-0.0144099024136799
-0.0182597748371507
0.000860234027476666
-0.046133035126341
-0.0657757113818043
-0.0368794977375728
-0.00560542853480262
-0.00751686303688549
-0.00957924390804784
-0.0086198140991201
0.00155806558044675
0.00501984001553623
0.00201802731639334
0.00421287540744751
0.000579206824244603
-0.00379483863097378
-0.00782101075546273
0.000266497126672684
-0.0153526323382559
0.00143726110934812
-0.00859339976106596
-0.0295189448901568
-0.00461106720852558
0.00798625710003929
-0.0209533046893305
0.0266133297967072
-0.0241765286838443
-0.0112437877909205
0.00536829042345363
-0.0058556821757499
-0.0229633129185813
-0.00707359273228363
-0.00847080378784728
-0.0191622987720544
-0.0111737586447838
-0.00237496423034435
0.0033598132004155
0.00890719941701058
-0.0093937593769012
-0.0165838634906287
-0.00782253790571182
-0.00234593544897126
-0.00377214440472106
-0.0134162600044137
0.00312588323491125
-0.0135456038158319
-0.0160426746423856
-0.00917411003256811
-0.00780247693255897
-0.00252353289147392
-0.00243531766485018
-0.00585564225091096
-0.00375144649299374
-0.0027810184149806
-0.000827496036048628
-0.0442124884985859
-0.0202476375107544
-0.003566491128267
-6.04028878424663e-05
0.00161613476616441
0.00226858250664629
-0.0167083971477991
-0.00210627724504393
-0.00969521853195196
0.0023994031674528
-0.017855866409927
-0.0170745570085108
-0.0158217057726004
0.00675227336822383
0.0046841655787514
-0.000820235187420862
-0.00199224041101764
-0.00668470626270519
-0.00137696015719938
-0.020736139026283
-0.0249805229447931
-0.00943066261592165
-0.0144593714445014
-0.0049612700222557
0.00134434518946284
0.00145379245861937
0.00126209605541003
-0.00141257157447402
-0.00348219593990846
-0.0200103792805963
-0.00765175239813241
-0.0132798890721017
0.00281424076267659
-0.00685539777217821
-0.018329131128479
-0.0152474312030608
-0.00654415365302734
-0.0310456789326111
-0.0269988385066449
-0.0224733915244707
-0.0119240787169949
-0.00915962713079187
-0.00309432511320909
-0.010369374900476
-0.00925570762826812
-0.00201191039560248
-0.00780774919372698
-0.00836121467263624
-0.00836121467263622
-0.00836121467263619
