-0.986033140311468
-0.813063304145352
-0.431243543390056
-0.446329925364214
-0.148196165807427
-0.117364790455764
-0.222779115837092
-0.21362254144374
-0.17209779105372
-0.0690576159775481
-0.0835831873168107
-0.070965740185322
-0.00857753124459583
0.0262747633370184
-0.00674581201465226
0.0599982405385348
-0.0179525896064496
0.0222889891691633
-0.000901137243411757
0.0240053661248313
-0.0199636217674085
-0.0106353178222164
0.0043570364622809
0.00542435308087846
-0.00910000151476948
0.0141840675778478
-0.00377473589312601
-0.0329803660764335
-0.0389817017382423
-0.0292105074932473
-0.00670375555162448
-0.0570536986388302
-0.0240338667178081
0.0104922562974098
0.0130520724630727
0.0103908599818742
-0.00562467108695021
-0.00507816779666185
0.00850009258466111
-0.000664906931445153
-0.00937540482277643
0.000683597400450752
0.0123967790374256
0.006140908748651
-0.0175641142632491
-0.0241688138297914
0.00151483935254366
-0.0103637141737504
0.0030785266213418
0.0138626299079115
-0.0042781341894015
-0.00111013469316659
0.000494116386404078
0.00329244133194089
0.00290380147414797
-0.0284019937875935
-0.00251109649010895
0.0365749915022315
-0.000515301512698081
-0.0225299442937145
-0.00758458257838234
-0.0296511449384416
-0.014908898656109
0.0117944646367247
-0.0198433582060384
0.00310824287000073
-0.022558054265751
-0.0394832096716317
-0.0303752216163523
-0.00254812179951434
-0.00145203303746843
0.00774447777005992
0.00847659600796511
-0.00135256203623824
0.00551771516657853
0.00354397717884318
-0.000271692440781861
0.00637203048531673
-0.00365209782460978
0.000219077510522461
0.00396590430817002
-0.00289074411588031
-0.000943819870516037
-0.00225353522056239
-0.0190341424475646
0.0164092006663948
0.00225568600997843
0.000216296946319247
-0.00359058720950194
-0.00197751137195751
-0.00418435560663885
0.00355677264028154
8.31585134401583e-05
-0.00137449398729524
-0.000909638272380951
-9.1481590186047e-05
-0.00218811181985718
-0.000120958993005614
0.00157520541550292
0.000623817228996541
-0.000211173029857357
-0.00184648523169965
0.00266524056488176
0.00490407891924015
-0.0217563561763431
-0.0237754690304505
0.00216612520938701
0.00181945196827207
0.00152770472507263
-0.000380773256210116
0.000110486056442129
-0.00936878068357547
-0.00571674577402363
-0.00907672966542475
-0.00532194801793234
-0.00471167756042492
-0.0042679645461023
0.000187957580985135
-0.00741528407184528
-0.0118432252973638
-0.00937082268480299
-0.00684778538236174
-0.00340229426186095
-0.00580915544018022
-0.0109061528962367
-0.0101574997906641
-8.53352348099284e-05
-0.000789186239438665
-0.00161165555265253
-0.00417671837030581
-0.000686102339375423
-0.00111686545876814
