-0.997266614417034
-0.953443774466563
-0.693549059701664
-0.648314762126134
-0.568112057222593
-0.332218064124287
-0.591288918717662
-0.425284234842341
-0.174177851776371
-0.153709776386186
-0.114845075410702
-0.0652080245030248
-0.0611281680222621
-0.076232745767332
-0.066428891562005
-0.0456761668946451
-0.0151705558535315
-0.0335651103609165
-0.0294651715979752
-0.0408985499122837
-0.0321713144884024
-0.0372378332165222
-0.0277229518660948
-0.0128797206554676
0.00527272904244558
-0.000107326010588554
-0.0104393187564389
-0.00654234505171465
-0.019536731571963
-0.0386160234388529
-0.00271202121344153
-0.0045163529605255
-0.0327893390893033
-0.00414819145525172
-0.0057775182545769
-0.00577667716838789
-0.000483520233501664
-0.00365419238587471
0.0010565919042987
-0.00857894475320444
-0.0126791942732057
-0.0183497954138424
-0.0314640279359999
-0.0150993693692488
-0.00530394234121634
-0.00832692767069716
-0.00425948036492567
-0.0266020787284526
-0.0178190665743365
-0.00791272983693106
-0.00977327268408496
-0.0101540112697348
0.00191261913963379
-0.00269030371797585
-0.0201607022406536
-0.000384889750739435
-0.000509287500163897
-0.00216757765425321
0.00671581835952637
0.0206841719118262
-0.0288630995413998
-0.0140815603462641
-0.0192284975005578
0.00497831704764926
0.00219580221781797
0.00574584950830489
-0.0159888755362489
-0.0324173173703335
0.00201510353027937
-0.00423425235868956
-0.00814453216173255
0.00228266997608731
-0.000476227914496062
-0.000516135218340115
0.00544678748980611
-0.0102194303422055
-0.00949672167531009
0.00393204491017974
-0.00213978767825966
-0.0228219360679338
0.0056608728408756
0.0238458264010531
0.00930525305523866
0.00104164396730199
-0.00376573717279499
-0.0115300936394243
-0.0252726537768657
-0.00957580789044574
0.00452815749926613
0.00416848223851127
0.00564086348449798
0.0011335323678646
0.000698176724683181
-0.00859196765044842
-0.0076955498709033
0.00455643600577687
-0.000678154040156228
0.000691661143477424
0.000810731982661281
-0.00580005857359299
0.00198337209041048
-0.000828038108654013
0.00736406450575143
-0.00160946514706545
-0.0016651599804506
0.00275429469810518
-0.00289097787556297
-0.0108577599480533
-0.00105449217047741
-0.0170186109292116
-0.00187793955140819
-0.00423600713660694
-0.00140847599417358
-0.00781882445144199
-0.00835543117946123
-0.00160187835675801
-0.00351329693271305
-0.00125336148509722
-0.00323777924168411
-0.00074638502378192
-0.0215153664167293
-0.0170096646058474
-0.00798251976640529
-0.00763903900070173
-0.0135200139168767
-0.000110236197135104
-0.00766109507486846
-0.00733971879875934
-0.00122779856022587
-0.00675885612444566
-0.00756122620489617
-0.00232450253639575
