-0.918293741450668
-0.805433112868146
-0.423148028131838
-0.255536385526952
-0.499565262529708
-0.538549165334455
-0.216811438517263
-0.145572392143872
-0.153963689957416
-0.0675989064779355
-0.203657989462148
-0.0441576100899021
-0.0119390161875115
-0.105957619086341
-0.0784279963760069
-0.0874620003430638
-0.0520210992547671
-0.0554264810571223
-0.0256384682651344
-0.0177232235512438
-0.00629071091508252
0.00198609563809967
0.0180378140874804
-0.0150335675223787
-0.00372423787990182
0.0229503190944397
0.00959505226509722
0.00433917959272957
-0.0237633253513217
-0.0157545351186362
0.0123510952620342
0.00294049596482465
-0.0198837024606047
0.000490670310701141
0.0113740559932863
-0.00591925068672243
-0.00871686824948304
0.00621952426307331
0.00656005115204819
0.0226607141721876
-0.00639794823755938
-0.00160217550295596
0.000824537041742993
-0.0210416704475701
-0.0532526543383858
-0.0294882907708143
-0.0215057070754426
-0.000177274473829886
0.00653580115392133
-0.00231585229933959
-0.00569121030195214
-0.00326954381424048
9.70574880613051e-05
-0.0113334824971051
-0.00853311169153503
-0.0032835900563406
0.00187047629480289
-0.0323064599305934
0.00164649526919208
-0.00282269335669891
-0.0113529436132008
-0.00338207787896219
-0.0159322377908987
-0.00229595848383643
-0.00944590191727444
-0.00406784781023637
-0.00697464519867131
-0.0033975346049897
-0.00212663656788675
-0.0173183208711539
-0.0149090764189001
-0.03300320379705
-0.00312279683342169
-0.00127209512115232
-0.00709095551967752
-0.00761564715694237
-0.0014060271037447
-0.00806187623372704
-0.0121637533709118
-0.00483011974001454
-0.00300136320242834
-0.00129014363834181
-0.00152920193200653
-0.0279974776412981
0.00747601700297553
0.000501633221949013
-0.00901361323045384
-0.0235853265311489
-0.00135010887948651
-0.00183624526895671
-0.0272590246533783
-0.0135910370695367
-0.00378681395391471
0.0018097781299032
-0.0022111519495546
-0.0065009178531235
-0.00335020794046539
0.00153529306323283
-0.00825054836250826
0.00241214175052715
-0.000925909518743681
-0.00398608138899084
-0.00213735467835223
0.00551602275202682
-0.000828873861178258
-0.00424021056961252
0.000924575519575436
0.000132886460265746
-0.0105900656184259
-0.0183553485006298
-0.00414826694574067
-0.00571667528799584
-0.0011366494574987
-0.0299441461017192
-0.00876160706364458
-0.00453247359290077
-0.0103343751232942
-0.00956972420865005
-0.00284542071865881
-0.00361639317728922
-0.0071800947769237
-0.00983405266335248
-0.0201368843195428
-0.036724713989705
-0.0129894085143979
0.00046254866911104
-0.000946037646173644
-0.00282035834917547
-0.00650313271133368
-0.00270132794763215
-0.000990519131266888
-0.000990519131266889
