-0.954599817705087
-0.951749827045615
-0.940630774071066
-0.474626442941132
-0.0292151032746503
-0.283418282393476
-0.316968749816631
-0.0864739443061552
-0.0502099207706214
-0.0890881822432388
-0.0747213373500966
-0.0305551499739455
-0.0118147624690642
-0.082447863467882
-0.0405102912064279
-0.0198509909750676
-0.0219522527870414
-0.0537803134348387
-0.0245211190597709
-0.00201848011115978
-0.0239159122414698
-0.0513855012617135
-0.0322643838076564
-0.0583854800755894
-0.0583854800755898
-0.0245096356421927
-0.00639369698852851
-0.00821096972433263
-0.0301485150668584
-0.02532804776348
-0.0507667968353541
-0.0584373967585848
-0.0977256397514163
-0.0444680273330649
-0.0788480365056544
-0.118986915772692
-0.10803661854584
-0.0711966814554017
-0.0132972004497651
-0.00967455006008164
-0.062086498386594
0.00111882909337798
0.00613480115948883
-0.0121080491542129
-0.00630254553817966
-0.00146119680748109
-0.0485089403027056
0.00478172392797241
-0.00914619717758147
0.00546089619833525
0.0190242174591112
-0.0263166399631598
0.0114162379066033
0.00157107036296269
0.012604126220614
-0.000406228560829497
0.00931464771917007
0.0114621467644906
0.00778216044434201
-0.0107419878551193
-0.011326467065625
-0.0252468517637521
0.00702199083497302
0.00413153318435175
-0.00409310698441448
0.00196435834045739
-0.0124318858244394
-0.0195449976058746
0.00382157733419643
-0.00651437638404487
-0.0162390198370841
-0.0144567275912027
-0.0133744324757009
-0.0193191056000633
-0.0339428469348246
-0.00794223430146713
-0.0156354655264634
-0.0208074374229778
0.00671162196314533
-0.00744133785786226
-0.0155454239895437
0.00244096572600831
-0.0107817020124894
-0.00946115981888658
0.000285699003203215
-0.00267492551157173
0.00409766823030093
0.00718265888345158
-0.00222545270721101
-0.00024691996729127
-0.00897490653352999
-0.000549828498160087
-0.00914350750332318
0.00763647711691455
0.0054875766100215
0.00434681310810608
0.00166194566390736
-0.00736335844386015
-0.0016131015102112
-0.00383377663720396
-0.00713777256604287
-0.00147161187621584
0.000856774181461253
-0.000389289262845262
-0.00561865217730806
-0.0106144064127187
-0.00256375568274872
0.00225075185667248
-0.000867499638660891
-0.0034733780178103
-0.000505030882970383
-0.0050589610646667
-0.00138137177304457
-0.0018206795808057
-0.00117590647904386
-0.00206491359697455
-0.00210849167385099
-0.0079399015463082
-0.0158278350109881
-0.0005243360464053
-0.00162759354331909
-0.00392787233703428
0.000796305967794118
1.61685353629447e-05
6.84925173067015e-05
-0.00492431239536766
-0.00346655729375405
-0.00257857636443602
-0.0074111655933708
-0.000938255913386445
-0.00747132277788796
-0.00854507644053006
