-0.95398408677896
-0.972167580538911
-0.931161405935503
-0.614965364209095
-0.239777018508648
-0.157369537212583
-0.108267459211675
-0.112395184136796
-0.15211423041242
-0.0507499742733336
-0.112309247538024
-0.0871781144101675
-0.0580018944590736
-0.0948794457994371
-0.0596681041156563
-0.0757116443364165
-0.0308239441337567
7.57474611920049e-05
-0.0445642659266728
-0.0815731517905734
-0.0115251542390218
0.0366752918290785
0.0466651016032955
-0.00195346872459655
-0.0117701536070271
0.00122126260269428
0.00414224622002187
0.0213698143266476
0.00345185284065173
0.0135314519680459
-0.000678581556111941
0.000795589191537356
-0.0248675841311316
-0.0224679737775715
-0.0115464285329407
-0.0226809792017401
0.00983322170171651
0.000287086872048325
-0.0103587105643661
0.000155461401901178
-0.0067012995406054
-0.00146025272746462
-0.000750064667567847
-0.0122697798722959
-0.00347526084559301
-1.71848726489522e-05
-0.00921354339722996
-0.0166291868186717
0.000102959854293339
-0.0276988193447266
-0.0200943504724568
-0.00132722011467061
0.0059925327534051
0.00258385470131595
-0.00536756567484324
-0.00369742450520035
-0.00975053556810724
-0.0125546747883503
0.0165588122482457
-0.000168486653857071
-0.0262165732564917
-0.0207449864674446
-0.00388725858931035
-3.64333219716618e-05
0.0175443028960675
0.00491176693437165
-0.00317259491947645
-0.0113059030923118
0.000807682625427419
-0.0194173845428586
-0.0037292563661634
-0.00446648257613972
0.00436113696519892
-0.00407816410308028
-0.0080654359482627
0.000174408043524683
-0.000468482953055162
-0.0209930449513717
0.00417414637252204
-0.00818243359766295
0.00782041838486323
-0.00870566886960574
0.000563391044923558
0.00503469147250667
-0.00829971346052357
0.00134084417076711
0.00386445705185354
0.0003596049505124
-0.00410709620248016
0.000677330019522199
-0.000498911370428111
-0.022939085818705
-0.00650356015365009
-0.0136845544101617
0.00197465281599417
-0.00175170195089398
-0.02628404859147
-0.023274355787644
-0.0128604167346058
-0.0182273265719648
-0.0237368284005965
-0.0159636947929146
0.00179201951445102
0.00226957764386585
-0.00868207252759987
-0.000577207766266215
-0.00345458586894596
-0.0261294303432408
-0.0107663474608061
-0.00735749797913704
0.00159618398579113
-0.0119065486272526
-0.00807002626513283
-0.000732412626962685
-0.00492471731708428
-0.0037180478746469
-0.00631963479433829
-0.00356700216276957
-0.0113189168081399
-0.0283653223626454
-0.0186975553151779
-0.0186617130558688
-0.00360247591739887
-0.0110013071858492
-0.00055191867053764
-0.00713940369529877
-0.00997204854737826
-0.000744902979291259
-0.00738104979276504
-0.00266012928526234
-0.00524439267938497
-0.00642192977458732
