-0.962594573504776
-0.962594573504777
-0.939731418501425
-0.930934104486064
-0.665795308222684
-0.27279848547712
-0.070247369952943
-0.352523990269733
-0.269326824571652
-0.185057705170047
-0.182452920593378
-0.162800085741101
-0.0968670799306111
-0.0132206075366054
-0.0207749400035676
-0.0710411528047991
0.00323649127175694
-0.0105027796524071
-0.0238700169322592
-0.0236019013288678
0.00807354369148907
0.0125760623558004
0.0105117179452003
-0.00149786142043294
-0.00758375319054031
0.00764625861260606
0.01887979390544
0.0019111739095061
0.00121535054078975
3.60781513445985e-05
-0.000909050662289877
0.00876836700746677
0.0112992790967797
0.0254959120683284
-0.00524375799823707
0.00119744783617899
0.00848061955711083
0.000425691775524726
0.0430557482710822
0.012777861182489
-0.00252494685170903
0.00921504377050563
0.000209307060545125
-0.00866570957722263
-0.0131693291477586
0.00113390265431832
0.0262835692124673
-0.0207517594530587
-0.0225722184927114
0.00252987974691094
-0.0127109031419057
-0.00149017221360767
-0.00132512300745467
0.0150037759718273
0.0117282989162002
0.00865802454893711
0.00230664389316547
0.0173570307051815
0.00213399145349911
0.0259815849680793
-0.0109895629697989
-0.00342751774850032
-0.00162743331311006
0.000112733352163972
0.000551706823515775
-1.22383291119258e-05
0.0157559067145747
0.00553656876588041
-0.017475686415668
-0.00916063474653751
0.000122765043169824
0.00700398050062682
-0.00714800237242244
0.00640027145374236
-0.0239319134087533
0.0076336197687077
0.00670560719284715
-0.00516816282735032
-0.0016275777613891
-0.0105510886978701
-0.0295863685183763
-0.00215145840522683
0.00660213941224085
-0.00101222929026033
0.00750298610463559
-0.00203160289402552
0.0040641710904104
0.0110144923864832
-0.0140356017726718
-0.0073254237393655
-0.00524813978840208
-0.00163770499393792
0.00151242207911919
-0.01666169826917
-0.00580982719003868
-0.0110386330929747
-0.00457402908714786
-0.00571864993596535
0.000770725462010835
-0.00969351480358448
-0.00640471232102127
-0.00734390744130871
-0.0255712823589254
-0.0181155900117153
-0.0209637099706444
-0.00352849605672832
-0.0149228403765006
-0.00924006404538649
-0.00477689194577814
-0.000375255888113115
-2.96020888030071e-05
0.000904145513648009
-0.00328991266101689
-0.000514496296075816
-0.00474167673992962
-0.00192040969064742
0.000493340956569182
-0.00950562440830537
-0.000257957975978762
-0.00897616650813706
-0.0195869655497417
-0.00494471075028966
-0.00930463115883614
-0.0133127921834994
-0.0164741027863041
-0.0203278460060887
-0.0073331763731589
-0.00616378799646809
-0.0140192894420992
-0.00848498141084889
-0.0087507852424727
-0.00875078524247262
