-0.948253249800902
-0.989914108962267
-0.751089768228836
-0.326477381513521
-0.186004349385048
-0.36330526727874
-0.175674262505636
-0.165701569191412
-0.213245108507279
-0.167845606087114
-0.093926621283961
-0.088957506116343
-0.0870345780624101
-0.0405170924490963
-0.0361987019594174
-0.0131508421025652
0.00505696429035201
-0.0413307415603629
-0.00212110622869643
-0.0202735091884621
-0.062985954672518
-0.04770029630711
0.00966588661694869
-0.0114570854320087
-0.0243984448228776
-0.0314419332333074
-0.0182439994800808
-0.00594108228952766
0.00175696385458397
-0.00996863324163831
-0.00197243934292893
0.02396536994693
0.0177064344146065
0.0146779569537273
-0.0127616036707703
0.0316078029871136
-0.00390637171243743
-0.0128896058743437
-0.0213937414153966
0.00660861279906081
-0.000749793295804841
-0.0111727569386584
-0.0130125012590752
-0.00253898450768081
-0.00234735692419847
0.000773844506246348
-0.00917134158669602
0.00642673745727026
0.000850360545908913
-0.0021028396878944
-0.000416834326288495
0.0137307567655168
0.00315988485030372
0.0294058484265503
0.0128790490347976
-0.00431703673465042
-0.0562303085865779
-0.0319020192860681
-0.00807041579167703
0.00446720203947827
-0.0515276176298971
-0.0171125588512073
-0.00517132952343968
-0.00275337129493002
-0.0224717578822251
0.00102190307969786
-0.0105940885811555
0.018362538625685
-0.00584652212633983
0.0201680501091999
0.0197235925729759
-0.0157070330049778
-0.0111716668060364
-0.00523552890218773
0.00112348927027346
-0.0228353779999121
-0.0082959312785806
-0.00149933644478021
-0.0197422847054551
-0.00475442578652817
-0.0574394047591898
-0.0381962020340434
0.000838963454779537
-0.00974722547301922
-0.0216315795524029
-0.00287290753323981
-0.038687114821958
-0.0278318725236092
-0.014090706970438
-0.000648748620040454
-0.0143191816970074
-0.00624211686238917
0.00506409419269702
-0.00777476156557298
-0.0191277676601769
-0.00542413065841396
0.00436323799924517
6.13242516829472e-05
-0.00341277390099006
-0.00795801159134564
-0.00690260000716987
-0.00487046877102552
-0.0122109771902526
-0.000421767972388547
-0.00732393312688603
-0.0145659101318372
-0.00763151963291738
-0.00166149316545277
-0.00250376276654389
-0.000623499289920826
5.60251391990139e-05
0.00123246239727846
-0.010088303717234
-0.0106903187092357
-0.00534642671091025
-0.00100983082031434
-0.00199968674387172
-0.00723319699883672
-0.00751198164408039
-0.00329148712221912
-0.00176912798949527
-0.00355407972857026
-0.00246355338218472
-0.00116059922551695
-0.000904724343546428
-0.00184977190766738
-0.00380997661160215
-0.00724573415928891
-0.00270702320263505
-0.00739220756642668
-0.00340361706775681
-0.00350105575082069
