-0.914751589032201
-0.914751589032203
-0.914751589032204
-0.972530093399035
-0.815773206345457
-0.315924392169198
-0.214068977093263
-0.239256346858566
-0.190815155380256
-0.298086565392134
-0.263453966715654
-0.192959165530675
-0.0569487913020276
-0.108156188196191
-0.129639667705657
-0.0627858708431759
-0.029132734481484
-0.0710205472634727
-0.0712760536697008
-0.013387523859035
0.00858586002222529
-0.0133678084960476
0.0123795516140451
-0.0165556582609705
-0.00435566140593237
0.00164039695808512
-0.0139400475010175
-0.00727311254877707
-0.0477992530393195
0.00706183918442755
-0.0238212712464407
-0.0253470692927404
0.0151137930238754
0.0018506200556072
0.00313318827720125
0.00307878826132927
-0.00573673225441594
0.0079703032074498
-0.00953132321516112
0.00698710127207257
0.00127945768952734
0.00101250505111019
0.0155452799728116
0.0101221822398578
0.0104642444627014
-0.0038143858426791
0.00124362931559721
0.011610518871376
0.00136203619210361
-0.00867399084144639
-0.0348708329618716
-0.0197718021033909
-0.0137411496840787
-0.015855565566647
-0.00815256755185818
-0.00904646479025545
0.00267951748849436
-0.0069979654659018
-0.0033247623096185
0.00221487399030524
-0.00474609522711966
0.000139713465131207
0.0132065059723047
0.00150233620163282
-0.00417325084632154
-0.00776049347627295
-0.000704318479705927
0.00920600283734114
3.71003557339739e-05
0.00767914819340838
-0.0104546379521422
-0.0210922523273835
-0.00527525951178525
-0.0372833755208276
0.00385273703289024
8.31323883288432e-05
0.00268676401838253
0.00181020319031248
-0.0047952321445347
-0.00195681450060945
0.0103682047336516
-0.00543531946218847
0.00327397236973764
-0.00300662198727185
-0.0100565991348786
0.0055447326715461
0.00650504086455106
-0.0036604071127963
-0.00452233183599642
-0.0318732191172321
-0.000747960900132763
-0.00947516465089977
0.000821698732306089
0.000169644944675719
0.000166711879272662
0.00156694914450945
-0.00137076136079795
-0.00999887864303802
0.00582502291462761
7.95775894534075e-05
-0.00256153150590139
-0.00756985947255646
-0.00142001063934385
-0.0057366769611616
-0.0198622011064581
2.65880821296514e-05
-0.00165338320825342
0.000394562313059227
-0.0101356665285081
-0.00934077119911329
0.00744840814221481
0.00450306283176452
0.00944307037096837
-0.00827124654839493
-0.0101047560033375
-0.00913805100973422
-0.00628953955005047
0.00124485832829681
-0.00968350973102579
-0.00663445022502791
-0.000934257090783315
0.00203800948786298
-0.00354394520215705
-0.0012874075664637
0.000219765713170019
-0.00126106940212433
-0.00488924852580268
-0.00223248409225504
-0.00173538436828324
-0.000741488392649814
-0.0014497886002638
-0.000728208008800107
