-0.995879277596311
-0.823912780572741
-0.497936995204061
-0.512688908657901
-0.517392992564754
-0.24335729805269
-0.316161976949987
-0.441128781011254
-0.281593752000191
-0.0338885725607518
-0.100621002863166
-0.0587756668969041
-0.0293010870719989
-0.0660644312253439
-0.0327223120391133
-0.0371923463784449
-0.0146949456506786
-0.0144425641947246
-0.0109762198507232
0.0102655757020557
0.00603393426150249
0.00137663073862355
0.00947463064988587
-0.00388727844011651
0.00267091001908045
0.0140043143532326
0.00864996903230942
-0.0197771544421992
-0.00570315962529225
-0.00363482313844363
-0.00507779859969367
-0.00760763914595501
-0.0167370384579344
-0.000953569709965241
-0.0284391342274448
0.00211102239882558
0.000684156076212254
-0.0051405872693447
0.0153495638191916
-0.000372240474051211
-0.023419134927991
0.0170576283069821
0.00286634098091955
-0.00664740244132032
-0.0155900699975628
0.000892778642665527
-0.0100756966010183
-0.0148056643793532
-0.00350601525838266
0.00207407154383539
-0.000440205820946396
0.000267021330048228
0.000589500688993938
-0.0250238704750237
-0.0323998373893737
-0.000974527039715554
-0.0183159067581165
-0.00390644496047624
-0.006622183141561
0.00457217862845956
-0.00914509814045902
-0.00860525590786826
-0.0365966677251894
-0.0175555302850137
0.00840407798661309
-0.0170955916104779
-0.0101721131521631
-0.0186824431930575
-0.019400656216256
-0.0101941628444058
-0.0360259664747326
-0.0548122625483691
-0.0581130194679392
-0.00544463545839313
-0.00404042945670655
-0.0530862658231611
-0.0393772315559282
-0.0293007358706482
-0.0246057446611041
-0.017383667193377
-0.00593224402352464
-0.00711398222365834
-0.0202108216131325
-0.000815045680263278
-0.0137307920621064
-0.0304975772115222
0.000521108472102823
-0.0153967848649893
-0.0145457160210376
-0.0445162709933903
-0.001009300433049
-0.00477547454367327
-0.00287200465773695
0.00404098855109257
-0.00721820010745864
-0.00925351594475359
0.00253266507026837
-0.00574021497690653
-0.00509873033322757
-0.00680259868423083
-0.0027498511721042
-0.00492054402006259
-0.000514319947112737
0.00275711217670612
-0.0024416620743631
0.00432385983254197
-0.00269800855536931
-0.00120677569997529
-0.00464969165342224
4.43398356963598e-05
0.000273340055065788
-0.00650273120104614
0.00152903296727728
-0.00070175812786291
-0.0131117028144195
-0.0140123922677949
-0.00734519713441299
-0.0037052398537487
-0.00848167095566082
-0.00664471663584953
-0.00630692184442063
-0.0063194911753138
-0.00461382372060542
-0.007040963404722
-0.0048216658708885
-0.00839378738767302
-0.00106918743472396
-0.00285207185282806
-0.00323930394070286
-0.00152739986914983
-0.00399729896518029
-0.00597327813619647
