-0.986448287025187
-0.820595045297148
-0.300222789274239
-0.210636993832207
-0.425571531972022
-0.403619578599381
-0.247379087335359
-0.0179252005086658
-0.0725884725825711
-0.173733273898514
-0.120103151064089
-0.10963607932749
-0.134291660869469
-0.0424402244883446
-0.0206561490125337
-0.0553744377523345
-0.049900452662501
-0.0726608306412055
-0.00886951217685502
-0.0318915611756233
-0.0637328466456203
-0.063370217967831
0.0193267271607817
0.00860477736263002
0.0221430363338193
-0.00441172457293734
-0.0099853222368042
-0.035459114233516
0.0187616779368496
-0.00657094001480534
0.0074267697008842
-0.031860430172477
-0.0540181397165229
-0.00229596055346012
-0.0400195350439608
-0.0366327137390509
-0.00572360394299353
-0.0459872445840991
-0.130492271952641
-0.0811322246259668
-0.00572790490979229
-0.0112121846749598
-0.0441834168386207
-0.0223679937802559
-0.00651246734724788
-0.0144675719565525
0.0055512998321061
-0.0540002274285014
-0.0284731157479305
-0.00571788131855192
-0.0222635586162378
-0.00531319773192989
0.00160701045795002
0.00273030319891706
0.0165185773116538
-0.0258495423369299
-0.0244944780358416
-0.00709916183996391
0.000210546775064947
-0.00736080354742997
-0.00928109302869086
0.000927113160794768
-0.0370554094192334
-0.0187574027860328
-0.00106797396826535
0.0017716175679239
0.006403565820281
-0.0349354583558491
-0.0249119635430888
-0.0322580953314546
-0.0132739169622339
0.00696631922187548
0.00406472213747108
-0.00912674789810578
-0.0152980407221414
0.00512013851801735
-0.00264543571768097
0.00975299145642711
-0.0119655380198757
-0.0418765174280295
-0.0526142265326612
0.00723431622961666
-0.0218704244332945
-0.000393488698722248
0.0108783433225057
-0.0348439921447732
-0.0200896260832166
-0.0229581048065528
-3.03843173559831e-05
-0.0074918954224825
-0.00794937217288319
-0.00633849929202009
-0.0170166107004678
0.00105259363697551
-0.00689999868158283
-0.000259769550115388
-0.00785351179183714
-0.00695953701683831
-0.00498961918181762
0.00325431226334594
-0.000227078702982372
-0.00189289508665578
-0.00312556265774212
-0.000863845524375667
-0.000136321937861924
-0.00134152970709295
0.00246971540108369
-0.00552400157215008
-0.000764529930758128
-1.45976933132962e-05
7.51503703193086e-05
0.000941960430857677
0.00292719136747624
-0.00288030014066034
-0.0158573013306129
-0.0108832120477575
-0.00325121034662621
0.00186198325852173
-0.0267429958490049
-0.042871471024353
-0.0130371569398092
-0.023006305332516
-0.0208148180061381
-0.0034961725446722
-0.00145570901399533
-0.0068158888872538
-0.00441164371177183
-0.00722806972993931
-0.009351466787189
-0.000335948942306255
-0.00379368652974998
-0.0052229718328834
