-0.986654814757242
-0.895184944073791
-0.6184813893871
-0.800814870812229
-0.377153902990578
-0.277935670793873
-0.154866616315655
-0.108546630301613
-0.100117057075372
0.0135084180528518
0.00591350331116905
-0.0135362826708045
0.0266230085256961
0.00329177805097683
-0.0209531384190345
-0.00676369968597198
-0.00806127607188506
0.00736818308684233
-0.022215772332621
-0.0416331752584617
-0.0333526696661374
-0.00954371420517965
0.0261105712649333
-0.0405382342544176
-0.0100645355542124
-0.0832238234324891
-0.0100690663949006
0.00344562678069507
-0.0103481883665727
-0.0145406790157585
0.00801760659348024
0.00856687974806701
-0.0291081301279505
-0.0120337302943331
0.00590651873991034
-0.00882426447741072
-0.0485756875325719
-0.00913504443075971
0.00582582295014359
0.00563742212805113
-0.000658745208538661
-0.00415554592300092
-0.0165640644329479
0.00335919232555946
-0.0490216077036147
-0.00664055939984814
-0.0049424046728801
-0.0109438567567382
0.0023171584896572
-0.000942801720317488
-0.00796502367908219
-0.00689880929163392
-0.0407914785820624
-0.0112238755875918
-0.0219978049952928
0.00864682303673913
-0.0127857510541365
-0.00434499139921468
0.00778009103337174
-0.0111164586537056
-0.000764915466294229
-0.00069886926201702
0.00061811800930328
-0.0100638721741587
0.00542548242947561
-0.0032356042959285
-0.018061363134052
-0.00980874330943059
-0.00366156215631165
0.00447389497183125
-0.0022575714285304
-0.0176964043596025
-0.021333632367752
-0.000595363094145221
-0.0228404957644424
-0.0169882089858194
-0.0104009083757292
-0.00107655036000347
-0.0173733640862826
-0.003479421020858
-0.000864680996052122
-0.00730244240372743
-0.000300587784708103
-0.00385669467128684
-0.00297684759769496
-0.00396967199932487
0.00473268953411076
-0.000296300490657103
0.000974035031514962
-0.000728737353108994
-0.000202038565823977
0.000174060163024048
-0.00290936620480213
0.00192808928599484
-0.00287781007561924
-0.00327233360274761
-0.0039173347539959
-0.00246367175120301
-0.00967507869416634
-0.0114381862760313
-0.00625549786957343
-0.00754796610522707
-0.00754796610522705
