-0.973409258601943
-0.860772964757539
-0.320755491773853
-0.667888461378736
-0.418471682725641
-0.170949213339612
-0.129759812675616
-0.0803610467089808
-0.0100310292228956
-0.0236683724204796
0.00143845353401369
-0.0198681258788245
0.000929058846415954
0.00623676132293498
-0.0243342057343657
-9.54591863105529e-05
0.0394726155176539
0.000661505327477167
-0.00229444248088026
-0.0104511619244602
-0.0077365776031737
0.00277384756140879
0.00311356692235551
-0.0146315659000184
0.0184733396853201
0.0103394884364105
0.00189077442117849
-0.0306767643997808
-0.00546508631507144
0.013947519261343
-0.00690501485057437
-0.00812569900630307
0.00400799320248436
-0.0780163929089883
-0.0451111164581089
-0.0182521115869896
-0.0267400094234356
0.00131740490619319
0.0135116022381245
-0.0317493076885133
-0.0300220267105866
-0.00769430131268821
-0.0121996271875398
0.0059953870166113
-0.00229533193575302
0.0184745310557936
-0.010473672794043
-0.00741027429257678
-0.00983160908717411
-0.00541601864608445
-0.0234898303470949
0.00419902345293983
-0.00981266164779098
-0.00672884225648923
-0.0162085662763633
-0.0170269069877951
-0.00462279156815872
-0.0136215126081545
-0.0333040667875657
-0.000130175208929677
-0.000951114239531392
-0.0264944985009299
-0.00360783666737366
0.00557025332125166
0.00562978588227612
-0.00816985913214722
0.00327775343107135
-0.0214722783708634
-0.00787541667992385
-0.00729296398924931
-0.000478624418550813
-0.00427617909667852
-0.0028547841055026
-0.00585311492153475
-0.00077680719137798
-0.000698078747974076
-0.00116826992560542
-0.00796525225010956
-0.00354092217192786
-0.0109060436310485
-0.00729866428176201
0.000231558671573634
9.1403097832488e-05
-0.00881477899389102
-0.0080389678159198
0.00349352760898181
-0.00553524924231094
-0.0140005222919471
-0.00697432988962257
-2.45962007810466e-05
-0.00161919746848129
-0.0100720003118953
-0.00189538159661309
-0.00736501917491101
-0.00731385414213336
-0.00988372993557005
-0.00775480312890872
-0.00819495640127232
-0.0247077746380687
-0.010580637775697
-0.00277474624359785
-0.0055315346387773
-0.000851626203156709
