-0.982133424651982
-0.450728279383156
-0.397612476269844
-0.237496187970316
-0.117280228754749
-0.091732122327192
0.011299831933228
-0.0709619708990841
-0.0115176586829144
-0.0241176934795889
-0.0571450051748129
-0.0308363139345554
0.00726379012057958
0.00913659760642622
-0.0295610768304786
-0.00108145524052792
-0.00432672429538831
0.0259113022444623
0.000185897919789809
-0.00100927989084859
0.00480707692632206
0.011040264651944
0.0156358320110862
-0.0210822439147957
-0.00534111339478858
0.00165011070493209
-0.0092044947825643
-0.0168130413622827
-1.42705680723086e-05
-0.00176696656079314
-0.00918001761798158
0.00303263859011703
0.0114618399730718
0.00393426868124596
-0.00943048637968215
-0.00730970983075626
0.0186044336910816
-1.72841776748213e-05
0.00409598462036577
-0.00577178750735615
-0.00848037462691177
-0.0214524676371096
0.00453052147782978
-0.0132307045844703
-0.00420600132887875
0.00111903299148092
-0.0248085340506385
-0.0109462849430142
-0.0202140173028515
-0.0149854182844554
-0.000249087738800474
-0.0155146231056474
-0.00195123918438405
-0.0250012579136352
-0.00216251159595059
-0.0337722067449269
-0.0170247980399585
0.0116394818949592
-0.0130989089529328
-0.00333002351973415
-0.0183509934667505
0.0002083044702645
-0.0112256076733811
-0.0067143022895176
-0.00356091024521997
0.00756009306301564
-0.00899560948126574
-0.00885505097584759
-0.00270127657975471
-0.0106122261977423
0.000275532431647661
-0.00257469302452029
-0.000405251253875492
0.00202453205817358
-0.00342594618191538
-0.00539605348803572
-0.00326199686509248
0.00225645398008281
0.000359411163315823
-0.00225765395135567
0.0079940643102662
0.000434675540150233
0.000512128796789524
-0.0020434007796562
0.000787821188829197
0.000750536622245753
-0.0152900054831963
-0.00676768402656439
-0.000110300009725626
-0.00615088508869295
0.00019844992023626
-0.00159479296302033
-0.00652057426631125
0.000243515063831365
0.00101791892967089
-0.00175512451777001
-0.000169711982408337
-0.00582425812248353
-0.00168834138234657
-0.00220601759651876
-7.04568976457453e-05
-0.00188365374188359
-0.00459341405213659
