-0.974707435672103
-0.972347775163558
-0.695965224101046
-0.231951518942316
-0.14738764122221
-0.130993773083406
-0.00285299468768123
0.051351844369596
-0.118470965807082
-0.00782290558382515
-0.0264704225995422
-0.0494692436295758
-0.115047271884123
-0.0148425903849663
-0.00203382371854487
0.0038507446708082
0.00611414093512671
0.00166909289610909
-0.0326894157807481
-0.0387074241098744
-0.0143688304204364
-0.0154780499423808
0.0110709946065207
0.000551190829885624
-0.00570694189480769
-0.0167208600806762
-0.0225005718463053
0.00301665147389079
0.0117510266453159
0.000489646627926255
-0.019228177744777
0.00229861429948317
-0.012963579561264
-0.00850721752871812
-0.000900494608107834
-0.0080157969481135
0.0144660006016845
0.0132468697085432
0.00370666498759473
0.020256732424932
-0.0112408894683567
-0.00333301372398154
0.00379929513549295
0.00303140188479743
0.0135984346401578
-0.00666196132987661
0.00656801802531019
0.000677892491490363
-0.00414940071754709
-0.00412878890404811
-0.01421544868799
-0.0111754599246835
0.00516301593653485
0.0044865112658161
0.00128125035260216
-0.000509989410603581
0.00830827314559069
-0.0137367101904768
-0.0203795438987665
-0.00565584719188685
-0.00937398935466988
-0.00557369614465632
-0.0131559744697264
-0.00341595183749528
-0.0238190609958221
-0.0212544144742732
-0.00764277725616437
-0.0152478542111388
-0.025233275382944
-0.00104317395528966
-0.0115419741219442
-0.000459261956808521
-0.0102250595109702
-0.00427852045080825
-0.00734825961628445
-0.00437823288174434
-0.0333527815635839
-0.0417736199025314
-0.00462195216386466
0.00179781786649459
0.00389739233364581
-0.00234430054587454
-0.00386602509655489
-0.00772459327277555
-0.00299686228155055
-0.0129178431758029
-0.00370930868490271
-0.00135072833355975
-0.00124817178856974
-0.00194288554328286
-0.00106263367014801
-0.00750774763109491
-0.00376587204225891
-0.00021365536572439
-0.00420063460898438
-0.00197215158484014
-0.00430062987868469
-0.00264057667472866
0.000240914261526899
-0.00208551318688345
-0.0062097848732672
-0.0035181341122636
-0.00701996837188274
