-0.972944629384959
-0.986997498158369
-0.993843809488187
-0.679573336104905
-0.175603599188041
-0.0826200104393316
-0.0175638381134142
-0.0014956419831868
-0.0491924049758847
0.0342079967089993
-0.128094285061928
0.0104492431832764
-0.02335166620364
0.0053631521321809
0.00963692892747606
-0.0288348036708882
-0.0241334969291002
-0.0537034657394522
-0.0973605917693628
-0.0208990780420879
-0.0443608187997799
-0.0672828934001617
-0.0133576757034703
-0.0635827206986228
-0.0409730808854184
0.00841563021689741
-0.001396411624058
-0.00873677755545445
-0.0246754270094194
-0.0326669952105016
-0.0504488614623495
0.0199261469206343
-0.0182529085778188
-0.00425106540203858
0.00998395557978691
-0.0248082614017103
0.0179572350900766
0.0100720257626657
0.00108231280965282
0.00517622016057912
-0.0137804973519527
-0.0215254265299089
-0.0101465721687068
-0.0261354905489599
-0.0245423805222605
-0.0165449863044618
-0.0362222375109177
-0.0134041919650304
0.00335531953990856
-0.00126250333595454
-0.0256929828018029
-0.00532201070255269
0.00320046543985232
0.00379867968112344
0.0103917733713425
-0.00997817306093251
-0.00144788157083014
-0.00400436566903785
0.00368885415100105
-0.0224071471135142
0.00136997299673334
-0.00383263045025998
-0.00215202604708995
-0.00265885502378658
0.00301582661607544
0.00286551553687977
0.000508342430876946
0.000869619911110049
-0.0183591371718968
0.0249185467140191
0.00117450780774291
1.21705232202767e-05
-0.000220665370386228
-0.0053748982487394
-0.00954482807516962
-0.000128803109167814
0.00375583220155766
-0.00118945316111062
-0.012829051105224
-0.00261058890241862
-0.00804474599057398
0.00108219490278024
-0.00623469019132823
-0.00546669011902025
-0.0119229614915673
-0.0149064257821186
-0.00246782341650546
-0.00375962230235804
-0.0111429209659198
-0.00264743698413541
5.58464029148413e-05
-0.00651586531610908
-0.00100998100799374
0.000137933235393
-0.000862035414959016
-0.00155679097195473
-0.00185704422430066
-0.00243809126174484
-0.00260739189203969
-0.00972811487776636
-0.00700324137272574
-0.00094673857198979
-0.000231799159170526
