-0.999961243764991
-0.774465035518482
-0.635875992386286
-0.404939453684949
-0.234100351278956
-0.325743843459639
-0.139580362124487
-0.0771421410769628
-0.00559608748986076
0.0264400399293572
-0.0163558506333636
-0.00464350800636937
0.0172706563810248
-0.0150100972035627
-0.0593821976121014
0.00518788900866407
-0.036519138961731
-0.0357843177067494
-0.0204473863524838
0.00199823045113252
-0.0839674887616961
-0.0185335628964012
-0.0276673463410999
0.000448721796959314
-0.00985366417809135
-0.00469685979357064
-0.0105238884070257
-0.0167328034291595
-0.0851708204391279
-0.0274278954597952
-0.0285410605938434
-0.0175696673720659
0.00222928027142825
-0.000272433429726247
-0.0128856393693584
0.00744607777395091
0.0049913815874351
-0.0076743482863036
-0.0212835787664051
-0.00631091284536156
-0.0195582129934188
-0.00573537206616908
-0.0372607330360018
-0.0523970465530883
0.000554579308240529
-0.00623293044136127
-0.011633251820161
-0.0444147169776498
0.0108646611312564
-0.0109876329073003
-0.000259363208845791
-0.0110231800968375
0.000587595872260189
-0.0168440868215362
-0.00702968045752548
-0.00710801278682157
-0.0038185380594345
-0.000974280345677739
0.000870545139654113
-0.00510706127221364
-0.0135841159864537
0.00846065581142308
0.00101201667514849
0.00242904928439259
-0.0015025820354093
-0.00121843249531202
0.00106564209083198
-0.000786819804836071
0.00701222122229888
-0.0132710763335996
0.00189067914520108
-0.00904727809954198
-0.0117272266619618
-0.00223676423762251
0.00147867777726073
0.00186121823548209
0.00387402891600608
0.00322057856297087
-0.00363021252031157
-0.00029184876233238
-0.000375936357623696
0.00107196024394485
-0.00844092275410043
-0.00461613208230946
-0.0147393943302381
-0.0141913431713612
-0.0184756482631655
-0.00261611742890702
-0.020397009959457
-0.00218743110516725
-0.00221785488847821
-0.00631149479535504
-0.00338312165622694
1.49602833080294e-05
0.00208026842322894
0.00018377381124933
-0.00162297661744107
-0.00240669182673661
-0.00162863284369084
-0.00549992131766943
-0.00196655897497998
-0.00507883721273961
-0.00138308126304797
