-0.974428407287571
-0.925252272336872
-0.698310485646765
-0.499892879797822
-0.338786491246239
-0.101681442787424
-0.0280296051185821
-0.0136795576350421
-0.0328848693835368
0.000842583553072204
-0.00885801131613494
-0.0135279440021147
-0.021872954788314
0.0167948903200005
0.0066267989745673
-0.0437861949437143
0.00112516782411833
0.00432382600690779
-0.00399870476931898
-0.017460932669212
0.013367198344545
0.00203974703180435
-0.0251651032909208
-0.000719421590697537
-0.026446231985963
-0.00274494513029858
0.00158036636197601
-0.0507737847156468
0.0107106230583705
-0.0209586921189393
0.0311798224056115
0.017973407096548
-0.0494454322739923
-0.00298188619506964
-0.0111825394440504
-0.0306890927675212
-0.0357467393488358
-0.0338143080861773
0.00610368222572761
0.0109250404237724
-0.00706236577045502
0.0289999620838816
0.00385117520712465
0.00183699030424059
0.009022444152805
0.0153458267057252
0.00683238886435243
-0.0181806838063644
-0.0599528905315235
0.00265876659290386
-0.0150091681851953
-0.00508490040698451
-0.0317191381179988
-0.0417257782883313
-0.0527507428667401
-0.0117452741513431
-0.00341873986985898
-0.00398221636421345
-0.00381847848471766
-0.00690536399147716
-0.00245544845574052
-0.00917379604753423
-0.0075522345395665
-0.0294901941138212
-0.0259723890927527
-0.0192589185238327
-0.0168821033442894
-0.0267958925119828
0.00069947199408436
-0.00325142282140662
0.00186963690900582
-0.00485633620214493
0.000743737439054508
-0.0201351417900668
-0.00216761171446848
-0.0100454942217599
-0.00196169433125367
2.40903276101071e-05
-0.00763860407243032
-0.0204216782811068
-0.00671898236277435
-0.00670139708594199
-0.0262981614724542
-0.0122919565125812
0.00295321684263843
-0.01578531165036
-0.0132545557251679
-0.0187709428913202
0.00611204210516608
-0.0117448557963892
-0.000881805540496345
-0.00401336434434131
-0.0109905901781217
-0.000615159826782731
-0.000403148930683641
-0.00329305745764586
0.000145902256275938
1.18378229878402e-05
-0.00159361307190361
-0.000337758794006288
-0.00179403805957995
-0.00157662244353521
-0.00157662244353522
