-0.946278318950984
-0.741586414608411
-0.697382259786484
-0.810670404153444
-0.580627832771394
-0.3971587896391
-0.369700457464127
-0.103338310175716
-0.230085400540373
-0.0222987810729677
-0.0189988418948541
0.016419528239438
-0.0320040180246337
0.0123430213131955
-0.0754030016049367
-0.0118440066191625
-0.00844184018652198
-0.0352340200570466
-0.00661927436661896
-0.062169495706683
0.000102427602503966
-0.013777722087383
0.00666645134198361
0.00240210841354202
0.0176920501605038
-0.00389310748895464
0.0121336305883454
0.00408992670370058
0.000862572495413572
-0.00297960401558551
0.000123636638251016
-0.023208369165137
0.00624287658766818
-0.0208551981430325
0.0179851586219821
-0.0153453172362578
0.015311397781931
-0.0203640815117026
-0.0180186584293507
-0.0146058918191713
-0.0157289553469817
-0.0405282064585824
-0.00370758888718182
-0.0509895862045492
-0.0351996735137021
-0.0012608672136473
-0.00505385757285716
-0.0268580489289457
-0.0215017002128384
-0.03709834152442
0.00465367672182227
-0.000292368797761901
-0.0101978924346306
0.00334215913258029
-0.0241241439607733
-0.00942084716548533
-0.0150304866181001
-0.0216697383604133
-0.000329868237692897
-0.00295237330473618
0.00200489988639952
-0.000414636700359682
-0.00809813295721002
0.00163416451515733
-0.000167006466302866
-0.00404284612302656
-0.0190765627429247
-0.00215118000464729
-0.00829495721743778
0.000915117260370123
0.000169973104119867
-0.00197909827913591
0.00416417145865474
-0.00020789599296005
-0.0154532616842846
-0.0222799381453967
-0.0162647026112924
-0.0049151834308488
-0.0128421195074406
0.00163963350106409
-0.00651062448787858
-0.00256630704248404
0.00119075945288547
-0.000833840703211173
-0.00186804981993619
-0.00433021160159725
0.0011492968823687
-0.0138250129378407
-0.0035464652069446
-0.00102014702760973
-0.00275862546945653
-9.53751214980889e-06
-0.000154797616393152
-0.00129792301553144
-0.00377191752104678
-0.00670228876751982
-0.00255642484282037
-0.00348437244508363
-0.00419442855623567
-0.00865195646032064
-2.79627009529236e-05
-0.00524711747521068
-0.00754967398880676
