-0.989665440236504
-0.893605682976537
-0.329249333285298
-0.594420052980621
-0.514210193093478
-0.181217113822563
-0.109964748486056
-0.16396735103409
-0.185190769732214
-0.035023907124085
-0.0343339542551175
-0.100156274598174
-0.041955116469505
0.00592435647760414
-0.0191435014828106
0.0140699862777979
-0.00881940854930091
-0.0150760852695249
0.00550984957646799
0.0293280587621903
0.0206268241043579
-0.0227313497799632
-0.0248176069452918
-0.00695710346286787
-0.0174756645925781
0.0120323073469502
-0.00857880901508988
-0.0127060156680587
-0.0045979891161813
-0.0032239131388036
0.00796783152270161
0.00160933425687
0.0047886105043233
-0.0388521770125705
0.000464006234133105
-0.0476281924369422
0.00214617562271856
-0.0189986405503259
0.00445697321816465
-0.00262353843599225
0.00281101192991735
0.0106349950985799
0.000573466718905759
-0.000734512739586191
-0.0156187025207394
0.00621907084288062
0.00854676224820194
-0.00724823345632803
-0.0010129373762117
-0.00946497437928702
0.0169202326277463
0.00102847932434145
0.00843624044398689
0.00146642178591147
-0.0042872609898997
-0.00252472113628408
-0.00409065367903837
-0.0093311267846695
-0.0109734089975762
0.000137561360670252
0.00426298708531703
0.00240804673327564
0.00350905375870576
-0.0034427137078817
-0.000761741151302785
-0.0223467514646533
-0.00862879927107547
-0.00778044345854385
-0.00556360872198055
-0.00121384239400082
0.0006633313286087
-0.00141470239450031
0.00664841304004633
-0.00287947706369479
-0.00852379981464969
-0.0141144682068668
0.000447874586355978
0.00672230540076018
-0.00750933579329403
-0.000611650074676609
-0.00195522665565281
-0.00495962211421606
-0.00144735677099301
-0.00528414561006901
-0.00218939638572116
-0.00157113790102878
-0.0016194202434339
-0.00221757571491594
-0.00561934714487932
-0.00402055807077732
-0.00590493645018716
-0.00509107072732755
-0.00672731310149851
-0.00215872761831112
-0.00633618393753689
-0.00340155270212333
0.000408307550527964
-0.00500693969783364
-1.71122590812616e-05
-0.0014306415525283
-0.000718464872992561
-0.00153190710649514
-0.000745757830372461
