-0.98668097381494
-0.64609445956707
-0.176008313939652
-0.406303473898611
-0.0446792201006491
-0.00219692027176569
0.00679949663721029
-0.0364112051536732
0.00592031031599315
-0.00604393631681762
-0.0105727546434244
-0.00222710957546676
0.00153967830337642
-0.00907021230803921
-0.0282414316746745
-0.0139109311752758
-0.0165416257902539
-0.0054870413610521
0.0254924452173737
-0.00566777165694132
-0.00315955882698633
0.0270129788813275
0.00088329991772642
0.00856485154134959
-0.007310543177256
0.0121904464327834
0.00972032734459484
0.00752797361626122
-0.000783296688007378
-0.0125998951913711
-0.00431270745394953
0.0195368092510609
-0.0029195534555846
-0.000768577769973932
-0.000309623330899753
0.0112331263316728
0.00688357294623818
0.00363051764164747
-0.00325002857825179
-0.0218704456249655
-0.0389806279621708
0.00679514366849743
0.00101532365721729
0.0011438801494857
-0.00656871693706033
-0.0195572790393473
-0.0010120480866197
-0.00241523444878045
0.0117558608403504
-0.000278265663895178
-0.00202976497406117
0.00301249406134374
-0.00662091917042232
-0.00267485144330508
-0.000486105892428218
0.000594346839049666
-0.00738819029356504
-0.00207891820044631
0.00296524891567035
-0.0058583054412837
0.0269888812563626
0.00131991679225415
-0.00145649058455247
-0.00110352886736375
-0.00229393219326193
0.0111978557792773
-0.0171887117547476
0.00112913709372073
-0.0203461832826456
-0.00423107684737744
0.0211107653750749
0.00139593829334397
-0.00762797443769112
-0.000125526055510892
-4.73657511993785e-05
0.0062371285214516
-0.0153056677262597
-0.00389775649581834
2.69890259837651e-05
-0.0021385391894099
0.00175891607919339
-0.029428852771993
-0.00502891170308758
-0.0020887948917216
-0.00903976962265684
-0.00915337433313638
-0.0121939243682502
-0.00276003306197569
-0.000715837163542403
0.00456277607175006
-0.0197694474504829
-0.0043117533526631
-0.0131110620047282
-0.00627406550869894
-0.0197201032758632
-0.010957494755665
-0.000981365417314331
-0.0166595611352503
-0.00786422110281509
-0.00185923875685921
-0.00142024040401747
-0.00590389097404411
-0.00432038698555484
