-0.993097396805906
-0.994424292820175
-0.991589582695887
-0.762740006318529
-0.422502999421017
-0.254762809275015
-0.254023312092134
0.00588084823572009
-0.025054380148167
-0.0224846822563984
0.00594428633793313
-0.0112242414275572
0.00471071385844124
0.00617395671657299
-0.0208263823533149
-0.00270351825724392
9.74460131103073e-05
-0.0379968134811248
0.00688409647630199
0.0054224180702138
-0.00991899000799795
-0.0440523446863031
0.00842013261017303
0.00793799816955869
0.000787999879829391
0.00250416897052867
-0.0183454965284151
-0.000533392759477717
-0.0109853199862677
-0.00843573886932297
0.00645282393646582
-0.0182146164576429
-0.0188182891920105
0.0121870659322599
-0.0410624770029635
-0.0108703778578745
-0.00210530095550059
0.000838859552902165
0.00454642207470574
-0.0125116713022031
0.00838214617105355
-0.0158219185031276
-0.0222405977250086
-0.00332989790057436
-0.00571748643238522
-0.00345286998589925
-0.00820073630277629
-0.00758897505637629
-0.00846544922021587
0.00710643328561851
-0.00794484639768335
0.0200746794603871
0.000336950907611297
-0.0102209780863342
-0.00477603860167573
0.00136265663435732
-0.0128305415882747
-0.0128440461486783
0.00444187818018945
0.015566290344855
0.019644186120358
-0.000312204709169903
0.00259401019755637
-0.00337365287527307
-0.0130137943837714
-0.00363872974342797
0.00411468275207856
0.0105388529981028
0.000866780370908708
-0.0113816947338849
-0.00118035402569396
-0.0142491433810319
-0.00637116559008505
-0.00463190490092541
-0.0231174025029279
0.00144964850894899
-0.00594215261689468
-0.00268235410833942
-0.00622404657660006
-0.0157840433951778
-0.00570044909905248
0.00134853315853337
-0.00397582733671013
0.000217464505465394
-0.00244406664672306
-0.00275181237458649
-0.00235383243765317
-0.0023416768846818
-0.000763547999026152
-0.00126300254784038
-0.00825683016414546
-0.00241312073453114
-0.0026813115072963
-0.0068663694961309
-0.000706264019052864
-0.00459880239988708
-0.00380835927244728
-0.00370452567066809
-0.00694477174604487
-0.0031081563394449
-0.00219646492285344
-0.00140750532016195
-0.00421963427600789
