-0.955905822336341
-0.680793629669637
-0.703227787565169
-0.790913068307274
-0.433706488783061
-0.30672962397205
-0.0641616444217981
-0.0678709047820049
-0.00846361197922813
0.00329102881239539
-0.0225086174091243
-0.015406766873268
-0.0169992907701903
-0.0141823080294916
0.00245480674858773
-0.0316849458157603
-0.0322149969807587
-0.0113774795975179
-0.109741543248958
-0.0257714540160267
-0.10180181861183
-0.0510542614338609
-0.0132197385882355
-0.0150112215468313
0.00646745619283472
-0.00399534970741484
0.0141425810777521
-0.019667241377099
-0.00572815692955105
-0.0484272097098577
-0.00894906550558291
-0.0192017994863896
0.00353797204085229
-0.0670930256183512
-0.00252920641849948
-0.0225159328316472
-0.0107162106122364
-0.0358474080336181
-0.00737855009339426
-0.0069996289925217
0.00306108255695492
-0.0444135711554426
-0.00681510890984234
-0.00370684245173611
-0.00365849391636567
-0.00871246516116497
-0.0023359152431632
0.00155902793671504
-0.00893859481315055
-0.0061976119589183
-0.00369525186162084
0.0146881008937215
-0.0173115016693759
-0.00394247194624218
0.00735304294184151
0.0049863821903797
-0.00617360636334995
-0.00441669772510544
-0.000851011594609017
-0.00458054481428346
0.00722730025832359
-0.000154117273510766
-0.000493998590461485
0.00363585723523066
-0.018581377629438
-0.0245712467524815
-0.0145149612802418
0.00711518708705912
-0.0326368007373534
-0.0100881322142271
-0.00250539497004363
-0.0331477110425927
0.00226116564586581
-0.00495500414381307
-0.0181881119352418
0.00136887183851837
-0.0269086567132805
0.000479202393158591
-0.0142146634056115
-0.0181516741919935
0.00395803123247065
0.00211009976516809
-0.00512086958326193
-0.00789082404958347
4.27230603420939e-05
-0.0017942490894985
-0.00726931229781319
0.00147251939899078
-0.00682210430164142
0.00291795547641511
0.00127606203347124
0.00130809225758549
-0.00524815357185926
-0.00662415328960933
-0.000499246445211064
-0.00431134776006018
-0.000782472367163189
-0.00506150208725832
-0.00258040297243562
-0.00383650896990385
-0.00425690413674458
-0.0037278890679798
-0.00452165190246442
