-0.99857599170772
-0.832920434376354
-0.535191985940058
-0.21103662490523
-0.388167685493891
-0.0756160646746619
-0.0397289831391547
-0.0182965127405599
-0.0151366872876673
-0.0129714091584486
-0.0283848542443854
-0.00160632454510373
0.00509791982560009
0.0150335439479967
-0.0107427942694297
-0.0133863841582112
-0.016208395552815
-0.00147889553484198
-0.00309447643060214
-0.00333811699776602
0.00598251071772826
-0.00662687265060104
-0.0400384914286215
0.000577755035211411
-0.0221683313555457
-0.000784866004301443
-0.0135968564050965
-0.00669799055579657
-0.00505717259563468
-0.0359041803481792
0.0117322809106876
-0.00872139171001826
-0.0126973624874902
-0.016922243849799
0.00187289717040674
-0.0544397158253446
-0.0217716620837398
-0.0142233636699482
-0.0103017843387511
0.00118692525469136
-0.00503302053223177
-0.0177913852633055
-6.66287891384152e-05
-0.0114603487537794
-0.0130761955478789
-0.00472945173639374
-0.00243800531720385
-0.0347952323952145
-0.010137339237428
0.00815447337943768
-0.00854168738358208
-0.0122466651847217
0.000395665998038104
0.000541334728668665
0.00427781246922093
-0.000450702546883633
-0.00483487751763833
0.00385961882931937
-0.00241018597832106
-0.0232843658005386
-0.0102192612176002
0.00130866501600667
0.00206473794184349
0.000153338662051382
0.00893233797326641
-0.018360360626231
-0.00221688047547119
-0.0100343681082857
-0.0212847202450209
-0.0171009457453479
-0.0114058509803088
-0.00955089227858685
-0.0263079670353387
-0.0062580912399973
-0.00388553597202041
-0.00262427136564962
-0.000692503020971994
0.000554224588799545
0.000163235834216178
-0.00262298536549909
-0.0020523560689653
-0.005298720682655
-0.000877686224605728
-0.00399665683435717
-0.00992107849138888
-0.00917618051345889
-0.00150748020570686
-0.00711851198669103
-0.00419943360098327
-0.000787554883770312
-0.00984061639975668
0.00050204311047219
-0.00637352217604116
-0.00158985820553066
-0.00246684619954694
-0.000663386324319805
-0.00431648087207754
-0.00207914028945316
-0.000394057592887257
-0.000825316006685556
-0.0026669384563901
-0.00198447351423707
-0.00167019097788371
