-0.888585996091564
-0.958920354746893
-0.862191179001524
-0.374392184443478
-0.470751150916299
-0.191172229947433
-0.0834813501756825
0.00822560000038394
-0.0192930015648543
-0.00294299332460147
-0.010820776070332
-0.00164344392698471
-0.00472954762136223
0.0114951949082353
-0.00854423959194845
-0.00569294969315316
-0.00779490383519228
0.00406786186062455
0.00590246082296188
0.00336174285972211
-0.00476969920652223
-0.0178299876468142
-0.0022241644175758
0.00947197281288952
-0.00458698625604939
-0.00738593416576822
-0.0148483178739971
-0.0065687421752092
0.00132020808076692
-0.00265625023561899
-0.034640323108331
0.00260646928191244
-0.00577747796279987
0.0182202289110764
-0.0058874447429001
0.00247091974566212
-0.0116832219840561
-0.0184350887194719
-0.0150436161210682
-0.0185241390798431
-0.013829169392655
-0.00108912613728021
-0.00266796626463612
-0.0207945761540091
-0.00377966092166101
-0.0147184558492325
0.00484717065437515
-0.00343976920766957
-0.00260235464364764
0.000537685000414454
-0.00126957507270745
0.000958449667735737
-0.00423460436465355
0.00294996831720539
-0.00333893153432124
0.00307574236848148
0.00169610413924391
0.00100308606181598
0.00312969107931052
0.00286692381059293
0.00521432756035798
-0.00982462532693259
-0.00423343023506246
-0.00415169512651074
-0.00709736390417491
0.000424680843771548
-0.000816084159337762
-0.00163549948166278
0.00437977031617457
-0.000306330636876749
-0.00129807785916723
-0.00108160767371878
0.000868398523100025
0.000999319109989451
-0.00557512326090395
-0.0155801122695174
0.000218375019127128
-0.0112408310100631
-0.0031163722207244
-0.0125737104751728
0.00013322524604358
-0.00495934650210072
-0.000860951217675124
-0.00262025337823141
-0.00904702823016657
-0.00512926666255256
-0.0176452188271326
-0.000383369779709262
-0.000290948378198732
-0.00110092967545835
0.000494568633587014
0.00118553071868243
-0.00939391025654773
0.00109131151387907
-0.00334809380331038
-0.000255165787247881
-0.00326026848550367
-0.00172138658198357
-0.00356200713266797
-9.17454620174156e-05
-0.00087379771391471
-0.00213611579262538
-0.00213611579262538
