-0.941483159708879
-0.876257420157335
-0.589352979122219
-0.801449292823968
-0.605985373852193
-0.218793021504529
-0.2228330550293
-0.28513763081912
-0.120899059922783
0.00860064605393091
-0.112401213710553
-0.00995421429684597
0.0450262077925891
-0.00178220600307235
-0.0326764224814867
0.0607068485401559
-0.00947425569626516
0.0104994956974153
-0.0007660477984656
0.00789333893963017
0.0175903804426594
0.0188249760818068
-0.0112932101891991
0.00358357566949975
-0.0124109825930105
0.0135694497761134
-0.0273697450655115
0.0276903049903571
0.0455191810066907
0.016462984797696
0.00102507237894801
-0.00112698546147268
-0.0073925555151346
0.0047930966148804
-0.0380397002366023
-0.0344435323650682
-0.00604580454161205
-0.0266995662517684
-0.0100444962638881
-0.0378284584809911
-0.0248435155889671
-0.00591638511249085
-0.0344054865918793
-0.0300763554779192
0.00306369021158697
0.00241005787854643
-0.0140182112058506
-0.0156779733570128
-0.0243413967671934
-0.0133624544156236
-0.0674822877457902
-0.0964813966672102
0.0118632123125796
-0.0460146321871598
-0.00330840044726386
-0.0254820298481426
-0.00352666947607336
-0.0383587199992598
-0.000341756354995817
-0.0104038528210695
0.00322345905344399
0.00336473489646741
0.0102722098168801
-0.0097664285601577
-0.0128503716467914
0.00688988332959788
-0.0102187571642881
-0.0195400299164521
0.00250664007201684
-0.00689958689840298
-0.000952376863549236
0.00408778383153317
-0.00870772199071914
-0.0184133944870918
-3.09700654620129e-05
-0.0158066222338917
-0.0118606261359465
-0.026793852241338
-0.0023091010838055
-0.0238441611951634
-0.00541471040666789
-0.00603318341122204
-0.00433863754767628
0.000951623838831332
-0.00288876241793051
-0.00676442150777447
-0.0150172754035894
1.9196506865128e-05
-0.000252794502303762
-0.00171383432769526
-0.00443434432438794
-0.00122591896512886
-0.00340070669040515
-0.00129162757247416
-0.00295025660648273
-0.000349045999410624
-0.00123809318121351
-0.00416615843159547
-0.00114393514883036
-0.000161884162571599
-0.000371720755533525
-0.000668464625460515
-0.00118103130572954
