-0.914410106922219
-0.912236130019122
-0.675620283131051
-0.236404603906997
-0.372764152043585
-0.068171282111876
-0.0399001042175925
0.0188300569433356
-0.0202648941475395
0.000901037063803934
-0.0948347926610044
-0.0201640459705188
-0.0938105262417575
-0.0749397113572615
-0.00644747549916423
-0.0187213809430343
-0.0149854690341618
-0.00705105255462444
0.0105857812095209
0.00663784865457173
0.00245706728460856
-0.0106872956726624
-0.00896959379431179
-0.00325646938109356
-0.00309307137696995
0.0075327580176766
-0.00939898547076333
0.00232888753412608
-0.0159874401655521
0.00195560106027098
0.0160838677165467
-0.0213454359457915
-0.00554272712918142
-0.00347753520486455
0.00428094268534837
0.00421537700481608
-0.000190248519102797
-0.0061886119851794
-0.0103155602778075
-0.00105450212002015
-0.00787978512397292
-0.0234723164743365
0.00615347549236059
-0.00380311531407567
-0.0146714219043802
0.00390142899734842
-0.00346037962383126
-0.0195488919647277
-0.00943007850054697
-0.0216280448891729
-0.00871761978836235
-0.0163948218497931
0.00130364106613725
-0.0198168005769955
-0.00683586354020485
-0.00920395094562001
-0.0134031116082544
-0.0191168691345321
0.00491659239175216
-0.00700794752667452
0.0065189442547156
-0.00238185150631572
-0.0139999852957143
-0.000443945744501464
-0.00516375913642467
-0.00488796210034674
0.000581293019794202
0.0131687037894902
0.00152449333246318
-0.00268754323725954
-9.30707060730638e-05
0.00122358965633811
0.00229731651257423
-0.000162381711364551
-0.00148703187375438
0.00505218746079416
-0.00089998545592348
-0.000392735497600852
-0.00540806923036392
-0.00817961475243663
-0.00441714879616286
0.00218134429754978
-0.000143726813864757
-0.00390279936491977
-0.00821025559366293
-0.00218188028758804
-0.005237077115353
-0.0173094652403127
-0.00526438025458261
-0.000992622434636634
-0.00110329740375349
-0.0049182132640434
1.7947717465877e-05
-0.00160683075865893
-0.00550730551694903
-0.0110910389134372
-0.00141155086210556
-0.00792368316734125
-0.000178892202278835
-0.00263290169892699
-0.002632901698927
-0.00263290169892702
-0.00263290169892705
