-0.999979175894333
-0.978323726501432
-0.644883155296878
-0.354789412960595
-0.276651711264521
-0.108010272130688
-0.0804526799196814
-0.00382659101365044
-0.0695140950604805
-0.00361246928520168
-0.0334638515701182
-0.08206934230321
-0.0424298165409185
-0.00572081293761125
-0.0632990471566941
-0.0896442355526793
-0.0168164786748714
-0.0351294159220657
-0.0197233101596768
0.00075563001380854
0.0273407802339821
-0.00408499322631481
-0.0379527576479985
-0.0163511467396049
-0.0378597782702283
-0.0562697656116129
-0.0560055100688272
0.00135774227808074
-0.00562120596630887
-0.00844316234488731
-0.0139297803752903
0.0108513821048056
-0.00458764731713247
-0.0132303332815431
0.0152642432632433
-0.00308744994723124
-0.00152097497435411
-0.0108243358415413
-0.00380949041019637
-0.00432997076756867
-0.0106792572158741
0.00286081429297933
-0.0118153276006801
-0.00612011420261203
-0.00885848404320879
-0.0276144191888853
0.00350164222432233
-0.0135331074464811
-0.00272510471384652
0.00291770889894489
-0.000894288908793968
-0.00325523807959883
-0.00257869816606388
0.00331907383872234
-0.00040861140212101
-0.00479823560879565
-0.0199621817423946
-0.0117959524075479
0.0031210551179662
-0.00756145364054889
0.00253140713953622
0.00125617854135118
0.00113449411001672
-0.0192247031468505
-0.0116878157084025
0.00716099573796282
0.00200318168691114
0.00329878119702367
-0.000350523851843166
-0.00600794205605495
0.00130204374799074
-0.0138678381098637
-0.010767379967881
-0.00259817678135972
-0.00575366891080084
0.00397387097750791
-0.000770260733355783
-0.0120784864134681
-0.00120271903565826
-0.00330198638821893
-0.00917082528642356
-0.000182982120620469
-0.0144459399961511
-0.0025273768240361
0.00363990366912533
-0.00525344454309779
0.00026300217589711
-0.00269354690242053
-0.00175351633809447
-0.00820976342942319
-0.00134585976243279
-0.00498205672209078
-0.0026114248620313
-0.00722218776045255
-0.00362886818970115
-0.00297199669242462
-0.00083026130000232
-0.015626804491221
-0.0099283148608448
-0.0228538479183486
-0.0160894596297718
-0.010036240383923
-0.0100022566552999
