-0.95117516090134
-0.76337061095252
-0.505689776906623
-0.289872000598361
-0.246229200182254
-0.219429654340713
-0.172658527178149
-0.199696600975409
-0.18319813789743
-0.138018333801405
-0.233150173422022
-0.0876763513398921
-0.0535514533499958
-0.0904675718047517
-0.0326186018762376
0.00925525616001166
-0.00766738020806205
0.0053076404617596
0.00043032817775421
0.0210986452024644
-0.00800635888192922
-0.0949956636206399
-0.00840147782840442
-0.00469124506053764
0.00493862012007163
0.000905744265474039
0.0064980942041299
0.000897940120673298
-0.0329416566553339
0.00750554581066893
-0.0118396925245478
-0.0386033717552949
-0.00364478372496082
0.00219044483880825
-0.0195187728516033
-0.0282240243689798
-0.0210245828723881
-0.0111209405620273
-0.0267608216596918
0.0184464579424119
-0.00323532847845571
-0.0278253872735252
-0.00174057338165065
0.00406824154382921
-0.0155049378820128
-0.00518975719050814
-0.0147366533235756
-0.00694440593979903
-0.0123154108694513
0.0193408838538892
-0.0278292111744398
0.00792858115526584
0.0141608609258607
0.0205537242912199
-0.00845044639731306
-0.00665838136389184
0.00590757580533622
0.026442485477595
0.00369669560132498
0.00388801164226716
0.00709293097558241
0.00646281498318685
-0.0191877599509765
-0.00418980031616309
0.0113493143468784
0.010329490322277
-0.0183490428307789
-0.00705197996326551
0.00181969803309552
-0.00582603045877111
-0.0119245374348746
0.00321278487212738
-0.0152506694576318
0.00880289686122242
-0.0301760614852637
-0.00299509169012457
-0.0058028080141221
0.00053023086912425
-0.00275088478429967
0.00111712447731531
0.00551307866135572
0.00674520517072468
-0.00284985866594401
0.0133144461926274
0.00353512269453707
0.00245425999372894
-0.0181570121891219
0.0232596406199289
0.00768817437824378
0.00500962266224934
0.00759284894776632
-0.0110097227019597
0.0107656582793488
0.0128909174459299
-0.012290954098359
-0.00378571675254255
-0.00112136817218321
0.00282686590932699
-0.00177495970974019
-0.00982532905099565
0.00935687446168859
0.00205682061437815
-0.0111297941814346
-0.00407581068125827
-0.00626570341212436
0.00432361596542996
0.00308430276735743
0.0089297387951912
0.00415580171811276
-0.000282851843880424
-0.000373186526171696
0.00359257924145618
0.00731148050689745
0.000981604517737442
-0.000174414004619585
-0.00521312609206617
-0.00663747551460997
-0.00224454207279808
0.00997165750815076
-0.00205423832647734
5.67790701054272e-05
0.00724356997546518
0.000446102332476606
-0.024012087158089
0.00207630746024281
0.00588810873675221
-0.00474270718146338
-0.00466007697359854
-0.00243422600965056
-0.0102088898962599
-0.0175868132776578
-0.000233589538752281
-0.00933790277281609
-0.00200899103804899
0.0055603191962124
-0.00272593831986419
-0.00405795021747041
0.00205169313706568
-0.00445350794005996
7.32641667960469e-05
-0.00508548751321619
0.00101062255732998
-0.00721888150970323
-0.00316014461494669
-0.00218225175141269
-0.00891455675095072
0.00168667197378478
0.0088870195550462
-0.0136502884413163
0.00456932077154632
-0.00105207389787652
0.00202393134940393
0.00195665572728636
-0.00858885832827791
0.000124167595105526
0.00379293423373934
0.00010380285688548
0.00350812381101295
-0.000995289231137071
0.00018781882633393
-6.21842640008906e-05
-0.000506843184012357
0.00591412403464082
0.0038652942768747
0.00165801149329907
0.000311722674472713
0.00124601613605826
-0.00559260823891722
-0.00457446824866244
0.00537386117780413
0.000241619925290742
-0.0106456117070961
-0.00499593557243364
-0.00189963558995965
-0.00143011622477377
-0.00101086781254235
-0.00677042959984755
-0.00115387253533472
-0.0100178570635902
0.00328467007766814
0.000953460277946289
-0.00534885630639072
0.00547892758281287
-0.00427914825233956
0.00120196696735521
-0.000108719457253912
-0.001344761056409
-0.00395131078357613
-0.00630827564899318
-0.00383609572776013
-0.00490094406477482
-0.00143197024782341
-0.00788796341581784
-0.00502432028605134
-0.00560378693920856
-0.00420009346247091
-0.00284164328125374
0.000663182125740548
0.000206132228562398
-6.96144570811897e-05
-0.00423449023171862
-0.00248381847328699
-0.00113338447998359
-0.00175048391245899
-0.000993277075591212
