-0.972482528767334
-0.648786740404096
-0.565719687483935
-0.261354772549371
-0.235529329191539
-0.309640661422105
-0.213147956674793
-0.212918784260105
-0.156016386697656
-0.130706040485013
-0.119342376242166
-0.13450449635632
-0.117871953453621
0.00586576593882582
-0.053868459922203
-0.0631439214726311
-0.00511535662297517
-0.0103920980990673
-0.0159174900916868
0.00159615729188789
0.0170836773414647
0.011988635606493
-0.0598227597365846
-0.0227430546500841
-0.0192411923803113
-0.0609037280466273
0.0349142283149964
-0.0471354846596891
-0.0297920971678455
-0.0288761745255227
-0.0112258866463953
-0.0321521392510291
-0.00706556544607462
-0.0278999400561102
0.0154449334808197
0.00893153246929607
-0.0101813853842364
-0.00696745954523303
-0.00262078016738721
-0.0262282610229043
-8.71904649822211e-05
-0.018877920727189
-0.00676279544712573
0.00922460928508185
0.00567337979757823
0.00309024472241979
0.0197666638670172
-0.0116689679609432
0.00145262130048821
-0.00808380373391138
-0.00135167806798829
0.00331892575652174
0.00726889986550168
-0.0382410351768952
0.01003316336024
-0.0082006900547498
0.00201990376544507
-0.00382482514203874
0.0126710763610797
0.00617943077960939
0.00110312531776746
0.000261215293498579
-0.00208875710926362
0.00385386506561596
0.0095835788658983
0.00146296833967037
-0.00285506039494291
0.00217086909391634
0.00937557530222022
-0.00154260420488028
-0.00194945361216279
0.000208300825940229
-0.00379669277171185
0.00807852959877713
-0.00749589203031222
-0.00164761598965998
0.000819623925527955
0.00533828933259182
-0.00630402925280776
-0.0168795108625977
-0.00373922365866969
0.00111796999215178
-0.011615407785988
0.00326219100979607
-0.000618048143638646
0.00047236883371249
-0.002159731888159
0.00283648794598001
-0.00132952692097883
0.00157074009203065
0.0116914589598682
0.00315502707724999
0.00347057080723142
0.0190539721174332
0.00266596814876347
-0.000311116303423868
-0.002328269542021
0.000553006516952238
-0.000533518626606253
-0.0179973387557004
0.00326257135556666
0.011196175192221
0.000928164371379469
0.0092816555457057
-0.00401144648317754
0.0164305966480737
-0.000683136197881821
-0.00669851074537376
0.000231697879998269
0.00334867351210056
-0.000509816319078931
-0.000617370127762916
-0.00260619126564394
0.0209455927886528
0.00903906550064452
-0.00486392546996454
0.00227958405992684
-0.00899356223555067
0.00210416448521476
-0.00369359311433893
0.00527990883058201
0.00164158344099444
-0.000162861072016823
0.00120534039529204
0.00195178578740284
3.85423270630892e-05
0.000523018335785112
0.00634547211895315
-0.00119139941000634
0.00205796120338911
-0.000387258853010575
-0.000517243255702433
-0.000785292593746989
-0.00464665028468285
0.00499858864160789
0.00887171949800778
-0.00387588104371448
-0.0072307202192813
-0.00782351651574125
0.00327363750096202
-0.00535163933399538
-0.00033836722801798
-0.00121908856489904
0.00159638423997466
-0.000935067070324215
-0.0126389823063516
-0.00076403771495096
-0.00398785479606262
0.000643395309413794
0.000163462021131735
-0.00159583505727429
-0.00297776664832924
-0.00190683514421358
-0.0102392216131248
0.000476938094982901
-0.0158396983095328
-0.00521433623445038
-0.00152365366027647
-0.000221568627994016
-0.000268413131647763
-0.00359734750698894
-0.000667108679869316
-0.00286577308896655
0.00126923089337285
-0.00223968324153377
-0.00539534354484297
-0.00573612618181614
-0.00507851566811848
4.76060823027662e-05
-0.00480242110967286
-0.00137510395420807
7.33594488587223e-05
-0.00376200439455545
-0.00250430794747699
-0.000684842212111554
0.00234616707130855
-0.00708255391805287
-0.0040974347955787
-0.00862135885387604
-0.00307604664507434
-0.000893631457530925
2.32675704023604e-05
-0.00281842710887344
0.00217915970549037
-0.003575298958695
-3.66774821453585e-06
0.000207832266033036
-0.00214426976142895
-0.000101531595592489
-0.000930579696701936
-0.000446519818797992
-0.00244730307041827
-0.00313375161585107
-0.00263290168908019
-0.00199891636444815
-0.00351264038927765
-0.00320800546040572
-0.000458003505682132
-0.00584844258692522
-2.38543194895083e-05
-0.00135107217603893
-0.000143976241905356
-0.00114057129440818
-0.00320474714407402
-0.00209434019984662
