-0.991419498968683
-0.732667815224661
-0.620154467106561
-0.481886639920154
-0.378840102974713
-0.214972134537381
-0.415341271849063
-0.293179527046866
-0.30575397681177
-0.397483600240057
-0.198516578404753
-0.179136299870702
-0.0410998217930246
-0.0347087111856705
-0.0939504784739651
-0.115495442665037
-0.129475521193676
-0.15256226114518
-0.0321408996951454
-0.141082890552054
-0.00296019036237162
-0.105877049081323
-0.0187632394964277
-0.0583751364041311
-0.0127359758058638
-0.022020527471311
-0.0513357682440066
-0.0287543592512573
0.0135006740517947
-0.0244046102215796
-0.0174156341660657
0.00134990673671716
-0.0389611596751865
0.0038925673014252
-0.0168690205911045
-0.0274269345720802
0.00353264760913528
0.0194824087367506
-0.00749843344517632
0.00747993458322447
-0.0442856573638612
0.00695599473781264
-0.0187893211137331
0.00317929553103937
0.014267578871549
-0.00830736727511703
-0.00600541572619313
0.00999073426684675
-0.0330361439462364
0.00558946955130402
-0.019968173310618
0.00119133948173549
-0.00122972801510363
-0.0551166996099013
-0.0151595283429251
0.00149704235365522
-0.0242591584086766
-0.00380694084154062
-0.00221789503385682
-0.0190643921798716
-0.048458027042573
-0.00665261478431681
-0.0290759650569375
0.00348457321936335
-0.0136567555116658
-0.0211942842168265
-0.00776356175574838
0.0152729483936884
0.00881938590537504
0.0237740157898272
0.032563744366372
-0.00413525651855065
0.0241456820841668
0.00462354863657713
0.00275927007919646
0.0157748236234312
-0.00119397581890878
-0.016354968939578
-0.0105172356250724
0.0151282500127051
0.00105037412104958
0.00197520082708931
0.00417614527991403
0.000814755109000681
0.00471021440482733
-0.0146923631618664
-3.71724348361227e-05
0.00622522557560653
-0.00243395670572906
0.00301582381911968
0.000444487403035077
0.0127671715152225
-0.00374791476167297
-0.00581251824091252
-0.000481658320398926
0.00223497677957231
-0.00479766656464264
0.00213841400627633
-0.00902653088476052
-0.00692274358914663
-0.00747462453656817
0.000429405858305766
-0.0319261061143691
-0.00277250770289846
0.00399663017491853
-0.00194103449287582
0.01231392486557
-0.0142081583591986
-0.00872655643574695
0.0126303045667702
-0.0061220054946604
0.00411696053900255
0.00817466085119132
-0.00369173474319237
0.00576686882268848
-0.00686008742792116
-0.000160966464831426
-0.00035128570448673
-0.00528307835681921
-0.0110261963775248
-0.000630591095999786
-0.00324252474252017
0.00664800305359596
-0.00291984131230637
-0.001155543921564
0.000615255793196748
0.00282614759749562
0.00266240331366668
0.000181734025036854
-0.000206374377157921
-0.00656947835003748
0.00129847842415869
0.00901783059711733
0.00627672316447738
-0.000121419808029967
-0.0153336885444436
-0.00259084279908102
0.00252496727624583
-0.00184074635812179
-0.00534115191015065
-0.00286358489038436
-0.00590570343005507
-0.00443814698887916
-0.0134553422042294
-0.00872078364796636
-0.0107241652605063
0.00105170727176535
-0.000835369138742137
-0.000475624809278227
0.00354670749551846
0.00428553489956817
-0.000996062858071594
-0.0103119915454272
-0.00160889930552398
-0.00374759000808909
-0.00130112979076344
-0.0034695580170433
0.000814334769792768
-0.000443041691606544
0.000921997940071397
-0.000279737361222475
-0.00166307024502498
-0.00430185001421588
-0.000217962589369138
-0.000475526656317583
-0.00724896718929816
0.00204225918559945
0.00125333394018477
0.00899585218255594
0.00270176517212942
0.00090111109357115
-0.00196356092788983
0.00383910868888778
-0.0124168844605498
0.00489709564019635
-0.000595841407168422
0.00172195683746282
0.003072392768348
-0.00762194916719217
-0.00390539871330472
-0.00112561951417395
-0.00346749921413503
0.00127461712131526
-0.00594815676627167
-3.94883979477064e-05
-0.0016115803828474
-0.000266047472502785
0.00304088589620091
0.000261266327096953
-0.00529730720772216
-0.00174495848019107
-0.00214035334988157
-0.000818269348074098
-0.000926152260554442
-0.00114488932417704
-0.000182658851909444
-0.000841429953940412
8.47955149841329e-05
-8.11592021702507e-05
5.49686319510108e-05
-0.00167951429818731
-0.000419861319302979
-0.00161717813261754
-0.00246268978454595
-0.000609039314480045
