-0.997739509297758
-0.988643380446418
-0.588316313682456
-0.485464138186037
-0.339104318111587
-0.261976791511475
-0.299380524393601
-0.176196858404864
-0.0723030710361519
-0.128511815377382
-0.0133762191219713
-0.0568996601671289
-0.111692713306172
-0.120894018269393
-0.0424242246732563
-0.0305905463448197
-0.0541735243322207
-0.0450638725538389
0.0344459986965562
-0.010841822426759
-0.0123786328102409
-0.0179841457977294
0.0191322728485272
-0.0594706726792567
-0.0147629449072734
0.0110765591367188
0.0147949341280259
0.00670939091641095
0.00376159417668066
0.00108338538536951
0.0129413065046994
-0.0448930607257213
-0.0480862236112268
-0.0621003750601085
0.00410393040976473
-0.0222413219748328
0.00971039013024465
0.0161693435853018
-0.0183515843857759
0.00016860193521076
-0.023013000915574
-0.00393150072230605
0.0478869303070414
-0.0226454317069598
-0.0407568432544239
0.0123124193633535
0.0140639332192967
-0.00625183846389729
-0.000330448533480399
0.0041559587025501
0.00406644800753054
-0.000273232020268142
-0.0219733242517818
-0.0266199220607604
-0.00721882956618669
-0.00962508239205714
-6.62111819019345e-05
-0.0351237894324908
-0.00966755084024351
-0.0031210851069524
-0.0211851983684241
-0.01272567963272
0.00901107639377764
0.000372325002334394
-0.0204721120389135
-0.0132577039376332
-0.00969405316102664
0.00721337032793442
0.00903436339407953
-0.00757547794319963
0.00525244134034967
0.015607057624363
0.000228419778328211
0.00836178468172293
0.047886354214781
-0.0387841448491972
-0.0150976156896105
0.00435854052832176
-0.0191392851957639
-0.0622197123809765
0.00252814083710578
-0.00820363541689898
-0.0196512309609473
-0.00150471276903346
-0.00781126153852102
-0.00731576809332459
0.00462618559278359
0.000591599102189743
0.026027031704317
-0.00657719566604449
-0.0124980553699662
-0.0115559839584784
0.0043513744001162
-0.0455731620143036
-0.00134957957947195
0.0234596150515655
0.000945967007526075
0.00155149812337251
0.00766931556571209
-0.0157263779389974
-0.000836449640447081
-0.0142166764656507
0.000892469179929433
-0.00156530428047487
-0.0225615423200646
0.00431075320001537
0.00702704218918762
0.00335029923376506
-0.00010392202987769
-0.0248099169634992
0.00219295211566575
0.00661063695255259
0.00767308376268866
0.0173635602443999
-0.0163778358874722
-0.00625909832072852
-0.0057895123227148
0.00354956940413234
0.0199014209993722
0.000206154624522534
-0.00544096764164221
0.00249372925283948
-0.0206896443217721
0.0589447837900261
0.00706609506917689
0.00113452915474779
-0.00347142937168963
0.00293216846086593
0.00882526975675323
7.75062769497446e-05
-0.0125213601935872
-0.00960052695059454
-0.0174164892612458
0.00651127285963308
-0.00364657180896311
0.000240979090150516
-0.00981136398161532
0.00434581981485056
-0.00880914137710681
-0.00110470640105901
0.00473260232796412
0.000830123010724843
-0.0005203716959044
0.00106130465631729
0.00189669533112874
0.0172956492671644
-0.00177732245748049
0.00455591890258248
-0.00741167902125434
0.000405847809708539
0.00338904472216319
-0.000142950134863846
-0.00829092161466018
0.00240463037121716
0.000450970946648428
-0.00138800560718264
-0.00335457086309942
0.00254457021360864
-0.00367774600605158
0.000640331602907863
0.00206404005168338
0.00427378699826136
-0.000363744840636007
-0.00168455346244692
0.000611151510613678
-0.00264702343248764
-0.00740552886028794
0.000287072109649671
-0.00636529607212478
-0.00756838816960877
-0.00426013489563039
-0.00309886510316569
0.00421501292181021
-0.0063214177950933
-0.0121368966053545
-0.00147066739308153
-0.0038868891251513
0.000918690597320086
-0.00179047696542443
-8.33198348714376e-05
-0.00275923192327899
-0.00204116592730324
0.000167914602506651
-2.83186216454436e-05
-0.00154935356357794
-0.00833832249830973
-0.000162868485543863
0.000311439581121789
-0.00442071511343037
0.00188143062575319
0.000580690463226715
0.000472168528677311
0.00119228881917771
5.530248742542e-05
-0.000446565933534964
-0.000645945406005332
0.0027165916991555
-0.000511820472098445
0.000968133582480847
-9.88875115609458e-05
-0.00331321237250281
-0.000574332224651073
-0.00033059631324471
-0.000527742211356199
-3.06040178800088e-05
