-0.968605280792854
-0.83036547800156
-0.57669229524219
-0.332729270242706
-0.102243088451593
-0.154866247918659
-0.120478581017303
-0.211158198989465
-0.182687904018237
-0.221845186804816
-0.175271572733572
-0.0375789904022775
-0.167057338354045
-0.0595354096508403
-0.166136821025632
-0.101473461871286
-0.0824019194692779
-0.0487116034165102
-0.0342989100824628
-0.0597739268107401
-0.0153195293956374
-0.00223646484978726
0.00137554083411376
0.0275439520061663
-0.0359729408816587
-0.00132541850759793
-0.00606228246340915
0.0445455376241592
0.00450994433752661
0.00627165877829249
-0.00760545279110348
-0.056256077845132
-0.0171622915157549
-0.00300609334004185
0.00703612667069568
-0.00697839807379286
-0.0188419190272414
-0.000109355833676713
0.0168625986633128
-0.0428472009074559
0.00991271523266243
0.0105937344832619
0.000847822643272078
-0.0119972080459624
0.0111147937034096
0.00707793407305449
-0.000268180666626639
-0.00351830289795716
0.000501085423010328
0.0304255042673504
0.00462987464596118
0.00249549380508028
0.00966382490782707
0.00172796498619625
0.00176506343609452
0.0100010543192778
-0.0163986292997237
-0.00215873316982032
-0.0126059071670947
-0.00138676117905471
0.00722399940431424
-0.00703348990139994
0.00592327587541731
0.0245662634329674
0.0379770752855631
-0.000791294794255
0.00552571696609588
-0.00740466359470665
0.00882071351582392
-0.00118201874246404
-0.00529042219638097
0.019537173466088
0.0248168685471937
-0.017306722509633
0.00054670233734947
-0.00487176240948259
-0.000384776580907129
0.00264787869647348
-0.0131536657172079
-0.0335776684419934
-0.000236846946825092
-0.0183007257859322
0.00357714505902283
-0.0218850799142486
0.00494559283731696
-0.00251773035386619
-0.000126780623532073
0.000833316569963997
-0.0217337638921737
0.0330880004983097
-0.00399793298175195
0.00238666803676839
0.000750984992721719
0.0394664815886414
-0.00972832841041632
0.00226671148215447
-0.0188181182450795
-0.0231668906946761
-0.00865359030187985
-0.0109974087520643
-0.00708353393275799
-0.0159338714559756
0.0236237329610261
-0.0124650240379289
-0.0115373266979794
-0.00245758571727467
0.00393102176462182
0.000108530587286847
-0.00729743992502427
-0.00123679872141304
0.00579704035833115
-0.0016504957253843
0.00363952619287508
0.00984477204546501
-0.00170174423538203
-0.0194492477454543
-0.000128384872258669
0.00581198684523463
-0.0102554433991855
0.00527163542070345
-0.00136866063540209
-0.00709763410048418
-0.0169058564573449
-0.0321380104774718
0.00790321315164048
-0.00232780909207242
-0.012969937007379
0.000385379098489285
0.00552139190066716
-0.0026489013929039
-0.00855841132710827
-0.00441111887998615
0.00121544946388678
0.00253506019116822
-0.00814518910971371
0.00566550957766142
-0.00861918033326872
-0.00511671757685405
-0.00512130944351164
-0.0127945800821882
-0.0074638865049732
-0.00665007745467815
-0.0282523962484154
-8.10563285149214e-06
-0.000262754755262589
-0.0189218950773542
-0.0019050650914874
0.00573850384957186
-0.00106635018013196
-0.000259822917878698
-0.0314448197387608
-0.00583581253803165
-0.0157932315409599
-0.000263512719149545
0.00297037657715652
-0.00492703753514187
-0.00129328614483547
-0.00335664358096648
0.0109336927839121
-0.00264345004224752
-0.0102279714232467
-0.00286961140977347
-0.000265184333238216
-0.00716444963638091
-0.00402852858781083
-0.00252708736928955
-0.000823908994365914
-0.012014385803396
-0.000881688737855649
-0.00143220565643514
0.000140234171501829
-0.000748883653510873
0.000134380994307715
-0.000717020148410275
0.00218666976684865
0.00163036627560745
0.0033189593918029
0.000566851569632068
-0.000348034658523797
-0.0020452289836886
-0.000465398067978565
-0.00131315197217987
-0.00465318857311802
0.00191533031695625
-0.000739597112880212
-0.0161658157306616
0.000496499358118154
2.51233231081715e-05
-0.00163068335876587
-0.00839863768921798
-0.00867985224810463
0.00191789724631033
-3.52791485668279e-05
0.00149922158016469
-0.000783485833249057
0.00233615371681225
-0.000191417685741385
0.000200203241165102
-0.00048563675752494
-0.00318813022392929
-9.8598545927136e-05
-0.00117868728078993
-0.000849888604914393
-0.00223450330996255
-0.00414273461358707
