-0.993531760031725
-0.964215471706993
-0.693752954869968
-0.499437961115571
-0.35024273237296
-0.278533633832823
-0.292381251163052
-0.336183553716006
-0.351514131662538
-0.115720228566934
-0.161282238469512
-0.162131030867551
-0.0544365039971159
0.0159881524775841
-0.047206497965759
-0.0335971292913162
-0.0639907888086376
-0.0124064631138706
-0.0122888740513931
0.0165014676413888
0.0105614081154189
0.0168708428921531
-0.0349165051826688
-0.00429138580599203
0.00930978157864661
0.0785335155579742
0.00161247787582195
-0.0114576575770234
-0.0167890408780136
-0.0348089657177883
-0.00485033460789294
-0.104745609966969
-0.0540761585939086
0.00782489429651172
0.00371206238789017
0.0675202159222058
6.12244229423126e-05
0.0113818760827444
0.000686884774706316
-0.00653545067226154
-0.012317473596285
0.0148774652101549
0.0274945388775176
-0.00186280978629222
-0.0110095718730664
0.00969367468534253
-0.00355831338668484
0.000980510744456657
-0.0217616718916385
0.0127209401661769
-0.00229019030601284
0.00887328227590365
-0.0136724419077142
-0.00612209517075243
0.00104995164085135
-0.00723606186070087
0.0304558885876497
0.00124020521370192
0.00861641302458441
0.0146554456673972
-0.00120081601189098
-0.0140458297758045
-0.00267675508165575
0.00642440804412303
0.0305526089549214
-0.0117617906688827
-0.00107366898569793
-0.00720310266081972
-0.0169213986835811
-0.010296948047769
-0.000560277950127269
-0.0287790611422523
0.0141965811590781
0.00503967839280425
-0.0100825011888564
0.0101441075630177
0.000640706955218138
-0.00289767228828445
-0.0328330754446859
-0.00589670539958634
-0.000735071530525698
-0.0136789773375546
-0.00282864621487246
0.00488979495468532
-0.00564603006368178
0.000203929545778948
0.00652964814926288
-0.000515612723718471
-0.00687808042641346
0.00367022793694108
-0.0102024084769032
0.00198642284882412
0.00510447177802553
0.000176594280422937
-0.00240314922755251
0.00193460599172599
0.00818542844177247
-0.00422017079591151
-0.0315840385765805
0.0193800526889392
0.0109953442985586
0.00175857772347449
0.0132795716634616
0.00823962047003859
0.0116355807715549
0.0112672491596156
0.00497452135063161
-0.00160462831640529
-0.0242078573272121
-0.000751830297185856
0.00663025626556124
-0.00992595913700907
0.00158569183230818
0.00653787375523775
-0.00537383846402812
0.00246067269271819
0.00306410041368606
-0.0185905984556461
0.00997357385322241
-0.00172636262508407
-0.00345353442501802
-0.00679849096778768
-0.0105930846971198
0.000499384304874678
0.00861986178779004
-0.00347914738880729
-6.92537358469971e-05
0.00331903225382359
-0.00108066005575686
-0.0208650263810356
-0.0192756122381589
-0.00463343489440216
-0.00795754713208114
0.00108366751493254
-0.00377365993246797
-0.000999975728823899
0.00695390528556395
-0.0137137079937527
0.00308293197087249
-0.0114003910289858
0.00252607354846139
-0.00309563566699532
-0.0112679223029983
0.00395717606549313
-0.00621651358255215
-0.00686805170801264
0.00253137182590411
-0.00491554036107628
-0.00768235365430346
-0.00364614923441017
-0.000971496842918156
0.00351443814942809
-0.0010747629161297
0.0131224494890245
0.00216079498985007
0.00516262864414585
-0.00243690519323044
-0.0044071776928923
0.00718599511435222
-0.00489629128963069
-0.0105524623118179
-0.000792036941364788
0.00244118314900294
-0.00389266485047455
0.0131232627011984
-0.000149693999433563
-0.00205538677369514
-0.00165242738949352
-0.00584658637754168
0.00568760062424382
-0.000887418007466851
0.00112813691035264
-0.00350119357259084
-0.00150791800363147
0.000159127592448272
-0.00213982795892725
-0.00555178903173094
-0.000996781243836917
-0.0010428377607185
0.00137987905130526
0.000707755680655468
-0.00150615745991359
-0.0019534877577461
0.000555468656921115
-0.00424607304148215
-0.000344488365916173
0.00444352621528194
-0.00386999640362985
-0.00140703106665792
-0.00846381951316258
-0.00155064741768501
-0.0108724574714322
-0.000280977690883044
-0.00149126727269273
-0.000242852035182298
-0.000146639905356834
-0.00180443633808162
-0.00407692387371948
0.00165191804723045
-0.00115870504866466
-0.00864844077219103
-0.00608585273163854
-0.00477123739656131
-0.00529065003389994
-0.00185535325806747
