-0.995651732017909
-0.864697549348221
-0.63415812963607
-0.604640011944383
-0.539127652978747
-0.375821665618183
-0.543925665479719
-0.348009341871388
-0.333956464206828
-0.34333175424866
-0.342066924775778
-0.0666710981638151
-0.20826129289837
-0.039225752566686
-0.276041103135011
-0.0662172390214596
-0.226304769190499
-0.0718363702362984
-0.0742590932777774
0.0170770003459863
-0.0746081045379491
-0.0367632542359686
0.0786562652353195
-0.0697567802727688
0.0116113404103131
-0.00708800653497153
-0.0732855602982801
-0.0764111006993047
-0.0316010926294747
-0.0649629312479807
0.0245871511441838
-0.033108825974793
-0.0123711465119879
-0.023799731122288
-0.062018437723608
-0.00711642485844139
-0.0548892786262467
-0.0428689488191239
-0.0335718359802769
-0.0207398179264439
-0.0200243109681
-0.00166570234917527
-0.0161592657825568
-0.00814482290033551
-0.00742498520638728
-0.0417316283084474
0.00518138031707502
-0.00522147955174066
0.0215877637919819
-0.00846711753735385
0.025829588880992
-0.00360995179907971
0.00108730596780457
-0.0485475747515515
-0.00398852184397897
-0.00209969155755992
-0.0221165495694622
-0.0187757119959576
-0.00630942131163891
0.00441764255320274
-0.00280678658176567
0.00555421306717856
0.00656937516158366
0.00860167809152831
-0.00160459207788359
0.00357248039099492
-0.00446981158927667
-0.00133534360448814
-0.0141763384951966
0.0301847022984628
-0.0152515335090462
-0.011030826536208
0.00623389422217077
-0.00174031086869153
0.0288803450555104
-0.0840269620029851
-0.00384210571553472
-0.024552313662635
0.00774355378826945
-0.000146984764899274
0.00448695524717328
-0.0181718905482857
-0.0146188622699407
0.00501006120509287
-0.0440720600615873
0.0064321579920606
-0.0175812571729858
-0.0300712219057712
-0.00990385512348846
-0.00128141763481469
0.000990179022160035
0.0492877985281678
-0.0226350346132693
0.00844485795948485
-0.00174362525981703
0.00126089063957209
-0.0232074342974283
0.0108265480231652
8.95790060426165e-05
0.000779859291290658
-0.00306747493592904
0.000752401608945187
0.00904556939699048
0.000141518733604596
0.0030271559142527
-0.00491968690773301
-0.00396249237822181
-0.0212742169473563
-0.00326045773207219
0.000990272715423062
-0.00330854124245625
-0.00630001818831666
-0.00906840473924177
0.0152855206218526
0.00166815170987235
0.00264471957186877
0.00107303766590832
-0.00443752606109237
0.00489240944264628
-0.00138459234126606
-0.00216666698053224
0.0066394033785691
0.001768522430633
0.00387952583222014
-0.00739493449166644
-0.00192813817857083
-0.0122325046823323
-0.009358697785622
0.00801864623057434
-0.0103925111673688
0.00223948388069831
0.00363377499827438
-0.0292178762552633
-0.0114654419061611
0.00368530658228069
0.00101220608700074
-0.00118467428075084
-0.00117551617565051
0.000178377394328838
-0.00671510344516089
0.0103140074962964
0.000748156931167124
-0.00294525192073484
-0.000276487151622204
-0.00395649668552726
-0.000718660311728319
0.00405552063101943
-0.0095868503781061
-0.00295508165682699
0.00915470690469912
-0.0187075113486772
-0.00416523224843257
-0.00446402824579642
-0.00321341157744215
0.000565734712445438
0.000474258682497446
-0.00421599817724381
0.00170591416009506
-0.00124780589633948
0.000306595729653185
0.0060604426681641
-0.00296779279900696
-0.000706445334715415
0.00149909338272143
-0.00393220133275756
-0.00767454602568366
-0.00305941663674163
-0.00248348616331395
-0.000249507837154567
-0.00314645844744523
-0.0016765810857352
0.000823931059208498
0.00145120654524442
0.00296509550890261
-0.00102969630025435
0.00340236218281056
-0.000773008329068927
0.00131409591430601
0.00350166817592449
-0.00531356558249879
-0.00082782147505404
-0.00335877893391567
0.000336682119695262
0.000809056159209519
0.00293296200624543
0.00176688870174509
-0.00669264242092339
-0.000905794263641489
-0.00128353162391399
-0.00125629591177888
0.000697658556022155
-0.00140961907683495
-0.00332598680084945
-9.5074804370018e-05
-0.0005802733245477
-4.09184821686582e-05
-0.00130294223159627
-0.000285577683395726
-0.000691486107524903
0.00036791234004367
-0.00113737740027518
-0.000817830149035093
-0.00210292495991301
-0.000410613603593948
-0.000449470425409322
