-0.951278687797296
-0.537168275310375
-0.73200409541823
-0.385386858522464
-0.208937120614008
-0.225110075190648
-0.0559477619129635
-0.17646957267273
-0.0624166635900768
-0.181063037186731
-0.105462009245691
-0.0492181147810853
-0.181883127818384
0.0103045589758019
-0.0424071200089671
-0.012521315492612
-0.0296676512378976
-0.0877337157743245
0.00856901510840974
-0.0339479328512677
-0.00458655447933951
0.0257147798678746
0.0257923755861654
-0.0239200726267061
0.00942723929220513
0.0177048709642325
-0.0140623911094904
0.00195502069313943
-0.0296097828136295
0.0113631657661474
0.00106055629102993
0.00721132034611923
0.0351573222860982
0.0116282954643842
0.0100839110967519
-0.00180362291700662
0.0276379978508061
0.0179177773283722
-0.00244502883084582
0.0204385875714689
-0.00523669660916294
-0.00198795772077944
-0.000509755718114313
0.0154755120802944
0.0113484189780481
-0.00254197253746628
-0.0121753185627422
0.0125388514474007
0.0161821974967434
-0.0131228925709343
0.00952908095231857
0.00256854533999818
-0.00151438175306618
-0.00172909641182256
-0.00466381585417119
0.0297319187119911
0.0137376843557141
0.0146938255790423
0.00350281990175167
-0.00520309108374067
0.00789902722369169
-0.00443389440735375
-0.00680455662582849
-0.0422759588155029
-0.00634719576031098
-0.0131919335510507
-0.0281655325208775
9.40051762910593e-06
0.01663110275738
-0.0251214998942999
-0.0554133379820782
-0.0353292862477622
-0.0100299509246014
0.00415798810668518
-0.0370875396421094
0.0134441025069673
0.00279250812070209
0.00293119972474149
0.00252311504069102
-0.00124262039062554
-0.00803760145202042
-0.00107547177129501
0.00069627857020674
0.0129864377502034
0.00107749881420328
0.0106987386385352
-0.0069615903199361
-0.0151140051352285
0.00172888356620693
0.00573917700267235
-0.00537441155404522
0.00824600885758345
0.00832409921276987
-0.00118364742383661
-0.00739467658007836
0.00999268621823063
-0.0122666715579658
0.0159485920238497
-0.00234962014034541
0.0024535782408181
0.0106908440224864
-0.0160828280832062
0.0124137088362015
0.00654527001878032
-0.0119823728378146
-0.0334619200488407
-0.0129772082216142
-0.0089179971724171
0.015246885266424
0.00233069845193499
-0.00497423489587383
-0.000459144246228283
-0.0115371047345202
-0.00725548941857244
-0.00266863865879909
0.0119676751694353
-0.00177204920972476
0.00259955428075712
-0.0145669491484388
0.000702634694112327
-0.0109020343808323
0.00804305339480464
0.00733559360620036
-0.00662695150728033
-0.00776105633642278
0.00134983282161497
0.0044761921466441
0.00325614479532759
-0.00298750095723216
0.00414604335165676
-0.0122750428615204
-0.0108696095223908
-0.00267338108180293
0.00320869247861966
-0.00828375248104378
0.00925931315998984
0.00164898507537518
-0.00270249384183838
0.00116195668034224
-0.00673361824798742
-0.00509699755350057
-0.00163808853042845
-0.0023558192218746
0.00495522051340009
0.00174305508722031
-0.00709254502687139
0.0032390691015766
-0.00775448928945951
0.00440757171128393
-0.00774571457070978
0.0013468472048493
-0.000429081502026028
-0.00885712461179895
-0.0139846928608243
0.00284237674126667
-0.00234906392721896
-0.0023844474018538
-0.00545865797088109
-0.00527859557271724
0.00205731316714011
0.000811416151377349
0.00434367477148279
1.8045931651832e-05
-0.000120772166401378
-0.00128789037613084
-0.00681363258794376
-0.00140374813813741
0.0015621305124722
-0.00187444781805383
-0.00251308773056876
-0.00181602720138101
-0.00425168228887786
-0.00223640511619361
0.000321091076264561
0.00127445899206073
-0.00280532169102509
7.75097931118036e-05
-0.00237368888424456
0.00127986499709397
-0.000345787621802519
0.000651943621634534
-0.000459424311795435
0.00265597246496994
0.00233039422741989
0.000773088109715773
0.000643939055924609
-0.0010132524854615
-0.000625324836052408
-0.00155413278673196
-0.00266775087287409
-0.00611979164193465
-0.0021708313298202
0.000101966530145849
-0.00213486870940493
-0.000485590892574728
-0.00238265144963921
-0.000367878271609276
-0.00662837393518248
0.000616345726665541
-0.000601461427208284
-0.000708203646769175
-0.000621719898957733
-0.00344325193378106
-0.00216628038093021
-0.0039709663957936
