-0.924740034313625
-0.907724798713409
-0.543184325438568
-0.326177499714981
-0.207349027836421
-0.182433794729619
-0.132817602732333
-0.226062188648683
-0.234125788043073
-0.0399081318347402
-0.107763100630792
-0.101095438752879
-0.113835529677348
-0.124451775689742
-0.0645412681223765
-0.12759017605602
-0.0725465909741265
-0.110917054144341
-0.290882349316854
-0.041782563092032
-0.056103041904434
-0.0571621431806556
-0.025187090565069
-0.0496211094029545
-0.0393487526863209
-0.0639009847783231
-0.0406156114926266
-0.0262585645657945
-0.0699226019066423
-0.00209610278664389
-0.00803357653466668
0.00536520009260789
-0.041482394557322
0.0236900416914277
0.00293569610501573
0.0308929154042164
0.000926764116390294
-0.00992077652465818
0.00186019396449165
-0.0187090836865014
-0.0215876420240224
-0.038560378066599
-0.00120538875468007
-0.0462577970483667
0.0185641654988819
-0.00631514959008336
0.000658846937526197
0.0555178254977789
0.00957729947499709
-0.00182536376659717
-0.0163399563586413
-0.00144554294353715
0.0525629280536536
-0.028559716778044
-0.0299245412363251
0.00745062085046227
-0.00622697236611796
-0.00303242095994362
-0.00691050281041292
-0.0285338416637325
0.00416567903435088
-0.000883975369570512
-0.00655824402744704
0.0203118570117482
-0.0190764397208664
0.00122303748221366
-0.000173402764369638
-0.0213311086215946
-0.0204414543766338
0.0183409425933853
0.00360954477788869
-0.00417352707686574
0.000140855924040753
0.034432964867076
0.00898322897880592
-0.00489477015338446
-0.0263451100942437
0.00442345737033928
0.00776051258961191
0.00535468686801045
0.0207207638541821
-0.0154214780025948
-0.0065680212396779
0.0210744173284175
-0.000752763560424217
-0.000594108381060264
0.016443279773508
-0.00278323479017512
-0.00601374285726025
0.00376016609987035
0.00376180861435032
-0.00454610826215944
0.016704201367001
-0.0255774752618244
-0.00601219941673126
-0.0193962847305899
0.00638516754092256
0.0192825294893902
0.00576342391360678
-0.00350916959137545
0.00572771883114315
0.00191683103213824
0.00472061396929724
0.00261171288622737
-0.0138743713781958
0.00830740405228643
0.0044361114324235
-0.0105738114508751
-0.00476712968805301
0.00588639625233068
-0.00292500534826284
0.00549495383261452
0.0326596503157323
0.0200790644134506
-0.0329376180030447
0.0072816704568326
-0.0019431867782633
-0.0217453392021243
-0.00606335259736567
0.0172775779747317
0.0114608889142558
-0.0562549535408878
0.00347086468874568
0.000598216314365303
0.0125175700813758
-0.00909582524914364
0.0388454517553293
-0.000883851853986468
-0.00248551044649518
-0.00225911938870606
-0.0205707932774798
-0.000102748547937106
-9.21065409382623e-05
0.00109997757673617
0.0157074252045045
-0.00861502408919467
0.00489486290679348
0.00217041777817293
0.00646158976572445
-0.0109870131297667
-0.0752528850674142
0.00970798889644972
-0.00538637796147368
-0.0106671099836295
-0.00664777303155824
-0.0152535530630234
0.00541603846136654
0.000621139102051507
0.00318671808204433
0.00433141634458169
-0.000927822108557813
-0.00103848578077995
-1.6229281768183e-05
-0.0023685358182458
-0.00416423144030988
-0.0121152130043383
-0.0145219278562
0.00181907098760487
0.000691038649455007
0.00787944960107771
0.00113524907104408
-0.00878073848133101
-0.00128231512214109
0.015025462783591
0.00102737561672393
0.0010770987193759
0.00170863026253301
-0.0247212476736681
-0.00532530212013374
-0.0170811887342232
0.000146787235350824
-0.00258783796272372
-0.0035941671475256
-0.00072091402597918
-0.00109340586301033
-0.010361143233409
-0.0120841006622519
-0.00291657664165576
-0.0111434301628693
-0.00697713902707196
-0.00368988252225387
-0.0112288221455271
0.00181039337038596
-0.00207251102788697
-0.0106670285833121
-0.00271696987468413
-0.000428801562146383
0.00126360336937478
0.00294429713769072
-0.00249182391321315
0.00109646996084875
0.000447546677775217
-0.00115770740420015
-0.0069386835356838
-0.00158432998446609
-0.00212071851684483
-6.12567833044927e-05
-0.00277191622966623
-0.0033944349932608
0.000614126979186386
-0.00074978586415634
-0.000606098629176812
-0.000777443003246
-0.00210186729668815
-0.00164768833509458
