-0.935662480721912
-0.784025513522389
-0.462254109550938
-0.235407235616157
-0.377962100580402
-0.222716477193374
-0.482133270641722
-0.184852780665281
-0.1827638171105
-0.066549073030696
-0.0184914267824945
-0.0757983308414787
-0.0210305852604314
-0.0363595663273925
-0.0833170772521992
-0.0774032584487881
-0.0213536488597285
-0.0738626344635883
-0.0770613744196813
-0.010010004647653
-0.0789813081269291
-0.0256824236031542
-0.0195773025202622
-0.0283757028284941
0.00240888435398
-0.0537440410891418
-0.042025010812232
-0.0138903636669129
-0.0140142145995508
-0.0255066720708311
-0.0103494169481233
-0.0274949546220372
-0.0230170712516856
-0.0376187759645556
0.0123515891187536
-0.00486505471687882
-0.0209869651534945
-0.0181336819218853
0.00190287020999893
-0.0207781235378676
0.00435818547068775
0.00650438277157198
-0.0179479141637631
0.0110908591981852
3.0828927473245e-05
0.00785925255335439
-0.013216069590355
-1.75207471991325e-05
0.00189953454988266
0.00155985658350628
-0.00494331336966528
0.0014162951136622
0.00692945031666232
0.00133404501720361
-0.0432751368346924
0.000120815283425095
0.00434838014219821
0.00495466944940297
-0.00519826606958779
-0.0119438519274442
-0.000546275178090476
-0.00661183032884048
0.00594636580636413
0.00100849666083448
-0.0293201356337996
-0.0098228623842129
-0.000763643095281602
-0.0110048546449004
-0.0282832242494445
0.000513365792310216
-0.00255885787642258
-0.0316558200545645
-0.00161030462985882
0.0152840908822364
-0.0129409537577884
0.00520066644580787
0.00119851068837027
0.0163884879924484
-0.00731025800181859
-0.00107466170554995
-0.0111688359016859
2.34564999570261e-05
-0.00265247724613793
0.00141327126500975
-0.0168600324836603
0.00301214973152335
0.0129240758786222
0.00769198219394304
-0.0112758291980636
0.00590165628174473
-0.017224271574306
0.00342274151513174
0.00289650844568094
0.0166432720578346
0.00159128204669963
0.00200531633279269
-0.0259061951332737
-0.023374863346125
-0.00660917025233748
0.0178613583395098
0.00827447502838733
-0.00543778844693157
9.48177882671852e-05
-0.0234491559376782
-0.00557177014400735
0.00645677711205674
-0.00341531058163799
0.000174687010024713
-0.0341705424672787
-0.0160470646192713
-0.000143849698730788
-0.0132422842401469
-0.00408799734730221
0.00334364081327416
-0.0136357939902804
-0.000177465304628318
-0.00755006228514825
0.00449990275258794
0.0031331619937242
-0.0279651627194686
0.0108831033195754
0.00548354752793283
0.00379232425600403
0.0030980912051607
-0.0131125537155474
-0.00300388456409529
0.00924808264627017
-0.00187609102191971
0.00562633806551184
0.0115360736377113
-0.00341972640582325
-0.00769922998455457
0.0183819133321711
0.0326770412987925
0.0040944441062711
-0.00860049438284511
-0.000816131678774576
0.00288400732574381
-0.00711588046158537
-0.00886041020526019
1.01851042720786e-05
-0.022624824528904
-0.00425638101950377
-0.0013744742208232
-0.00224263776499807
-0.0034362223403633
-0.00251519306467293
-0.00917919867031908
-0.00753067930256523
-0.00131532315512189
-0.00328589460880973
-0.00967973550377449
-0.0131860553334095
-0.0347455487187141
0.00692961886946084
0.000204536343466856
0.0170881498483493
-0.00334496385717241
0.00443945726987952
-0.00299816242588978
-0.00824453219726329
0.00127223554833773
-0.00484956308813884
-0.00018158506885674
-0.000755620075593276
-0.00778229885161018
-0.000439948718342631
-0.00365776052079388
-0.000495716828463788
-0.00277428023313723
5.70379801279901e-05
-0.00700280356200434
0.0022585021506957
-0.00013173466896878
0.00221480173339094
0.00149138288152854
-0.00613848874740139
-0.000124745576652647
-0.000446542649153707
0.000611890901473177
-0.00447694347609519
-0.00467807408558454
-0.00526328876824055
-0.00707384382924026
-0.00990046339413256
-0.00949560830725926
9.57463735512783e-05
-0.00114843439164772
-0.00524333179430445
-0.00396165720830296
-0.00307315530167552
0.000183641908675031
-0.000395225710941041
-0.000533198386678233
-0.00425356678380383
-0.00748564896155162
-0.00482434087149412
5.89160129929667e-05
-0.000347858553435071
-0.000884939432415875
0.000428856883044972
-0.00256308691039039
-0.000304083180022462
-0.000703642524017092
-0.00131056472939867
