-0.956569580818777
-0.78473057562046
-0.486305641404706
-0.221618445604138
-0.170254815792383
-0.171373491937697
-0.153065480300177
-0.307621926894685
-0.178061001711478
-0.170464744955303
-0.110290615249502
-0.0908373300083185
-0.087064558344603
-0.075593263360418
-0.0295598000431833
-0.0301057963165006
-0.0403373567995645
-0.0316310254662838
-0.0421207924509949
-0.105240402321773
-0.0382461825978481
-0.0656605277966051
-0.0262256025321801
-0.0401895830941956
-0.0200287545092853
0.0139000148029077
-0.0339580074454557
-0.0428633032161444
-0.0700889571174283
-0.0221436484483289
0.000168378922874239
-0.0118324780510781
-0.0360924717845471
-0.010599012903565
-0.0335266995051924
-0.0106889304482549
-0.0155784689694736
-0.00350443812507278
0.00600617037036278
-0.00871281958122768
-0.00225788915150121
-0.0670414813312111
-0.0115221232960439
0.0132604230210854
-0.0044320223493555
0.00921950515063561
-0.0125393068978187
0.0229819090523305
-0.00520538947098469
0.00154983918786119
-0.00227450582063803
-0.0181440231163814
-0.00842968565738083
0.00219106584853733
-0.0361761420072172
-0.0134549180071328
0.00359250149205922
0.0163115676237905
0.00451516104285401
-0.015980616653778
0.0031380817933305
-0.0191868334362583
-0.00461629928765141
-0.0094055439487115
-0.0122218230734127
0.00478205704688418
-0.00112396310601467
0.0187978668152035
0.00306200861602259
-0.0455603517788133
0.0152829943470299
-0.000592166997368819
0.0122236241256846
-0.0261503209824075
-0.00558527903614811
-0.00394003154907435
0.00562189328856711
-0.00821098776736597
0.00334141324602051
-0.0151294783633891
0.00225411822219709
0.0098682779043594
0.000444792281953306
-0.0368589290365608
0.0092294113019774
0.00937797956034858
0.000336761564752745
0.00198114873068709
0.000514690099571783
-0.00646891181460714
0.00104719602196014
0.00198333780074824
0.0117491029147771
-0.0040998990855767
-0.0118044744192148
-0.0242703223540313
0.0154754717357939
-0.00484365110036541
-2.15932130315892e-05
-0.0175971270335383
-0.00794632030375165
0.00114112796234954
-0.0133997228337754
-0.0240524050642771
-0.00388466535219016
-0.0687574744696333
-0.0016370902668934
-0.0115842400809582
0.00236872371236785
-0.00778333612899438
0.00819477845573325
-0.0147370369702965
-7.85071317695764e-05
-0.00109608451305623
0.00155649897721359
-0.0129297071788205
-0.0155814650609609
0.00907780648796277
-6.64361976620968e-05
-0.0164401950780824
-0.0258573208512279
-0.00986190206671347
-0.0042117407075268
0.0141788207732745
-0.00565690432793975
0.000436054527541122
-0.00520913735905126
0.00563321921654111
-0.00917661118722614
-0.0114512665348636
-0.00175400155157445
-0.0131204063142482
-0.000439540819494828
0.0013160131222622
-0.00146824935882423
-0.0159181031308865
0.00458394556876785
-0.00478838305729386
-0.0128554444566014
-0.0108458168840444
0.000342735021123929
-0.00138208331690815
-0.000410753738795667
-0.00420637600256178
-0.00516733203996126
0.00166158670948009
-0.000694951758472426
-0.00373155318360093
-0.000934336800277257
0.00333532592787489
-0.00240188516654493
0.00262474817196342
-0.00533299940897627
-0.00371747497291571
-0.00167732484381441
0.00291191313732603
-0.00180314790578352
0.00138742469962827
-0.000125527838695179
-0.000669069268504408
-0.00496063933548043
0.00416276793878463
-0.00556789645628486
-0.00663921132340586
-0.00105948065497286
-0.000343904598163957
-0.00190304377780169
-0.00188083513802647
0.00708455865477744
0.00150435570120328
0.00792196884793271
0.00150347939890514
0.00184889564201351
-0.000674663332118277
-0.000441012035284592
0.00128442995677596
0.000156733711838009
-0.000688818387011699
-0.00315472623460873
-0.00323092947480363
-0.00680279970506646
0.000677840567836184
-0.00488128325598827
0.000568966359211255
0.000278823073017835
-0.000215378317144241
0.00113558420345225
0.000354702233012971
0.000453153119258127
0.00138568077278488
-0.00150660301199603
-0.00210852742636227
-0.000434264693024192
-0.000811913503596865
-0.00048187166099593
0.000191720790943265
-0.00308382445903501
-0.0029530789610674
-0.000919578257890594
-0.00246051296552627
-0.00376786528184068
-0.00665575382486317
-0.000337853023644404
-0.0042843435812728
-0.00082356027698525
