-0.982634816524964
-0.981586287919858
-0.956576327596065
-0.975260993844293
-1.00862627785708
-0.996818461888038
-0.897062347826302
-0.66930700254535
-0.511077692209406
-0.446294259415128
-0.42652362326354
-0.508771422408159
-0.665700816819041
-0.758947951541357
-0.794549424797518
-0.8037725519439
-0.739426780169689
-0.58971320748995
-0.457252990207593
-0.396892018432841
-0.368608514060146
-0.394385245609216
-0.519699394497006
-0.650693741805762
-0.723716944681963
-0.760733621042188
-0.695172862147244
-0.519745086572366
-0.362869383621838
-0.234750447149412
-0.165835419547399
-0.129881168794467
-0.180466202844256
-0.30151975390171
-0.373583718330618
-0.421507400600834
-0.424166158986547
-0.397736204851874
-0.407289444981706
-0.383054930123514
-0.301193588364235
-0.268567111272061
-0.277440571842801
-0.243861173284719
-0.237246555870746
-0.243975339041404
-0.240617605519577
-0.244225285826235
-0.232607722956841
-0.207344309649695
-0.17798666853954
-0.128724243941276
-0.133020121100798
-0.158701350005165
-0.109598167998964
-0.0403724275473061
-0.0711468068308822
-0.068756269676629
-0.0589647537517578
-0.0658961057752028
-0.0751070570233908
-0.0952479902624433
-0.116969048615534
-0.134220949148946
-0.13672230563785
-0.122368308340241
-0.0987867247107536
-0.0740235280899542
-0.0426356908323977
-0.0145052568226266
-0.0734363077793519
-0.110800725469845
-0.0980479515518922
-0.109436062922239
-0.127030301268297
-0.107059624599826
-0.082912777428977
-0.153185706057758
-0.154585797436233
-0.145131660194521
-0.148954303814706
-0.164435338740495
-0.165017811903981
-0.168239392807491
-0.126440778536344
-0.100734588516329
-0.114516760583992
-0.114552048270064
-0.0937203130239274
-0.1103229888927
-0.150984446972737
-0.140948208630061
-0.129388661533795
-0.129090953307863
-0.111720862169496
-0.0710371622714282
-0.0657959096758113
-0.0757028358067009
-0.0524139692417487
-0.0510241700208448
-0.106290441492237
-0.101859201296771
-0.101783331095461
-0.114879434280042
-0.126560219132885
-0.0712357289416472
-0.0546943617908393
-0.0568126763916262
-0.0516318590365979
-0.0419288733612396
-0.0669135430628485
-0.0453953284957704
-0.0206857822304493
-0.0217817386381218
-0.0304367240557628
-0.017155787021859
-0.027088987631357
-0.0550887852169237
-0.056811757501884
-0.0123393955808541
-0.0530994915360356
-0.0448984127275551
-0.0335282577837961
-0.0343488857046986
-0.0355851232562765
-0.0212021423262185
-0.00058649325628848
-0.00861378333022726
-0.00710722899995901
0.00693426768229118
-8.28166653061477e-05
-0.000381701532323548
-0.00461095317077599
-0.013383371268117
-0.0202561085747551
-0.0203042783133489
-0.0151587491185241
-0.0239773515315332
-0.0133367945251855
-0.0196876462840081
-0.0144786521324115
-0.0126106493713158
-0.012871882288005
-0.0479271009869305
-0.0589781149962846
-0.0541543910671111
-0.0675598628538701
-0.0697937520640186
-0.0427038749987018
-0.024931097649485
-0.0272807262790423
-0.0113947414006506
-0.000558138786748159
-0.00715729189553213
-0.0237798093542023
-0.0254405827901096
-0.0276961728130166
-0.0306629351632984
-0.00203630213713262
0.000141526922481239
0.00592443393069406
-0.0199121980395104
-0.0471505651066497
-0.0137771801060101
-0.051361357671639
-0.0410817994922009
-0.0131795198250023
0.00301991548630504
-0.00912833471459932
-0.0241825266102556
-0.0184785413318036
-0.0224486264141146
-0.0490512466132435
-0.0543368652256406
-0.0460407030105741
-0.0386613834451685
-0.0334830100350067
-0.0216511016905431
-0.0141321314579594
-0.0168509298170542
-0.0162129327688901
-0.0422673458048803
-0.0418983798720241
-0.0408410151647208
-0.0301229389970808
-0.0203736794174817
-0.0116754656881531
-0.0117081916150074
-0.011610460438793
-0.0206171743322028
-0.0170266885916656
-0.0187522248572931
-0.0316265801339768
-0.052955127217697
-0.0308930486979487
-0.0344638661080221
-0.00831740829798594
-0.00437432941016943
-0.00253946110575472
-0.000303941064293769
-0.00379366870459208
-0.00896489074235506
-0.0145733412573625
-0.018335741513174
-0.0211789529021832
-0.0237817032245193
0.000657020916614437
0.00923366155103186
7.84384337754276e-05
0.00916188934097292
0.0189379554754228
0.00148099080686169
-0.0194511351731705
-0.0164407422917531
-0.00988948384030176
-0.012188783364301
-0.00745513727388019
-7.95259642856483e-06
-0.0116385599061656
-0.015761237680793
-0.00396997647022282
0.00820371521351493
-0.0295154529074504
-0.054392911166693
-0.0443266849842337
-0.0638474424031377
-0.0490116460708759
-0.0377647161873424
-0.0279286043610492
-0.0314254991443238
-0.0291780203713457
-0.0419787402461246
-0.0511674358086684
-0.0597881932565921
-0.0350339751860097
-0.0614743796320667
-0.0440102580721439
0.0127475727171372
0.00465305725878421
0.000468556239649594
0.0327074525593879
-0.0330153806586773
-0.0637821090878673
-0.0539543991792433
-0.0237459070995373
-0.0780854835411717
-0.0530936812277312
0.00309626008143539
0.00172788511070566
-0.00965692413733006
0.00765111947215535
-0.00399656760026382
-0.0532076375082794
-0.0630947237872755
-0.0603288746058959
-0.0528676059410566
-0.0438336849151987
-0.0105834518123776
0.0104434382906627
0.0126429181931425
-0.00592362909216668
-0.0121973434011392
-0.0305104625210299
-0.0551667967382643
-0.093451067462199
-0.0720063525993198
-0.0498658102446747
-0.0398519752501765
-0.0143503856396287
0.0127821269179046
0.0103367831213768
-0.00894394031444253
-0.0261499484202372
-0.042424168660951
-0.0576962342641586
-0.0499564557748632
-0.065922715933737
-0.0670083850673373
-0.0633719978668547
-0.0664247325620692
-0.0552633002028578
-0.0302370703006969
-0.0328151067241049
-0.0351601184005114
-0.0168617376657975
-0.0330717757464966
-0.0556272812552297
-0.0680195963839894
-0.0730958251904982
-0.0763032991518122
-0.0694228338806967
-0.0487382402137954
-0.0346721273359939
-0.0351728442299061
-0.0348443512421024
-0.0354601646015382
-0.0544018605716492
-0.0702579647556914
-0.0685161184169
-0.0762687918463551
-0.0495266604778018
-0.0138942167331071
0.00809994648302719
0.000527558337274737
-0.00801620393920022
-0.00200217472711227
-0.00839082947640258
-0.0293015939120804
-0.0346398138763121
-0.0239609502779356
-0.0092532280954469
-0.0134546432226829
-0.00501605079150207
0.00174920928630123
-0.00752587113064365
0.00168855369807037
0.00601559051139589
-0.00202778910773123
-0.00116449990837069
0.0124666906584224
0.0132144164182117
0.00245775762795567
-0.00206009421502586
-0.00657861171156113
-0.0168295162561534
-0.0164798836967503
-0.000771656402401486
0.00587812143222113
0.00421715517308708
0.0114625277772665
0.00355430756057883
0.00417073624871716
-0.00275736909784861
-0.000138529833610949
-0.0132870348607301
-0.0321095520051503
0.00289736368390395
0.00222411646055651
0.00474806520437122
0.00764988728641356
0.0163022351500174
0.0100045029793982
0.00344868960828599
0.00326599106637253
-0.00200352588233819
0.00277056171828463
0.0160944871762557
0.00987880935905808
-0.00455017647249151
0.014981131621584
0.000469087804781639
0.000518953934350145
0.00130943504827844
-0.00454466517274007
-5.16714511641127e-05
0.00264953942253233
0.00321769309368432
0.00320635391128578
0.00246108018228932
0.00151857283362854
0.000977114301393383
-0.00695686564765873
-0.00192881952671257
-0.00685074143845395
-0.0138216759539647
-0.0174122726092887
-0.0118571408155243
0.000277634548546294
0.00556590653603239
0.000209866165549196
-0.0048156342483451
-0.0184976965556469
-0.0198851856041215
-0.0208525629547146
-0.0317217515672028
-0.0183839909784979
-0.0166415274379922
-0.0127052094984733
0.00235512282481463
0.00172997797408864
0.00160620954060728
0.00393582806292159
0.00510692501670735
-0.00181028039493994
0.000309333407013369
-0.00113608805805332
-0.0149599595645772
-0.0204599814682679
-0.0180808176206603
-0.0235678432918717
-0.0268473623562201
-0.0164254197118359
-0.00760998602052033
-0.0153973628506622
-0.0130686037618635
-0.029579369525718
-0.0726394417048897
-0.0169723440146612
-0.0147311396601792
-0.0149420612704358
-0.00805285504768239
-0.0213632450270491
-0.0173860735703222
-0.057091986093355
-0.0347794554865758
-0.0179832146190792
-0.00154888532138733
-0.00234092872501271
-0.000254547724118334
-2.84639584866898e-05
0.00155138821510724
0.00327153139514191
0.00613645215026615
0.00758546751092583
0.00594871874986675
-0.00236591771479497
0.00764423940837598
0.0115530462658052
0.00739780648517565
0.00530960224877701
0.00534213168158168
-0.000433031288902338
-0.00211519384700996
-0.000814186626050717
-0.00285552182051874
-0.00271965526586301
0.00330462866771505
0.00496744108234482
0.00563873774632666
0.008502453575866
0.0010591704208874
0.00233694732616348
0.00143132890881432
0.000956602337940067
-0.00171907521460737
0.000867745790126373
0.00312072557298664
0.00332347896178807
0.00423423528610111
0.0044857493405766
0.00815094608482323
0.00783330064109027
0.00234440696525053
-0.000807230995364787
-0.000155974588482199
-0.00713720617186876
-0.00308328787669292
0.00403497119976847
0.000648205711333069
0.00069227522849667
-0.00247491053627137
-0.00221320780272085
-0.00301942764224506
-0.00173624532989841
-0.00032595888471617
-0.0010519565244991
-0.000759433363074377
-0.00023849074050353
0.000279413214766729
0.000636443661788541
0.000594461849552168
0.000464880186270361
0.000812466517393311
-0.00120192007602056
-0.00239759849780862
8.86570579208046e-05
0.000929600754628247
0.00457630543570653
0.00489008025372966
0.00226061964022084
-7.28399459059479e-05
-0.00288346161630008
-0.000160961388779581
-0.00859661493506387
-0.0131732969281417
-0.0193101621387049
-0.0208280940544539
-0.0194208540235303
-0.00887857236039426
0.00697289479262178
0.00404206074975551
0.000189756492139057
0.000958043740354562
-0.00485875017049139
-0.0127295641331606
-0.0153494714265472
-0.0092218522031119
-0.00938339351170688
-0.00729328659077423
0.00233275350824486
0.00549567428215681
0.00228615574662996
0.00393668775575914
-0.0105549657260967
-0.0196696420895589
-0.01795069981579
-0.00725786973600172
-0.00158302087173167
-0.0112887920166878
0.00618891871480545
-0.0019563488105595
0.00279796987135616
-0.0101512720557709
-0.0102152781843731
-0.00386024068987873
-0.00422054157550963
0.00643173920998603
0.0135290802689289
0.0131807716447069
0.0121586364941646
0.018995223571661
0.0240486455034312
0.0228451733513904
0.0236721585625131
0.0210000143468717
0.0101440366170927
0.00506443398121533
0.0076802005757983
0.00633969213836103
0.0062796556713644
0.0165739752187695
0.0244740106051509
0.0229427965233858
0.0256128451286679
0.02881063499479
0.0207405112257305
0.0120507707402967
0.0109587313199151
0.00588503243205032
0.00151442644970131
0.00768154940575523
-0.00300590230378983
0.00755791771018998
0.00197165022260494
0.00200136600590889
0.000296967045152489
-3.4603226985553e-05
0.00607884299359026
0.00420244717415113
0.00238025758960977
0.00152918599165121
0.00144160945656785
0.00161394407875173
0.00225717026953478
0.00311888526707741
0.00330312256197006
0.00228390823205707
0.00251123088852488
-0.00332054735272004
-0.00101711191665538
0.000226667873340501
0.004074963892926
0.000502545454686407
0.000579573173320871
0.00424714572348825
0.000365347295442052
-0.00456370996950029
-0.00340795341203497
-0.00433947375169015
-0.00723491960784633
-0.00441930435012892
0.00179644819073599
0.00113218632176558
0.00264025067228902
0.0016052067768425
-0.00181253522382713
-0.00386721902733334
-0.00965376106078636
-0.00790087411015536
-0.00131880798582769
0.000586181800055423
-0.00132154960437104
0.00171543119732383
0.0053827275658941
0.000437327275669919
-0.00524652345343727
-0.00457396731524141
-0.00465914530549512
0.00277154766858295
-0.0018880072717026
0.00209635953942521
0.00445045519771681
0.00418815000104112
0.00119777856954235
-0.000364891538189786
-2.06239643923429e-05
-0.0020508341532385
-0.000170285132327195
0.000250050987073602
-7.77928095453442e-05
0.00107062674636831
0.00163559254797844
0.0020497528608474
0.00219511928265995
-0.00185950534611414
-0.00400019656038898
-0.00235585483435409
-0.00188255879695891
-0.00315170931832737
-0.00205986466834656
-0.00171577901439705
-0.00509150277203817
-0.00715893523010646
-0.00283432311405193
-0.00130295780845526
0.00214419665266456
0.00789877877060029
0.0022302614520596
-0.0012439899713605
-0.00248069837379552
-0.0017358941053852
-0.00205209406118138
-0.00398088279695233
-0.00676129302942062
-0.00567173414515441
-0.00284299666869535
-0.00146994675913158
-0.000136494908600347
-0.00410732522293732
-0.00474428691915487
0.00540269391009685
0.0088362602463824
0.00442231520534509
0.00555698767864317
0.00586626992963055
0.0018665962687345
-0.00120774262220895
0.000789398078637414
0.000868157796571667
0.00282509103377627
0.0126096577530889
0.0129031955065571
0.0174088592665802
0.0154997593714595
0.0162514792209121
0.0133019020560208
-0.00571860114451287
-0.00372525472764282
-0.000843393800272174
-0.00116065848013979
0.00304452501242696
0.0115035894588444
0.0118974267378223
-0.000232655888691091
-0.00846612838533378
-0.0103913299061434
-0.018119821222358
-0.00917048538947315
-0.0255789031004225
-0.0115348801694242
-0.0115589454008218
-0.00921816345371016
-0.0065733675755181
-0.0025631335814807
-0.00419510560165358
-0.00709273424429552
-0.00650590047598925
-0.00782227200475759
-0.013066846873558
-0.0147237601804497
-0.00702439449957863
-0.000525470883615322
0.00190265305559291
0.00950307308076668
0.0164922068878207
0.013093276918445
0.0141101396356742
0.0091764344800014
0.00508583770446377
0.00311588957959309
-0.0080529725022669
-0.00144439170483015
-0.00532974541895737
-0.00724271355342755
-0.00765992989530512
-0.0119691163882267
-0.0173444718506064
-0.00675080332836262
-0.00902618108246448
-0.0128087368780632
-0.00942123576620491
-0.00676128816844852
-0.00752042436962628
-0.00613677114076019
0.000167453750254546
0.00143173236940698
0.000215605853623791
-0.00215614970058
0.00831373473686493
-0.00590140655431728
0.00184377578627889
0.00422949740730924
-0.0013120755014873
-0.00155145382198456
-0.00734923280208532
-0.015026707456206
-0.00304994365597054
0.00090933756641799
-0.00960352355881577
-0.0088519405407071
-0.0134300350386009
-0.0122680367852751
-0.0139103252833864
-0.00396431635847907
-0.00385272365406676
0.00404342961157772
0.00301725904428782
0.000798513855595617
0.00696330384244834
0.0041992624456701
-0.00797719345278529
-0.00738897673475356
-0.00166617669926713
-0.00833404715057436
-0.0144670096038918
-0.00617847184744485
-0.0012494916018534
-0.000722482992176986
-0.00157926725062375
0.00166040671081925
0.00137293042778535
-0.00750059874637524
-0.00471458168000952
-0.00451431616229622
-0.00402571273077232
-0.00227169089478694
0.000127216122911402
0.00289782280682276
0.00310931532481005
0.00143511845272214
0.000358874916706361
0.00251367651902319
0.00306975547080588
-0.000520479360239894
-0.000934951540129594
-0.000330585331660665
-0.00129711976651975
-0.00173373113408701
-0.00164953306928011
-0.00445043698784366
-0.00495653944797658
-0.00877810702243981
-0.00833553242008828
-0.00185701629272459
0.00202681936223937
0.00768578752319429
0.0068017260025693
0.00346902643402299
0.00224834877539085
-0.00325588488400723
-0.00416738892317628
-0.000657402869570191
-0.0018991506014299
-0.000977879500632916
0.00213979887354812
0.000865736247067485
0.00246829625310108
0.00289783140583467
0.00503841612594429
0.00256752447667888
0.00312932356146031
0.00313271923516511
-0.00232672598280279
-0.00126949913135202
-0.00107992550865507
0.00523846839638945
0.000912478423664346
-0.00231265133951399
-0.00579031430540608
-0.00570627295658105
-0.00295375916696381
-0.00198302421222306
-0.000200687100972284
-9.86871125569233e-05
0.00032907615698534
-0.000821881215255196
-0.0024443185487825
-0.00418171618306318
-0.00725366034173105
-0.0082170115066655
-0.00536240194748325
-0.00434477509949287
-0.00358457847878187
-0.00039987675163906
0.000851229220172673
-0.00433775965655783
-0.00546507703046372
-0.00315433833511729
0.00157076257085115
0.000661679999070254
-0.00485458218293577
-0.00133932309409857
-5.75456081190508e-05
-0.0211004479960169
-0.00670822903886316
-0.00417711655077221
-0.00695585320901162
-0.00777163638389703
-0.00555874286303523
-0.00110493955826844
0.00369440757877336
0.00302620939900039
-0.000571317366879499
-0.00368508180692856
-0.00184185476600675
0.00132682557530557
0.00147197799998545
0.00139243129624002
0.00361679806368541
0.00191865005531946
-0.00324274580988856
-0.0052335412567577
0.000913541919478785
-0.00468932854387447
-0.00625672278528025
0.000815372716577385
0.00400743899094865
0.00907010201256547
0.00870902888147383
0.000850972852088302
0.00110417772181308
0.00240916617804555
0.00102346119244332
-0.000775249915627679
-0.000426338648842305
-0.000800387501623098
-0.00124085266972097
-0.0018979452840763
-0.00178596177322596
-0.00615276241907058
-0.00247273211315241
2.57676825073405e-05
0.000683211863760372
0.00212927169077103
0.00468945454265221
0.00594666934828462
0.00742517486680079
0.00879063221207333
0.0108463377684614
0.0109771784365228
0.00657792547596576
-0.000563055817037592
0.000249005863566299
-0.000160717593814859
-0.00293961283628068
-0.00453721221470015
-0.00113218701981464
0.000231969344804106
-0.0010560350963598
-0.00116704529081114
-0.00199358407783398
-0.00144038521380534
-0.00705109298174168
-0.00212894148643393
-0.000325433672310797
-0.0011671328923882
-0.00176339691977681
-0.00266172193959945
-0.00687663397154972
-0.000655054530181414
-0.00322109836488389
-0.00180557048317941
0.000702825439005098
0.00171358896847498
-0.000115020254857723
-0.00281195509903912
-0.00413377079291212
-0.00682672495610695
-0.0116888314891713
-0.011780724839119
-0.00807184607500815
-0.00522578307607263
-0.00381651457674643
-0.00160247780683476
-0.0011148840306808
-0.00448545623789802
-0.00997377580561498
-0.011481342828225
-0.0119518600539421
-0.0133495362228868
-0.00539024899236457
-0.00134218952387921
-0.00146974815764366
0.000609073078375508
0.00255039409380691
-0.00160046112926492
-0.0078514466469745
-0.0102608787259342
-0.00930152758657106
-0.00884801619053337
-0.00487098582726301
-0.00309701034469292
0.00302595884446606
0.00417981549412113
0.00542729926817633
-0.000347375739031997
-0.00351662339221642
-0.00385348010143172
-0.00793790793116193
-0.00892679297856458
-0.00417183415905581
0.00144681341197702
0.000982706687211292
0.000178804138451265
0.00219282761255841
0.000394450782338885
-0.00331188072140684
-0.00478911402599995
-0.00407711614359991
-0.00403729904668617
-0.00495837737607237
-0.00299854464665186
-0.0027057613086425
-0.00287356853456223
-0.00085142285443293
-0.000523672465938223
-0.00237278549986919
-0.00467363350987834
-0.00467996443534403
-0.00277832943521901
-0.00550044622119811
-0.00433033272306065
-0.00134771670815715
2.85649353660004e-05
0.00178176223695629
-0.000121083149255267
-0.00292800443864424
-0.00312758471695766
-0.00345829400644904
-0.00220296326465146
-0.00219665641927447
-0.00265348755301582
-0.00319510941997635
-0.00100553540167807
0.0019770882497645
0.00133872409489934
-0.000130663444410199
6.32790445332556e-05
-0.0023472862251159
-0.00463560687678714
-0.00502246917427249
-0.00481544779673366
-0.00505136766923438
-0.00336995923971167
-0.000379185139946664
0.0015895660463308
-0.00121882245820387
-0.00346544398854673
-0.00583772178727018
-0.0100710156729057
-0.0123381212398395
-0.0107594558868572
-0.00829410199255544
-0.00663214524898608
-0.00325465560960429
0.000561141263644949
0.000522985432472203
-0.00111496083024174
-0.00110851975868941
-0.00250859187057061
-0.00342272009926155
-0.0126168918295441
-0.0111075835545917
-0.00588616186179949
-0.00412158132020907
-0.00307606870830282
0.000466072697006803
0.000285122372395625
-0.000729365694042013
-0.000230521716531524
-0.00118881398721049
-0.00265184845852824
-0.00256811054523145
-0.00095545720499113
-0.00105122077127942
-0.000357897829313164
-0.00117266254099774
-0.0029494964095806
-0.00274430601756585
-0.00192756467856445
-0.00111022328777455
-0.000610506310389805
-5.70665056308936e-07
-0.000465864268317301
-0.000160174673072061
0.000464785379958492
0.000647416096566159
0.000109772553477903
-0.00148916609401261
-0.00125518507114983
-0.00174037102030959
-0.00164597545270707
-0.000387975461834897
0.00114021055721105
0.000503096465074098
-7.0167968381132e-05
3.6830961041104e-05
-0.000815757371841098
-4.3065455388799e-05
2.20893763912035e-05
7.64899549369682e-05
8.20945573837842e-05
-0.000311319398631426
-0.000270567503048438
-0.000283215726719035
0.000466481561829727
-0.000576737917964904
-0.00051051767322111
-0.000667609199668595
-0.000902687182390262
-0.000682290624568852
-0.000599841809087998
-0.000419225682778218
-0.000141510083231168
0.000258042809817678
0.000214755553585111
-0.000155730040158995
-0.000393502628414195
-0.000721957022254754
-0.00116620390275144
-0.00157167809760657
-0.0017092652016755
-0.0020520289086948
-0.00135556283180415
-0.000456578501684709
0.000340034183213302
0.000621098964388175
-0.000838822686941995
-0.00119525965603308
-0.00228881942345494
-0.00438925011106691
-0.00305040495129222
-0.00176400817863915
-0.00087507340766706
-0.000674785398319039
-0.000588403640333233
-0.000108243246045855
-9.12867648165056e-05
-0.000435744276872825
-0.000793402694131048
-0.00125070485509121
-0.00155358804311354
-0.00170855223473538
-0.00111395381977279
-0.00154679457146489
-0.001196270865521
-0.00119178142757242
-0.00112832225876709
-0.00106152211667315
-0.00106152211667315
