-0.97998863763236
-0.979625896384246
-0.93717417981772
-0.914683312066469
-0.874627063571496
-0.794792853778435
-0.771549969687526
-0.79517455970217
-0.79435494431437
-0.782801362686701
-0.821748809251725
-0.849337620432392
-0.822998737305601
-0.808001536460094
-0.812566018396871
-0.774190116995302
-0.725461124229088
-0.730575031816814
-0.747197726657742
-0.739235815065516
-0.763824045196904
-0.820581282999679
-0.825868673430643
-0.796582780199085
-0.801648751913249
-0.795728053460869
-0.747505216571441
-0.737074254341457
-0.767210427986534
-0.761785311028096
-0.735114912065025
-0.723339126877252
-0.720170337509577
-0.692960096747082
-0.671756424143554
-0.663256204106315
-0.652397374992827
-0.638065987552277
-0.585044459303153
-0.550293182566316
-0.465056506787392
-0.399902820221894
-0.312670088177776
-0.289567958873087
-0.269851698495199
-0.246314651265849
-0.301966358966249
-0.329537088968908
-0.318512532326139
-0.298493515989622
-0.277708275690453
-0.243324196746363
-0.200678853634306
-0.186119219009884
-0.188724253638656
-0.200815522763779
-0.221181475389742
-0.274214079254104
-0.287795559914077
-0.28119383794093
-0.27721532433569
-0.260168765722559
-0.256356062880549
-0.252942286959973
-0.269635442775416
-0.289578540425561
-0.269034291243289
-0.264977211274542
-0.294526565184459
-0.330779104840696
-0.29521362681945
-0.280462909615103
-0.327407745069963
-0.365141348651716
-0.388985369405078
-0.394283768152961
-0.388729174271433
-0.357501456754288
-0.336067909733609
-0.318791889338658
-0.277751859747637
-0.272570945933911
-0.278078591039894
-0.194815717024079
-0.232674856560947
-0.272143666538605
-0.274832122245839
-0.2367794256269
-0.20513745828309
-0.221991670320034
-0.196929923645084
-0.170575143372313
-0.192716888421334
-0.205759221230915
-0.190786920044484
-0.195028151784607
-0.213188486416287
-0.20440696132105
-0.112132985380611
-0.0695239678135068
-0.070342622650535
-0.0510126680600334
-0.0275419971151239
-0.0720349989556128
-0.139567674595678
-0.129930433145
-0.139651042089327
-0.147786906808386
-0.131936048869454
-0.0763919334358189
-0.0976453078768723
-0.118251792612861
-0.0738293298241382
-0.12349502081232
-0.1888113980955
-0.161540876822642
-0.127853536469146
-0.127924713484734
-0.122023578361682
-0.0983743035884972
-0.0421959292558648
-0.0364829066375826
-0.0317253969253406
-0.0252077617703084
-0.0450494580584074
-0.0961658835632462
-0.12102036220169
-0.122657152448021
-0.128968324071396
-0.129293970216307
-0.100692886434797
-0.0701898022731527
-0.0609750338052427
-0.0580224247555021
-0.058165115510553
-0.0850432214071688
-0.115338520338218
-0.112953672179933
-0.0978021731600906
-0.0928518188240273
-0.0708881310064957
-0.01793877990615
0.0115735088015946
-0.00489931315813822
-0.00653751993572594
0.000861121257768327
-0.0356604777652388
-0.0814696321003198
-0.0662147674156473
-0.0671794479816906
-0.0597569262795403
-0.0311528044842159
0.0217751075320866
0.0280723826035139
0.0148896808246676
0.035576760070022
-0.0144017365744872
-0.0505294500016124
-0.0717968439046172
-0.0399137103543012
-0.0350607211440322
-0.0291254763387266
-0.00975023774681584
-0.00932596627610405
-0.0325544026399049
-0.0398736590618085
-0.0414336945747304
-0.0633834239790967
-0.0703906987142763
-0.0662157030111361
-0.0519434089510407
-0.0416067043301466
-0.038006908352213
-0.0343277888601705
-0.0396848161809634
-0.0411947070500133
-0.0354213535770634
-0.0403375336509696
-0.0507908722938532
-0.0481240443943312
-0.0488463756452596
-0.0422582106684624
-0.0405786677791645
-0.0302482325466608
-0.0215846221171885
-0.0270762555381625
-0.026916468455223
-0.0446557671269373
-0.0503678213713762
-0.0642851999542394
-0.0426961885008759
-0.0458228546179778
-0.0487894568174418
-0.0545660497465573
-0.0429236658727066
-0.0142694674208789
-0.0109209091586675
-0.00487359769705943
0.00866149990357136
0.0195083143098616
0.00131869034353455
0.000870760786570366
0.00262758485467297
0.00109714181035777
-0.00731736955041359
0.0104316170922197
0.00796296010686711
0.00988766573257018
0.0186817714666656
0.00784182371356133
-0.00751837793274247
-0.00720841501198963
-0.00556888330829183
-0.00803299211526653
0.00228115296552348
0.0162252763445501
0.00245569324421307
-0.00482137158006498
-0.00547353353947503
-0.00377059376439258
0.00470468600912152
0.00474751342189165
0.020937056144105
0.03680883263509
0.0286055979202094
0.0148885954332804
0.0106047788070586
-0.00160278619277902
-0.0058658153610006
0.00685534152064422
0.0233277710782305
0.014270257590433
0.0290333001333803
0.0259473039913389
0.0107435314736326
-0.00249214113389462
-0.00476073365692661
-0.0146009390004249
-0.0237283957313635
-0.0177403446972592
-0.0256874157726648
-0.0253353592837928
-0.0233975516528203
-0.00313134104315679
0.00126099276321758
0.00092516711028222
-0.00380548297836722
-0.000731820155646123
-0.00543469004079611
-0.00191475754028822
0.00917205771513373
0.0157340875931143
0.0154870294739345
0.0225873471396854
0.0221893731346679
0.00441228250846753
-0.00991738006797573
-0.0134220519222437
-0.01171913453976
-0.0303467591416937
-0.0242703361396733
-0.0154181121378318
-0.019356013857412
-0.0230078640699661
-0.00170018832943675
0.0020641093612736
0.00188524387285969
0.00285922546187825
0.00371509248448724
-0.000569139219172758
-0.00718077964761859
-0.00909636267985472
-0.00488011675240566
-0.00849341805533312
-0.00214116421645101
-0.00853837113246681
-0.00280249912351623
-0.00912760919527795
-0.0197195565595865
-0.0418774927972681
-0.0293496723767285
-0.0313743141462449
-0.0384761668238058
-0.0190742545064251
-0.0263724166262136
-0.0270371307643571
-0.0204405390203751
-0.00818193712380827
0.00943274237157193
0.0208054885822862
-0.0123489513495008
-0.0313588469188253
-0.027195826283679
-0.00405659652008942
0.00253380142157066
0.0258505463653172
0.0199710981309723
-0.00454150510994293
-0.00697482122543074
-0.0204060573595751
-0.0221677768345826
-0.00409259511672804
-0.00464892904850908
-0.00449780027285352
-0.000475382065336379
-0.000639308555578668
0.000687392624099233
0.000199107091622915
-0.000107002124200358
7.68062370830442e-05
-0.00361062967809033
-0.00317274004228493
-0.00180483493182411
0.00110956249799626
-0.00047479534456106
-0.00361724885265503
-0.00705944588504226
-0.00827126232838885
-0.00082452317073815
-0.00120188851149252
0.000174617332695305
0.00016985053239996
-0.00474752718384824
-0.0137716999690961
-0.0185350562767617
0.00699392986149213
0.0198782627933526
0.00241760339653119
0.0222662739517056
0.0251486294365214
0.00532771797286561
-0.000460231835065591
-0.00368279040783172
-0.0131438117310535
-0.0139493412675756
-0.00961623781568467
-0.00707032860658117
-0.0030203057856871
0.00909311411736751
0.0112223684366505
0.0031211976874076
-0.000183689722767214
-0.00330138225742892
-0.0145269058860523
-0.018423783237161
-0.00939389732157242
-0.00417168478925141
-0.00375366784416095
0.00541636673489604
0.0170250290495535
0.00760947453024564
-0.00897296116063353
-0.0108522582559743
-0.014834971906003
-0.00227174790141354
0.00430792729502317
-0.00673529984749364
-0.016124798749908
-0.00620350938735014
-0.0434691094526852
-0.0389163129478468
-0.0200034530930628
-0.000148581675151343
-0.0150499724887956
0.0105268574282636
0.0170931382602706
0.0085336281845516
0.00231205431787595
0.00401421383811812
-0.00200880913066593
-0.0106235867609275
-0.00719590481124193
-0.000185459123767384
-0.000444563374867656
0.00118333722330418
0.011006476471237
0.0162288727771983
0.00253130532564686
0.0111268664496197
0.000702770596743558
-0.0126030734454579
-0.0119312072453172
-0.000612205017653935
0.00226212689609815
-0.0109116116771518
-0.00621515543962103
-0.00170341033669096
0.00720305367224733
-0.00304077617342917
-0.0133779991988814
-0.000621976474779878
0.00370566120397122
-0.00898274390698912
-0.0111547319022029
-0.0202244194541544
-0.0272123088988405
-0.0182566517159549
-0.00493143792777319
0.00164524732010146
-0.00104451566847071
-0.00646245068227919
-0.000205170956937976
0.00735916999974804
0.0207834987542316
0.0101640674488411
0.0294803853307212
0.0196825778986478
0.00318245183431577
0.00258615954137534
0.00177289367969686
-0.000308146791436844
-0.00516540894652068
-0.00113088358770768
-0.00910887329215718
-0.00461593855060723
-0.011069205723828
-0.00913114407966491
-0.0112868446593119
-0.00392114402939616
-0.000608826326013608
0.00201135851042303
-0.00160360293326276
-0.00393144246924872
-0.00529067928472811
-0.00887691507396635
-0.00803191322588433
-0.00276059077287432
0.00853351124078813
-0.00729770407043835
0.00444138463104099
0.00258682304718252
-0.00831734954150804
-0.0108691428348396
-0.00855640934149739
-0.0096515023933708
-0.0128329950703248
-0.0089969034564494
0.00143443325809157
0.00332103266263262
0.00078883654032316
0.00321234643685817
0.00169447189289386
-0.00258768750601714
-0.00653663007228281
-0.00643067824439398
-0.00119987706368663
-0.00519146177347144
-0.00786980049257954
-0.00397497440318606
-0.000184449315998085
-0.000534600009246571
0.00193757959342217
0.00500720276649608
0.0097985976750324
0.00854414444705956
0.0117120349557357
0.00384770465641178
-0.00195222938661652
-0.00728941688657333
-0.00925422080454043
-0.00745730235355255
-0.0110805833494163
-0.00670074778862363
-0.00388927867072565
-0.00272025194528771
0.00372514610412653
0.0081143496583734
5.63294241524622e-05
-0.00747928125456069
-0.00404426099942451
-0.00826915694572472
-0.00849740403226336
-0.00493199230985685
0.00257158439333772
0.00712042568086455
0.00122888792402739
0.000908786081087111
-0.000372696313269798
-0.00333814136980416
-7.85816751588874e-05
0.00381041117944449
0.00637568884297812
-0.000854290528879128
0.000856433833198726
0.00335221073710831
0.00999896558790518
0.00903994933532597
0.00494590314949509
0.00207392522054138
-0.000253779025611381
-1.15582223962256e-05
0.00151136460579705
0.00170083538519823
0.003401038284544
-0.0015834293870197
-0.00138224995294477
-0.0096299270050694
-0.00894761323545689
-0.00734411567848725
-0.00258253798669519
-0.00750384135892458
-0.0107888553882256
-0.0024173737040914
0.00346560433245653
1.42678252725154e-05
-0.00445675962579604
-0.000299472018858999
-0.000326476698266334
0.000702732770344608
0.00102815135376729
0.00141242852157734
-0.00566398384972882
-0.0135194186046504
-0.0236562570884002
-0.0127709298371125
-0.0128146997701783
-0.0105958316701362
-0.00618441298689222
-0.00234770245463972
0.00211333500105511
0.00131702739945384
-0.00459642391731344
-0.00919345909689601
-0.0124274095610684
-0.016752712860582
-0.0160390324732565
-0.00909623482780446
-0.00396928396799725
-0.00242481423963736
-0.000253911065146819
-0.00127882439450486
-0.00808947909961355
-0.00562613699167885
-0.0100316938530403
-0.0208645973182096
-0.00279797021729496
0.00123178258405336
-0.0058054466379206
-0.00288664978732319
-0.000647159627792154
-0.00239923686343877
-0.000585696929975442
0.00103061049309803
-0.00158579186089407
0.000251211352654849
0.00296114627532359
0.00651116123290786
0.0107056814754575
0.0117684275764251
0.00345371858232805
0.00391151342746572
-0.00681278368882693
-0.00618467225806731
-0.00661439755455653
-0.00887713737449887
-0.00428950095508861
0.000619346361107174
0.000894167639483046
0.00249574688593374
0.00627577127018134
0.00453031741548785
0.000728028761678111
0.00157299445498176
0.00363676650687293
0.00596852405009396
-0.000580301824380026
-0.00324616360684495
0.00126267520176789
0.000415143350514989
0.00286130065248914
0.000267071481106563
-0.000778178109687535
0.000373456305869987
0.00173024827472812
0.00575789618885505
-0.0023421737475722
0.00151516283330128
0.0114111037756207
0.0104791622723737
0.0019927836054066
-0.0007780633384782
-0.000916033027019376
0.000199970429629343
0.000258871018543884
-0.00366906882652287
-0.00338179876843823
-0.00193419714695844
-0.00102112116962784
0.00043952265218245
0.00535416269792693
0.00291981823719837
-0.00151559015290616
-0.0017621438937802
-0.000364136513873783
-0.00424666503764881
-0.00539193985512868
0.000144433387634456
0.00440785996412391
0.00115543561224864
0.00163614115140181
0.00449658934909064
-0.000151357964121107
-0.00506772483756439
-0.00313898427496373
-0.00327255814792801
-0.00537508237514888
-0.00387715932756664
0.00109603846657938
0.00267666198462446
-0.00212842698429587
-0.000194187600008272
0.00131427536157199
0.001561081133155
0.000190180373189445
-0.00204741700115477
-0.00179485526405786
0.00134498906252056
0.00846723143251609
0.00360418049128695
0.00707588971830722
0.00854286478946736
-5.35270450690781e-06
-0.0124062693387805
-0.0131173103848391
-0.0103866214843606
-0.0122464240197952
-0.00906729596530517
-0.00317483260884528
-0.0075948634028272
-0.0135912331488659
-0.0105594791367742
-0.0105369298747972
-0.0171610002097232
-0.016316879211501
-0.00982024516927204
-0.00963030638380932
-0.0111168918052355
-0.00647068884727683
-0.00422005157437222
-0.00979664232542869
-0.00673688682585177
-0.002605998374577
-0.00117111295163204
-0.00505182099704114
-0.011795740562551
-0.00523950614461278
-0.00631264400731604
-0.00650571234031985
-0.00506818895708443
-0.00326285819837308
-0.000964645614433403
-0.000302341915711651
-7.16234089408558e-05
-0.00126975307886892
-1.02291959133347e-05
0.000111972362475544
-0.000645956097648579
-0.000302505085058729
0.000125692609619111
-0.00250625068778016
-0.00605520792428855
-0.00471353316577917
-0.00594454788911612
-0.00666791097702556
-0.00232847662883694
0.00049708141471247
0.000955789157096801
0.00238834420016364
0.00481381319170638
0.00277082328103767
-0.00363557336045822
-0.0028202240265293
-0.00202471586940758
-0.000481360887736501
0.00552838278753474
0.000609660083330358
-0.000720460390812147
0.00105997953949398
-0.00063777680051528
0.00362002439740026
0.00199934180403656
0.0018759382788596
0.000448952760838293
0.00688782072901376
0.00949416711360507
0.0169329463657298
0.00601001037703064
0.0062201811630277
0.00849888906974827
0.00399866373584738
-0.00010771683326386
-0.000271645795203449
-0.000730618988428358
-0.00340030711297901
-0.00552539257060158
-0.00639553684472572
-0.00351415328292891
-0.00203437709553998
-0.00438804145752424
-0.00908355156844327
-0.003349784123343
0.00218373734605288
-0.00745873451807299
-0.00653075373901477
-0.00502263541504298
-0.00369038428518715
-0.00488444942657249
-0.00493036107446338
-0.0022414456549652
-0.00237881372048267
-0.000722301017312526
-0.00169660476445427
-0.00280052132321569
-0.00484161336210884
-0.000613480529324759
-0.000181667494036874
-0.000731990715855145
-0.00179468493182654
-0.00364734744436498
-0.00400158379298023
-0.00327834033820048
-0.00289439373371999
-0.00287439486123949
-0.0019071043051455
0.00056474869482411
0.000659837068282039
-0.00239673524915074
-0.00844883839996849
-0.0120457047026153
-0.0170875860423011
-0.0141965760266369
-0.0129646227448567
-0.00765524101393456
-0.0025273682536069
-0.00168484572008747
-0.00318190376526316
-0.000827014401129332
-0.00116862921846739
-0.00926770091067638
-0.00876391423444087
-0.00583082642864598
-0.00217585045066683
-0.00539593768242235
-0.00533736461842182
-9.70656210232987e-05
-0.00250552629717959
-0.00312535598806723
-0.00184878934721475
-0.000165013317219162
-0.00230329610926776
-0.00256485688426533
-0.00336102990211018
-0.00577063973912547
-0.007916019767996
-0.00927616500579789
-0.00625196224638546
-0.0130661307595199
0.000660262437621303
-0.00224686910999642
-0.00043017849772131
-2.47076499309618e-05
-0.000951396309203913
-0.00118583541658536
0.000140974472692159
-0.00214673062192947
-0.00573973147968578
-0.00543000640944523
-0.00543103217405611
-0.00261093750875326
-0.000573786739803883
0.000610986675699408
0.0031027291173382
0.00337959533024756
0.000146242302594463
-0.00252617300431712
-0.00219014645773816
-0.00280609288389269
-0.00353277552950557
-0.00430782495524994
-0.00839704115579924
-0.00937930654597478
-0.00812896799797134
-0.00158356246568623
-0.00285876687392176
-0.00309020158898018
6.27324320638199e-05
0.00103996551587465
0.00207778406115002
0.00326691664536488
0.00118243257627814
-0.00203920332250659
-0.0018811283968769
-0.00276157119310572
-0.0047073488726081
-0.00354450752754429
-0.00244942853336081
-0.00124187805798501
1.78412498370487e-05
0.00107275227387518
0.00080229852597994
0.00043731379127062
-0.000310443442250948
-0.000963773769111989
-0.000911855188820291
0.00128923290643984
0.00149575049864618
0.000370387106274105
0.000181552858122002
-0.00105914557668834
-0.00189654946410399
-0.00184425860441508
-0.00241317148114598
-0.00420823162523436
-0.000951524414335612
0.000807139642783246
0.000485238710027726
0.000298652909723809
7.18217528899469e-05
-0.000765643651508082
-0.000360015689690276
2.14510369254374e-05
-0.000539325256230395
-0.00156033863807604
-0.000182433919799792
0.000446268323058166
0.000198365388410374
-0.000331351333250631
-0.00059814717223413
-0.00149715381876605
-0.00144932695186227
-0.000319950155129677
-0.000395540478343769
-3.16349825324214e-05
0.000361553717147936
0.000459669911973921
0.00268180372685082
0.00110321355191904
0.000461686770069181
0.00123276189921815
0.00246386600960354
0.00252680139357069
0.00179820819682722
0.00120556698835834
0.00224586608685788
-0.000378486518319759
-0.000845793692124604
0.000556502030208458
-0.000101861110534858
2.6002491926076e-05
0.000112916672495701
-4.35439443504683e-05
-0.000290275827961588
-0.000374226850317001
-0.000428932220609401
-0.000539196093717284
-0.000433575030799814
-9.08751404313843e-05
6.13243715886501e-05
4.87983559703608e-05
0.000106838367450375
0.000290311690266631
0.000650593854059851
-0.000656516660043053
-0.000871706092913834
-0.000687340498030481
-0.00160060124930882
-0.00178931661671163
-0.000699741387531397
0.000991828711889518
-0.000314960483344497
-0.000235576046593714
-0.000255292018162383
-0.00035411155278443
-0.000122501745201842
0.000442500827600994
0.00057260609271898
0.00129320440488497
0.0023679835846893
0.00215822383863258
0.00094193498014379
0.000444864569371508
0.000446502228126496
0.000210709828059348
3.44641355776256e-05
9.40085827657719e-05
0.000304687552945008
0.000674422363061708
-0.000415333775385546
-0.00142679756318573
-0.00200297562460133
-0.00189637851271481
-0.00128812805178795
-0.00128497165379486
-0.00136003307986434
-0.000123085684086146
-0.000897955919561317
-0.000887206727394672
-0.000569979995619625
-0.000961315888752332
0.00035910066809202
-0.000590694808995318
-0.000429030702778551
-0.000336866954762239
0.000361323919884532
2.13701758484195e-05
-2.37578944284891e-05
0.000482562915236617
0.00030511569058731
-0.000208936429635814
-7.78217710342961e-05
-0.000134886501352079
-0.00024844234869628
-0.000187761316622847
-0.000675294817265776
-0.00104423513520369
-7.10099186021803e-05
-0.000330118748884095
-0.000461827163714823
-0.000396299587297204
-0.00030572101034165
-0.000169386401263332
-3.76679928703608e-05
-8.25656453638079e-05
-0.00026328097908395
-0.000760933523900487
-0.000552459844862923
-0.000894488496254186
-0.000979529879990501
-0.00268591457523338
-0.00407738644051694
-0.00294598810460467
-0.00247757218084247
-0.00104364716238356
0.00162218459795445
0.00119371840962221
-0.00139216381738804
-0.003690152686639
-0.00210593787671652
-0.00211924984029701
-0.00107319396679123
-0.000618169343087875
0.000174914721291951
-0.00019631877315544
-8.52379685967893e-05
9.04719749878565e-05
-0.00188206631797577
-0.00476482163808165
-0.00538653334056883
-0.00496468009520064
-0.00478309620805034
-0.00239778665937821
0.001080868796854
0.00128033563009766
-0.000159352896685155
-0.00091252163357108
-0.000990650806497734
-0.00193233309824204
-0.00147207355492083
-0.000186079130755677
-0.000167567591583626
1.57202224557727e-05
0.000165850971417236
0.000567908458686649
0.000130119696967612
-0.00177639697360396
-0.00161801839647398
-0.00128221810594666
-0.00139307499735192
-0.00121348895888819
-0.000638785043410049
-0.000123929505767485
-7.85014458381448e-05
-0.000169028483571938
-0.000532716108367496
-0.00174329428600913
-0.00275638101170261
-0.00249937272504045
-0.00276618453850588
-0.0031505237643291
-0.00139628055933666
-0.000572441837230134
0.000495044395184613
-0.000532184891155381
0.000134981788546928
-0.00158768642915511
-0.000782935267962506
-0.00101700284127718
-0.00155257032106215
-0.00114827386354262
-0.00122381660492485
-0.00122381660492486
-0.00122381660492486
-0.00115989131783986
-0.00158005299414917
-0.00234415239706797
-0.0021289900801011
-0.00125310186142271
-0.000374084834873751
-0.000112245802290791
0.000168577816429049
7.02892602464796e-05
-0.00212868388153141
-0.00257726604139501
-0.000778773238303529
-0.00267545959234699
-0.00250192077607836
-0.00204490134348528
-0.00118899436324108
-0.000509696938477601
-0.000570801143078622
-0.00079166925118619
-0.000898988762501184
-0.00163544195039899
-0.0025460592585406
-0.00274774385193114
-0.00267454181404946
-0.00278769319821712
-0.00230921083173708
-0.00103618261471742
-0.000567219950140534
-0.00120263248085581
-0.00105687826841726
-0.00114989136215553
-0.00186074850550038
-0.00253864125186315
-0.00299746725189882
-0.00112472518185464
-0.00176673868942442
-0.00313161925224306
-0.00200091116748764
-0.0024059450870786
-0.00248407100364238
-0.00170664719252508
-0.00164264289488109
-0.00150793590306491
-0.00170535131024602
-0.00170535131024601
-0.00170535131024601
-0.00170535131024601
-0.00170535131024601
-0.00170535131024601
-0.00170535131024601
-0.00170535131024601
-0.00170535131024601
-0.00170535131024601
-0.00170535131024601
-0.00170535131024601
-0.00170535131024601
-0.00170535131024602
-0.00170535131024602
