-0.993296871001765
-0.993296871001765
-0.995197866655791
-0.989301209129681
-0.957650364217795
-0.937458886219806
-0.814495805006774
-0.630894402191063
-0.530020131722601
-0.53461063340577
-0.51388685712744
-0.538126516152442
-0.647003238410207
-0.685560791085693
-0.582822733810739
-0.536641676583978
-0.493928640259794
-0.40533065374736
-0.297495753656048
-0.314750323368669
-0.379224544691172
-0.388388250425006
-0.444857824640802
-0.543655708076916
-0.514403514304576
-0.406245833972083
-0.355608769002621
-0.275145801207242
-0.148901900570826
-0.126631652743539
-0.215566871335726
-0.26143223231054
-0.288519769763111
-0.386765085592646
-0.428492126000049
-0.367743364398919
-0.304443098556719
-0.259156864840201
-0.225820479878362
-0.221619641064652
-0.245611886447309
-0.304355860155
-0.327119393102086
-0.299847537397782
-0.231357874363407
-0.197905761714416
-0.196815165142551
-0.175228450082776
-0.158038108565068
-0.183950630067955
-0.21692120366713
-0.212602654641223
-0.229440021352858
-0.269101314313564
-0.250542972108229
-0.210199771714006
-0.175429278890262
-0.146256172179566
-0.1700309798732
-0.23303656664601
-0.286142439950367
-0.289363431926939
-0.307033691059879
-0.265509935018538
-0.182280980148516
-0.0946476322762626
-0.0739219713340772
-0.0767694536017231
-0.0809408039809923
-0.148016777471744
-0.267459413514876
-0.287977557676306
-0.262160940361818
-0.227093773514607
-0.171189383672647
-0.122707937072599
-0.113281821596225
-0.11910403881105
-0.134237733393725
-0.150769137573845
-0.175060515309938
-0.195631247354878
-0.198744957511479
-0.174582411673671
-0.155109695132252
-0.113401130367821
-0.0688366352034053
-0.0437408605280716
-0.121798852114046
-0.144857312760409
-0.132602488982686
-0.126735880977209
-0.129048256509121
-0.107363595393277
-0.0826107458273824
-0.0951490784465944
-0.10601039989495
-0.0965063504460727
-0.0977774614760843
-0.103582561106306
-0.0742893147009064
-0.0311682390120204
-0.0393253613212444
-0.00308481369159332
0.0217900156163169
0.0133667350969513
-0.0249728695643743
-0.0566046402790098
-0.0868953681869611
-0.100970622994498
-0.144029899109083
-0.0945889917291029
-0.0658871359623838
-0.0416741634995297
-0.00821085505429497
-0.00481980458572314
-0.049128486879072
-0.0809510055777681
-0.0969464339774861
-0.0976235374003259
-0.111570980811359
-0.0994370367568136
-0.0870505804273128
-0.054973362780664
-0.0324924216501425
-0.0248151614224153
-0.00444707149487058
-0.0162221530409201
-0.0223255685584455
-0.027276492506944
-0.0383725942336337
-0.0329680470645851
-0.0391679325855488
-0.0609525144064343
-0.0325215931187792
-0.0656422668342104
-0.00494402254652465
0.0214461927601124
0.0156114199849754
0.0302345734611043
0.0381283187517503
0.0134322059731566
0.0108982154037131
0.0105456548871631
0.00347522851768868
-0.0172286136840879
0.000690428293688296
0.0431712304635112
-0.0117357493544709
0.0394447548063081
0.0649078437805354
0.0438791910688954
0.00291761686753655
-0.0172192288810507
-0.0343089343596674
-0.0724659118399777
-0.0792061191360281
-0.0622238778849884
-0.051189702795048
-0.03483340099529
-0.0161225433865923
-0.0246121723781344
-0.0336923477303533
-0.0327527617375284
-0.0388013013171344
-0.0443879882930364
-0.014388494304889
-0.0275840571054396
-0.0100186478578025
-0.00545688659649467
-0.0193286096990763
-0.0198405318739759
-0.0158659209775522
-0.0305400769025967
-0.0441607727110672
-0.0378859109292812
-0.0270160503416198
-0.0225032152955996
-0.0119646537945554
0.00302746760868601
0.00202824341730842
-0.00476646053695983
0.00590049593934207
-0.00735570265667247
-0.00165375223683037
-0.0081497061999519
-0.006000314556188
-0.00829233440303722
-0.00973875663042926
-0.00349492655858481
0.00393749716675346
0.00116570766534435
0.00350734340760629
-0.0101468194538535
-0.000683035967550993
-0.0026298298543489
-0.0080638556974624
0.00560684412388849
0.00474190107912729
-0.00113970296673457
-0.000486507950354041
0.0026688269814518
-0.00590610191065299
-0.0109771812683554
-0.0130864605795052
-0.0102790396312261
-0.0035523373767387
-0.00200027938670098
0.000129868097072719
0.000878383376103563
-0.00371924299939108
-0.00587380346921105
-0.0120536156246616
-0.0241978076678068
-0.024587545200166
-0.0176378588882025
-0.0211986544617387
-0.0150585726018786
0.00410820635050884
0.0051266535583541
-0.00600578217553185
-0.0152302308066182
-0.0336658699285043
-0.0514155020954867
-0.0707249105435292
-0.0518989732144597
-0.0617718127432275
-0.056896011806052
-0.022949282163825
0.0162137317203877
-0.00198975057490741
-0.00118302245972977
-0.00158276266275093
-0.0140676448224605
-0.0299593353669156
-0.0310434315724862
-0.0468623800195437
-0.0364539567619802
-0.021869681048547
-0.015075170445887
-0.00916447658356257
0.00827312257029231
0.0171309106247795
0.0196713816235604
0.00866564587686081
0.00325120614360406
-0.00184029053928682
-0.0116118983678696
-0.0118619047043795
0.00182366147626142
0.00444267871031665
0.00167226768408832
-0.00700576416825996
0.00138137356272149
0.0130109563175917
0.00200223216697178
0.00276650946188954
0.000188778873687982
0.000593078547590349
-0.00351354327509424
-0.0123812421249925
-0.0213424642823028
-0.0335447829720645
-0.0401505826280177
-0.0477647340609842
-0.0471990105471168
-0.0438722595019507
-0.0330065017168826
-0.00846056037307695
-0.0109453321457126
-0.0248232726133959
-0.0374131071289187
-0.051735906846069
-0.0661512886143252
-0.0675752903699239
-0.0492013347300665
-0.031365931216136
-0.0198733576496735
-0.00343317543545567
-0.00656060799122709
-0.0318324269999972
-0.0530531934373787
-0.062458763288315
-0.0632683132342143
-0.00892952245124477
-0.0442909248037546
-0.0524944352155676
-0.0436860661655984
-0.0323974026998759
-0.0301314223282733
-0.0341855838907547
-0.0240538840032711
-0.0102149585140986
-0.0309679607208397
-0.0356497882078447
-0.0117038276893188
-0.0117429316990676
-0.0222956038674771
-0.0191651486982558
-0.0179275025635722
-0.0356029355240283
-0.0369128491152422
-0.0175873142267272
-0.0173428275949326
-0.0195108494933387
-0.00488967906642093
0.00634155408137851
-0.00175105629290072
-0.0357426148469852
-0.017070977568183
-0.0311847197849163
-0.0402232732359873
-0.0178404319406804
-0.00660820462160025
-0.00119030164110586
0.00128627885955029
0.00157868938193496
0.00149282431434285
0.0035128817353427
-0.00396890271532309
-0.00472895314800646
-0.011046730704033
-0.00806465390025086
-0.00452596337291148
-0.00826965589875771
-0.0191559948838173
-0.0196788475472983
-0.0271773128589465
-0.0199361292536122
-0.00174306013867401
0.0246680352722414
-0.00404116253931644
0.00426676193064988
-0.00104090316732428
-0.00610094678362837
-0.00419170734825348
-0.0108178862775369
-0.00335004395470281
-0.00959454983669141
-0.0178697010682238
-0.0279342999026118
-0.0262399131738059
-0.0192528627641655
-0.0188355207835332
-0.0013376996693909
0.000884758679891699
-0.0118017917855253
-0.0251988650224999
-0.0243434788103006
-0.0381071371367381
-0.0493542193429697
-0.0510648665355244
-0.0292004305710093
-0.0142093603065705
-0.00193740283417912
0.00324284798572255
0.0109307981642506
-0.00829245148483096
-0.0398509798806209
-0.0105652810998545
0.00191268280526247
-0.00624579451742074
-0.0369534175236827
-0.022929795513574
-0.00989839344176421
-0.00699837324773103
-0.0026671895965359
0.0147835370570313
0.0124033181699932
-0.00284917342840075
-0.0066852761440975
-0.0106790811106341
-0.0187429777487588
-0.0209069237983028
-0.0157625850856221
-0.011374177428703
-0.00820542553485991
0.00250244684718337
0.00843305732268871
-0.000167877214669016
-0.00440033687970237
-0.00586507260208996
-0.00907413354032143
-0.0137466360204361
-0.0130998137727863
-0.0146302314524285
-0.0206072420104256
-0.0306991658611199
-0.0181879634624865
-0.0235899133455118
-0.0192935947036962
-0.014444684002749
-0.00615080343437675
-0.00275686799989804
-0.00239185158502429
-0.00354305108457887
-0.00100846485431654
-0.00812010723690695
-0.00728509010120303
-0.00532739026518276
-0.0057327409953662
-0.00321625755764094
-0.00328982661792681
-0.0102004113856152
-0.0102192975339225
-0.00411537606810196
-0.0166410514833905
-0.00870723060474925
-0.0141669991156599
-0.00123886132902703
0.0402710163102629
0.00969634638253555
-0.00161786967152186
0.00698625511992635
-0.017748884398144
-0.0114218967272144
-0.016537225074574
-0.0202098814006561
-0.002628750049744
-0.0034610618488801
0.00273874812273511
0.0140358029450707
-0.0126857988953548
-0.0297267056527247
-0.0144146799006093
-0.0163404273690292
-0.000310357736265933
-0.00447101876442779
-0.0011870269380108
-0.00679444062192508
-0.0179387655357732
-0.0163660817539317
0.0126776388512062
0.0297073107202547
0.00798688410920155
0.0221094586072856
-0.00255469016523183
-0.00869783974213775
-0.00161628617878738
0.00185733908355046
0.00697672323831808
0.0228542406642524
0.0147730802758871
0.0313639236608705
0.0476637138374053
0.0283659414353071
0.00970161512037382
0.000907315366852586
-2.12955027976969e-06
-0.00358858496280224
0.0500324070070901
0.0781427860184756
0.0549874159535369
0.0172584504639623
0.0199549991831272
0.0196629937980416
0.00278623393623942
0.00347080485277575
0.00570707302932047
0.00893220250773617
0.00593000470510282
0.006371127267846
0.0144644320676275
0.00641490541028162
0.00258555424797876
0.000878098116155456
-0.00093863846279323
-0.0109009686278962
-0.0106916256730316
-0.0153174011285505
-0.0128825061557637
-0.0113905312247197
-0.0112264075011368
-0.000211648569573335
-0.00432183605718729
0.00214660107801102
0.00476030506007467
-0.00198816563748943
-0.00536154404518349
-0.00605156598664588
-0.0103762917936853
-0.0185440862705522
-0.0120478782312778
-0.00682510474446452
-0.00477934001190938
-0.000513749098155675
0.00971279889412757
0.00630278967524496
-0.00469938034894654
-0.00622291666904537
0.00313651080341413
-0.00653553005061911
-0.00441316238894045
-0.00254654193302795
-0.00287525717503533
-0.00600431995126021
-0.00924846907611006
-0.00980334590312853
-0.00451588599761285
-0.0120935080862565
-0.00599414912054973
-0.00829639263976876
-0.0318567349288932
-0.00715952448983359
-0.00626211831572351
-0.00559348658504377
-0.00776620387156677
-0.00674237331876361
-0.0050219202520162
0.00384629967679079
0.00859055417104737
0.00748520066464881
0.000828623583586863
-0.00125925301798859
-0.00411825893938196
-0.00486575480408293
0.00122582415425577
0.000462603169316125
0.0014406854153647
-0.00455100971348684
-0.00796216444369223
-0.0129313699301329
-0.0106196444609387
0.00103598364636421
-0.00673073050298585
0.000691894489382861
0.00301091051819197
-0.00176578355397703
0.00510958591922349
0.00492983147035481
0.000820391543329599
-0.0110631475718614
-0.00640578491171113
-0.00186905477873768
0.0031610513509688
0.00371731137727336
0.00667613120017999
0.00703612295595756
0.00581231768603528
0.00560877782652546
0.00238303437059545
-0.00372989467596077
0.0014177617216552
0.0036443221415162
0.00453213862812405
0.00741744657342889
0.00399874550519438
0.000605611893952287
0.000281089053347347
-0.000892059879607512
-0.00219821601294113
-0.00200093700367235
-0.00126947329977053
-0.000809697202670295
0.000460651732044225
0.00208695372039091
0.00211082244489063
0.000579579393912055
-3.51196742719332e-05
-0.000223662128689103
-0.00125319357208669
-0.0014385090866036
0.000204502304247944
0.00105663619583448
0.0019252224525586
0.00101810619895424
-0.00183006568637413
-0.00328219790743884
-0.00146632150379012
-0.0059131539253973
-0.00780878029944704
-0.00101629016098547
0.00207425939758456
7.72363201515479e-05
-0.000736093705799578
-0.00335887376888284
-0.00848620716619548
-0.0154182866624451
-0.0131283269268483
-0.0111969413543238
-0.00551469940782933
-0.002884664113404
0.00310474133094872
0.00366700977784027
-0.00469166783738203
-0.0106760174075166
-0.0110888320157575
-0.0148891985670297
-0.00582446221433923
-9.82310461095006e-05
0.00685261488324704
0.00480766258315534
0.00306221683886956
-0.00293890799222269
-0.00523827104422639
-0.00246343176210238
0.000291976044634435
-0.00108401285199631
-0.00323826968469448
-0.00248797323210595
-0.00336013663078563
-0.00373055103455152
0.000618604131710594
0.00726974742991546
0.0107695478836162
0.00731777973495311
0.00993833249306756
0.0049972559349364
0.00463641980480097
0.00512710153663681
0.00618751842588151
0.00270168621928932
0.0030686868889812
-0.00197125795722101
-0.00501343516960774
-0.00728182151175914
-0.00106163912423201
-0.00190986739009915
0.00239215312703329
0.00166444427531175
-0.00199638808725242
-0.00689497338786599
-0.0044536010046874
-0.00123627283565944
-0.00110422266761609
0.00682659344409435
0.0109383330027736
0.00820039011824458
0.00723608797326554
0.00598991278362103
0.000809425417481599
-0.00295814708172368
-0.00051826646107047
0.00323981650387554
-0.0044826587843986
-0.00220687192463867
0.00370609115485506
0.00236150796572923
-0.00927332929018854
-0.0140816357336227
-0.00597341833221865
0.00187193948812589
0.00436038355283474
0.00353939270152637
0.0124472660645692
0.00589144100937931
-0.00110905446637465
-0.00420114376210729
-0.00680734189106784
-0.00321011666654817
0.000930895494344688
0.00424592917095295
0.00332102027903486
0.00638158826342483
0.00584706863815886
0.00758109661836007
0.00828522256784306
0.0054541682294103
0.00157986064177623
0.000396306979042595
-4.25242302604827e-05
-0.0016996253301666
4.88499412018319e-05
0.000257831004724555
0.00245601116776002
0.00683082057146406
0.00952571196014592
0.00896974696773566
0.00566490560912953
0.00390913066695264
0.00330499730123588
0.0020829467847587
-0.0011122354693328
-0.000649891713785193
0.000836959048990985
0.00650315194850493
0.00525933132527976
-0.0111082245820539
-0.0160454758561245
-0.00939981737876539
-0.00239457570526485
-0.00146524353238318
0.000775900262449256
0.00369830128343673
0.00429381523577816
0.00238238634517954
0.00112158859595035
0.00268042617645451
-0.00383237189507785
0.000746897273313545
0.00241736881443582
0.00442500248603602
0.00369700462278302
0.00400268393847851
0.0044275408287263
0.00167889626908004
0.000179418051513578
0.000504149253249119
0.000815837870336086
0.00121401769991657
0.00216357211104715
0.00185061497958941
0.000224874258171464
0.00011184257513787
-0.00092282309466315
0.00309200935475402
0.000373028264705649
-0.00235649800260172
-0.00675382816804973
-0.00667530485819789
-0.0151436909085511
-0.010592487322902
-0.0164236449829329
-0.00460950987419529
0.00401580702785827
0.00109621552889514
0.00408745754889699
0.00610096305331299
0.00665108630512826
0.00671582240685397
0.000654934089659562
0.00162837285542718
0.000527154221752278
-0.000620990535495094
-8.64881198388723e-05
0.00421883344737624
0.00340623739470925
-0.000890414890640909
0.00558547167636315
0.00709890905098394
0.00447286891786144
0.00200203430908304
0.00145957270034526
-0.000128426681133325
-0.000695271630516891
0.000985805633745853
0.00649156534443006
0.00912800109993261
0.00978969249939057
0.0173897678309797
0.0194999841499112
0.0218735746853668
0.0134783326704004
0.008934233669682
0.00319946053137344
-0.000742589724187293
0.000878138079289772
0.00921638684071586
0.00730498361128572
0.00397863815492361
0.000420485877608805
-0.00170159224786799
0.00212436949025111
0.00594978305885726
0.00920802888345979
0.00588956948064527
0.00666122513937622
0.012511442226284
0.00934588523357183
0.00449986201683047
0.00406435434372947
0.00223588161186968
-0.00207968522949273
-6.59672103766121e-05
0.00714507440353472
0.0135964782560876
0.00849207030067913
0.00786045285749695
0.00391037532999892
0.00742218247630656
0.00465402162611837
0.00562009638707517
0.00553500557230551
0.00295968524115671
-0.000401244752366814
1.91569859361871e-05
0.000559032506707631
-0.00195152300262605
0.00246772393953648
0.000412459854229304
-0.00510030149246768
-0.00631386546691015
-0.00652215406412994
-0.0104418748183677
-0.00639827089283445
0.00506199935039775
0.0085542153939451
0.00232839122331753
0.000250174296280152
-0.00353817170562199
-0.0128504663442897
-0.0162967107387228
-0.00864669260423517
-0.00306003733597432
-0.00377850607384085
0.00237178411070455
0.0112808526324762
-0.0030502382337099
-0.00827518480817272
-0.00396432772534546
-0.00423094732628874
-0.00794322735141268
-0.000514909531187766
0.00325985881764562
0.00275524454780146
0.00426726885979157
0.00175700143743329
0.000240559891133719
0.00137455055756451
0.000352224625883713
0.00380723261135815
0.00160406607057031
0.000674275677620484
0.00211548349065168
-0.000505032407208955
0.00248567365193349
0.00708354569154471
0.00482068584611754
0.00331073354946228
0.00529843331978991
0.00451334584619282
0.00169373816687399
0.000998048470842784
0.000917720771774972
0.000684958196122894
0.0031670210328174
0.00498065880694825
0.00372325036325382
0.000567227794349245
0.000517575333552313
0.00091503639975312
-0.00117740622191425
-0.00302460050939532
0.000849522747558201
-0.00137481036340229
-0.0019983603513581
0.0046733553940206
0.0065466896012642
0.00625873425691292
0.00659551091160042
0.00828770287046651
0.0060461035708291
0.00437128000983865
-0.00017160673601124
0.00053912312019776
0.00035300212221179
0.00123489508391613
0.00140850457483945
8.42898218440438e-05
0.000308649514946937
0.000998008958116739
0.00125976073331168
0.00135042937479747
0.00380512082338376
0.00130417893874973
-0.000994063592989032
0.000174893898462881
-0.000341977492947915
0.000232596613632442
-0.00016967606881691
0.00177217429462079
0.00231257185798663
0.0021773184939734
0.00354043539563336
0.00316894170765274
0.000260997815195773
-0.000480876620021586
-0.000144929718706158
0.000341871308453817
-0.00042239728833879
-0.00089627352732013
-0.000660275562719389
-0.000664119082582683
-0.000499036696292937
0.000282986779845493
0.000400263700964863
-2.97075546788274e-05
-0.000229445888140032
-0.000460577004570495
-0.00155398962795653
-0.00324772757853851
-0.00239177036363943
-0.000599205732993977
-0.00225115309810241
0.000349859124760941
0.000429125855704376
0.000117044034185689
-0.000147371332707417
0.00022604727988008
0.000454903640584727
0.000338051713733757
0.000338051713733722
0.000338051713733727
0.000367142986841625
0.00134316998411659
0.00137686736983611
0.00126401516666731
-0.000159829341974144
-0.000406456420590918
-0.00100789150852635
-0.00226232017714881
-0.000845343660182307
0.00224143098546176
0.00353711299538949
0.00311447634522602
0.00357332141585827
0.00318062404765183
0.000615372794766562
-0.000676176296552279
-0.000398472422985001
-0.000514542963336386
0.00053663302460805
0.00164405045362294
0.0017627155998041
0.00066850466917382
0.00168188459406786
0.00134934301176555
3.76254777481831e-05
-0.00100327936003077
-0.000798153250010679
-0.000786401372895938
-0.000863884805145431
-0.00197897272526235
0.000976726393949056
0.00147243313648237
0.000417734034594478
0.000138686653252761
0.000452270272189358
0.000638833931317285
0.000229668372912559
-0.00079715481930626
-0.00156717201785194
-0.000619861904155328
0.000801556896452865
0.000669512286661504
-0.000198820027258678
-0.000510097783540722
-0.000725793239801019
-0.00199966173321641
-0.00239585952032298
-0.00268310376891115
-0.00184368639131922
9.69299178253521e-05
0.00210453286383717
0.00143884335357064
0.000369904302935813
0.000182455550625811
-0.000466452276289758
-0.00330994342092649
-0.00395717840485779
-0.00189920512176511
-0.000848859619644795
-0.000729763557116914
0.000301145467748083
0.00110818798370762
0.000548488895991616
-0.000508287052599972
-0.000322445625321541
0.000147613025221927
-0.00104949770446907
-0.000952882733090276
-0.000169543729791347
-0.000565801664719611
-0.00124701495037653
0.000576741615437819
0.0015720227894452
0.000557186621500412
2.78378758982453e-05
-0.0027443195490983
-0.00110595176196581
-0.00185327193434376
-0.000757296809452875
-6.8838850986936e-05
-0.000260972859621835
-0.000192724757476971
-0.00117978522543509
-0.00278834560223971
-0.00277804089135261
-0.00223454094180049
-0.0020118421750569
-0.00112472045347813
-3.79215877308785e-06
0.000148666134916276
-0.000133256657450802
-1.04158760843377e-05
-9.32282383855242e-05
-0.000654451125983709
-0.00108102080087013
-0.00139760702914059
-0.00191571388932474
-0.00186508692553513
-0.00328563005843011
-0.00140781585355121
-0.000720983539720364
8.59187708759377e-05
0.000235831233820494
0.000450296176036326
-0.000294554170159786
-0.000232611486272265
-7.28114593001845e-05
0.000493001608260342
5.81644240343267e-05
-0.000391139355609923
-0.000365048417082819
-0.000991406658122953
-0.00126118942702448
-0.00112773831101925
-0.000823488840446499
-0.000320670187188058
-0.000223781550595054
-0.000182423908329747
2.62426564743978e-05
0.000132465998571981
-0.0002309156749046
-0.0014007368585495
-0.000464110526755746
-0.00109449291746869
-0.000738688446626313
-0.000730153056851278
-0.000537672508041545
-0.000406655775241936
-0.000264812471797529
-4.28166243265385e-06
0.000133253592305613
-0.000113629709785363
-0.000415888902594843
-0.000633435557416606
-0.000824651226075063
-0.00102224893449148
-0.00259331206860498
-0.00130978720089557
-0.000969892182772238
-0.000533550219368288
-0.000571082055755438
-0.00125139157034588
-0.0013744936612153
-0.00191032373875705
-0.00154617439931751
-0.00121268485002578
-0.00114595967147704
-0.000560222745783346
-0.000482384467325174
-0.000532500858929196
-0.000807437307593202
-0.000780570335263894
-0.000790052670726117
-0.000790052670726118
-0.00079005267072612
-0.000790052670726121
-0.000790052670726123
