-0.999054138897016
-0.999054138897016
-0.999054138897017
-0.999372079728034
-0.997749601128315
-0.954596961769779
-0.951138816854179
-0.929921628263056
-0.819344020509646
-0.755867197137617
-0.711204478354675
-0.607536940680349
-0.532315369926941
-0.567845869148636
-0.611841274032063
-0.620899961390784
-0.649169113141845
-0.646996116896322
-0.590837789811701
-0.459256662192839
-0.398348892093105
-0.353302013368743
-0.240686922342994
-0.189771713397602
-0.256270247595418
-0.32666896154909
-0.335600881706076
-0.365345765853872
-0.408456075056147
-0.363550563461838
-0.284585787922354
-0.260645383463406
-0.229607159863926
-0.145139122714712
-0.170362382304773
-0.253078867676074
-0.297977879266648
-0.321655116338253
-0.369633884764426
-0.426721572133777
-0.349702598440233
-0.26623028797967
-0.24269702468821
-0.162241124563324
-0.0893780962291552
-0.116046306901806
-0.184228853498998
-0.189175517474337
-0.237129572700605
-0.305399671770566
-0.323537887365414
-0.293364130657531
-0.283527603466734
-0.265960330347562
-0.228582120179519
-0.21248684519169
-0.227500463175726
-0.243057535367432
-0.258238474844029
-0.285484758677904
-0.301746968706479
-0.292734085344309
-0.284148442570964
-0.265742485160704
-0.231252492484977
-0.19211071851331
-0.208171264930992
-0.252101197079605
-0.225936651360152
-0.239229917713525
-0.281588186982369
-0.306063917504724
-0.311894046134997
-0.309613365109819
-0.30961336510982
-0.302303088689149
-0.301968045779384
-0.298397176983091
-0.27429533521858
-0.248429134420248
-0.203441859744899
-0.18387189472939
-0.163304402987344
-0.157873572176487
-0.175014967945039
-0.190741110953344
-0.204836301639464
-0.195698585911357
-0.188716494675209
-0.164305054091011
-0.106666797172681
-0.0510827686278644
-0.0324318995641881
-0.0268044599651796
0.00489693379433577
-0.0349781588878803
-0.0719037754296889
-0.087165398745729
-0.0564516549742168
-0.0966834690765431
-0.0790927110719754
-0.0467384106849138
-0.0286708032600861
-0.020500993223121
-0.0121913637172148
0.00391375436590638
-0.0257997769993792
-0.0502504728450991
-0.0595398686224358
-0.0622756031364036
-0.110030215829597
-0.145455784769568
-0.116210472351357
-0.0852431248401857
-0.0786730334321461
-0.0695423153726856
-0.0272901595268841
-0.0211786616907536
-0.0429541469328606
-0.056666956750725
-0.0675953067998122
-0.104951045452322
-0.0926942754615135
-0.0567554340215349
-0.0552020056429372
-0.0575744630714191
-0.0622032053021742
-0.0325549951171776
-0.0374320213980328
-0.0486738835279487
-0.0433262452159655
-0.0393140996676439
-0.0462096821162569
-0.0485230269764739
-0.0458545568939226
-0.0526703926950239
-0.0551869055993172
-0.0390088252730874
-0.0302452300178803
-0.0328319814906273
-0.0319814502750369
-0.0277847146227075
-0.0409284728419256
-0.0685124154657182
-0.0706757119544681
-0.0609054856293653
-0.0501235328559871
-0.0536745426429046
-0.0274965732396003
-0.0286791182497519
-0.0265941449181982
-0.0332458305760279
-0.0443384329354123
-0.0533530304223589
-0.0435783210198788
-0.0461219353951601
-0.0468278223620408
-0.0101741997837727
0.0157089723625936
-0.00494774261937032
-0.00157423163033378
-0.0094413132996071
-0.0122354984580062
-0.0109375017714291
0.0104092638247349
0.00557204922861437
0.000691483878735877
-0.000174100990646366
-0.00555538257198877
-0.00465182705847981
-0.00384409602090052
-0.00161747833565286
-0.00034398002972991
0.00188407735187324
0.00535309869191632
0.00338708881516412
0.000365283054000518
0.000493188345802762
-0.000967872716577048
-0.00296958386407787
-0.00366826055791128
-0.00280765561181999
-0.000591143373016022
-0.000604846566525411
-0.00110635695055161
-0.000198483146907184
0.00126925351270048
0.00261254569748667
-0.00118852337919166
0.00432810980752738
0.00140600533819089
-4.26994322695442e-05
0.00118667274983955
0.00545276113725299
0.00532797318893507
0.000730878854736999
-0.000548281159502118
-0.0113633942081523
-0.0143972457976741
-0.0124117005844079
-0.0102203450865816
-0.00731606296018025
-0.00424094967993186
-0.0011028062270176
0.000882689751100207
0.0013245617441027
0.00461437543047588
0.00574600942565122
0.00780823580554516
0.00303695860667008
-0.00609723652973462
-0.0090605593161105
-0.0159403678097168
-0.0274601935226219
-0.0369510132264034
-0.0226488656374397
-0.00905634483934981
-0.0108479403454426
-0.00356289608822541
0.00904198050123023
-0.00626439300407246
-0.0251249669433481
-0.036964433879264
-0.0260198957478416
-0.027516413473065
-0.0102436418815069
0.0301993418140859
0.0383810026466154
0.0383503303019258
0.0460468147106806
0.0380444022843825
-0.00619455102304527
-0.0282893007715167
-0.0225005197483237
-0.029354136026229
-0.0508184865232144
-0.0184571989992751
0.0206579991899501
0.0227267834828031
0.0245069043026235
0.0297893283254345
0.025088909576451
0.00497276073937925
0.00129679890041189
0.00251305038645809
-0.021753186815932
-0.0295527887099379
-0.00530441798654675
0.0224122644290183
0.00865030020475415
0.00875931356235765
0.0188116770069537
0.0115596789394818
-0.0100200304741381
-0.0147656372726369
-0.015338316026652
-0.0236648512060604
-0.00346493017260351
0.00564482325609394
-0.00413740444837743
-0.00562267480542668
-0.00431325306310909
-0.0072586643236528
-0.0101321704805657
-0.00799430457693402
-0.00666277253167907
-0.0104720651788224
-0.0288216406705636
-0.0100162338571117
-0.0180459323372311
-0.00778533631139241
0.00744545774012314
0.00794558359135232
0.00651976061046013
0.00791491315060487
0.00214261042489776
-0.000503560870787268
0.0101274345661298
0.00200188621135857
0.0037650002580022
0.00265762492343099
0.00929638945443464
0.00958634303014801
-0.0026346803881886
-0.0142696974535563
-0.0112366080687878
-0.0103597406074884
-0.0121992821340645
-0.00498808417733944
0.0038643038108808
0.00482967221109517
0.00550451539371327
0.00918337132012584
0.00769273156901351
0.00668893463237083
0.00359920683432393
0.00390464011823506
-0.00346355321336417
-0.005697604703244
-0.00086585837759289
0.00306962806568308
0.00518075211859088
0.0141210503382027
0.0120682496569217
-0.000823940697831109
-0.0172556575847203
-0.00556970443268522
-0.00337678049099163
0.00454541894480971
0.0269240195474466
7.93905951756114e-05
-0.00766986617582638
-0.00999661960580498
-0.0123673906959041
-0.0121875832122944
-0.00605359966794315
-0.00422700906539816
-0.00329290349969385
0.000296188505026357
0.00408626020319268
-0.00443662727892617
-0.01681792693372
-0.0168947673752159
-0.00945713881332429
-0.00449944306651429
-0.00204224575871572
-0.00563352957496533
-0.00558241600923425
-0.00246363234917007
-0.00221652600449943
-0.00158495789147549
0.00208857208419558
0.00585224700142125
0.00627840712734717
-0.00264464943500987
-0.00444155658149864
0.00270831985534279
-0.00958628008205639
-0.0145152899505208
-0.0219224980407184
-0.0261894830055226
-0.0199480413572745
-0.015617892131369
-0.0148604469667413
-0.0192160745852172
-0.0172274962785607
-0.0162223935250081
-0.0160737318843956
-0.0124457948913575
-0.0100220589472692
-0.0104771403292167
-0.0170231030397406
-0.0128462190488825
-0.0253674317350478
-0.0322715136844486
-0.0365328377967333
-0.024028927226241
-0.020681623701298
-0.0120510529230257
-0.00731950201656816
-0.00290934603219263
-0.00188638333703362
-0.00677691566149649
-0.0142175285600158
-0.0165194279617527
-0.0270400446999419
-0.0318106582256206
-0.015469328508803
-0.00212471768401386
-0.00170188258912449
0.00292091623132829
0.0108795572847122
0.00382936452151873
-0.00753577920350466
-0.0100079784338733
-0.0127672390256536
-0.0218866073276508
-0.0213539064086681
-0.00912276268466317
-0.00125616427209252
0.00398338919804824
0.0223078772932031
0.017116855326723
0.0113067073247106
0.00390898436088501
0.000912660070754214
-0.000466243648128707
-0.00849360863034629
0.0146594279762002
0.0309720793205879
0.0362963421348375
0.0319711768569974
0.0270063775051103
0.0192156616131642
-0.00345913746108458
-0.00253880493853447
-0.00650108862067026
-0.00755631274467692
-0.00229892248848298
-0.0177130123340104
-0.00968507468559059
-0.0020642528690708
0.00373005358763247
0.00422686099964469
0.00585429346650444
-0.00173620391856713
-0.0114821028268288
-0.00507913404732647
-0.00206479768608418
-0.015067729198647
-0.00281637360805533
-0.00767163740959102
-0.00521318829455925
0.0043493967884499
0.00512649048780251
-0.0058928983290455
-0.0110566750416526
-0.0179865344029526
-0.0171868496125915
-0.0177606730662572
-0.0245636235341271
-0.0161009516621648
-0.0010869749387924
-0.00139616551202344
-0.00498381377202575
0.00416711995695069
-0.0063701760857592
-0.0170973020942113
-0.0146275545500879
-0.0167674602378424
-0.0203142767845481
-0.0294457208850618
-0.0226198308764747
-0.0108356515749184
-0.0100455559932398
-0.00844086528242058
0.00161700060910452
-0.00721719915357365
-0.0172239800577438
-0.0188568306817496
-0.019673203216937
-0.00892003517096681
-0.0166202967715617
-0.0227180455477206
-0.0189751938003096
-0.0163446316579236
-0.0183929120389325
-0.0176753928155128
-0.016194770143609
-0.0199296079907721
-0.016069765511022
-0.00383051103601582
-0.00760201238260624
-0.00498524467623161
-0.0127179139388105
-0.0211020247152896
-0.0125201149927023
-0.00890999035462178
-0.00380013911966988
-0.00165788069526496
0.0044851683334784
0.0012226591005645
0.00310296806407956
-0.00767260692355256
-0.00717705712533244
-0.00154038318012274
-0.00372496197385828
0.00844741447243363
0.00725993574245057
0.00263382666050772
0.00723342016964428
0.00431399267270436
-0.00584977415237747
-0.0141001724374735
-0.0182292468373516
-0.0246730917262504
-0.0214559107931664
-0.0101811068716587
-0.0103087667312345
-0.00804332039605529
-0.00798534877643064
-0.0029310880097544
0.00102739831033059
-0.00128289328543595
-0.00723637362903033
-0.0170215999958535
-0.0198469651346568
-0.0225524562952918
-0.022613281870651
-0.0122357815752926
-0.00953324255971019
-0.0112228881579648
-0.011222593999661
-0.00899440808925064
0.00247240816304761
-0.0049876421113314
-0.0236757874394557
-0.00286615287962571
0.00233708831521957
-0.0106656228309225
-0.0208744543637715
-0.02033758355799
-0.0224074167341086
-0.0227166721669478
-0.0194370237079079
-0.0222132413022715
-0.00342950132995839
0.00204590734080509
0.00142277664971955
0.000488624757890765
-0.00552405121538194
-0.0182251639997779
-0.0267435248827182
-0.0260055977965408
-0.0219170029776897
-0.0171623994960215
-0.00720868802483035
0.000507341310829314
0.000277331930487414
-0.000915705713764392
-0.00248734293186384
-0.00494824640550016
-0.00213721628810737
0.00267296637703732
0.0117132694677299
0.00643462133666109
-0.00138516356249688
-0.00420645135120069
-0.00211766834708156
-0.00191482433605129
-0.00181125304439933
0.00223263117503726
0.00304910036899891
0.00210508550030329
0.000156239043812001
-0.00230242278411163
0.000433930471238973
0.00165299256732316
0.00050236508025028
0.00617075292203243
-0.00240611516716309
-0.00809533547437665
-0.018959514333108
-0.0129178055490889
-0.0231438392340742
-0.0219010561346501
-0.0123460787385854
-0.00165112898071235
-0.00296387815716204
0.000916293179649373
0.00460147483984424
0.000481762974570541
-0.00891083897585259
-0.00881999944495638
-0.00599805457019101
-0.00201051049548949
-0.00129838196560939
-0.0102081204579606
-0.0134406458568632
-0.00943575237059754
-0.0103576076022055
-0.00827423319958436
-0.00135002463265404
0.000209712702196302
-0.00569597112902559
-0.0040419381445966
0.000296548617076137
-0.0131056758431634
-0.00879489358820582
-0.00703364503412521
-0.00312131157754599
-0.01004231597829
-0.01687998611751
-0.00999795823102224
-0.0111016606567784
-0.0106081086586673
-0.0106081086586675
-0.0125846224629746
-0.0132926432350276
-0.0144364971688707
-0.0164102923997955
-0.0180701112129058
-0.0269649790598379
0.00299943096337378
-0.0212125038599925
-0.00618170815420737
-0.00424243745633647
-0.00642759038602961
-0.00562908631822895
-0.00329644220454151
-0.00419936368880713
-0.00746609754658957
-0.00899254835354506
-0.00803098142168571
-0.0101149045418294
-0.0110509712602678
-0.00830161168051963
-0.00336788314150394
-0.00242907813736016
0.00304141906692005
0.00877374086059507
0.00786377630483807
0.00839665169182275
0.00618498493898874
-0.00436308746062379
-0.0155834613592883
-0.0244995314051169
-0.00703954791835819
-0.0118890465237675
-0.00147292634661786
0.000729869571278729
0.00549942634963554
-0.00266078085833866
-0.00728996525827196
-0.00300755732756447
-0.00143774783337836
-0.00229246206634749
-0.00150761063820895
0.00810729832503567
0.00828595187546001
0.00890363458723999
0.0116211021607082
0.00122230451574071
-0.0116649373988319
-0.00752362647059861
-0.00275785358695785
-0.00139538624942442
-7.05383366359086e-05
0.00350195646694338
0.0120539531577441
0.00958059939322326
0.00886360276811016
0.00617929297641057
0.00315776755110677
-0.000713232756890775
-0.000958115473051263
-0.00112625963200246
-0.00298405736174879
-0.0016390768852234
-0.00675861122809551
-0.00968386205765951
-0.00482461759646692
0.0028396795735813
-0.000471802268624527
-0.00919202662588054
-0.00385892025728
0.0118598098222889
0.00855190340214465
0.00539156903457077
0.00398234311925024
-0.00217565569959329
-0.00747115964745604
-0.00532229200365702
0.00144736258842436
0.00107808471450493
0.0018272458760924
0.0059889250457665
0.00376275568606216
-0.00363523030959595
-0.00427539349865539
-0.00602120661041134
-0.0102475556454292
-0.0091506349258063
-0.00312755267161131
0.000327240994079761
0.00107466253354669
0.000810452513078938
0.00263221503605154
-7.31999820614583e-05
0.00155232782385825
0.00173051983788047
0.000444487648435784
-0.0121874096464164
-0.00430941125492468
0.00781997710735698
0.016747753837312
0.00928468500644663
-0.00416333875114088
-0.00803190934828406
-0.00628225003309762
-0.00324108233092003
-0.0037639871058303
-0.0055991297017532
-0.00503312581812784
0.00128628124518069
-0.00231876713917262
-0.00697850468834339
-0.0132108987721752
-0.022013497559654
-0.0208422980622355
-0.00524493409085119
-0.000637003002287671
-0.00061081650624791
0.0052179071278473
0.00752339564938882
-0.00917732075582594
-0.0121349396572126
-0.0157102233204821
-0.0119932039463418
-0.00645239437548511
-9.84217718444699e-05
-0.00271302688268203
-0.00466652373360388
-0.0020509546294436
0.00749689572583341
0.00484330480537604
0.00306782801688698
0.00986807816861155
-0.0121550821481379
-0.0155526369007021
-0.0112631858385432
-0.0121645249171864
-0.0164936877758118
-0.0062265509082832
-0.00473415683372728
-0.00311407941879292
0.0091492815212252
0.00825156183756794
-0.000427973051731039
-1.16335234801208e-05
-0.00395376246935246
-0.00492816055570594
-0.0061245840258745
0.000388172931831666
0.0053117190715796
0.00404071943588753
-0.000969861309043193
-0.00281322361577269
-0.0111019542127724
-0.0165065124613575
-0.0103942991728416
-0.00452784969809743
-0.0145594272637557
-0.000223203924914267
0.00423187976314575
0.0030874117616864
-0.00240996067867513
-0.00640805573040532
-0.00281950119359606
-0.00241503891559921
-0.00515336858328921
0.00220192646245471
-0.00140267409109698
-0.0047237070089335
-0.00274011754462175
-0.00478496589851774
-0.00781611632754105
-0.00509662637454717
-0.00178563291850411
-0.00190124393702062
8.27456949206748e-05
0.00404249017703367
0.0024713554616107
-0.0112608196425674
-0.0212980746081888
-0.0177984012304058
-0.0340368178151439
-0.0402479468817752
-0.0400646564137498
-0.02746302660344
-0.023350534514524
-0.0205178378905501
-0.0139821852172676
-0.0102057742032751
-0.0089366159940576
-0.00212781756233411
-0.00592031108353833
-0.00541794837174023
-0.00808728433609171
-0.0126973387824955
-0.0108818815106931
-0.0143095876490683
-0.0150477472181587
-0.00130075902697064
0.00517231898267306
0.00441592891238353
0.00349323360797185
0.00439568654138621
0.00476237775358684
-0.000732307250402313
-0.00969154524053917
-0.00542186418274643
-0.00287907279986006
-0.00266604386717131
0.00149134230442107
0.00520409045577676
0.00595701761908629
0.00176434411645828
0.00113735431411979
0.00408303082902163
-0.00455504197200665
-0.00575188167967368
-0.00369519697233572
-0.00186366803433352
-0.00265156341519171
-0.00203256020457175
0.000581733864313378
0.00148466967194706
0.00512350749935733
-0.000237530292634264
-0.000352256929963945
-0.00139028524176845
-3.78670442350688e-05
-0.00349683549829353
-0.00397837724805781
-0.00390223552631786
-0.00579594828805747
-0.0101328539039092
-0.0102554799791132
-0.011826465359135
-0.0105595531068959
-0.0069535790822105
-0.00540513788346099
-0.00274504822532242
-0.0016088286811394
0.00204528634831823
0.00140520303338842
0.000623747462567288
-5.36558767690581e-05
-0.000489091544383323
-0.000181116906882982
0.000108690375608584
-1.66873612139517e-05
-0.000359728328934861
-0.000863069229907663
-0.00122289015450368
-0.00185355078948556
-0.00125458350410293
-0.000796738255603853
-0.00276347547998313
-0.0023257609326905
-0.00243065316617883
-0.000896056270872531
0.000223819703693808
-0.000236372601210728
0.00170899930566421
0.00429341443164389
0.00384316034580559
0.0021330329152587
-0.000401216933928504
-0.000636467054803907
0.0032581580208883
0.00482196063661443
0.00292231478276317
0.00327533344733241
-0.00341583751601982
-0.00278007416491106
-0.00284043207947787
-0.00349290807796656
-0.00207736824855029
0.00246717771583788
0.00460183518739284
0.00359552513319076
0.00377422568576653
0.000367847260949874
-0.00332428592159775
0.000522182098572137
-0.00444293039719303
-0.00701503158610048
-0.00393900106908347
0.00174450388815863
0.00432663665726929
0.00035284755088563
-0.00096863652318065
0.00207783613085132
-0.00402339167586897
-0.00459111489437054
-0.00232913388097091
-0.000694834432210693
-0.0115210433460096
-0.00264744175408129
-0.00331090854942085
-0.00468423887023087
-0.0022868435135908
-0.00451990130762899
-0.00458584301533877
-0.00449400951937
-0.00242027379347838
0.00117214692957395
0.00178979675045651
-0.000359636286079838
-0.00552835012346199
-0.00432430833518458
-0.013342657673204
-0.014699666327554
-0.00557992105763293
-0.00826221926549042
-0.0116976698491583
-0.0103275578642621
-0.012218746317407
-0.0164616592897018
-0.0168341146780595
-0.014678928133104
-0.0148265054606248
-0.0133403713000969
-0.00870961125498609
-0.00776764579298603
-0.0101029463016517
-0.0063520962308598
-0.0158981635316543
-0.0178151149447407
-0.0181061695404961
-0.0139237107596475
-0.0147515818537835
-0.0175767524763612
-0.0133587244433046
-0.00367440960806695
0.00136682489005883
0.000725103007578922
0.00040410587231983
0.00141712046283274
-0.00276112234132726
-0.00430883120014771
-0.00184871541438891
-0.00118822784787237
-0.00171859343309111
-0.000204261805048173
0.00229813471238239
0.00269288951812758
0.00163515739467929
0.00527108699467175
0.00115890884708385
0.000119607960096301
-0.000285663041398044
-0.000699594275683737
-0.00575155941122486
-0.00649513726279446
-0.00254200605861314
0.000202785823693077
0.000135777271896969
0.0025714450121235
0.000493756158663401
0.00126418728717156
-0.00216608004521037
-0.00148564656439894
-0.000453749691108599
-0.00184324636743561
-0.00218844145992946
-0.000810764632565397
-2.95643186649724e-05
0.000522583744093227
0.000981781765856324
0.000964156061805875
-0.000547126045786477
-0.00176615147095018
-1.48879946621481e-05
-0.00265359033885728
-0.00328378965163797
-0.00162451281584819
-0.000913790816166469
-0.0033357658332453
-0.00267260269557313
-0.00388405247899776
-0.00558125110465467
-0.0051765905803062
-0.0051938366549487
-0.00399593125821086
-0.00345570595024833
-0.00321572802552256
-0.00256882329196843
-0.000136941858682426
-0.000423653747329852
-0.000726706588704979
-0.00289050071665365
-0.00578951798650063
-0.00818805537748589
-0.0109395637762446
-0.00971206760843837
-0.00451130471822226
-0.00567587045905057
-0.00210932267478035
-0.000107979928509441
0.00135590432669739
-0.00103533053160515
-0.00787286360855154
-0.0115530552180105
-0.0135066282773057
-0.0120914846485675
-0.00901661510043923
-0.00885874685660823
-0.00734766954318598
-0.00508343284118987
-0.00181028934175515
-0.000825296663616959
0.000240278656032711
-0.000367171893701755
-0.000854712314192162
-5.81531277240844e-05
0.000167872952972105
-0.000293563744652112
-0.00132599303452733
-0.00182919791354246
-0.00216990960705173
-0.00271091341977318
-0.00243157725094326
-0.000901842580972935
-0.000207442237544845
-0.000148335710039973
-0.000275502285162221
0.0010167878211125
-0.000278953549231414
4.31632487105576e-05
6.9416960284962e-05
-0.000545248803696135
-0.000594949030787416
-0.000518755644739178
-0.00119669853766223
-0.000417375084120892
-0.000240057556480052
-3.52443735430913e-05
-0.000900563288819144
-0.000422967128078034
-0.000258938706071055
-0.000367065803241903
-0.000623504775519494
-0.000513524973441123
-0.000124158511172682
0.000116457071041271
0.000368806762803113
-0.000910184980373848
-0.000448664520662666
-0.00102160743707625
-0.00184787842478433
-0.00328837644753047
-0.00202150114910092
-0.00365273486041708
-0.00194644076755023
-0.000251398948278556
-0.000141472764084469
6.32336968008916e-05
-7.1477737814602e-06
-0.000223675213119991
-0.00111969786770134
-0.00234640411663246
-0.00347894517415379
-0.00569242483631017
-0.00388934657966784
-0.00350417471785734
-0.00152459938562749
-0.000375377037882337
-6.49512029236355e-05
-0.000744605406133187
-0.00602699713739141
-0.00588755695804801
-0.00703924915338744
-0.00554713366121906
-0.00410325222786189
-0.00387406118574694
-0.00387406118574694
-0.00387406118574694
