-0.975352340324324
-0.975754020860335
-0.980408392528364
-0.989943784787172
-0.984318136243416
-0.910084321104645
-0.777409230078845
-0.656836008955368
-0.670821280732056
-0.536659749095228
-0.489927737032295
-0.563950777660991
-0.627732828251308
-0.612146144277979
-0.657054112715634
-0.749462060105107
-0.701891157392239
-0.552429136611047
-0.460327966172562
-0.383269911500555
-0.277285436704725
-0.239452581185618
-0.300012368947212
-0.331280466842279
-0.307218207017776
-0.348847938648051
-0.387399936332484
-0.330431213228291
-0.265036971392262
-0.221603633850561
-0.158034271472766
-0.0840532322523022
-0.0905499658738814
-0.137913887130144
-0.15649497585181
-0.186826640530166
-0.179315329240125
-0.184843159183462
-0.16013420444564
-0.122228887898917
-0.0989345415082376
-0.0907642731808711
-0.0983004193107485
-0.0727330624180744
-0.0657135572141828
-0.0826815028716488
-0.0858467497147837
-0.0590737933131663
-0.068634947797263
-0.0765092217476959
-0.0742472195231208
-0.0583449020286075
-0.0501704192706687
-0.0393444831265937
-0.0519169584112131
-0.039242479549269
-0.0634469645002363
-0.065421460579998
-0.0723727231918468
-0.0853980233260654
-0.10307743754071
-0.096172857812749
-0.120697985828049
-0.135248906161076
-0.132728982424245
-0.0983919990792636
-0.107607519607607
-0.139429913682613
-0.117715941096524
-0.131575303530385
-0.136055536750459
-0.103171117946277
-0.0648636468471013
-0.0573190958620635
-0.0459147659313171
-0.051325453271848
-0.0503181762070659
-0.039861760022189
-0.0497055778270816
-0.0649986365169463
-0.0644522200784026
-0.0555938510175021
-0.0516713199792315
-0.0480759213048955
-0.0328461023607689
-0.0238629218723376
-0.0224518929306129
-0.0269659096862889
-0.0366236313466688
-0.0220946814008042
-0.00757017608088125
-0.0226498625466681
-0.0356306495200301
-0.0448411042069115
-0.0416016786248042
-0.00735467551198329
-0.00316282770512428
-0.00219003245234475
0.018478832996435
0.0294315806199995
0.0159170537698734
0.00153927096529696
0.00634437879650011
-0.00988501904891128
-0.0417491520050178
-0.0217063864749351
0.00646940226865495
0.00724347039589921
0.0171275040685259
0.0264581076228726
0.0229697444447385
0.0138352197398361
-0.00237462699009494
-0.0158978410326001
-0.0100161564836512
-0.00951879363852972
0.00139428740247907
0.0110845510765583
0.0124273072221726
0.00598616341125013
-0.026031653808851
-0.0399152528972481
-0.040372841965556
-0.0336039805375737
-0.0314134748318915
0.00664545852806238
0.0493230314508288
0.0336748281589023
0.0233475560575923
0.0298208251014658
-0.00163963715927709
-0.0435392289425599
-0.0440760089328221
-0.0429233829984333
-0.0553429944901848
-0.0349699519763108
-0.00912828814665248
0.00248373542742592
0.000488826235787009
-0.00421335740309006
-0.00541031623113351
-0.000225676770471158
0.00308186912464067
0.00475966686734785
0.010277607138803
0.00718797573307724
-0.000447193537089355
-0.00620844762704496
-0.0563287525202378
-0.0151152813334768
-0.0188812138660789
0.0055960071197246
-0.012637890624977
0.0116743188101096
0.0322379801068674
0.0272771515665528
0.00955345347762518
0.00842968742898851
-0.00290491794785838
-0.0163758846182036
-0.0181780317903871
-0.0262484585746899
-0.0168328160863165
-0.0194430122392626
-0.0171810300916509
0.000856695401541971
-0.00748430923533515
-0.00207935954502713
-0.00103519045447161
-0.00289280620033211
-0.00778671421415307
-0.0088245307396369
0.00223683750524949
0.00775126405430757
-0.0174746929965001
-0.0106759291220037
-0.00459467992949003
0.00207306167466628
0.0100905695079539
0.0035705793746191
0.0051167128407823
0.00296977838811813
-0.00713168294931104
-0.0200676039768769
-0.0157236300202656
-0.00884800511009528
-0.00953966306668848
-0.00497517053889754
0.00446851608307309
0.00460012454486277
0.00464208070873777
0.00132405767476328
-0.00134530004371616
0.0015695480842794
0.00481085127337864
0.00785578504012665
0.0103247453691591
0.00876727789423868
0.000403341230665064
0.00132926899188206
0.00995132745206381
0.0389732515420616
0.030582542360122
0.00517578946241113
0.00409094489041983
-0.000498882165192804
-0.00124108475741199
0.000200967053757098
-0.000415048665153375
-0.00151731774492537
0.000873761147517078
0.00191611779516998
-0.00229975915390786
-0.00147792089820911
-0.0046009387940868
-0.0114405025994466
-0.01257170218874
-0.021549244415231
-0.0171819088871702
-0.0111937724635526
-0.0118371521257064
-0.0230986130543575
-0.0327780177495089
-0.0322113521168387
-0.0354170913435703
-0.0182881370331313
-0.025366109862787
-0.0290136966506098
-0.0096121975729369
-0.0563808397166668
-0.034142677272418
-0.00845436754392989
0.000625397061367976
0.00263578773553759
0.0112000723051195
0.0178534612058139
-0.00286023587633023
-0.00368432144057728
-0.0104602727603833
-0.0151120012068594
-0.0137047485796096
0.00449437593043991
0.00640126349084672
0.000875857059807715
0.00477076263236081
-0.00426365817806878
0.000807225708477129
0.00178649346864252
0.00417476798001126
-0.0257626185597755
-0.0411174781144857
-0.00468555797434495
3.14376498401006e-05
0.00263312856455851
-0.00541164873191806
-0.00190313424565762
-0.00630305372008011
-0.00472408209242759
-0.00719608551490838
-0.00298911495270554
-0.000793263006534524
0.000468486279202688
-0.00542218994076319
-0.00532616055268721
-0.00366159633742683
-0.00160832309689836
-0.0009600393078683
0.00150484667240716
0.0039371139841805
0.00288451748435108
-0.00565479683772932
0.00226824391218536
-0.000430267665307032
-0.0226311191854495
-0.0156658206660081
-0.00867638665494593
-0.0064689026065534
-0.00836970017688055
0.00413373574222068
-0.0128578217928464
-0.00651145021888232
-0.0084152636015693
-0.00409195096306901
-0.0103207993942423
-0.0129210325914725
-0.00309280432285428
0.00292142325596029
0.00233519847109713
0.0092089304430049
0.00941306171416866
0.00261567206395759
0.00113479788139671
0.00677844954088122
-0.0169755041233632
-0.0286869958276501
-0.0191401850656613
-0.00790689844192993
-0.0053734146420227
-0.00282196857912646
0.000741632759051374
-0.00233640432662018
-0.0068685144276544
-3.48811114656705e-05
0.000560400070468132
-0.0020451127709987
0.000908884269350781
0.00475521703313315
0.00356150791705168
-0.00632058778838259
-0.00358952515870511
0.000219832858753304
-0.00120316753136628
-0.00997439190316826
-0.00489771767566917
-0.00604416186608535
-0.0108508363986028
-0.0127001760834383
-0.00854511323092599
-0.00845622118011191
-0.00654110761273223
-0.00436461340974151
-0.00164924796338002
-0.00205281944288398
-0.00180353151717623
0.00101028350052349
-0.00109949137649553
-0.000943077987551854
-0.00168922594758037
-0.00205472243348006
-0.00367946643335962
-0.00866981086115915
-0.00745480381540803
-0.00627504316113135
-0.0101229552145075
-0.00827370781748393
-0.00481733162661577
-0.00436923024620923
-0.00696092487487533
-0.0046830810471107
-0.00149672134305447
-0.00280834510723883
0.000133981748074918
0.00685317608554896
0.00330824994686613
-0.000626707501380511
0.0029027918909429
-0.00245723195411354
-0.0163883267981217
-0.0155499607126593
-0.0203643017936082
-0.0220800206870903
-0.015677002528198
-0.00611722188521622
-7.39235246591209e-05
-0.00341612432749828
-0.00922761976788841
-0.0104692177873339
-0.014834421687743
-0.0101122896755966
-0.005509654967257
0.0045304213505678
0.00762015237215874
0.0101134294175639
0.013468357370866
0.00623133080705245
-9.39211428079055e-05
0.000693815747705474
0.00282427635412831
0.00801663747717624
0.0046364720317955
0.0193925613966834
0.0127484244576475
0.00452880640708821
0.00108934525269176
0.00252937536848003
0.00587729256438842
0.00301917901058524
0.00184997876400616
-0.00157470492274005
-0.00281889089715928
0.00282156631560366
0.0120289418633393
0.00575040461422928
0.0215284767261263
0.0111118595086411
0.0151797525010962
0.00970389357804512
0.00240144043273721
-0.000988741979689232
0.000468520302940931
-0.00318472976487387
-0.00137968258003369
-0.00163636026845511
-0.00455982924038632
-0.00204353772217046
-0.00125869024275636
-0.000978756251417471
0.00525865061950492
0.00459281765679496
-0.00561928718667739
-0.0108650397785195
-0.00968813213494598
-0.0121133348298752
-0.0120337410811852
-0.0099341740779397
-0.00414369352520717
-0.00250634462885117
0.000834489356622914
0.00268528832257226
-0.00356863438416786
-0.00131923266308428
-0.000155395682188653
-0.000310038593763997
-4.58517002165186e-05
-0.00281886375296018
-0.000577306078839201
0.00757322868225038
0.0133643783606497
0.00487446497527761
-0.00335803018096453
-0.00575529800819406
-0.00287623900037548
-0.00272885894486283
-0.00457495178289554
-0.00439664057271163
-0.00375347171349802
-0.00322440197128452
-0.00455010499955974
-0.0072254245142744
-0.00914703812763472
-0.01308899381491
-0.00687095886174942
-0.0112878343880196
-0.00517505155328247
-0.00445532615398864
-0.00239138776804517
0.000863184714469252
0.00344196517345863
-0.00137774997268614
-0.00664740323312783
-0.0060116322098177
-0.00205809989852491
0.00340981175534286
0.0168598593558724
0.0182399403806308
0.00606464156894585
-0.000398577870512652
-0.00333137033724823
-0.00348184927018749
0.000775552966251382
0.00178398417122848
0.00483154415844441
0.0127223972067412
0.0215899024265834
0.0121969516127628
0.0138342177794272
0.0153711067251903
0.0118838789462268
0.00993328685650296
0.00813181732622434
0.00432346467169111
0.00534666958832763
0.00436566619786217
0.00397242131383469
0.0152189383536289
0.00814317459349758
0.015414336215094
0.00970605148327879
0.00125695750566941
-0.00233245320853699
-0.00340895630495338
-0.00392767923660111
-0.00417384972315406
0.00949430729733682
0.00671146320644616
0.00203582686868484
0.00323164688112143
0.000959490867732938
-0.00118959087992989
-0.00253428920772395
-0.00394295268816668
-0.0215670575706505
-0.0103233469917944
-0.00036600715686962
0.0106794591372458
0.018497711828807
0.0262145287017069
0.0209745148912572
-0.00059572035017437
-0.00483603128350629
-0.0102485944150656
-0.0240684903194386
-0.0181430123953092
0.00941061141267422
0.0125318792895394
0.0116745736725532
0.0138130447986033
0.00731387378273198
-0.00279010722517768
-0.00490238392514957
-0.00432994293797827
-0.00279322303471444
-0.00164426744301073
0.0021496407017697
0.00617107413706097
0.00651494491722437
0.00168279851220341
0.00100732207378712
0.00271673046134466
-0.00174489132870168
0.000139196378329195
0.00434206913794289
0.00232865432490853
-0.00130149025732932
-0.000766460682723198
0.000364255325381023
0.00164006606562037
0.000177875622039018
-0.0174827065434678
-0.0239301346479564
-0.0194438360291774
-0.0180332117459299
-0.00716344502296499
-0.00271315491673977
0.00127319598894219
0.0024679317580448
-0.00530215272125144
-0.00845160341220652
-0.00605767456143252
-0.000118051408586317
0.000580303185947369
-0.00145239990670807
-0.0037482107394999
-0.0063650032016495
-0.000540632263647703
0.00242395652263431
0.00217772997891943
0.00747546890758878
0.012429691340211
0.00748055515706151
0.00835070801996049
0.00373329597721646
0.00258076550816263
0.00412076450938562
0.00130265253196809
-0.00265362688887017
-0.00552925480632776
-0.00218534867087269
-0.00332608202165701
-0.01013292643954
-0.00943008483038148
-0.0105503732325453
-0.00656369398287363
-0.00188764144684306
-0.000151012670416317
-0.00140472572925576
-0.00557675736637032
-0.00830050932040997
-0.00699823402931447
-0.0128471514412102
-0.00772047293815309
-0.00434208614001043
0.00176754098980121
-0.000519914535469187
0.000414912774198276
0.00122296373534888
-0.000128200436630554
0.00143504819588408
0.00291453259417442
0.00676839957643619
0.00206294997307331
0.000211822066865267
-0.000346014261604002
-0.00104252012126848
-3.02291070958891e-05
-0.00227457650983529
-0.00218933818268213
-0.00113362373098569
-0.00124773349889707
-0.010098306633392
-0.0113242639376563
-0.0177702224099868
-0.011503067436697
-0.0164996624400791
-0.0167828837255168
-0.00280624858758346
0.00315012842975528
-0.0024255744125721
-0.00403127672675924
-0.00511022183658987
-0.0135895748656224
-0.0142703552490863
-0.00584754633262688
-0.00191878031368527
-0.00303583385507617
-0.00562138429542839
0.000591553417170457
0.00455902075242322
0.00920415223604655
0.00290923850361356
0.00456340662739518
0.00279620769603574
-0.00157771750932665
9.41085677527041e-05
-0.000536557553791005
-0.00807592556236019
-0.00815349637686959
-0.00375832445865416
0.00154049650325453
0.00256412068122876
0.00173768442509807
0.0047560447543151
0.00694574177039716
0.00707475168674362
0.00667361123678222
0.00639950921293956
0.0066014602787824
0.00304454863135869
-0.00175246294551675
-0.00128972685147681
-0.000841832455992917
-0.00239696355574254
-0.00461646893714112
-0.00212957146510089
-0.00345945750972943
-0.000203227840665979
-0.000222724698789781
0.00082957683920674
0.000373014516912349
0.000444553246289595
-0.000164828954077796
0.00141455651428562
-0.00114433621219169
-0.00228263325589282
0.00191032176303845
0.00437179236121807
0.0112082480493235
0.0054764917172705
0.00274700231868566
0.0086371154483301
0.0066366851335946
0.00504173207924366
0.00907356443864575
0.00869392265043045
0.0035604299155523
0.00267935104368861
0.00348141084549017
-0.00512956328478514
0.00947578892680479
0.000323354621605343
0.00694656742891832
0.00760095916900961
0.00995068294105057
0.00311242006655075
-0.00620230079700256
-0.0115690305976348
-0.00805914028629489
-0.00992157179102618
-0.0152926857944224
-0.0102242221618043
-0.00355544498721215
0.00446032839195561
-5.72972913005492e-05
-0.00166449408908953
0.00150482907901528
0.00837791898868845
0.00813287327170459
0.00231332276004909
0.0015186097109818
0.00355021977045642
0.000742823526630944
-0.000881512226382321
-0.00236568587173287
-0.00237543264864978
-0.00365631844609077
-0.0064413503613803
-0.00405990497631747
-0.00135092277790456
-0.00237430180585768
-0.00271231245403286
0.000661064541836
-0.000532451724993196
-0.00463365537772608
-0.00367289738101746
0.0015396382480967
0.00159215005674461
-0.00416786123313031
-0.0028364103005217
-0.00837378463293605
-0.00426441150589315
0.000428819875110142
0.00526382499736459
0.00653053328441956
0.00342750839989737
-0.00317364957265415
-0.0100643432387075
-0.0107442250002749
-0.00242979540985243
-0.0030395663197818
-5.16438510609481e-05
-0.00371057458219153
-0.00909922535780302
-0.0020475845468453
-0.00362998134907147
0.00399293428678932
0.00395132786544718
0.00143496303982988
-0.00297545256579566
-0.00408502798165892
0.00449356572325792
0.00076089446065041
-0.000974744571381234
-0.00152974066064638
0.00072100935832991
0.000820511889631534
-0.000691487643829505
-0.00138035009248342
-0.00325049339366748
-0.00591867984050359
-0.00551356365498266
-0.00411836310102713
-0.00303149230238058
-0.00780636326382045
0.00055998981128799
0.00732997083326693
-0.00191788583444109
0.00286366419025269
0.00168227254981156
0.00389065065352273
0.0016780620226236
-0.00590348097749475
-0.00877438864428244
-0.00439210393665511
-0.00653721733614178
-0.00897819056917857
-0.0106632523973207
-0.00487299904644657
-0.00344188071365388
-0.00325692728173533
-0.00186229549998273
0.00435118658304364
0.00415208953068204
7.90019178825681e-05
-0.0055816696446428
-0.00191469873414531
-0.0062278811455283
-0.0064572040316447
-0.00274208380896185
-0.00288930876984263
-0.00406608973064826
-0.0018685359252238
-0.00134254862122984
0.00298040594267783
0.00208416031444205
0.00117505579226383
2.73223426947467e-05
-0.000225695483530806
-0.00480527729270427
-0.00910014517236664
-0.00732059370055799
-0.00395028348570064
-0.00334925634579205
-0.000396107663556851
0.00368215032643781
0.00333927929579433
-0.00209674592970476
-0.000966300872890248
-0.00151540016893891
-0.0066634287564209
-0.00642972087439705
-0.000908639918239643
0.000479395621267193
-0.000321138963342649
-0.00126584919168459
-0.00349714328003526
-0.00643102182747193
-0.00587259489575513
-0.0048715044255787
-0.00344578353414424
-0.00374297177526179
-0.00314950289290108
-0.00227318820915082
-0.00172085362238232
-0.000881593486570966
-0.00180684029181184
0.00200419583195248
0.00144216566892035
-0.00348635790730682
-0.00642290545094065
-0.00476061453717209
-0.00249679944876581
-0.000868449176875939
0.000247709834994607
2.52276557328989e-05
-0.000894383539128696
-0.0012977260313703
-0.00210035775520341
-0.00379052793971571
-0.0044156286666454
-0.00379465128966617
-0.00340835629849484
-0.00230414239325806
-0.000236696481151238
0.000710514578555947
0.000358913301060859
0.000487235446336813
0.000100381445982385
-0.00231989813742626
-0.00382507103752153
-0.00578058922455615
-0.000688277059317245
-0.000101427735189617
-0.000385340749769384
-0.00103626038742691
-0.00103313138005468
-0.00247075680784864
-0.00538936703332591
-0.00506194856594218
-0.00609350125638789
-0.00526267258798422
-0.00530794801945723
-0.00192827942278554
-0.00188903692087658
0.000841476963529099
0.00128219133583465
0.000667677554194019
0.00284627756840374
0.000647116199000194
0.000544738183556749
-0.00131426549258947
-0.0011079508221283
-0.00169057749877374
-0.00269897644183683
-0.00190384919551715
-0.00121509184738587
-0.000813013946390027
4.52701171753929e-05
0.000465372597390841
-0.000471758220020745
-0.00173493921981415
-0.000724856726608745
-0.000161619974727254
0.000717555167154855
0.0012462909680105
0.000226500845758705
0.000188607049365188
0.00192615555101768
0.00459230173600554
-0.00154800220858232
-0.00388499889968063
-0.00330915086640464
-0.0034455775590936
-0.00332579308195102
-0.00439700134389555
-0.00354968633114873
-0.00248563308900427
-0.00218834544213893
-0.00188403591666179
-0.00260743856843367
-0.00634292863054339
-0.00932267816905474
-0.00879138971000771
-0.00506104949311507
-0.00110331502944801
-0.00498884364619483
-0.00439193324462658
0.00335994063242215
0.000136254269053079
-0.00072555522566548
0.000195022562200499
-0.000246714782004126
-0.00310982313422423
0.000193236681855262
0.00163211614397544
0.00119546910533178
-0.000619686518490526
-0.00121138791351684
-2.00305995610665e-05
0.000412019019990192
0.00123054276549242
0.00143266520303392
0.000984953562149949
-0.000530103117822986
-0.000145285577328285
-0.000278643544641097
0.000832774458621968
0.00083058408317702
0.00174109208980496
-0.00266197850009987
-0.00233461739994896
-0.00277102410074177
-0.00418592727768829
-0.00224044659463642
0.00016949276565833
-0.000118075716662757
0.000522929535579344
0.00157222771763312
0.00355529623791984
0.00153996281784605
0.00242718439684433
0.00387554651777394
0.00112083096613303
-0.000928077930279135
-0.000339474953772304
7.19321984952612e-05
-0.000101123149448045
0.0017350954674722
0.000591003773564956
-0.000251401456017259
0.00112064459600156
0.000282442193734821
-0.000117244051312167
-0.00100830049985878
2.51271719933808e-05
0.000216790135679658
-0.000144556667859834
0.000824791806990335
0.00136159103722189
0.00154724998956473
-0.000561362203314428
-0.000138539276752839
-0.000319453851975166
-0.00157207068633151
-0.00113968818781822
0.000425302931487875
0.000578847516194374
0.000331490668744407
0.000811145785967442
0.000128178466983252
-0.000577575222833364
-0.00117425744226095
-0.00117532014422368
-0.00145150001415942
-0.0015649732159628
-0.000434850210053848
0.000708224997592067
0.000621226406706526
0.000686244575476624
0.000558327200677302
-0.000319874903937044
-0.000388903818868509
-0.000398223420585198
0.000205042963150583
-0.000113504574608349
-0.00252935072775735
-0.00173797708991617
-0.0016499340710143
-0.00179362443962721
-0.000980856213945713
0.000101010773065508
0.000582719165480779
0.000256982352995437
-6.96397010001079e-06
2.17612319478014e-05
-0.000356149026719456
-0.000340245937600068
-0.000125880113735363
0.000419110786177496
0.000141849983701292
-1.18367341409051e-05
0.000336303178468122
0.000240547894792891
-0.000196743797747742
-0.000246703221060503
-0.00016333658976292
-0.00018162606481963
-0.000471994662621599
-0.000323511052700877
-0.000149670533358966
-3.87343453278478e-06
6.73434988853677e-05
0.000122148972569826
0.000203335793384045
0.000264083537110651
0.000237347549569943
0.000131976950626336
-8.33208444992819e-05
-0.000239404301523264
-0.000293141368900292
-0.000745989467980589
-0.00174164564903726
-0.00205993231272469
-0.000968961763572777
-0.000368038587857526
-0.000397233650340033
0.000203598722200132
0.00106807808665316
0.000896901973662414
0.000773719763194299
0.000920198684875085
0.000449639943891908
-0.000278936491230229
-0.00025021664733823
-1.3838397875017e-05
-0.000230331983625761
-0.000105886232123234
0.000636808851812604
0.000857094303760435
0.000580348347948364
0.000701393082138034
0.000485500769709298
3.39099641254973e-05
0.000405509187948837
-2.94122783873606e-05
-0.000468022583558488
-0.000114908431689598
-0.000335790403703757
-0.00137161156390886
-0.00303112954728729
-0.00327586453580215
-0.00336996373004415
-0.00359121540614255
-0.00298709681052198
-0.00170286681399068
-0.000661297449879168
-6.95895385418603e-05
-1.72108819280657e-05
-0.000539883609829317
-0.00197404171538565
-0.00404761074172657
-0.00440295812996103
-0.00429872247118807
-0.0033762406059642
-0.00174275939503664
-0.000411658869669502
1.7555776519615e-05
-0.00025403320823321
-0.000867829734445357
-0.00179572959815665
-0.00359437005787474
-0.00375415598614025
-0.0039082344431369
-0.00423319718351346
-0.00358578371730121
-0.00145283629985242
-0.000708743247189893
-5.74249548356586e-05
-0.000253520426992764
-0.000343457421491977
-0.00040724506804434
-0.000423728155921823
-0.000294127624976228
-0.00017824579396259
-0.000229111135270351
-0.000193039019992602
-1.19979789566127e-05
-4.50994022889283e-05
-0.000325624537788029
-0.000695754896534742
-0.000738807257375542
