-0.927566493599087
-0.927566493599088
-0.927566493599088
-0.927566493599089
-0.92756649359909
-0.927566493599091
-0.927566493599091
-0.927566493599092
-0.927566493599092
-0.927566493599093
-0.927566493599094
-0.927566493599095
-0.927566493599095
-0.927566493599096
-0.927566493599096
-0.927566493599097
-0.927566493599098
-0.922555615796312
-0.944825885596439
-1.0134974311244
-0.984965096184922
-0.837960017118468
-0.755726446115582
-0.753621564310787
-0.731431480130297
-0.653472930899665
-0.666357616864354
-0.688145188023918
-0.63438657776919
-0.598550584079578
-0.626767229804947
-0.592593445097439
-0.450462555804554
-0.403307906416455
-0.408073046012432
-0.349665747506359
-0.326843944301421
-0.380588858104536
-0.393717536118601
-0.348927266869583
-0.336691761388487
-0.316283620840012
-0.265926138004961
-0.213898982504379
-0.232296939857418
-0.255985826911112
-0.234661101565147
-0.263341892746507
-0.295742960000036
-0.269201410685409
-0.210083362925614
-0.146531254483106
-0.130751422078623
-0.120545905673723
-0.140730044149358
-0.222503613993707
-0.288177783860477
-0.257573771674977
-0.232382247224753
-0.215054687631419
-0.171057309529598
-0.138689716624975
-0.114563051593249
-0.126728806054648
-0.167591768224382
-0.151450067163417
-0.165827622893284
-0.171044991184311
-0.127891055804976
-0.0893689684291037
-0.114860015035966
-0.109673912541243
-0.0835015716512745
-0.0860287449938232
-0.115768947806756
-0.109802407736403
-0.103139285560576
-0.11430037220037
-0.113940064122448
-0.0903855452214082
-0.103087534590568
-0.117304996345596
-0.0862901416138619
-0.094435457541715
-0.11298718395622
-0.117548791340583
-0.0950320288458269
-0.0959193720141914
-0.066850803488416
-0.0391387513879431
-0.0519691830883316
-0.0664743328580169
-0.0723362918318566
-0.0788870415456736
-0.0896223638458208
-0.0766879575269693
-0.059530967784502
-0.0339935116461835
-0.0167508532888198
-0.0234433895521591
-0.0232367027053454
-0.0120119005108851
-0.0150592939668688
-0.0254657793763515
-0.0270483974929609
-0.0263960450769412
-0.0295287292706064
-0.0266079716097813
-0.0146202651656298
0.00138875258655735
-0.00439669940387024
-0.00498135413550909
-0.0076111850305725
-0.0218640164837917
-0.0217344056584436
-0.0170997760681733
-0.0206896400672068
-0.0271990315967652
-0.0102292139108375
-0.0165043797593176
-0.0157210073733603
-0.00971169111679392
-0.00458696593573191
-0.0212539883964292
-0.00467337239032683
0.00632667060477473
0.00975267918491297
0.00187385089839999
0.00134157311858153
-0.00559109131444728
-0.0189269531408848
-0.0166381240744371
-0.0140958341394256
-0.0210476713626134
-0.0170194504519664
-0.0184190261989416
-0.0151370454060681
-0.0135687209059184
-0.0119320104648251
-0.0203639322251933
-0.0321929042958122
-0.0200682217970087
-0.0395020272878651
-0.0118712193170413
-0.00622741355046205
0.00654679265782297
-0.0034945409709025
-0.00103869932927675
-0.00615429957064421
-0.0123553405454383
-0.0172992073211955
-0.0148377533994704
-0.0154096346801082
-0.0059264819127943
0.03011836059317
0.00283151743322964
0.00215516643376637
0.00482252981517548
-0.00416169410727794
-0.0248903220124786
-0.0324382012106024
-0.00200634678030322
-0.0173983607577326
0.00379785962453363
0.00205935048074522
0.0114464703816875
0.000345869322778267
-0.00200700395158091
-0.00229165205791149
-0.0125149252797459
-0.017592826667825
-0.0179110880999657
-0.0159204494752662
-0.00936751307323552
-0.00798039701241626
-0.006738319506321
-0.00594451301022346
-0.00716938338489479
-0.00835276876376514
-0.0104923536444695
-0.0116452975304356
-0.0216408456605538
-0.0393207141944398
-0.037203348121513
-0.0288038043917028
-0.0123953678358083
-0.0165198811828511
-0.0220853069831505
-0.0159785100557524
-0.012141917057068
-0.0267856681760175
-0.0408942583379249
-0.0254060972596828
-0.0223500439960475
-0.0191158706706966
-0.00424856774985085
-0.000403572212538034
-0.0131623211765335
-0.0187764293867814
-0.0201974398517097
-0.0353426759805034
-0.0470341675434643
-0.0348888227700674
-0.0288572690725051
-0.0475791089434698
-0.0492020530218354
-0.0273869319487408
-0.0245765684505088
-0.0395279286151705
-0.0105832245026139
-0.0202757841280758
-0.0452081107654819
-0.0414948438569159
-0.0547599787620634
-0.0474748936662864
-0.0321534644853991
-0.0280592754413902
-0.0255879356945886
-0.00591278557752782
0.00144863792360676
0.00280739206709539
0.0150034863597859
0.00497997096300607
-0.00176755612346918
0.00375546730882352
0.0121196967678037
0.0178150492127484
0.0182675235083474
0.0127751847096544
0.00808824724465122
0.00142883285866254
-0.00106546899458693
0.00347046035005436
0.00328556048066057
0.00306875369227854
0.0134897300851807
0.00684870964045107
0.00819431310767963
-0.00158219913249883
-0.00216191974336817
0.00648929107603404
0.00848780525210128
0.00222664815052089
0.00531814139996376
0.0118017301486836
0.0121266966894765
0.0084114913676063
0.00102989792295181
-0.00436247801840197
0.0122847935474523
-0.0111374813016126
-0.00909068992623506
0.00541151123725773
0.00818366848295434
0.00942025607816294
0.00979426479602985
0.00513646862427349
-0.00137145144222521
-0.00262319076142171
-0.0019165136519176
-0.00309673366450991
-0.00126902174097117
0.00057672761968448
0.00207431668072777
-0.000245324334635001
-0.00253069413178488
-0.00120186670385555
-0.00116509796579578
-0.00310313897748562
-0.00295010783647644
-0.000374329776738188
-0.000756249047435988
-0.00109288054613253
-1.62989958248662e-05
0.000863804223605581
-0.00243263223159636
0.000490843428011994
0.00258399644202454
0.000898870979015171
-0.00368484295963957
-0.00296758710687404
0.00627002354636899
0.00418496055735892
0.00114024139007188
0.00337519693258416
0.00213071694377849
0.00524391409293284
0.00542689688574151
-0.00990989650825637
-0.0209478900596374
0.0111678747725198
0.00267930676327518
-0.0108907375191312
0.00742436927264096
0.0112594573196327
0.00332154852333481
-0.0054536111706261
-0.0165763187593676
-0.00338700713483148
0.010813330041017
0.0114778788478066
0.0208715390578146
0.0194168531474345
0.0119311028899126
0.000289881976388975
-0.00896103894975109
-0.00248835116418279
-0.000822001063139072
-0.00915213990938373
-0.00405351697148416
0.000925916148319211
0.00966689070872875
0.00681657117822829
0.000300455540861992
-0.00749072245667969
0.0121464323142743
0.016076829177757
0.0143310218905432
0.0126436731634585
0.00961695007972365
0.00406230861341871
0.00401309490742285
0.00649355385350462
0.00572705805229777
0.0079662109290734
0.0141007584388197
0.0155413655535339
0.0130366142582073
0.0138126785332693
0.0121878750353192
0.00551737944481457
0.00586919329544447
0.0102434063194429
0.0156156348784531
0.0117547188227799
0.00811428894285099
0.00517657131929032
-0.00269382815187863
0.00126523901371164
0.0024635468458668
0.00218066779012704
-0.00266096296173794
-0.0034274133833074
-0.0122749053759008
-0.0091368451739972
-0.00695220298246708
-0.010370684448154
-0.00277931406450857
0.00335465735175191
-0.000131389606680022
-0.0016417979556024
-0.00227681453327371
-0.00667675091304727
-0.0143039200961728
-0.0139878131598613
-0.00639944782738278
-0.00473669765495561
-0.0024716562359323
0.00379094474118756
0.0060089359133911
-0.000926569473228967
0.0011467904746079
-0.00338522425458465
0.00187812122172676
0.0039603981212737
0.00362754496468428
0.00310798761696078
0.000776016232820576
-3.98243091720117e-05
0.00860863339566661
0.0100785333979606
0.00951794943131711
0.0036695602974101
0.0129168476390032
0.00629153362339438
0.000311876863943739
-0.0016651483246297
-0.00120967792599686
-0.00403721059662774
-0.00158105655195837
0.000848880388264543
0.00560979792304575
0.00122221675568072
0.00190516783353887
-0.000357577876504646
-0.000579204370159803
0.0083502014886792
0.00726403278540012
0.00488692217047456
-0.0101352952244823
-0.0106036192128159
-0.000496613014105959
0.00220639312715979
0.000977681747130497
-0.00306002319358085
0.000140599967460556
-0.00450126970159833
-0.00972462350318208
-0.00942461249130389
-0.0118128237707184
-0.0145132196310459
-0.0136583641038015
-0.0100742185136687
-0.00737233435150904
-0.00409348810430397
-0.00215352854915674
-0.00112608538118355
-0.00128011153373501
-0.00816523688130166
-0.0156358642111093
-0.0162046081518085
-0.0124658546396882
-0.012416926966205
-0.0149744936735689
-0.0208524082479925
-0.0228073911535975
-0.00616988714778222
0.00300069501486444
-0.00392509831740313
-0.00921054718478533
-0.0150510566180816
-0.00597345938399011
-0.00458756472929948
-0.00103006006398361
-0.00256478590683357
-0.0114098178485121
-0.0210497311307503
-0.0269652663162919
-0.0198205172753105
-0.0138063281367141
-0.00949714452096006
-0.00122254164892646
0.000108519131057713
-0.000304658477707381
0.00391129137581077
0.0117431917021871
0.00572225956006172
0.00759677109659107
-0.00680621285470392
-0.00514556893727889
-0.00677808384219216
-0.00809777763229365
-0.00445110380210965
-0.00242843197446794
-0.000303777519914812
0.00415056263944383
0.00923974287605376
-0.000716680331409705
-0.0208995641544168
-0.0261294171378881
-0.0205244912481681
-0.0306130957608158
-0.0205808795039048
0.00037570146553117
0.000679856989725079
-0.0115665797711014
-0.0144952649070592
-0.00686915278878178
-0.0167186693681966
-0.0201028014305278
-0.0192004193367038
-0.032396519351102
-0.0452654911918166
-0.0270105783821654
-0.0162121132162525
-0.0175918679562516
-0.0172983978195465
-0.0200509724764172
-0.0288240581014397
-0.0267138595455124
-0.0113106701947689
-0.00451601271731382
-0.00533006545893998
0.00218225168236749
0.00702404341357411
-0.00212987593578277
-0.00957435625864975
-0.00668486142658509
-0.00666732097669141
-0.01511926393262
-0.0127900358762202
-0.000999466908027815
0.00382329358002057
0.00712944687498118
0.0169771724916245
0.00588394936840909
-0.000870154874264088
-0.00580919134618219
-0.00773159664684851
-0.0155532635653952
-0.015286871737467
0.0058477224302603
0.00951303224073977
0.0132043282954182
0.0114415820275479
0.0148268337183882
0.00273412504287559
-0.00590251533482611
-0.0106185401636723
-0.00814759193496067
-0.0110788107162313
-0.0140598556324382
-0.0108665073653779
-0.0105344378522954
-0.0100730437514493
-0.00715115325646372
-0.00435197037225709
-0.00452060873135066
-0.00735544359126511
-0.00796549455853379
-0.00457946530467306
-0.00367859990744851
0.000834232518889354
-0.00428754337860615
0.00106497112722935
0.00135015999985298
-0.00063721256867642
-0.00461981563397292
0.00218304689631964
0.0017864964663071
0.00631020130166152
0.0124047526620498
0.00949135661888605
0.00472571261551753
0.00417282593318103
0.00102772195931228
-0.00410676565249866
-0.00299012318950792
-0.000782516581626385
0.000693362206367849
0.00205024340251427
0.00613483083145144
0.000537705819152579
0.000469751683172476
-0.00376367354699587
-0.00376262003827285
-0.00667699815064877
-0.0114239044029309
-0.0111219913234926
-0.0056964536556313
-0.00329697290943517
-0.00459687572559828
-0.0073940526050137
-0.0120015812611934
-0.0181299311837215
-0.0332849887433689
-0.020249351631105
-0.0248931910557273
-0.011724038212255
-0.00785503989284288
0.0043833197175321
0.00156783679124538
-0.00273744351047728
-0.00650109858467673
-0.00415018351959652
-0.00136359091748831
-0.00741592440561132
0.00879534063479499
-0.00113335812404865
-0.00299322001963972
-0.00127670999304137
-0.00342908933262617
-0.00153016998416931
-0.00286341162851507
-0.0023421194337445
0.00393520519952963
-0.00130857030341206
0.0011972808384877
0.00150057743072838
0.000708571591471135
0.00264662456577829
0.00154515188408662
8.44057090905341e-05
8.69484265043158e-05
-0.000505920108881438
-0.00882533541701503
-0.00050824129878052
0.00440011011490022
0.00257658363501951
0.000922673725380799
0.000984011895602437
0.000734551485611425
-0.00255617066039108
-0.00390604790492905
-0.00261134427117916
-0.00578788083339369
-0.00716429547211552
-0.00691633706491833
-0.00581025013798742
-0.00736393315568377
-0.00790162017679436
-0.00662776291208059
-0.00531387860941874
-0.000240616611979782
-0.00036255959303092
0.00203621370165234
0.00390130115740121
-0.0112165050689191
0.0030945993991313
0.00450418945012239
0.0129420800655334
0.0109956725269218
0.00548269071591478
-0.000617189722168854
-0.00541488212129908
-0.00555143429868155
-0.00283448849024781
-0.0042386252794444
-0.00697712896639161
-0.000870184552061485
0.00370215283133253
0.00308658445215896
0.00475210023268983
0.00755044817986604
0.00296598566559453
0.00062629426822059
0.00381358491352186
0.00338995776437402
0.00422946168008629
0.000722293977628717
-0.00348071509320435
-0.00364473419858288
-0.0194427241746331
-0.0181347274057793
-0.0139650593214606
0.00203211744830219
-0.00208945103498751
0.000989656602760449
0.00215505616820212
0.00759705646646494
0.0061312499781551
0.00343281865906997
0.0049067410673781
-3.3523042052867e-05
0.00132228986307915
0.000473318538789364
0.00502086888296844
0.000318759177095219
-0.00239249696353535
-0.00454221884383425
-0.00228231661609166
-0.00463120169339994
-0.00576654094791828
-0.00289770831505766
-0.000453870001514375
-0.000229980896472919
7.38583684891647e-05
-0.00160184381716264
-0.00496210849330345
-0.005478569915852
-0.00500578353922574
-0.00714799815720526
-0.0100683134558774
-0.00820614982781419
-0.00350665102996483
-0.00103317539220879
-0.00347697364750242
-0.00378608623933972
0.00504201813160948
-0.000664579112055633
0.00225363268092107
0.00319057913639801
-0.000463330297513961
-0.00356736783774996
-0.00716654283269559
-0.00302185787688741
0.0025493218569032
0.000909345973405462
0.000723183557686563
-0.00163510514348162
-0.00483900396697842
-0.0059691168307826
-0.0078418104778386
-0.00769320648327577
-0.00477213769058047
-0.00310905597663595
-0.00115601850839715
-0.000773597751043583
-0.00103475551861779
-0.00149019816440587
-0.00192356013161667
-0.00378874411133989
-0.00496741332525409
-0.00345242461162154
-0.00244327563382617
-0.00284600604828616
-0.00132585927323094
0.000363514306160031
-0.00172654424422972
-0.0039908607714831
-0.00653595567493652
-0.0108102832981583
-0.0137927289836084
-0.0122966722462081
-0.00835542138224036
-0.00850003439662195
-0.00773835605700793
-0.00581630916693032
-0.000985719607934811
-0.00767487741338344
-0.00511056818290005
-0.0029990863056225
-0.00371540668056716
-0.00327170080162691
-6.01760622528601e-05
0.00126956226670753
0.000348096837852638
0.000325518703106151
0.000591541636753052
-0.0015420858368224
-0.00179244575115214
-0.00015427525469529
-0.000104839265094608
0.00156362097998462
0.00131118737864939
0.0013618933049522
0.00189171702298274
0.00296654721997196
0.00359609026367078
0.00330665310732435
0.00142813862672236
-0.000809712613189755
0.000275549757994471
-0.00154959007742572
0.000180338213218636
0.00249690964624214
0.00328677297221818
0.00187701794777215
0.00543586281522785
0.00463252530855404
0.00381566764879878
0.00317056857004541
0.00108586186977447
0.00176620249121471
0.00175809769137936
-0.00392150803428318
-0.000759400058724268
-0.000712743243885042
-0.00250186453032353
0.000765063972747845
0.00413970046871872
0.00337624783536081
0.00368323836086024
0.00772913129872244
0.00397577510807324
-0.00127208718245866
-0.00208546103912153
-0.00739158830815591
-0.0120712736597191
-0.00831499730610272
0.00055099133573979
0.00228045026218456
0.00751077579115567
0.0078265406283552
0.00625782970275892
-0.00421380075571872
-0.00836181484030433
-0.00513166430667941
-0.0125474603925237
-0.020579302865331
-0.00626556167884669
-0.00144998182221579
-0.00171932208673133
0.00373675142354406
0.00671785088021778
0.00625631030992483
0.000389607334576554
0.0028828843357955
-0.00918444101719862
-0.0128321969258993
-0.00255515851223859
0.00296240924878274
0.00147273659987887
0.00274053561889069
0.00499375873581085
0.00377303720619067
0.000461956312372784
-0.00536276278431116
-0.0074940977841902
-0.00513219855584032
-0.00202123379963966
0.00162040017480946
0.00527645241029057
0.00110515291117497
0.00471568285934773
0.00721492299230887
0.000745942674323199
-0.00581557088671513
-0.00361479874200803
-0.000710207000148989
-0.0049237952019245
-0.00773447878270457
-0.00532130221315847
-0.00315452918923925
-0.003139639768074
-0.00187909747043431
0.00308590989980774
0.00596388591963413
-0.000772864494545695
-0.00335890925018687
-0.00359557669003155
-0.0101756707187742
-0.0152346483195541
-0.0157740559208187
-0.0174273875609426
-0.0192906585758354
-0.0156546397431353
-0.00650575397370302
5.34235117075604e-05
-0.000529245067722695
0.00205658716308799
0.000356387840271071
-0.00306381867049362
-0.00564508193160583
-0.00500152329512908
-0.00752195164766453
-0.0018328254778638
0.00661558631861299
0.00743381396690188
0.00428578336227604
0.00455913086076088
0.004688494569869
-0.00061280170675358
0.00104545291158408
-0.000381706271284794
-0.00147636353757685
-0.006220952374435
0.00156073430900612
-0.0136636704491227
-0.00672577257025194
-0.0021873286408796
-0.00192745988013847
0.00537501772942446
0.00401755684478958
-0.000652370929035799
0.00239860710569488
0.00615756519287323
0.00395774518248671
0.00556217496849964
0.00839837541288522
0.00766702398509041
0.00281729540778778
0.00151677186664218
-0.000347591044435114
-0.00120635721871458
0.00073744477433339
0.00315882171835145
0.0014834891878012
7.54137225397156e-05
0.000983303139786852
0.000530710792170405
-0.00129284577664076
0.00106488095903415
-0.000795985418996888
-0.00311923998372092
0.000908695049379716
0.00187413336960294
0.00226996001781664
0.00226996001781673
0.00255269557772856
0.000761225621829088
0.00104459595489743
0.00146273891617115
0.00148519121959704
0.00197136427928009
0.00391210611875224
0.00380580272308398
0.00223789834783334
0.00183577676839526
0.00146149333165403
0.000456806062081165
0.000315985563081932
-0.00127923553541953
-0.00142955999939043
-0.000656076559910192
-0.00207130182001507
-0.00444788591603067
-0.00653861681849614
-0.00329024978281075
-0.00252189575502905
-0.00586213659486899
-0.00804153059304175
-0.00978263882603088
-0.00805383645890499
-0.00373918305558019
-0.000552195794644348
-0.00213690386632716
-0.00708446096006508
-0.00707262834891636
-0.0139750164178162
-0.013268296373458
-0.0140282994979005
-0.0136856648486467
-0.00573842750745668
0.000700126200776425
-0.00123127308178876
-0.00688065794022421
-0.00526668589937218
-0.00433203738014325
-0.00789220329747788
-0.00965877210723993
-0.0099512149211302
-0.00965428737874036
-0.00894706402622133
-0.00732069156989559
0.000577287356614642
0.00314359127485135
0.0017080948797088
0.0011336923965637
0.00188891191617942
0.00088338879230823
-0.00279648121916216
-0.00217597803820833
-0.00124629122886469
-0.00045207904229901
0.000326381029837047
0.00041623063598756
-0.00181565423367715
-0.00122399204897721
-8.31027705541183e-05
8.57576492057541e-05
-0.000377185632057711
-3.39165441659295e-05
0.000784297896085171
0.0010477262733771
0.000493638031152638
0.000989233065630012
-0.000464379061015099
-0.000819855121358832
0.000413789115382452
-0.000264650610855048
-0.000525170282626567
-0.000262800145295858
-0.000226386947898486
-0.000168176338704055
-8.58713090091259e-05
-0.00098766928485149
0.000891529166436189
-0.00136137030839871
-0.00258227949418328
-0.00215534969273575
-0.00310662543753414
-0.00277472991482795
0.000299453722296271
0.00113494260179237
-0.00107517960603018
-0.000155292580821388
-7.9217551914786e-05
-0.000555542399286618
-0.00197918451206675
-0.00404205860027692
-0.00407466140836824
-0.00210408501037672
-0.000650394551070138
-0.000100049812002662
-7.19245866341615e-05
9.89502388801007e-05
0.00133648553961874
0.00219329230842723
0.000583974217308277
0.00128262157386518
0.00165057677950161
0.00134577217741255
0.00162417307813314
0.0016907474682008
0.00117015742533445
0.000693264513514551
0.000682449576960114
0.000710220575159555
-0.00138290617787557
0.000338413870782437
-0.000462480576358606
-0.000439890143665306
-0.000682419001285166
-0.000882709296789417
-0.000633242596458377
-0.000385224425064724
-0.000140814904023798
-0.000259476341338422
-0.000165254794812343
0.000137843502061567
0.000177169703941194
2.35957911023493e-05
0.000155115104070652
6.49534334049734e-05
0.00152846777325676
0.00102841911843319
4.74268714906167e-05
-0.00092975251365832
-0.000733938278693498
-0.000453174931543611
-0.00216448768089263
-0.000736918558602388
-0.000986619901810804
-0.000860197932139533
3.81392520395368e-05
0.000561121753933649
2.98387623426391e-05
-0.000661665692001998
-0.0011134802118518
-0.0022655549874919
-0.00346541401482165
-0.00310059445602033
-0.00182148929597536
-0.0010942105344367
-0.000507610919854542
0.000397213756596962
0.000284094377272741
-0.000712400214024649
-0.00102648916385789
-0.0013634979669169
-0.00220589660795866
-0.00175462498216045
-0.00210416835851607
-0.00191231445405884
-0.00138797434486549
-0.000652836057828923
-0.000428820757770865
-0.000718840812156819
-0.000410673378503609
-0.000411493687304439
-0.000655864319468446
-0.000874674709768624
-0.000874028327992335
-0.00104121905489772
-0.00149163781865588
-0.00151798795102312
-0.00124912299805383
-0.00125256093367357
-0.00110541706209246
-0.000713878885746611
-0.000607414245230963
-0.00100174601922709
-0.00130312707854999
-0.00137048239591243
-0.00181016397531043
-0.0021269222863177
-0.00157894771113436
-0.00188991689012481
-0.00167587315897821
-0.001268347549111
-0.00207704247404679
-0.00361664981506696
-0.00289041341208373
-0.00540407524489204
-0.00574874035678972
-0.00568957218726392
-0.00487057665051571
-0.00405437245879545
-0.00405437245879545
