-0.906995874007659
-0.90699587400766
-0.910645159416857
-0.9216289744885
-0.903743787895789
-0.871472695202174
-0.84376327850437
-0.76803730145679
-0.720557957695287
-0.706435447002342
-0.718425138682275
-0.715757962890628
-0.739566375647752
-0.792501210203968
-0.814067836703437
-0.800511913524124
-0.789564822628329
-0.765310481001322
-0.665362797652941
-0.515522360306027
-0.443759829411091
-0.38201100159231
-0.317391295113015
-0.357486006688749
-0.380874611692419
-0.389405694271187
-0.332722769301036
-0.3355915366978
-0.331943733630478
-0.280898787209511
-0.246895415884999
-0.250392846029681
-0.222318924169759
-0.21305916210272
-0.25473892292689
-0.309705974443305
-0.305837802862216
-0.342759778353098
-0.39298947946309
-0.379173230417682
-0.285408172318576
-0.23915014286429
-0.233756430336953
-0.173161097093722
-0.138954397307712
-0.158674239645804
-0.138363993509946
-0.139878145718908
-0.159317324172919
-0.162446020444941
-0.191509358066762
-0.210906577684342
-0.256221406337425
-0.278157529550811
-0.233703256278999
-0.185235009154209
-0.18241477743321
-0.167137864032903
-0.149964052905405
-0.183487691228375
-0.231252249074193
-0.23606382250584
-0.241141317192624
-0.284879462216489
-0.297208064521747
-0.233181944713164
-0.159004437751204
-0.148229508572251
-0.0956225692322907
-0.0612958987612379
-0.131762908411745
-0.148317504903455
-0.16638987215697
-0.225722559355737
-0.267146466787553
-0.235175391837992
-0.156403007354706
-0.143496848883657
-0.161567454376457
-0.136385438787851
-0.138354474983355
-0.208305135449729
-0.242271936193595
-0.23295641819067
-0.259779634766338
-0.287785915894869
-0.236834922562496
-0.181731827466435
-0.159725749235605
-0.133918413899793
-0.115245836838631
-0.125014030421374
-0.170805535403251
-0.193896930739647
-0.197515156554236
-0.213392576775139
-0.158538622973347
-0.153801993375481
-0.121272825061637
-0.0833351634816067
-0.0654553966168927
-0.0807706842039652
-0.0945555443914017
-0.0876568479251499
-0.0809719943871015
-0.100165677575443
-0.0657226562276634
0.00146184708081872
-0.0110266584228497
-0.0292848906091896
-0.0134406382953834
-0.0200267402461904
-0.0551418231694025
-0.0538176810349399
-0.010934322215498
-0.00915013247802965
-0.0315472595961526
-0.000525284369761292
0.0397941519877918
0.0150685646993288
-0.0216690144910045
-0.0209842910638773
-0.0554850561204073
-0.057177015894411
-0.0535252530496165
-0.080960229023617
-0.062703128738867
-0.0514179542154334
-0.0370369055047695
-0.0228444973629123
0.000403684709803318
0.00935660214671557
-0.00599710436343851
0.00120134948353419
-0.00701243055318159
-0.0448369421545726
-0.0444179335003218
-0.00701108344113386
0.00346395330611426
0.00218198455727469
0.0237091962066233
0.0319851764167265
0.00914179069738825
-0.000974045960919621
-0.00193244621800437
-0.022233691294489
-0.0288628680321275
0.00661934763624145
0.0186893547434579
0.0135870868986735
-0.0190772514022716
0.013513640129623
-0.00480879204459753
-0.0808849177786906
-0.0483524431424833
-0.0562333503510856
-0.0336030095332627
-0.0320247625661346
-0.0346687047541872
-0.0477798751221218
-0.0681961507286823
-0.075000061423976
-0.0793805332655736
-0.0883535785986726
-0.054078690836714
-0.0576993206846948
-0.0492073082669035
-0.0683727682835082
-0.0689117534947608
-0.0459742844625387
-0.0311317759287557
-0.0373550254753541
-0.0321449064360128
-0.0199808169862858
-0.0282077058045122
-0.0433915471883383
-0.0518753634747634
-0.0547684958756226
-0.0595805098472149
-0.0547550943031912
-0.0375812187304338
-0.00731982297564347
0.00204445557186534
-0.000134419032848293
-0.016109798735264
-0.0377524865085612
-0.0548747363609169
-0.0725074146563591
-0.0761436183533243
-0.0499280508160052
-0.0350004079493446
-0.0286753443593729
-0.0101108300844326
0.00791392515715162
0.00575320939397961
-7.52469333216719e-05
-0.00965909433575802
-0.0230979190471875
-0.0783041979402602
-0.0809370405378743
-0.0612992843193542
-0.049568182776116
-0.0276411002676201
-0.00374874883884902
-0.0120782916177307
-0.0239174608234224
-0.0381121456094037
-0.0453433470436808
-0.0580247036388931
-0.0436376176734002
-0.0370745338987774
-0.021190311584087
-0.0299156192421221
-0.052281583822116
-0.0554722655345027
-0.061832070281402
-0.0866263380361254
-0.0848621475999062
-0.060145558842284
-0.0466873312199609
-0.0404770452985404
-0.0154544858497246
-0.0192897307649062
-0.0407849118333787
-0.0344307813456213
-0.0598671566703208
-0.0491507682447935
-0.0288901607478654
-0.0211582807436477
-0.0255946857389615
-0.0201199786972579
-0.00104854516024111
-0.00119984961970779
-0.00771291121988953
-0.0360319219987463
-0.0513506153566783
-0.0586881190974498
-0.0461438524066929
-0.0352432661603542
-0.0142568859994988
-0.00828868785227321
0.000284354694081685
0.00612832032582564
0.00245264063646582
-0.0128314361300224
-0.0188696648694754
-0.0150699532036344
-0.014654551730618
-0.0196210591774027
-0.0163870211324545
-0.0190880345839788
-0.00165574219474786
-0.000292962954261948
-0.000104961902421943
0.00527280168132947
0.0110551294059945
0.0251955111523436
0.00602324333507034
0.00202358847155573
-0.0108574833599529
-0.0131363054989556
-0.00790322404268865
-0.0108969882208408
-0.00894503697906731
-0.00151069424865619
-0.00588183589430455
-0.00870007473524874
-0.00810724683025425
-0.00261365860625771
-0.0130645860533543
-0.0146664896748947
-0.0138746996233829
-0.0139070106981719
-0.0153236687714687
-0.0126195226154151
-0.0038436617558769
-0.00691283545084881
-0.00355115558129826
0.00131135906733251
-0.0164452668264702
-0.0230956207779182
-0.0160583008658435
-0.0221141191521108
-0.0280187148861325
-0.026892295041487
-0.0247821130150935
-0.0295148119207727
-0.0330241566773845
-0.0418215902127088
-0.050637522565151
-0.0434892911628465
-0.0335018157034288
-0.0311070043322874
-0.0186618086541045
0.0023394801188404
-0.00906193552856824
-0.0122589731295152
-0.0142602488632724
-0.0223266602770492
-0.0333240811332756
-0.0510621920042528
-0.0603289063014302
-0.0728059134826389
-0.0523842224697842
-0.0520102330166447
-0.0323121793834291
-0.0112497050214927
-0.00879756626729612
-0.00886021492033252
0.00905126352171645
0.0135267714313677
-0.000419928998644035
-0.010858371042909
-0.0104989106896289
-0.0141905269443119
-0.00804340552819234
-0.00336290875914038
-0.00791820322197896
-0.0125441203254091
-0.0126201258882571
-0.00666107102510532
-0.00367932120999308
-0.00232470254431026
0.00336604927415735
0.0146392101411001
0.0215612601423575
0.0329446954967409
0.0563730229557716
0.0532950912774035
0.0364722600430744
0.0415804050146877
0.0233426998056618
0.00593127089473519
0.0214844446437621
0.0316854355257529
0.0164920876655292
0.0276563694557473
0.0398553471438957
0.0312145253904417
0.0197670947656213
0.0126111036791636
0.00424615247652002
0.00368618575838826
-0.0274295518195091
0.0066160941112955
0.0319012095450747
0.0258586334336829
0.0109122155749629
0.00245228330663465
0.00174072900706257
-0.00880848805881652
-0.0168818542116116
-0.00230427965222936
0.00482907750313457
0.0022050686405869
0.00254220914187239
-0.0061914700011805
-0.0217878763185779
-0.0371368971025647
-0.0362911551674078
-0.0231785627212994
-0.0153252326851353
-0.00810827314666112
-0.00627793298372002
-0.00335726850942504
-0.0118245099305019
-0.0294314706100153
-0.0145275196592686
-0.0132913821002226
0.00978552943895777
0.00435156055725362
-0.00695815008416953
0.0162870073549374
0.00517749963800177
-0.0286463231752854
-0.0255255673439086
-0.0263466695239026
-0.0123640003163434
-0.000763186014185149
0.00995032744892476
0.0406883986211715
0.03112512394281
0.0322256366105005
0.0176598700190596
-0.00585695345768122
-0.00838921509329954
-0.0011782093781145
-0.000687871700877434
0.00900688033832535
0.0342833355880967
0.0546603100431608
0.0283598919560697
0.0228724686297639
0.0212871251365254
-0.000472640213938003
-0.0193128340156358
-0.0160539195388627
-0.00893113756837618
-0.00849979840976602
-0.00618036118137379
-0.0107237686644526
-0.0182153621462333
-0.0157236160992289
-0.00730571023510246
0.00261586384280787
-0.0085396285396152
-0.0061863835495057
-0.0197060029016514
-0.0255339104694277
-0.013337670882523
-0.0171667928385132
-0.0160452145878428
-0.00452676275665686
-0.00724315424992099
-0.0129552574455166
-0.0158901347382385
-0.0115184883643727
-0.00592771459511363
-0.0124026900971843
-0.0102816332223571
-0.00481452854428336
-0.00672555212373119
-0.0103907128835005
-0.00837294895227177
-0.010142626242133
0.0013362057065096
-0.000465496686403166
0.00585616471814169
0.0143905025721412
-0.0176490117778082
-0.0167065916473243
-0.00609821370970725
-0.00533508339647254
0.00286801661799871
0.00067629904153431
0.00140498940644848
0.00371797389153433
-0.00230897762344243
0.0147260920772423
-0.00966877385106513
-0.00300638996504356
0.00115340866404782
0.00375175625121962
-0.000759533596018431
-0.00158643272204078
-0.000340121150596126
-0.00100532517650805
0.00200509310626655
0.00478430217947857
0.0037942622526313
0.00185856179380536
0.000687390448432569
-0.00120134270888214
-0.0161387295703515
-0.00128161056593505
-0.00767959935862181
-0.00630200872182346
0.00111064295111886
0.00807884800495756
0.00938958838316888
0.00494929283249535
0.00624115442492093
0.00204412384005566
0.00126857609652882
0.00163471947477734
-0.00234664774026396
0.000494540892152073
0.00429021008591619
0.0296501046201618
0.0212318539562264
0.0147101964369751
0.0135606033708483
0.0104615678297026
0.00180891674364689
0.00239930558541229
0.0114038764718136
0.0127254868211569
0.0118965542008748
0.0171006531989227
0.0203564144702871
0.0110020841117717
0.00730589479069799
0.00474816417650791
0.00102104735413863
0.00130919895702839
0.00696019511941828
0.0144026211993124
0.013343376335397
0.0170937692605444
0.0160436041511717
0.0221595871047773
0.0226648390045678
0.0174122608576556
0.00369897429368521
0.00879272678293863
0.0463191163161915
0.0141602430432044
-0.0043080988172345
0.000652121786211766
-0.0040427614088313
-0.00342414919976036
0.00600799638851125
0.016619564959751
0.0148002559003285
0.0287708983814282
0.0131849873130007
0.0125758944278275
0.00701925635047465
0.00463100963096243
0.00285898039499453
-0.00112846874197468
-0.00120210553937034
0.00320557522685654
0.0048431935829245
0.00431784237114137
0.00711076047738154
0.0249903326282678
0.01081822287964
0.0065005319517441
0.00683968087753995
0.00106043477483642
0.0027512881289571
-0.00444005533649714
-0.0108173242973332
0.00562598272224432
0.00480875441012967
0.00717148822048267
0.0121133397938855
-0.00264225758678945
-0.000964305771842538
0.0105567744167915
-0.00584183412472666
-0.00334808201837851
-0.00367102574994677
-0.00756115973586808
-0.0196796015883472
-0.000903012372682011
0.00271727826042802
-0.0018796484633098
-0.00272150514462458
0.00608684816266598
0.00673769721866851
0.000507299632897831
-0.00234815388435824
-0.00176863877948129
-0.0017586776988175
-0.00666246308894653
0.000114894371836593
0.00162107337763098
0.0020257915088597
-0.0058855744770536
-0.00184041709736518
-0.000684954299495818
3.76547691097835e-06
-0.000649071945968775
-0.00751053333779048
-0.0142392659605267
-0.0144200310239642
-0.012339725426548
-0.0143160627326303
-0.00300838347209275
0.000322709736140848
0.000679123453918619
0.00510389177773494
0.00963124931711139
-0.00832127442824441
-0.0266132147759346
-0.00909433790779317
0.00120075386850279
0.00118719546828624
0.000975689129092926
-0.00241864343418145
0.00245148595120435
-6.38620037618234e-05
0.0060388549140889
0.0046821684948496
0.00870329008836139
0.00968114611309688
0.00327521651772361
0.000554365637968071
0.000496556984742269
0.00404304944650163
0.0059345753195235
0.00452150478966011
-0.00458639186849042
-0.0133818730540144
-0.0109140218875759
0.0034995423806102
0.000925150699933012
-0.000756769918643783
0.00516229422593013
0.00860553487008564
-0.000531888194726077
-0.0129087890011944
-0.00575545715715998
-0.0152236020894597
-0.0289638090190382
-0.0253249480598301
-0.0169890499561859
-0.00705783843723599
-0.00862563956355838
0.00618469133919979
0.00488457288771194
-0.00383278602316092
-0.00948355955805436
-0.0174239945288992
-0.0209198020641196
-0.0172273942472298
-0.0173960287155302
-0.0125488205923054
0.00225109033172954
0.00650484005907918
-0.00695300320287201
-0.00656430483736128
-0.0115256532926354
-0.0088136420068871
-0.00773247615520424
-0.0146033252104678
-0.0128058973445673
-0.00529175457663956
0.0010590869534963
-0.000818503718314533
-0.000964878248099729
-0.00314561648277963
0.00750144448732315
-0.00794236450778585
0.000240384371079008
0.00304208111706625
-0.00164143148548649
-0.00134097474708766
0.00287696136158755
-0.011497188051795
-0.0256819868367217
-0.0255019412973561
-0.027601605122201
-0.0258093185149943
-0.014241214792245
-0.00523069534166798
-0.0029570824111612
-0.00743915569903429
-0.00274590276821515
-0.00765244852310798
-0.011801475144718
-0.00294998243098958
-0.00908347827668273
-0.0039926551691164
0.00156598329176415
0.00582328042716883
-0.00144141430404335
0.00596577220622161
0.00352757696447627
0.00294257314767437
0.00540061033312726
0.00521496210883158
0.00665710342520939
0.0068972585721301
0.00264554473364763
-0.00194277892053152
0.000427212301178648
-0.000953837453705935
-0.00089836084766526
0.000445149329708391
0.00136607709608386
0.0054322614618977
0.00492397205784565
0.00621571755614557
0.00393071124232273
0.00465958612194255
-0.0043597014658703
-0.0125543715245393
-0.0269098543755728
-0.0282659610923957
-0.0261904480809816
-0.0255888231697944
-0.0183996800291306
-0.00761022550937245
-0.00417394789951526
-0.00273533133180822
-0.013023145213888
-0.0119340995892447
-0.0080415480726285
-0.00811524095280042
-0.00721833335701902
-0.0134759980696226
-0.0114271062676397
-0.00900529970683713
-0.0034034594877885
-0.00258102363703735
-0.0026873767947277
-0.00187510848773174
-0.0132754822105904
-0.00491483233114097
0.00208107836793593
0.00176145296545138
-0.000750012068336489
0.00133522322926972
0.00117100346243588
0.00142609719781296
-0.00135054304295565
-0.00163549844270882
0.000218353796093351
0.00155378583666498
0.00165356109776284
0.00403774152560126
0.00483631990110555
-0.00123949450381276
-0.00292208357014454
-0.000490774279272409
-0.00347283132577711
-0.00498590577635872
-0.0017840198750303
0.0012083486658396
-0.0017241511793274
0.00027541816117404
-0.000662013901990948
-0.00197277835577975
0.00102858855270596
0.000924797569067212
0.00455780371390522
0.0019099869614731
0.00117323362727429
0.00232841564739766
-0.00465489221604739
-0.0040532454708289
-0.000817787404061006
0.000251956323958966
0.00359610229972703
0.00276119162263579
0.000379640931185419
-0.0016299977368971
-0.0018960940192753
-0.000565961613064641
-0.00100154479596775
-0.00322570957807684
-0.00179203089371045
0.000884319004293888
0.000275499824710005
0.00129103588062307
0.00382197950937247
0.00253126615096815
-0.00104737891222224
-0.000403817457668598
-0.00343243467272889
-0.00825260884148402
-0.0153296249133911
-0.0124481004996315
-0.0106934513236285
-0.00700250044209085
-0.00370366500561543
-0.00211278463380606
-0.00890575713062693
-0.0126533570437604
-0.00581866902142684
-0.00561796289799426
-0.000485666225946604
-0.00244027863170013
-0.00299807722519067
-0.0139816077844681
-0.0259589632058569
-0.011935788422306
-0.00763895388496959
-0.0155659673655649
-0.0160083169397492
-0.00533385547126292
-0.00116391723763068
0.0123436234569647
0.013594137766754
0.00928325237861297
0.0175382383418483
0.00797273773008244
-0.00271649360087912
-0.00151693307245659
-0.000841528203928066
-0.00242220742685057
0.00353551735522315
0.0128857587819021
0.018906539214343
0.00435329201311131
0.00199593734212869
0.00401484719188914
-0.00415560281025049
0.00142053771143981
0.00620778148373429
0.0038289419479373
0.00405006568359096
-0.00980710510860505
-0.0166941791804316
-0.011312584556892
-0.00930741350429212
-0.00674368498651575
0.00283697234783074
0.00675680369021934
-0.00186572448507719
-0.0121095087682111
-0.00954267923939347
-0.005861394858517
-0.0137772777682091
-0.00894769796725116
-0.00783415906024045
-0.00523284173718247
-0.00422318682620105
0.00202258552014382
0.00718005546875988
0.0123622378426954
0.0123816086560536
0.0103320999250126
0.00896562051544938
0.007186433915398
-2.56091341998858e-05
-0.000979298341818906
0.00846188023761841
0.0119270526842207
0.00557777360600557
0.00489460813542267
0.00585906881324315
-0.0030658167076313
-0.0100195173610426
-0.00397657628749185
-0.000505574375783248
-0.00463486005186494
0.00041902948394359
0.0103010517683766
0.00314000359301604
-0.0031284837856254
0.00869135636036871
0.000353680312019901
-0.00728465154128721
-0.00710792905318347
-0.00146951222011301
-0.000583355485096868
-0.000468981444499371
-0.00583153886889198
-0.00448902388808882
-0.00513170651842902
-0.0123021644199613
-0.0134025714367776
-0.013827478942619
-0.0209030553140266
-0.0257295580487739
-0.00453845265898847
-0.016812033948244
-0.0229571904635349
-0.00877367529825202
-0.00235216197032068
-0.000202820852454938
-0.000640436718197223
-0.000741690502781885
-0.003601550491514
-0.0118306813110989
-0.0157601590517042
-0.014595592817481
-0.0167080198834726
-0.0162600278272632
-0.00985739789033311
-0.00410691565797978
-0.00137061437203017
0.000522818666836892
0.00438856356576614
0.00201255119935105
-0.00220687019171536
-0.000278669237646633
0.000435950490410573
-0.00188341230050799
-0.0117139474268736
-0.00209013159035598
-0.0122907802339244
-0.00546183140978995
-0.00345460248627792
-0.00228416792443372
-0.00307282673572169
-0.00130719820915934
-0.00189179566614566
-0.00207441643745906
-0.00455549911462577
-0.00390107307325386
-0.00357610656961656
-0.00484591508096947
-0.00143417327680312
-0.00215976895460887
-0.00155480292609106
-0.00150106029527331
-0.0011429823005256
-0.000821763871885718
-0.00147525208129079
-0.00205198584695328
-0.00237559925550476
-0.00445680185420165
-0.000520858073727368
-0.000223232683662687
-0.000400924718153034
-0.00159483102440651
-0.00225526831154041
-0.000904112568092
-0.000269073624106257
0.000927671616816559
0.00160395515483637
-0.00179908663024772
0.000446818126400664
0.0035320456838202
-0.00060099768398511
-0.00049301631760305
-0.00218692719740131
-0.00212151536832318
-0.00113209220294693
-0.00225486748569936
0.0014842341888614
0.00253325950958351
0.000255493613622165
-0.00499011298346226
-0.00578756446978146
-0.006459717811377
-0.00894473587500969
-0.00743830165816752
-0.00343409000147644
-0.00289240902417855
-0.00332571000499583
-0.00195184331911801
-0.00160086965668088
-0.00362020252266977
-0.0047196284755137
-0.00392504434233302
-0.00676731438812856
-0.00300725138156843
-0.000924112309083102
-0.000805073761870122
-0.00188568462763385
0.00158473196166464
0.000590347924897996
0.000613182404701925
-0.00071595022764834
-0.000237892528874836
-0.00158043711018421
-0.000273433508965348
-0.000775745806347038
-0.00044973035052256
0.000187318054846292
0.0010668706837491
0.00161566734682344
0.00150619420102076
0.00241826488377216
0.00100372775882359
-0.000922656890021544
-0.000850207811106412
-0.000743656475321178
-0.00122985640752797
-0.000875436886794531
0.000542304935004696
0.000898783683332301
-0.000163437191831725
-0.000304091707465753
-0.000796863961897499
-0.000208701009639121
0.000968236192372629
0.00152978383250449
-0.00334716014068335
-0.00589699760368796
-0.00519497190920795
-0.00245036108461698
-0.002697564064235
-0.000900771733833225
-5.27522467868179e-05
0.000555315535007388
0.000104897409668143
0.000781983045422735
-0.000936755543852582
-0.00543434446439546
-0.00791247783216548
-0.00706914334114775
-0.0104527718604357
-0.00757267613077184
-0.00214768161772349
0.000156204303673679
0.00038887397461276
0.000513100736097213
0.00110781067312035
0.0010032329571861
7.53258425663665e-05
-0.000330005529733271
-0.00111331112264483
-0.00115367569678759
-0.00042265492770066
-0.00188285961685644
-0.00110663930327566
-0.00102171239760741
-0.00287164431441628
-0.0042455681168541
-0.00991943581967546
-0.0119537553029682
-0.00987861347637353
-0.0107365572868869
-0.00604981464233565
-0.00302870550712616
-0.000109932058221326
-0.000229151773969555
-0.00213232617320039
-0.00433559327052275
-0.0054347210432037
-0.00142708726770912
0.00505697188961591
0.00132793597997246
0.00286550972127118
0.0049349083772339
0.00126752493370953
-0.00213496681844372
-0.00154918502388704
-0.000824965804783878
-0.00047655998607852
-0.00118655567045964
0.000446083710793586
0.00178853468588024
0.00295546829377736
-0.000282099098436107
-0.000783026599720576
-0.000796337066453955
6.38869490080814e-05
-0.000420453900621957
-0.00116369261303459
-0.000243149274856712
0.00105192256012114
-0.00185694317733738
-0.00378612310726073
-0.00377979844454799
-0.00492457017623849
-0.00590384179992678
-0.0057024463959599
-0.00514007417162386
-0.00406964116563844
-0.00164024589920539
0.000148584911965604
0.000363735050992132
-0.00217210030837168
-0.00417997380017777
-0.00520232460137156
-0.0068717338194657
-0.00846843325761998
-0.00785800080612708
-0.00575565879573267
-0.00520805348278057
-0.00387133835691647
-0.00233065569221358
-0.000634468084846581
-0.000924233082966699
-0.00146783530312966
-0.00256567126661261
-0.00210766996041528
-0.00262274265593297
-0.00330499011221614
-0.00254164676541242
-0.00156246174809231
-0.00145286368778121
