-0.963337240856746
-0.908053242871385
-0.6833828959827
-0.77453034981783
-0.815889888592289
-0.609087772616872
-0.282929425954813
-0.284296262325407
-0.221591551256724
-0.0301572966476591
0.00741845658170446
-0.0498325667206434
-0.093607204334548
-0.0363498453293015
0.0469109295854742
-0.0397969421990928
-0.0607734292979139
-0.00733542004376836
0.00134801314730469
0.0273860671098704
-0.0232179054062214
-0.00288210276805731
-0.010942363960596
0.0297597726235897
0.0176364787326932
-0.0142468054417516
-0.00203075428495913
-0.00133920635164407
-0.00273337447465336
-0.0563852564124835
-0.0123900283284103
0.0123500270394525
-0.0334419479813135
-0.0094583832696815
-0.0415023913344388
-0.0147251375762442
0.00458765365981737
-0.00621163173185116
-0.00270278714437402
-0.0122054635728967
-0.00355281193322845
0.00688148479032427
0.00520417572750483
-0.00238788379316663
-0.00709576443702288
-0.00258192666289909
-0.0227176713306847
-0.02085974050982
-0.00835192205043642
-0.00448192047326523
-0.039986127597706
-0.0497310791520439
0.00549871647200942
-0.000712490925205071
0.00518117299540767
-0.00217103859609521
-0.0467388951621234
-0.0370248629363674
0.000395601536363651
0.00950940100231876
0.00495369770171538
0.00699828221951602
-0.0171604783656962
-0.00841285544680164
0.0101929014772487
0.00092519614397585
-0.000145943888669024
-0.0087298375992096
-0.0203273557894912
-0.0124230867599196
-0.015345591873559
-0.0076884856190462
0.00689353061178988
0.00365466503631392
-0.00497125695322897
-0.00541536881423492
-0.00304161002746461
-0.0123678594879562
0.00575245311302263
-0.00979397821705897
-0.026395847242236
-0.00698042999331976
0.000453034358080672
-0.00392352007727775
0.00222102808747924
0.00931266605490583
-0.00146293215333242
0.0143610871937671
-0.00458317660342526
-0.00946576554797516
-1.43837632814461e-05
0.00460401670755398
-0.00133955173500883
-0.0147033076930272
-0.00983411914728253
-0.0225417936536642
-0.000136611265083109
-0.00793036004936637
-0.0144527735602815
-0.00879403727899996
0.000322806956071276
-0.009180004617204
-0.0206114954003459
-0.00903421092374166
-0.0129167851880434
4.51490429784096e-05
-0.0126751445434745
-0.0189602089271644
-0.0246478631876735
-0.00807219743900256
-0.0098409000843897
-0.00148518873871612
-0.00576200842009528
-0.00577817997191539
-0.0177453209821511
-0.0103828291881387
-0.00857730988492443
-0.0170023594948349
-0.0107129479075949
-0.0196558618376055
-0.0039271153569074
-0.00191479978652419
-0.0221134696333856
-0.00745356671665885
-0.00696792219953328
-0.0123753548560645
-0.0122134112714001
-0.00057785232518094
-0.00880472964300839
-0.0106864369063621
-0.0140592562293343
-0.0149280750648413
