-0.997163820559181
-0.852471155916448
-0.43882467108494
-0.537007771952995
-0.507067331604693
-0.26134786738178
-0.174826415008108
-0.180555127022607
-0.262750331053046
-0.267409758536686
-0.168425003336295
-0.136620057355581
-0.142860276354989
-0.111261682961259
-0.0115269610858277
-0.129112871481582
-0.139670825131935
-0.0576182709538485
-0.0654677439862082
-0.0476659071140212
-0.048812032549404
-0.0192407336811569
-0.0250578961464808
-0.0159339934425736
-0.0157353902777765
-0.0174417780705375
0.00691286079911656
-0.0071837514749808
-0.0425811519690997
-0.00970929442818136
-0.0163790712967088
-0.00818712365777436
-0.0252449011021934
-0.00108819650971866
-0.000412054084097751
0.00295536012220278
-0.00848479525140788
0.0105984245471056
-0.0108661050838996
-0.0178310332384114
0.00529372702943075
-0.00484862298337918
-0.0447346087644503
-0.012943364378811
0.00570663709422307
0.0156884444963879
-0.00218504917976333
-0.00609478303401317
0.00948320120815257
0.0220738230728117
-0.00138306398121709
-0.034133342027876
-0.00259288383993486
0.014269596359353
-0.0215639054228899
0.00938805397629328
-0.00751034662256854
-0.0506746904644601
-0.0140740377930474
0.00210985042869873
-0.00989485094537344
-0.0106534734967251
-0.0104064755617059
-0.0222666490715979
-0.00372457237226206
0.00621157434203548
0.00569596491700134
-0.000764238302930224
-0.00168855340333513
-0.00527426527860037
-0.00894516936349722
0.00487363871742416
0.000483774051268017
-0.0139477755058811
0.0124534767557867
-0.000102474453210737
0.0145752927054347
-0.00924275570145968
0.0131718675074106
0.00445739911111648
-0.00986704847334732
-0.0167794796550827
-0.00254119382924047
-0.0187928389041326
-0.0028978752190522
-0.0060010060949547
0.00204647064650993
0.00391742052144108
0.001467076691747
0.000738132956732186
-0.00500997653395656
-0.00402217943011047
-0.00239602758971077
-0.0272821176905857
-0.0225197012773201
-0.0239328419016371
-0.00856637772135657
-0.0135761203203355
-0.00639979428147415
0.00637206239971419
0.00372773622358148
-0.00298258039857317
0.00266047347817744
0.000645694220758372
-0.000218799260714585
0.00801813742839248
0.014442203821763
0.001253274564159
-0.0025036309987686
-0.0243170611285423
0.00238710087788636
-0.00385532869164092
-0.0221786343068869
-0.0248388892372543
-0.0191735996002542
-0.00569031974262114
-0.00910625394063414
0.00442565154295482
0.00168584969384701
-0.000183947325147135
-0.00157264951947585
-0.00502923399151354
-7.3134395813519e-06
-0.0101815915796095
-0.0175227406075931
-0.00620771643810605
-0.00228076816215219
-0.00050433405066516
-0.00205913086333524
-0.00524622761487191
-0.000523554365432797
-0.000710781644348465
