-1.00772496060636
-0.661208842891139
-0.378405286103636
-0.729065489188559
-0.667497724263527
-0.513643378729466
-0.224749226418846
-0.177865825461048
-0.0915402120719203
-0.033451010903521
-0.0822029684293023
-0.0367565150081703
-0.083400363603346
-0.152882153638192
-0.064566453116145
-0.0205591035572925
-0.0345405188781684
-0.0214368363899194
-0.040196240941233
-0.0180600122101979
0.00385179484170675
-0.0526951847377396
-0.00545663299070588
0.0515363967931051
0.0148868630066968
0.00170025837419965
-0.00470252997333801
0.00062045857656713
0.0139723979896252
0.00147135500451051
-0.00447101986476172
0.00795035447223618
0.000705826858359588
0.0140494811991273
0.0141843967871219
-0.00842378996091946
-0.0116403339225415
-0.00639712224726292
7.94288165974141e-05
-0.000179690488876546
-0.011665419482078
0.00476191394405768
-0.00435280983641203
0.00792031952248797
0.00227335333850045
-0.00393778697516063
-0.00700420496611812
-0.0225162529955907
-0.0115565265200008
0.000583096981409756
0.00899607128086625
0.00687571933070124
-0.00524008473057428
0.00598855232892825
-0.00176192614460922
-0.0047868855693629
-0.000557236176141098
-0.0271057478975379
0.00174664043325874
-0.000592711272559778
-0.0121670165786083
0.0066377731258605
0.00498936209575659
-0.000856568924694435
-0.0137605815103616
0.000112601292312194
-0.000426893854138452
-0.03025380016243
0.0131523565775323
0.0153845929364302
-0.00690993528423763
-0.024050540191621
-0.00924201109517932
0.00232377802702936
0.00104527684171033
0.00414117147788557
0.00795179217152781
-0.0428173304569247
-0.0399978534518509
-0.00506511899114722
-0.0114897075416338
-0.0214794622157496
-0.00425528614132965
-0.00429649430690387
-0.0400260763090548
-0.000650526279130543
-0.00765736699631207
-0.0464123979181497
-0.0116948302611113
-0.00677340520068647
0.00169309435087111
-0.00779189085835817
-0.0285724668750972
-0.0265198994570876
-0.0238850169266217
0.0109509724656762
-0.000872960784114392
-0.0279974180568101
-0.029584610001323
-0.0071215394734599
0.00701490134336828
0.00387528442160247
-0.00215309182222662
0.00192496600858623
-0.000517459590736564
-0.00168349968707956
-0.00148245218512338
0.00100528673297868
-0.00117588966225651
-0.00489791190432233
-0.0102876317269268
-0.0118237267651263
-0.015634547284557
-0.000539797044351102
-0.0016170273661536
0.00314621087518291
-0.000560209724915938
-0.000734646706834415
-0.0017005180887245
-0.00954892663644411
-0.00312883145531303
-0.00362863383635439
-0.00531280955960172
-0.00736976418204838
-0.00502685076793782
-0.0136522673642089
-0.0209870183189597
-0.000711864249233439
-0.00497544644511394
-0.00616031362873959
-0.00800418859323937
-0.00800418859323941
