-0.978433863522603
-0.978433863522604
-0.955556568655897
-0.823588721132241
-0.5166351803269
-0.525079880789699
-0.393790534682031
-0.0681691002641971
-0.11154941598826
-0.164329450654345
-0.159655486038315
-0.0746932026078773
-0.0573712883031739
-0.0186680921735699
0.0311753339025223
-0.029354301266219
-0.0591440331057758
-0.0571111927401329
-0.0497402354688342
0.00137555952677399
0.00971712744346181
0.0158757383076841
0.00685304723945583
0.00672286190236687
-0.0236035523181356
-0.0254958288466181
0.00156210538197131
0.00777408174750768
0.00886573647999737
0.00868767451484996
-0.0570692662882673
-0.024326715042048
-0.0195415071807754
-0.0893196188808067
-0.00682649772153722
0.00171058574678488
0.0369190847366527
0.00385517453570921
-0.00222508838253123
-0.00459057689736001
0.0129759112876213
-0.00640088222581758
0.0339155711417819
0.00394564192647745
-0.0219547690139903
0.0293449978778007
0.0189722070194608
0.00857652086343104
-0.0117765046010974
-0.0149456950386347
0.000410856364511459
0.00066676817693904
-0.0147023722761887
-0.0120318079311781
-0.0387345223783295
-0.00641605039957954
0.000542575602288268
-0.0259133508316534
-0.0459804552892375
-0.00277201065296232
-0.0532703901368176
-0.0709764102182563
0.0170079234140358
0.00119268088923434
-0.00601527881006977
0.00234102210773421
-0.00493203453350249
-0.0166789650548329
0.00139764714592091
0.00344248440055407
-0.00241814707370214
0.000941730016111248
0.00524432124431452
0.011830156253841
-0.0262860127845857
-0.0117706241045062
0.00306050650856942
-0.012508279524909
-0.000672291260506136
-0.00398145744887459
-0.0247046274717317
-0.0348434029829769
-0.0265749156030405
-0.00907703692425507
-0.0162746980534779
-0.0340782968329153
-0.00161111332006511
-0.00486626690049973
-0.00922528968858617
-0.00240964440439073
-0.0435396998951905
-0.0180808538864519
-0.020224994892996
-0.010341920623836
0.00503108061045541
-0.0488047223257091
-0.0154966281080408
0.00170055677930045
-0.00437860193974585
-0.031382357326694
-0.0273811951259211
-0.0115731485351455
-0.000325940839073412
-0.017293166894468
-0.00584863013544887
-0.00500488676622744
-0.00381427516881794
-0.0121689505275964
-0.00243521441779068
0.000466053410715063
-0.0104915371695496
-0.00598577326437649
-0.000755230495959241
-0.00392002788591278
0.00411296459976943
-0.00143655562859694
0.00298614168697533
-0.00110914493799952
-0.000914814913113137
0.00525241868655407
0.0031235815698641
0.000792901823986118
-0.00405865936910838
-0.000264014474465039
-0.0042015910837936
-0.00257107426352271
-0.00273162281355078
-0.00546733995165673
-0.000468021878683177
-0.00149487181152269
-0.000534912962116609
-0.00395663166093579
