-0.982611222355533
-0.724608703627183
-0.312675098054045
-0.247868502372242
-0.410862371058346
-0.367348814974156
-0.248161519231986
-0.161227482183226
-0.205275415684982
-0.25002979196133
-0.171753357032222
-0.215634249459623
-0.171881309430592
-0.0440565390249794
-0.14480622451727
-0.315979625030851
-0.239480157269035
-0.221627918542713
-0.0929522067936633
0.0394041681137916
-0.0412821398588645
-0.114896328658858
-0.0856425361565139
-0.0299866204470773
0.00934737698227152
-0.00779892739395211
0.0188969001566071
0.0140973471950911
-0.00903924312380365
0.0153408928412696
-0.0132960648435638
0.0198207044624855
0.00654624619821357
-0.0231549677428393
-0.0143015271056354
0.000906858275210465
0.0182693940480442
0.00417698641479579
0.0168098927210685
-0.0154074907699292
-0.0174123465705112
0.000382905303343201
-0.0297468796623719
0.00930016359725882
0.0120065132413611
-0.0233675881739584
-0.00565548656376523
-0.00838161724813936
0.00234319674777474
0.00124710706399217
0.00735752440151367
-0.000381570576968735
-0.00992128606332059
-0.00477152421293837
-0.000123777250709501
-0.000903174802025565
-0.0305750885009501
0.00822741105399243
-0.0180772153233396
-0.00438013706623343
-0.0269111727621873
-0.0221381682938259
-0.0219663093898252
0.00193405078637809
-0.0163250370457002
-0.0196377507501995
0.00357286729944241
-0.0469168712942677
-0.0125773316836225
-0.0117623380160512
0.0128318656757577
-0.0227655021419487
-0.021356785839048
-0.00860710104761323
-0.0312237117827564
-0.106569240805292
-0.0163391372343972
0.00547557258978758
-0.00875615537172724
0.00839937567293997
-0.0626890947475335
-0.0305710931944452
-0.0491391062149081
-0.0219824224684627
-0.0221141556239975
-0.0289303481249617
0.00358967435959853
-0.000982287610173795
-0.000541093309522145
-0.0227435319101834
-0.006379436932142
0.00259974674380779
-0.00362219791308062
-0.0020417050752169
0.00177038147567428
0.00376562198872368
-0.0438185822133261
-0.00703978159164309
-0.00441871172716476
-0.0174831990882254
-0.0167271988260499
-0.0049352063780647
-0.00882956294911252
-0.0147348496963346
-0.0109030143182433
-0.0193988297615171
-0.0181808304321548
-0.0367418293585626
-0.0501059216654215
-0.0270937629367297
0.000378336964027751
0.00761013716258046
-0.0118504782823404
0.00375843651451423
0.0040891658821293
-0.0143909238303903
-0.0163960121136662
-0.00462850001878532
-0.000952775691213888
-0.00101701400100114
-0.00409413203979037
-0.00150663890313551
-0.0118752449129122
-0.00777403295512256
-0.000208000536743204
-0.00279366748850397
-0.00268743291259721
-0.00584256726928461
-0.00899405243662295
-0.00497725629372391
-0.00335533388644957
-0.00283369934583346
