-0.975637370919694
-0.889309635250621
-0.622236529572721
-0.465658704149502
-0.384201679343445
-0.291708982737175
-0.233976523710446
-0.189134322201595
-0.153259099093585
-0.126656470241406
-0.109887625036302
-0.0944040332339635
-0.0722798081719811
-0.0615392978485883
-0.0595744816919264
-0.0490721484236455
-0.043016930337681
-0.0362094849510624
-0.0289496286055705
-0.0234937952533229
-0.0237123396303751
-0.0178503080403109
-0.014351816741928
-0.0153319126611042
-0.0153170720638064
-0.0109092910555122
-0.0122332212482257
-0.0115334475056616
-0.0103881067000179
-0.0105647098883512
-0.0096500740242819
-0.00876298190128458
-0.00859318355345011
-0.00710510298614092
-0.00670468922238347
-0.00774565198879817
-0.00731244116679247
-0.00658894706836459
-0.00600262213316113
-0.00582202237804566
-0.00762094264101725
-0.00669727801801599
-0.00637935444637517
-0.00747229403294259
-0.00803883877216938
-0.00775628284016913
-0.00752527528767362
-0.00804827543995598
-0.0058294160151658
-0.00731747816163981
-0.00752886007789187
-0.00749646910010919
-0.00444918822531333
-0.00752866244041242
-0.00656290355929362
-0.00672591759057731
-0.00788723667294616
-0.00781550820083667
-0.0065080911142389
-0.00559703346634455
-0.00839485212532549
-0.00640836255229332
-0.00586477313795371
-0.00513171755089725
-0.00461622707358212
-0.00377887557707784
-0.00612754245484337
-0.00693280502397518
-0.00641449077024147
-0.00463389104156181
-0.00612748984266005
-0.00652130879887789
-0.00709746393851252
-0.00594412080473762
-0.00554405426630905
-0.00615098489777963
-0.00501600514989782
-0.00607530639249923
-0.00674551072605918
-0.00689101335510023
-0.00597696290263738
-0.00637191987537158
-0.00797253648859842
-0.0062960315762677
-0.00586797718139671
-0.00547607901850629
-0.00511596004804612
-0.00647876934762636
-0.00739664162934231
-0.00604934771964234
-0.00555639924739506
-0.0059118162877306
-0.00532154417892595
-0.00580101424924166
-0.00651827112575679
-0.00560495868816523
-0.00532866585948133
-0.0064874097964849
-0.00664704932182743
-0.00666487220540907
-0.00647178449231297
-0.00518652288017304
-0.00606809212479955
-0.0061804087036982
-0.00658563333753895
-0.00593575842369028
-0.00668752122545247
-0.00648558716880668
-0.00659932146128249
-0.00667078747405369
-0.00609147033613821
-0.00566429455999543
-0.00562461237290826
-0.00656167639378472
-0.007212963238687
-0.0067752997016033
-0.00571891875138267
-0.00519460724515437
-0.00661253061507212
-0.00696140176491337
-0.00663731332807519
-0.00624704956004148
-0.00623810579344236
-0.00572585395351677
-0.00545381431032905
-0.00553137865758354
-0.00599874048934645
-0.00582771247592555
-0.00569488247495871
-0.00587264035939668
-0.00613399407719023
-0.00622585847615035
