-0.99945056315546
-0.97969256243185
-0.759420331122526
-0.431331641378471
-0.281725468000856
-0.169182610224854
-0.12120236244459
-0.22556552005486
-0.373404504169534
-0.433202010819418
-0.319221778770045
-0.201209943070822
-0.239001546488043
-0.126929004240328
-0.124062448960031
-0.0933387899783539
-0.00631791205753821
-0.0355497972448186
-0.128708542774776
-0.122210195125584
-0.125771082446421
-0.00182008740939028
0.00128534914316407
-0.0267633760417864
-0.08760696710441
-0.110893900402749
-0.0718124384259732
-0.0573772840622538
-0.0382983125255517
-0.00374604239456695
-0.0229904987287979
0.0162678105937727
-0.019071382291432
0.000604019110592909
0.00205203354505613
-0.0110532812187226
-0.00622828887847391
0.021003227576635
0.0272075904710054
-0.0497993291629178
-0.015126771641114
-0.000758849213393787
-0.00491737994335771
0.00419004756470821
-0.00571379320708636
0.00331887407369581
0.000622656386720584
-0.0144468288930572
-0.00368459317630993
-0.0129113836724589
0.000839013101678368
0.00986573293225525
-0.0229992580088663
0.00995382210445399
-0.000519147952518279
-0.0171897387015344
0.00483944835167735
0.00917316675445864
0.00312907775093229
0.0107927041726078
-0.0249415335331756
-0.0115151605965023
-0.00555755728699723
-0.0168360314032304
0.00378827447010503
0.00423652409115636
-0.00260825500740192
-0.000710134991093438
-0.003073381712353
-0.0120443709493297
-0.0132724428653473
-0.00464560927183165
0.00745466294993331
0.00257810473527188
0.000930178298984475
0.00927336417013411
0.00220557452367328
-0.00226806754406363
0.0121075298412253
-0.00283368339492383
0.000155069655552318
-0.00884966641967259
0.0032942570887952
0.000407469177802349
-0.000153172857040854
-0.0169064772308273
-0.0140020000095422
-0.0171264875138953
-0.00419018793548803
0.0261468818853118
0.00437221987572017
-0.0280860264718513
-0.0402853283457755
-0.0284774037134628
0.00115929528810561
-0.0202018636716168
-0.0256458527495722
-0.00190162642797733
-0.00680003783477766
0.00883714997845033
-0.00734393067894406
-0.00775517394273383
0.0129664377198191
0.000785150124259184
0.0177606405909914
-0.00467944332498033
-0.00232263169538578
0.0139462664674557
0.0109551364926815
-0.0105554021190445
0.0120760145616418
0.00847721926654771
-0.00068867523083816
-0.000481187765418353
0.0200826428241485
-0.000735603522459048
0.00187346272378711
0.0038184724271319
0.00166212913400548
-0.00584817736524274
-0.00300338821180407
0.00194351032960864
-0.012346492334864
-0.00584454195472759
-0.00295315540203269
-0.00220483304989674
-0.00212251864680523
-0.00194216635438086
0.000399138076301632
0.0103487140385729
0.00575812830404312
-0.000156649044642403
-0.0108643726268753
-0.00931361217965121
0.00233640741374321
0.00255107846379535
0.00653517696323594
0.00101744728051165
0.00181275429485624
0.00269794694937218
-0.0014159035339304
-0.00121514763207307
-0.00168974810468148
0.00476727672347315
-0.014134874536856
-0.0125291268660887
-0.0313303990877446
-0.0126802522573004
0.00158544715432393
-0.00144486054159422
-0.00153767954227612
0.000541032168733654
-0.00260194524164778
-0.0003765615215976
-0.00745445025904737
-0.00259809245372473
0.00123789694127152
-0.0168896245977087
-0.0123635981258039
-0.000371663085632786
-0.000505464318556202
-0.000711611197693191
0.00026167507738846
-0.000107396163676784
0.0001288310292513
-0.00422015453206123
-0.000144588489882378
-0.00822830440822221
-0.0189693845888003
-0.0104198128416818
-0.00557660262884522
-0.00196989454597822
-0.0019559507021923
