-1.00646470858423
-0.803968007874357
-0.384088282360627
-0.1232848693631
-0.0216111918296314
-0.146674646203593
-0.216998192324189
-0.291154178979799
-0.35423029536495
-0.218147439060428
-0.156047983999791
-0.103405995383681
-0.0830637844839929
-0.0130769395101069
0.00365983638646607
-0.0315146390102987
-0.0484494389092189
-0.0809029754682694
-0.0530988587545654
-0.0216131104002339
-0.00919709000450728
-0.035370490238722
-0.0567900902339732
-0.0437992192448506
0.000127707421229915
-0.0645167984774989
-0.0184122874777632
-0.025995127582275
-0.00952362815158239
-0.000227472403316622
-0.0311434472107018
-0.000957835235693995
0.006973211210051
-0.0191281259440095
-0.0266698813403749
0.0272011488820483
0.00620165985393544
0.0125813011173362
-0.011168554360176
-0.044164761141556
-0.0404465269444969
-0.00896430056197848
0.00253738012717279
0.00618723670020977
-0.00843437707090073
-0.0159053610168984
-0.022376493626105
-0.00820919528111536
-0.00101081040332342
-0.0100728886297515
-0.0028842993359051
-0.00856833757159171
-0.0152367716321837
0.00611515075118837
0.00331725715163415
0.0031509670939627
-0.00387150393103581
0.00584542226443189
-0.0103396288217115
-0.00736716172570265
0.0139017097619593
0.00742687882668658
0.00644329810214448
-0.0190522856846009
-0.00937846010216701
-0.0128884168632283
-0.00990334046454814
-0.00235354983555252
0.00106284679778958
-0.00650003716828792
0.00287529008341347
0.00474909175531228
0.00431047553852844
0.00863085532875651
-0.000101101059649818
-0.00102517300264461
0.00672529028030803
0.000346384212856141
-0.0146594177596059
-0.00117955996474355
-0.0122815811944441
-0.00665186506399919
-0.000331317042183016
-0.00536176235557214
-0.0192491569685694
-0.013814862517615
-0.00523866157413386
-0.00263989291353315
0.00224696088175999
-0.000135323154330643
-0.0178067822345643
-0.0306152684221867
-0.0299844112633189
-0.0113577880616012
0.00204328669757366
0.00211900403977915
-0.0024591004310873
-0.0115630800819851
-0.00912815062950386
0.00428609590749706
-0.0066647833535506
0.00586523736804789
-0.0136272406314653
-0.00518828773022942
0.00509994851667327
-0.00538506015516008
-0.011715773686578
-0.000568348551296184
0.00602425971925741
0.00072523858478906
-0.00485431467795547
-0.0114301622756172
-0.00735270480600433
-0.00292353381992592
7.79486809445764e-05
0.00304385995234509
0.00219443860315189
0.00158721580814493
-0.0118707600833928
-0.0117005265615318
-0.00923750496941217
-0.01450245410525
-0.00371417864534871
-0.00471486323123193
-0.0137019429073731
-0.0117264775095606
-0.00211381426108436
-0.0023680136625679
0.00113507359214671
0.00842877794305375
-0.00583351075269307
-0.00977900841999598
-0.0023576152607371
-0.000920707051053909
-0.00540894026485954
-0.00587112595591626
-0.00427736456563782
-0.000881456912892494
-0.00341751661277351
-0.00213405403968235
0.00157556591690459
-0.00982180641534274
-0.00385394716533738
-0.000147706311251551
0.00168217613369321
-0.00429003705217383
-0.00381575967627033
0.00428525847975352
-0.00507165174864931
-0.00371616667667842
0.00254174175569198
-0.000591374141561955
-0.011171401495967
-0.000667493304596507
-0.000313938443992281
0.000556805112778859
-0.00192016470825983
0.00176991700280996
0.000115464589285078
-0.00746431217925167
-0.000460902187389742
0.000450532835671486
0.0011973504496313
-0.00202366734138318
9.19076199996005e-05
-0.00032118612398135
-0.00385876778553594
-0.000641549781531142
0.000515028248663882
0.000146792185934875
-0.000601262539773624
-0.00175652905337254
-0.00182140035338932
