-0.979611643912222
-0.936910905371036
-0.576658119029895
-0.410276449158128
-0.355837255925581
-0.207951736181337
-0.102551543660121
-0.15733124171911
-0.109720462896193
-0.122199584201261
-0.21823840540454
-0.140425956909629
-0.113167266869545
-0.0989212525674136
-0.00978811719394446
-0.0248168610708171
-0.0550290477621422
-0.0936724070401549
-0.0703571196647326
-0.0744842597446652
-0.0557210232184002
-0.0768421919339376
-0.0025821715776418
-0.032641951168327
-0.00882104084089207
-0.0178422476127376
-0.0175266730536546
-0.0170603959126875
0.00155164352368828
-0.00444615766404767
-0.00338612190532206
0.00319317389891769
0.00397576805719118
-0.000787022372365413
-0.00177294544479914
-0.0200735707031084
-0.0127465553123572
0.0372280816553171
0.0146035104699054
-0.00767986438235095
-0.0161472139854245
-0.00317819676325621
0.0040563680171494
-0.000150535218737091
-0.0281997910519716
9.87161039217496e-05
0.00184003976899384
0.00609480223445393
0.0112317315183161
0.00217791372060053
-0.00948364206786927
0.00644393228542996
-0.00665127949291691
-0.0226683324512363
-0.0208841367120289
-0.0353596665650418
0.00145643938486226
0.00204476918639628
-0.00801194865150625
0.00975328376375017
0.0100459047243035
-0.00967684322927875
0.00319330635508296
-0.0400877332469096
0.0015439744113777
-0.0166210649298349
-0.000409534269239826
0.0137108616925459
0.00547114022990199
-0.0251018012399506
-0.00180104670052693
-0.0106442447539981
-0.00591791694067427
0.00567998854990919
-0.000838407109306183
-0.00713607716470052
-0.00826691795979637
-0.00134820713074793
-0.00405213001492106
0.00811691710702891
0.000664035820316603
-0.0111500315950685
0.00300920465922396
-0.0130237342143096
-0.00965900744894638
-0.0154122570537548
-0.00475472739649096
-0.0028396116309978
0.000421924336078493
0.000975046044447715
0.00514979546840645
0.0223277244118726
-0.00324447314905199
0.00702212983192067
-0.00684906088196315
-0.0122725251026549
0.00650421113386046
-0.00390645020651936
-0.00848963806174751
-0.0130621033101362
-0.0149390694613329
-0.0265478013057954
0.000431184358685329
0.00359602421004173
-0.00980184109869327
0.00304407861082014
-0.0158685970744646
-0.000812639934601549
0.000179845510382643
-0.00158499181612441
0.00225004735867719
0.000323020622419963
-0.0199131347693243
-0.00142261605306676
-0.0017770622734956
-0.0047366214272814
-0.00279684659024386
-0.00113433405877193
-0.00123777692303567
0.0024309191586467
0.000370487779037827
0.000485805816027657
-0.00174633407321861
-0.00316989997430858
-0.0130275270958945
-0.00972637833952808
-0.0184565552504102
-0.013238459431411
-0.0146708675021425
-0.00378679142579251
-0.0209879121951126
3.86209162749165e-05
0.00528421984087688
-0.000704557453903401
-0.00271512136273094
-0.0110873415969082
-0.0389871297751442
-0.0202439944985649
-0.00508463248853506
-0.0105160062330694
-0.00440881557120418
-0.0119720323199551
-0.0122511527702826
-0.00482409161321427
-0.00732860515213574
-0.0138470747357775
-0.00580538029482748
0.000727511848906974
0.000839631260414261
-0.00171172935672548
0.000233866704181604
-0.00886221436678286
-0.0115258893133169
-0.00324144209420773
-0.00627671496273066
-0.00198181703589301
0.00123558521818968
-0.00814695844865131
-5.11282441059416e-05
-0.0051752539435488
-0.00119654923740914
0.000710196811736821
-0.000441195734620452
-0.00822081019030767
-0.000409759956268441
-0.00113594577577024
-0.0027631289041764
-0.00542691791720004
-0.00246262361587589
-0.00526319038656289
-0.00838737684153797
-0.00707931090120576
-0.00533093139741066
