-0.976765698981895
-0.918678941759361
-0.671763397504908
-0.234022390957957
-0.011341377332787
-0.0630753951204542
-0.16075407279886
-0.304809064886043
-0.315736351931784
-0.229403721430593
-0.170258360342918
-0.0452328389059658
-0.0206299743733221
-0.0950672672003694
-0.0914801513552545
-0.068628276982746
-0.00460092023195556
-0.0282954677484864
-0.0036137935331275
-0.0123255346925337
-0.0552599504701273
-0.0110352867666874
-0.0305044512328202
-0.0379223939246377
-0.00374964566223778
0.00836818666397095
0.00349890820015466
0.00115254548551498
0.000880540147241062
-0.00467017751728157
-0.00429801863250498
-0.00377318286486758
0.0236972736223166
0.0067487500397132
0.0560247766812721
0.00306769051465262
-0.0318285662137485
-0.0235591219645004
-0.0397664768528479
0.0167188694392303
0.00174884688862446
0.00373872728827533
-0.00671590898964077
-0.0261466443559263
-0.00119046972701775
-0.00160404904015382
-0.000205580664242956
-0.000779486230072157
0.000268352091377766
-0.0148370192831311
-0.000120655041353224
0.0102972034414698
0.0211281396577741
-0.00720328300351708
-0.00458649406658402
-0.000632544062151304
-0.0102256817674852
-0.0239452933869735
0.00519030206280079
0.00364576461501799
-0.0271389353555922
-0.0140042555355036
-0.0226254038230033
-0.0212942981414397
-0.0202339015403433
0.0142677213844332
0.0169613735775268
-0.00520797616612952
0.00683877054520949
-0.0562165628570367
-0.018535012586193
-0.00880567648315729
-0.0112130649340607
-0.0187234593613683
-0.0105365087881618
-0.0229117634860568
-0.0158308223645321
-0.0190252388767916
-0.0096019357925476
-0.0151467060332638
-0.017133968659128
-0.046243119421775
0.00513159721132536
0.00106399377793152
6.45809306202682e-06
-0.00815920863465476
-0.0407364593303903
-0.00634958005982544
-0.0258694418697419
-0.0143008474230789
-0.00979078608427463
-0.00800174679167261
-0.00558118349542084
-0.0028818832783935
0.00101543742741926
-0.00713171557879328
-0.00609202735721034
0.00113609728395942
-1.92131080619627e-05
0.00406668465892894
-0.00210396913422333
-0.00852781745044381
-0.00626061958319293
-0.00984809858447023
-0.00631925736863873
0.00695662142112363
-0.0025985565096818
0.00227009824667897
-0.00156006294470623
0.000315685572444617
-0.0132847986763728
-0.017560843270054
-0.00354537427510304
0.00152314413329075
-0.00255358953517118
-0.000584508058583188
-0.0237462651527702
2.23792217187851e-05
-0.00824499788388979
-0.0137265621943015
-0.0305519168181917
-0.0134955675039635
-0.0133054445576954
0.00215834877033386
-0.00491918558974904
-0.000735954363877521
-0.013018208155313
0.000605812294408564
0.00023402563495651
-0.00467156581719057
0.000144308237283791
0.00875273780663096
-0.00698647631014062
-0.0193387618602253
-0.0160171310684079
0.00428225472631211
-0.0046534373076903
-0.00380274460042383
-0.00344356547533029
-0.00462601624647061
-0.0157021398440478
-0.000979814246742762
-0.00801724742303356
-0.00121095143478357
-0.00291025619771213
-0.0153973333999416
-0.00272107010382318
0.00146240559591257
-0.00171172703881868
-0.00245178861374414
0.000576750841694917
-0.00843616515033836
-0.00779000332073643
-0.0158280540986
-0.00345206813620878
-0.00198695984774913
-0.00241544780096201
-0.00810460829770239
-0.00995738154849645
-0.00755405730158558
-0.00292847607303543
-0.00211060257046617
-2.86830694375026e-05
0.000752760805612048
-0.00946062248535363
-0.00668948547838492
-0.00174646973656783
-0.00048524946437981
-0.000758671184769022
-0.000471467860801655
-4.80776636423587e-05
-0.00015524922488359
-0.00015524922488359
