-0.980996368965381
-0.979215082280761
-0.581335940636651
-0.120265632857454
-0.129145097842666
-0.192742627993678
-0.262317070737817
-0.245226401948081
-0.121344267190022
-0.102110503513127
-0.125608142343371
-0.126646741006956
-0.0898391794718774
-0.100895982277055
-0.122860259861805
-0.114451276922115
-0.0468728486041663
-0.0155773203832282
-0.000286885819578947
-0.0272660462371765
0.0111740389647019
-0.0207522993861519
-0.00301955853326927
0.0109314778591099
-0.0327989321905574
-0.0480633657100795
-0.0255816335226537
-0.000216676554310552
-0.00198465526857889
-0.00211396919431166
-0.000762973591234703
0.0100423074478558
-0.00512713577339502
-0.0231044462983324
-0.00873641082457699
-0.00119441194420379
-0.00416045628212789
0.0114328147716068
-0.00929063534784852
0.00919788791533925
-0.00961466285042831
-0.0149365911891062
-0.0090056571355228
0.00600766879105713
-0.0127667420503475
0.00144991825993966
0.0268664079247742
0.052265716601317
0.00212200829996172
-0.00215188183171118
-0.007607406671537
-0.00884346410638679
-0.0103934492135565
-0.0248110822011634
0.013908499742454
0.000903963357071198
0.0145289687813779
0.00121814346271885
0.00997032166663956
0.0120749283309572
-0.026740574897007
-0.0034457888567838
0.00558342128848016
-0.00562675708480683
-0.00920074136372705
-0.0048253722783567
-0.00457933788463041
-0.00931157063686879
0.00493114902038814
-0.0111664329444037
-0.019352930607136
-0.00515686164878369
-0.00835673845118845
-0.0181775552955537
-0.000383972821739906
-0.0454504721968676
-0.0333913124257535
-0.0160234659904826
0.0127977580692934
0.0256640211234334
-0.0147013853278296
-0.00763322198195075
-0.0015361771851103
0.00308488017823082
0.00565513030662547
0.0233726683386609
0.00733758406444425
0.00627754882383472
0.00503723456679696
0.0234422783899334
0.0144161509650098
0.00332420699973808
-0.0313049207985559
0.0037511516709757
-0.00110492957345153
0.000642736525014887
0.00175068872486546
0.00437331681316981
0.00222031847520806
0.00721366731630983
0.0130934919865687
-0.0170576309888608
-0.0191049016958872
0.000196926405234468
0.00199550755840377
-0.00326099069696093
-0.0200840402239698
-0.00221025058340062
-0.00300430953795063
0.000784473508745967
-0.00478968215984292
-0.0212066312325309
0.00634764367790136
0.00502057250882793
-0.00215933222002219
0.00143161126138071
-0.00989307679270223
-0.00501746186598111
-0.00307779903410824
-0.00287116768106813
0.00313044420481338
0.015367904867089
0.00895253191025025
-0.00677029695532248
0.000154256410596548
1.40187122518558e-05
-0.00423847368491863
0.00165104175587763
0.00448562399998706
-0.00262609483838703
-0.0256126131239396
-0.00695430741562474
-0.00980519242862567
-0.00140991463918794
-0.00181938889865189
-0.0017271431931355
-0.00312726935637519
-0.0114021963401506
-0.0201311086577064
-0.00222848977810429
-0.00431724854758421
-0.00213254490442118
0.00578059115876884
-0.00682275621801742
-0.000778151128265151
-0.00625071356285923
-0.00224217872008911
-0.00453671749222507
-0.00679619508954674
-0.0152514950018008
-0.014884921633271
-0.0152751410152859
-0.0125609706543183
-0.0191903386837127
-0.0110382161153417
-0.000142023977171638
-0.00231939651896788
-0.00790406493127301
0.000886648454804919
-0.00469756162961375
-0.00874360084393267
-0.00713004075715654
-0.0208184526005075
-0.00957628838900813
-0.00690207204653742
-0.00116261875594068
-0.0100219406307531
-0.00987227867432012
-0.00555083434565714
-0.00246798831142573
-0.00883663700922122
-0.00537467168082305
-0.00400481960537451
