-0.875173800792702
-0.964319038584592
-0.709337918067388
-0.553021452628555
-0.473723102998579
-0.304691245543457
-0.0857401332952167
-0.180160177856342
-0.0299843254514281
0.00900252222910614
-0.0435508456454068
0.0138852838004007
0.00403850981064335
0.00696794379256806
-0.0401245986574352
0.0462646343753495
-0.00835630750999936
-0.0600971971247796
0.00980812510397478
-0.00838948227884305
-0.0134268522247972
-0.00252452558758553
0.0115479777880811
0.0188041774178288
-0.012597656366647
0.0166686623158201
0.0411424731514235
0.00656490650996523
0.0122072685639854
-0.0281003866517818
-0.00405405066729424
-0.00024690316958704
0.0295514413082512
0.00251446780855987
-0.00443798698520892
-0.0105954864900856
-0.00705647856125555
-0.00467480441370478
0.00387880109707245
-0.00549247511467639
0.00346108550879316
0.00658964057680406
-0.0108905186564627
0.00357642916981322
-0.00111926567154402
-0.0184200044048714
-0.00509431489227144
-0.0122768061112404
-0.0239547253721808
0.000316058263078608
-0.0113526388982367
-0.0253566427821627
-0.0127929709340411
-0.0142236996585427
0.0117153061299001
-0.00818403400094001
-0.0215321585847045
-0.00538228922917444
0.00131155660860693
-0.00708404900373355
-0.0375360934788773
-0.00432557616812297
0.00300272402348387
-0.00391550699556517
0.00832331341207522
-0.00773656251318815
-0.00908721877340827
0.0101819926532075
-0.000572040186289847
0.00155012276575434
-0.000196761696364326
-0.00427094999540939
6.82791292336826e-05
0.00619659945644604
-0.00404576587511654
0.00492153458853167
-0.00184684971889397
-0.000521889227796331
-0.00619530715100795
-0.00583576644905343
-0.00670878011427292
-0.0155431733783836
-0.0113696946918815
-1.37304613653491e-05
-0.00339896153412021
-0.00353456193920413
0.00304681048854809
-0.00281722627635894
6.75769378573744e-05
-0.0187751659953701
-0.0342624131294815
-0.0166770704042462
-0.00785924683896496
-0.00155868530669728
-0.00014619775959347
0.000601788664648152
-0.0056602100788228
-0.0271161381739648
-0.0039823590718641
-0.000542157251122384
-0.00205288837990173
0.000239181860943997
-0.00617926963540088
-0.0117754050384654
-0.00145845015243889
-0.012694510157504
-0.00747958038802836
-0.000844859836949094
-0.00431937540092255
-0.00361396381175457
6.89460739647604e-05
-0.00561830240262624
-0.00252124854069485
-0.0139955798722227
-0.0118858329586232
