-0.988251948142303
-0.899514303834678
-0.674831822616657
-0.761074149188903
-0.392156180361868
-0.081568459298153
-0.277973634078216
-0.0935150850056046
-0.0374713956257472
0.00108259113488254
-0.0169042395655277
-0.0497491007258394
-0.00976184364960201
-0.0456378222078088
0.00545841276499387
-0.0147170356392446
-0.0251033160692197
0.0203625528563418
-0.0340944783780652
-0.0215023452831515
-0.00153271659375964
0.00512921779265488
-0.0166056566040703
-0.0253112487696207
0.00455382581905066
0.00548201408201359
-0.0390384199430327
-0.0293702133446742
0.006637608712849
-0.0461472846951222
-0.0334181873788338
-0.0233798982802095
0.0165441077870712
-0.0100503432538482
0.00583367607826
0.0199118783358826
-0.0560939404152789
-0.0459165590898931
-0.0116813351045033
0.0014988841030493
-0.0156911664311608
-0.00484357670111105
-0.00972505352595471
-0.0013991171235989
0.00512319864314618
-0.00871397062475575
0.00164993676660972
-0.025799653470434
-0.00267742222212877
-0.0058805321648851
-0.0466220687214615
-0.00860105682553049
0.000537806360417962
-0.00105048195458861
-0.047648336984442
-0.0109195554711228
0.000724349172784608
-0.00934028629898998
0.000551581142957898
-0.00514302677959059
-0.0382221606468339
-0.0204325311985889
-0.02340265665572
-0.00283435954627755
-0.0107894632746205
-0.00825401124056558
-0.0138341053557905
-0.0183311555155117
0.00711530873539522
-0.000439803569689571
-0.00336943171838594
-0.0188210685269288
-0.00381000055761929
2.89846537537414e-05
-0.000321785207925142
-0.0302696531309798
-0.022608625859457
-0.00640482696368826
-0.0225775146375691
0.00185992186075269
-0.00861307945198295
-0.0148885067684575
-9.56813613494014e-05
-0.00480854495398745
-0.0344395747545031
-0.0301349665603238
-0.0118172032996805
-0.00363939340428752
-0.0116855931041187
-0.00872887398027996
0.00399350830905353
-0.00132517638926109
-0.00016137713946957
-0.00613396192603225
0.0036749086412449
-0.00425656020765684
-0.00982714058324084
-0.0121429312698347
-0.000190612336392062
-0.0046489254551057
-0.00894812644779042
-0.00136278042619331
-0.00146472438569291
-0.00185943559648682
-0.00959195102682021
-0.00360754203063778
0.000726677236293492
-0.00475490544898231
-0.00272744960897001
-0.0102809112536992
-0.00820390795911723
-4.93347171428059e-06
-0.000671211613754948
-0.000652807728711235
-0.000298709654934641
