-0.992164422271088
-0.859239919750316
-0.518988446205111
-0.353412677073338
-0.260925245442863
-0.334761196856235
-0.243272387570723
-0.111465295125635
-0.142468336348291
-0.114419223394534
-0.0151043469080828
-0.00544710746282957
0.00263606796307924
0.00476778161203522
-0.0287685677882704
-0.018369429795031
-0.00309227928175296
0.00122656306919854
-0.00249399034442475
0.0105794322479927
-0.0220914428378404
-0.013882280631082
0.0123091334456141
0.00239402188060419
0.00767823400164038
0.0046330697580298
0.00561181845365314
-0.00154718703657852
-0.00468759794469555
0.00747532845886363
0.00330437012796772
0.00659047147544604
-0.00135817384545405
-0.00332278908403275
0.00204312221242338
0.0160394414271154
-7.93702869349151e-05
0.00755861071080419
0.0157723116014181
-0.00292649901748023
-0.00387992545279686
0.00581025854998871
-0.0275876228268072
-0.00635056766130682
0.00333036202996837
-0.00453554512469159
-0.00722229637640963
0.017430094945679
-0.00412273264808328
-0.0118610016431349
-0.00674075691856251
0.00731842939092122
-0.0237024321418875
0.00515430859540018
-0.0277169901343709
-0.0179410570105998
-0.00179366954501337
-0.00155157101618612
-0.00603965523068662
-0.0013657616338573
0.00158037028932935
-0.00213864248489328
-6.96050411061196e-05
-0.00547326879478413
-0.00503744855950975
0.000877347067042428
-0.0047946187786575
0.00160803567461941
0.000511202556953643
-0.0100006345390957
-0.022078207623931
-0.000961469928480156
-0.000114478001663052
0.0048703120444108
-0.0164214222610944
-0.0109498561275551
-0.0101582912074158
-0.00808093478652415
-0.000667700792764208
0.000127729550455007
-0.00802127481237699
-0.00735699633443914
-0.000241914696226902
-0.000418332600845485
-0.0122656048592393
0.000588092378146176
-0.0139043778786631
0.000357525519765449
-0.00903705363430369
-0.0384003424962072
-0.00457268770425089
-0.0317602488127096
-0.030997356083075
-0.0177132287501622
-0.0225709404543381
0.000257184317097457
-0.00292141275348306
-0.000837597551934595
-0.00163276805890459
0.000766323911194588
-0.00437905808779406
-0.00686260747516488
-0.00187370460982729
-0.000616789806371599
-0.0010787780922504
-0.000283809072280668
0.00156790348784417
-0.000736415563111021
0.00156752934343307
-0.00855761038295767
-0.0085353052351539
-0.00551523070331868
-0.00948709065010137
-0.000647017449950022
-0.00107315910628483
