-0.988302656363571
-0.771393961111481
-0.240012190575928
-0.426110497061391
-0.311451585892186
-0.0787050636877534
-0.179975431999522
-0.0898182640469199
0.000173624109268433
-0.026189301206924
0.00378506906630615
0.012751350598411
-0.003507776149554
0.0215210947504907
0.0327531617658451
0.0046842181409399
-0.00473371020837737
0.00863677684535837
0.00569964495818167
0.0115106236067218
-0.00980272808756241
0.00345598311840986
-0.0127614145469621
-0.0060351043927823
-0.00288996116902919
0.00840343280521968
0.0196949506387578
0.0193507945789616
0.00249531555241073
0.00190377560491731
-0.00268152154067205
0.00127457849490863
-0.00171114315699588
-0.00138166140357419
-0.0233822383699591
-0.00274923128980347
-0.000604639470858354
-0.011235340311983
0.00754601728236018
-0.00956822619035525
0.0304813143260765
-0.00196879078518817
-0.00733732703014485
-0.0172329970912428
4.7047608382275e-05
-0.00544547300091101
0.00266152141506817
-0.00243281548358132
-0.00574917561637889
0.0148142639462026
0.0286307177141499
-0.000522990042009548
0.0100924369450994
0.00104867804719654
-0.00147619944337971
-0.000243616311991142
-0.00287430188968871
0.0189634953120453
-0.026659369885383
-0.0094481227533121
-0.00191665779575901
-0.0177900881761729
-0.00381723722316861
-0.0144904161881569
-0.00333712747044407
0.00128793737658736
0.00201310339070703
0.00165325604725612
-0.000181056974489112
0.000246902269545257
0.001087342259734
0.000771634502148264
-0.00240703709833828
0.0072807312533535
0.00881708373223088
-0.00676984375894468
0.00407563438262711
-0.00734721005478207
0.00622560479958686
0.0105569136054816
-0.00770209851039023
-0.00243410620000566
0.00070073267341768
-0.00460470416938128
0.00397001972051986
-0.00309146720673459
-0.024116595254866
-0.0265627937594838
-0.0115931993773294
-0.0026750737705021
0.00307190253712123
-0.0150600495655582
-0.0176281676674919
-0.000831045377479146
0.000932028949211401
-0.00742955417879191
-0.00221083503657247
0.00107176210760318
-0.00205973575493113
-0.00286593866419406
-0.000767594757780509
-0.00205331975116718
-0.00269077300686544
-0.0119317699762304
-0.00277413414110945
-0.0022279900036041
-0.00895656160682069
-0.00770351971500518
-0.00215060755353829
-0.00296703247498394
-0.00499280015019135
-0.000748006554433305
-0.00207048094164178
-0.00148356597283764
-0.00216418678534529
