-0.996311643885067
-0.668210082616159
-0.352231704152496
-0.435489027715955
-0.0634383405925989
-0.0475358238107715
-0.0964759826685006
0.0328646064897689
-0.0104369334524501
0.00784711187076878
-0.0110499370084103
-0.0319514401181735
-0.0565859846512708
-0.00883115182725385
-0.0329028552025831
0.00521353350392125
0.00295775005782665
0.00564840604837377
0.00177815307010711
-0.00413237209434948
0.00358423473790702
-0.0604353748272879
-0.0163376878540726
0.00877178260749968
-0.0027554082983034
-0.0333101806368844
-0.0218417155175334
0.00848275129352443
0.00720820271266145
-0.0169721906367112
-0.00518115160621461
-0.0179647383082941
-0.0151410447578441
-0.0171041913433656
-0.00501011248545221
-0.00369821901535396
0.0029734335275649
0.00932258500956809
-0.0104904514584709
0.00288908808819296
-0.00185504590224937
0.00112815313765841
0.0246696140264943
-0.0285068824424887
0.00437728950257523
-0.0418955280655484
-0.0547616624949709
-0.0428403097522643
-0.0759784147015224
-0.0715133629703178
-0.0333538454939537
-0.0515152579533757
-0.042036419140655
-0.00331737302106997
-0.0182373713345627
-0.0211707759080785
-0.0152095949027446
0.00705193344847088
-0.00858681810398914
-0.00287861083215575
-0.00025759232246466
-0.0129922741168203
-0.00464955915569257
-0.0183615244288817
-0.0200594900572307
0.0102696687691015
-0.0157011482738843
-0.00160668178769988
0.000413787796821133
-0.00304829943096842
-0.00682812435193492
-0.00500520296544893
0.00499009658801689
-0.0183087744268516
0.00575280572270565
-0.0421541961872747
-0.030909306306321
-0.0012629398459764
0.00365917115189341
-0.0129208118221297
-0.0317340608236492
0.0117658722491521
-0.0167356425526827
-0.0584587017460916
-0.00444755989684993
-0.00280869543726519
-0.026627717904312
-0.0309124928369797
-0.00415644933316297
-0.0329857045392648
-0.00888193378530542
0.00117742143716823
-0.00444150695632907
-0.00934887460995422
-0.00850211195965826
-0.0018876555429919
-0.00451098179595329
-8.90437752869965e-05
-0.0112850729978591
-0.00306161458932907
-0.0143483640052822
-0.0058608170099623
-0.000469392027205293
-0.00774230034263858
-0.0106262585770859
-0.00443824821339773
-0.000296452434565165
-0.0102135405783155
-0.00479600340796113
-0.00774392569597293
-0.00916952907447854
-0.0199742672217203
-0.00480997213821396
-0.00486097879570866
-0.00515255722611042
