-0.972417362923117
-0.881033643806449
-0.614220083420579
-0.438405095190893
-0.259431333443456
-0.368127291888536
-0.262057168357787
-0.0560939075754688
-0.0249953703107003
-0.083816802600647
-0.0342319231424511
-0.00809362141706372
-0.029070401356
-0.0262922270539151
0.00106167938435517
-0.000918768295710403
0.00879917564025994
-0.0128853007688136
-0.00123213422304587
-0.00129023233530341
-0.0155830778026794
0.0290733939654107
-0.00339219420476552
0.0066372952245146
-0.014737513504731
-0.000813555086677548
-0.00881556080590217
-0.0011551840366245
-0.02262278615076
0.00612890817024084
0.00855545050474754
-0.0494315782868645
-0.0471529275979261
-0.0196297070928381
-0.00961255906314013
-0.00480691536319177
-0.0322166852401032
-0.0119993610739356
0.00549248610283025
-0.00955503802681093
-0.00470977275614261
-0.0130745248483775
-0.0285085998337364
0.000622785392778134
-0.0149774977863339
-0.021215561364381
-0.0129335090473637
-0.0125703941892596
-0.0027323219323722
-0.0218876582344122
0.0182045923495229
-0.0198148232831184
-0.000559514205060578
-0.00222064346988329
-0.00603353526721699
0.000211575709148292
-0.0201343425236961
-0.0191688607373405
0.00180114718407602
0.00830057320703603
-0.00107194828097106
-0.00406928674147823
0.00909863296712706
-0.0134917521998719
-0.0190618486571788
-0.0114223099812756
-0.00319955723523932
-0.0122958556156695
-0.0129436838319964
-0.0264630586606089
-0.0246389866337561
-0.0120093918235138
-0.0505315729569765
-0.0630937025260077
-0.0429719845366264
-0.0172537091448128
-0.0248559592428993
0.00259696381823979
-0.0211829091720922
-0.0336516201199179
-0.0308521646064451
-0.00836959803327093
-0.0304531030284862
-0.00459789025103347
0.0150970300359814
0.00285648981702596
-0.000397932945697953
0.00405247851281118
-0.00126202821640389
0.00233733281147477
0.00312706402179166
0.00171431240859866
-0.000295508215072898
-0.00410724323037813
-0.000326586367890863
-6.81291316294939e-05
-0.0117730441189854
0.000777279171466823
8.72002620228923e-05
-0.00530846719671464
-0.00781874782198693
0.000233456804340949
-0.00626054904954879
-0.0104498992037269
-0.0138573901376551
-0.0132202442138437
-0.00866064165043769
-0.0040821630231111
-0.002839562253783
-0.0112742320036992
-0.0159335107084598
-0.0131831741531341
-0.0149683796943454
-0.0106833805530819
-0.0187602603006688
