-0.97683812596166
-0.981457420800151
-0.959655315588141
-0.829052201431121
-0.566441520883068
-0.473664022867732
-0.296969899954371
-0.0934680661182069
-0.156793701663506
-0.10545342511803
-0.0225570185011974
-0.00241384041725568
0.0208245880553779
0.00458363347839538
-0.0314365684314784
-0.00112888393768449
-0.060053960581267
-0.00837991846360517
-0.0313488705798001
-0.00879771171197302
-0.000427495788904516
0.0076838317326676
-0.0900400145311198
-3.02879354606156e-05
0.00195926190218616
-0.0358965878358566
-0.0267418537515534
-0.0145782635292354
-0.0326595747099428
-0.00425760449348129
-0.0140132292842766
-0.0144715130092773
-0.0419325872787742
-0.0130195578073003
0.00726400771959279
-0.0488121726971216
-0.0263652227111238
-0.029215694385778
0.00422912505248451
-0.0339487629452605
-0.0043502585109013
-0.00440290207985193
-0.00737340001967046
-0.00371305300748264
0.00453647685498165
0.00412189478909123
0.00566965174281537
0.00181295478587953
0.00528400774383537
0.00477969305239818
-0.00528168507905274
-0.00096444116925649
-0.00454507661535945
-0.0072355488536766
0.0135321341360402
0.000461176653844949
-0.000903681749990906
0.0107899270724522
-0.00580154291365665
-0.000290245334000789
-0.0065150776050596
0.00199131265342426
-0.00979976341724429
-0.00297961849696716
-6.82212092990653e-05
0.00804259162005805
-0.00317779218926258
0.00288266254592607
-0.0178426801644068
-0.0247842895565897
0.000376943834056713
-0.013257211321129
0.0100716558671974
-0.00285968532905239
-0.0176093311900544
-0.0109364911363705
-0.0191651142025208
-0.00516991342650635
0.00345469699535193
0.00151903280554466
-0.00299220173535531
0.00731405587712469
-0.00757596054438818
-0.00911389670370578
-0.000958055292752267
0.00138125341207951
0.00657368217673345
-0.00206970887121972
0.00452285523661416
-0.00356179844993953
-0.0313320191036529
-0.0159198608301023
-0.0165350500907301
-0.0195278264153666
-0.00329157791716928
-0.00222246464485261
-0.0154071423957106
-0.00134893169660765
-0.000912066729165072
-0.00647306013857457
-0.00125372028166486
-0.00724544098531881
-0.0134849698472872
-0.00246751048818251
-0.00161880097009015
-0.000550459610599099
0.000368013176859877
-0.000307968907467346
-0.00134406399940379
-0.00607238869712325
-0.0010648204000175
-0.00109763225791994
-0.00137798364032058
-0.00800781600080411
-0.00456045560493493
