-0.958561135738887
-0.815148065696345
-0.345619860493588
-0.370726143604258
-0.352808034222473
-0.0353647484593813
-0.0796225974366427
-0.0872071314700036
-0.00976605480036353
-0.0219908353524049
0.00179756957234067
-0.0557999715486201
-0.052026220214664
0.00637101215101611
-0.0192500518748838
-0.0073671270075148
-0.00705264317181925
0.00354109450838308
-0.0159564742343097
-0.0098275663471758
-0.00957346324697842
-0.0296074590567718
-0.0204589216801574
-0.0057562418517836
-0.0221653463869132
-0.0132137527467121
0.00527479157375121
-0.00708305799348904
8.87240037087383e-05
0.0135044025336569
0.00496015637568238
-0.0344251283153557
-0.0124588076807038
0.00299961057964118
0.00104728086042529
0.000447988771403223
-0.068900881520925
-0.00354730575745758
0.00480001704257725
0.0113297278148772
0.00502715407071585
0.00711386131182489
-0.000243101519393846
0.00340944577967647
-0.0101294703767003
0.00420871592280211
0.000192406197645939
0.000236901717029388
0.00545027874017506
0.00581353056810433
0.00327640736035126
-0.00147755423422626
0.000259960638820729
-0.0036449574412186
-0.000768809244272087
0.0182718819869882
0.0139737682231771
-0.00468769900799236
-0.000339500442722935
0.0114580323260739
0.000297330396518953
0.00438667463349212
-0.00451842280701348
-0.00155414734446718
0.00353676835171727
0.00181131815836805
-0.00843249713090955
-0.00180977071326078
-0.009142264668793
-0.00965649560899182
0.000928729810407326
0.00085485185848508
0.00195618392934314
0.00416230262014449
-0.0114248424455877
8.27117363771577e-06
-0.00208251561304813
0.00196589793644042
-0.00122010053433262
0.00746372456579975
0.00453249382848077
-0.0176236035099634
-0.0173479611715124
-0.0218990311762158
-0.0256378131195502
-0.00214940408611598
-0.00761704456196296
-0.00438642218206407
-0.0250964078338679
-0.00211390429594592
-0.0122392892911383
-0.00105829117127793
-0.0126579093343143
-0.0163202192285366
0.00219204327034015
-0.00125676804478019
-0.00709552166826459
-0.00309121964730495
-0.00305086887883097
-6.98617856871475e-05
-0.00105156904025223
7.29011853545757e-06
-0.000570492980147915
-0.00377480953941344
-0.011814147487234
-0.00240869706232783
-0.0202845545564119
-0.0050792005754259
-0.00496866567924588
-0.0108001981386479
-0.00683615073373212
-0.00199506933426011
-0.0111200078864366
-0.0123285942873116
-0.0129185945618411
