-0.981780918979234
-0.980520438844607
-0.970288363559098
-0.976708994292681
-0.920827880233966
-0.862789986660402
-0.843817031312163
-0.788896682421849
-0.737867030332741
-0.778576529115786
-0.817693603330731
-0.817248153222951
-0.815932098008242
-0.750356710967221
-0.617486011325699
-0.542689778119014
-0.445978192741433
-0.28153850140434
-0.221444139796163
-0.280234908173865
-0.319514660709514
-0.369712270187561
-0.497713215819001
-0.55962747955407
-0.486521635042619
-0.409345132667394
-0.359368673260203
-0.254413089063769
-0.168221591689639
-0.18460072974133
-0.209891136669204
-0.226826057699971
-0.263932564347731
-0.30204856508836
-0.295659077978895
-0.248161748511094
-0.210483873350681
-0.163804332183058
-0.109273465716378
-0.0811874004712972
-0.069218527991752
-0.0814347158137557
-0.104358577205371
-0.0974936683017139
-0.11538315674508
-0.13351127850874
-0.122379465925197
-0.108418148199026
-0.101618960653403
-0.0773144173696246
-0.0512827145875109
-0.0567705090529712
-0.0711794212403564
-0.0742526391215874
-0.0920083417674898
-0.110390409267309
-0.107426150066842
-0.0896765338012489
-0.0735856792213015
-0.066726099455733
-0.0760649221963345
-0.086399367262165
-0.0794499331091028
-0.0977506567425211
-0.0935658257128828
-0.0478622534946633
-0.0259220247553664
-0.0240659661725358
-0.0189638877242123
-0.0347780080193185
-0.0764148367975061
-0.097999012344365
-0.0940732847356194
-0.101219408755953
-0.088336727285176
-0.0462956802030375
-0.0222117226957701
-0.0276599070539327
-0.0283382599741851
-0.0383157422953805
-0.0918910663504237
-0.123866433497037
-0.112208361242587
-0.101741775007108
-0.0901283693070419
-0.0685499180033768
-0.0342446250495158
-0.00141888253648733
0.00162434742153705
-0.0149111986280054
-0.0376881290139972
-0.0582085452815785
-0.0855574149799159
-0.0896777540623708
-0.0799198235864436
-0.0500765116086743
-0.0115816666888354
0.00243639152692138
-0.00630183185986036
-0.0157673253944075
-0.033959285168719
-0.0631980925497252
-0.0687147951291603
-0.0463739626670404
-0.0333822467090363
0.00665565712907789
0.0506266124303165
0.0353785043626217
0.00568358839551365
-0.000423267218343692
-0.0100535352149369
-0.0323770016209559
-0.0360775488629077
-0.0173971591832467
-0.00548189544736283
-0.00521397658108844
-0.00306764983028246
-0.0100105955649617
-0.0153279351638482
-0.0177047762803053
-0.0220811589116188
-0.0186506939830978
-0.0259780656420704
-0.0203549139903108
-0.00993555330011332
-0.00864319975573426
-0.00108945632995843
0.00304681635444469
-0.00321128006462165
-0.0060762421640783
-0.00495670302919479
-0.00804369781938949
-0.00818815992644854
-0.00323891973141034
0.00199265108162072
0.00490813883018707
0.00171179993332612
-0.00165562092473334
-0.00126519961755174
-8.09412183879398e-05
-0.00447942856474212
-0.01204705882505
-0.0135697570989493
-0.0112136037514031
-0.0110384438259509
-0.00823563896710395
-0.00791760586347197
-0.00606062127261344
-0.00286095826340874
-0.000964375854810422
-0.0232958542818105
-0.0475516675016614
-0.0451513545058277
-0.0417765655466405
-0.0430880337863973
-0.0217831361327563
0.0025733391032225
0.00568150333518888
0.00312850980114218
0.0122858075007186
0.00110367073767826
-0.0383035414344046
-0.0449493952536309
-0.0353943961770965
-0.0253896469883016
-0.0137160843902473
-0.00931196717141137
-0.0115569454327115
0.00930595035300455
0.0165534157823315
0.00123694466995136
-0.0165107128058396
-0.0171789627976337
-0.0211220292544305
-0.0213974341975151
-0.0174594881391204
-0.00982922562513254
-0.00644750773799398
-0.00493553880544869
-0.00677333538854753
-0.0201340381954046
-0.0341098311826127
-0.0319060609817599
-0.0205707690389851
-0.0178160721169757
-0.0180550666412505
-0.00542090822242441
-0.000747155630612705
-0.0151954743106429
-0.0236519819369971
-0.0257756429291364
-0.0250259355347758
-0.0271840779873974
-0.0162377879195588
-0.0174078946899793
-0.013128383417024
-0.0159664828810104
-0.0179933555319122
-0.0181515052717708
-0.0216260717408223
-0.0194994431759631
-0.0161443641266371
-0.0109787628425121
-0.00741431257312765
-0.0074327232960678
-0.0104962487985485
-0.0159546301545129
-0.0213465541363829
-0.0264587964958136
-0.032885084246647
-0.0300278346359357
-0.0160677899425036
-0.0265375463325973
-0.0350467328034482
-0.034995518055828
-0.0401031706978586
-0.0392516786908882
-0.0229440771681885
-0.00839746759691658
-0.009255441667323
-0.0128238182063236
-0.017424155797336
-0.0282566891100881
-0.0396184884083641
-0.0410117107930927
-0.0350569046243007
-0.0250277236640918
-0.0147143844260401
0.00220623814950032
0.00737241094360105
-0.00462980454543946
-0.0140668748721926
-0.0222477823369327
-0.0407627427846675
-0.0506484178882788
-0.0382454174906972
-0.018341877564089
-0.00634804671520135
0.000129660936899641
0.0111901231554932
0.019973423577555
0.0135308118899177
-0.00813718396145216
-0.0175682156627201
-0.0245299842455248
-0.0279673280299845
-0.0239170053089557
-0.014869546744608
-0.00707716804303737
-0.0140754962398034
-0.0142357634396921
-0.014684350301446
-0.0119400926065144
-0.00055349320100409
-0.000419880769236722
-0.00313092083108971
-0.00741782274000191
-0.0111276430327674
-0.00517338781880031
-0.000828222622881028
-0.011578900680936
-0.0168324105822461
-0.0130057688271432
-0.0122988622183275
-0.0145794569586356
-0.00861529867289827
0.00437215678739785
0.00451703902309154
8.7690303207261e-05
0.00358257940828248
0.0114771741837929
0.00704705254776076
-0.00133214342576703
0.0129754196647824
0.00921390627368646
-0.00351681537592348
-0.00913821551285346
-0.00165221030107158
0.00425000667708421
-0.00392800966588407
-0.00355404868356385
0.0049308792473728
-0.00442460338819871
-0.0274489261107952
-0.0301553084725309
-0.0219088160060577
-0.0436083300313568
-0.044922910313959
-0.0338840696938327
-0.0374355274105105
-0.0276386320169746
-0.00321196212733761
0.00314332449080774
-0.014873736352795
-0.00955179487117785
-0.00348722063729395
-0.01295644990616
-0.0253914533958193
-0.030850303999327
-0.0415776142515447
-0.0429720646694701
-0.0398228670341481
-0.0394422588323261
-0.0397732385578388
-0.0369042674497511
-0.0439912805330137
-0.0463013978400245
-0.0379577866140191
-0.0143384170049919
-0.00388726055153896
-0.00337640110407848
-0.0215907449294738
-0.0209790477574015
-0.0149985496974572
-0.0171574296714834
-0.019415673771084
-0.000652774128372341
0.0122914493654805
0.00433693233435802
0.00280903212864148
-0.000948726176206879
0.00141011998116648
0.00740855171949017
0.0074321720079613
0.00208500499847828
0.00655833210071041
0.0193215240560015
0.022811670646766
0.0180579833624701
0.0175025222614139
0.00821660250813477
0.00298169613383458
-0.00137613993663962
-0.00129432764191534
0.00196380397660113
-0.00308115638723945
-0.00379283393556649
-0.00949159498937787
-0.0144870831259283
-0.0102924215381853
-0.00709301602537783
-0.00572369131897941
-4.08157781303336e-05
0.00367391291259372
0.00393993304265991
-0.00140852215926622
-0.00128423764163353
-0.00543126849775059
-0.0106608708158103
-0.00799163008843077
-0.00627468030733412
-0.00717381681602144
-0.00429698455056729
0.00362861486076151
-0.00350484029927528
-0.0131274941223603
-0.013575509919555
-0.0195940531704612
-0.021683760298397
-0.0147391044140904
-0.00606795413036523
-0.00415438408699526
0.0198442078844876
0.00296749718779486
-0.00325549044648577
-0.00441221817626431
-0.000381873550898885
0.0027730186254292
0.00425936796596896
0.00984210722749266
0.0180056536039956
0.0154630392417346
0.0150179599051137
0.00461617941730009
-0.0156070257505044
-0.0209879740878395
-0.0228389886765031
-0.0244135449502161
-0.0236217024709299
-0.0209392590809711
-0.0166057804935371
-0.0150187057883301
-0.0156649993039143
-0.0264836746533266
-0.0299505176091213
-0.0107941292625542
-0.0138025952990954
-0.0106748853672431
-0.0054419149338415
-0.0025185780763313
-0.00986716890197549
-0.0141417212061334
-0.0071563626334651
-0.00396980453904888
-0.00559875186305202
-0.0046308914530842
0.000229095299820216
0.00206478348948167
0.00426102727146062
0.00939255170835513
0.0142086778249587
0.0068726194668241
-0.000393370637087879
-0.00428396322144176
-0.0036024983911232
-0.00904868187289899
-0.0137323470327906
-0.00604051377310664
0.00160745766679046
-0.00137964738978873
-0.0026001749412849
0.000236486253487984
-0.00272738335551925
-0.0129749165010862
-0.00420842226804803
0.00161345458488572
0.00187584890823471
-0.000243956564095506
0.0041916630320941
-0.00644968994469561
-0.0165533261650006
-0.0172101448029649
-0.0179234142005966
-0.0193316598022844
-0.0121229691937139
-0.00030477186818898
0.00222904286787346
0.00150932592252539
0.00136789937705603
-0.00907931103867267
-0.0138549397978395
-0.0125323804339848
-0.00409029555064162
-0.000862980019933021
0.00152867625672172
0.00758743599008429
0.0082089441006916
-0.0034396343453872
-0.00783044639854616
-0.00808038906373035
-0.0109393777195147
-0.00553442742335383
0.0082481485475721
0.0111000885387862
0.0117703615954376
0.00544537878503622
0.00726824476793619
0.0005967483412334
-0.00328112400965376
-0.0025488740975809
-0.00514098677033889
-0.0111874747872026
-0.00894857819751532
0.000414140193739306
0.00158651460578359
0.00349603745462043
0.0160191606056416
0.0187201972226643
0.0153266820175489
0.0200031836681058
0.0152739042626575
0.00194554194861448
-0.00117222877160105
-0.000226991256105676
-0.00458725503643146
-0.000710294046106309
0.0108818615601042
0.0169189388554539
0.0180417225729871
0.0217737819918888
0.0190990519709934
0.0106011128778569
-0.000424133211944606
-0.00113255659389638
0.00312806984315608
-0.00248624501386462
-0.0153158790298123
-0.0114635733081388
-0.00448057112168659
-0.00628428069103267
-0.0120934923776438
-0.00717169520796241
0.00111254643980928
0.00126086200350865
0.00139638423604719
0.00447499567315168
0.000177785103093512
-0.00786842351537489
-0.0112031989675207
-0.0174519425347301
-0.0224201138680864
-0.0167528663495925
-0.00821044624319906
-0.00627200473769457
-0.00410822438509032
0.00489493153751768
0.0136601610307583
0.00491276177464321
5.86810656871932e-05
0.00035331217949581
3.307197616513e-05
-0.00444698360909757
-0.00456712653985248
-0.00553099015115852
-0.0061241110613298
-0.00302248552893198
0.000290516541052515
0.000578000595934826
0.000561845964139721
0.000813020219018712
0.00220031976637435
0.00175282726450862
-0.00121515952624882
-0.00245171866588495
-0.002731172140184
-0.00333368326495608
-0.00431477089267804
-0.00100443953219036
0.00629871218333159
0.0102989501530307
-0.00292207937515101
-0.00475285373558816
-0.00393661334041456
-0.00835594417512002
-0.0148610211531499
-0.00839825057112968
-0.00264673282723619
-0.00169782768038363
-0.00173359682945858
0.000160228122492826
-0.000624572497246303
-0.00193713204893701
-0.00166305594759576
-0.00299815425549225
-0.0049460911601704
-0.00117123396785056
-0.00329041562521871
-0.0122596027335903
-0.0111612076190949
-0.00886194807200731
-0.000896166344218208
0.00499896795167399
0.00488915410563515
0.00152866223880324
-0.00143586595291893
-0.00540754427425164
-0.00716506350050609
-0.0070935782644762
-0.00362618585223667
-0.00192561328311312
-0.00531430446431074
-0.0060703237107511
-0.00371234260750808
-0.00736143435639865
-0.0116271494541814
-0.00863606629699247
-0.00680120397470742
-0.0086625523963581
-0.00612976235212444
0.00211687456799802
-0.00345246846937365
-0.0102219203535638
-0.0119229395300772
-0.0188784665139515
-0.0102336550538833
-0.00706678355471138
-0.00966738790775544
-0.0122070005273696
-0.00782454917177798
-0.00703744750532852
-0.0146458620863199
-0.00747840527193761
-0.00497316194476526
-0.0160290806230003
-0.0229029419009064
-0.0206959146566404
-0.0279672971440802
-0.0294836738960549
-0.019551211708174
-0.020209935767682
-0.025165886311578
-0.0191913339655805
-0.013733154648051
-0.0211255730090112
-0.0235390958151881
-0.0195209560269023
-0.0243800992362347
-0.0311788090755645
-0.0229323631068545
-0.0186558156893155
-0.00728392224316645
-0.00365021259363837
-0.00616942269263611
-0.0084557483323117
-0.0109925980379474
-0.0209870961494843
-0.0364448658089872
-0.0363024814484712
-0.0294138341090582
-0.0259090736097366
-0.0212592908424711
-0.0179745459933873
-0.024842445451845
-0.0305070450552639
-0.0243084096734452
-0.0179494088468118
-0.0158755771585115
-0.0119824076524452
-0.0036502535353065
0.0049415632111265
-0.000688350032994021
-0.00483422103044558
-0.00597285457287283
-0.0130110993828534
-0.00819917795097943
0.0103947385167491
0.0165022008313068
0.0147992570386552
0.0177908257230206
0.0139230304354414
0.0039649099334525
-0.00164372644583077
-0.000886055688277364
-0.00220510755544842
-0.00559142386513269
-0.000761287847740517
0.00456617509670398
0.00428494921177933
0.00479114557758333
0.00532000134839573
-0.00216609502426642
-0.00117469418870951
-0.00103562964448196
-0.00116119679894425
0.002421788170225
-0.00141490824657907
-0.00292614418203526
-0.00557659261917186
-0.0127869064503298
-0.0102820443389281
-0.00227454140906165
-0.00147776866233051
-0.00221850921180937
-0.00188365381552162
0.00108967735822923
0.00252891067168256
0.0016826167081569
0.000862947009658044
0.000468404917997645
-0.00101375444421347
-0.0020007908038264
-0.000463072034502772
-8.53532205623867e-05
-0.000823628054963823
-0.00152174936274351
-0.00301202311320208
-0.00108603429537882
-0.00174253079611896
-8.88898134694034e-05
0.00188193377968865
0.00127723171443609
0.000292830602386616
0.000541860258508082
-0.00164571805805737
-0.0041640385084673
-0.00307944940417249
-0.00320045080543645
-0.00470165487200286
-0.00463349493377818
-0.00414006660706364
-0.00310615314375799
-0.00434571816220286
-0.0022448171536108
-0.000371044295387523
-0.000354943196804528
0.000128241630790772
0.0010564763356569
-3.67538882780432e-05
-0.00107318445558485
-0.0023401454045876
-0.00404619660241949
-0.00580698906832261
-0.00463903643401062
-0.00434382372209666
-0.00256998529232035
-0.000493034914887824
0.000244415891208673
-0.00211441304947306
-0.00652153226746899
-0.0131570158913782
-0.0144844618673156
-0.00878047707259238
-0.00243799993554464
-0.00136858144477398
0.0019971221726684
0.0037692047666259
0.000715815494863198
-3.92112185847867e-05
-0.000324669421129857
0.000476653925019838
-0.00117141777559463
-0.000785715511959812
0.00222744943846984
-0.00512309771413234
0.000230885021442039
-0.000398511819958687
-0.000498646107387049
-0.0028343913254337
-0.00469242513288134
9.60971446631381e-05
-0.0028130737817019
-0.0047237710716711
-0.00056356955328847
-0.00239471195025071
-0.0080513982854091
-0.00750760307629377
-0.00443035132237173
-0.00623289824313231
-0.0076097831945277
-0.0029319107828586
-0.00163880906086804
-0.00252383458841321
-0.00415138427287159
0.000910465214633759
0.00151781024338895
0.000324906341443227
-0.000337921186111123
0.000131898308412731
0.000384968977762303
0.000898821059668216
0.00146616466133523
0.00149413753642792
0.000740249240781239
-9.94303955058305e-05
-0.00235815095644976
-0.00187436320694918
-0.00289657499200642
-0.00341917214168506
-0.00189834989933005
-0.000403187009800382
-0.000196483077873319
-0.000691900961845737
-0.000535971886087276
-0.00229860224792959
-0.00532749978317715
-0.00672076467660588
-0.00604499587246295
-0.00497647468840245
-0.00367454439303512
-0.0025177480774593
-0.00160706365296481
-0.000291344025757197
-0.00104765809297677
-0.0028471198479234
-0.0036999882482489
-0.00356242491534858
-0.0024933747842248
-0.00182841140564291
-0.00160825393789859
-2.86438628253772e-05
-0.000401107392926882
-0.00414978610676037
-0.00419567221696809
-0.00245897340850785
-0.00362754210556512
-0.00413721598754767
-0.00266522059054437
6.90157375068575e-05
-0.000506615847568917
-0.000781882855561516
-0.00101953964432394
-0.000834194421883244
-0.0047846694014334
-0.0109619464508301
-0.00973789406930334
-0.00561411663396053
-0.00425992134869313
-0.00196776013035793
0.00128435818324684
0.000758487874036482
-0.00148269174227776
-0.00332951967127993
-0.0048646185050443
-0.00432651890667754
-0.0042362676788761
-0.00440061416850933
-0.00502770048113616
-0.00263946594499445
0.00205662523339556
0.00226810298111689
0.00296263399558363
0.00414095944058835
0.00296847767414138
0.000740325769504386
0.00209885819767045
0.00246599095734672
0.00582626705235141
0.00651242748181711
0.00471037602750444
0.00399252592486229
0.0036054265546068
0.00346253749458274
-0.000889761405166959
-0.00577674383018148
-0.00544470682016217
-0.00578080547523197
-0.00817189380670011
-0.00601525422783294
-0.00166785888445736
-0.000997276638465911
-0.00235091472462433
-8.84663136998588e-05
-0.00150639149717154
-0.00720458876294602
-0.00947511710837616
-0.00812265055566555
-0.0067630660357199
-0.00585519983818371
-0.00550396666678425
-0.00270909565831445
0.00101939525640263
-0.000273545922444254
-0.00165603396480136
-0.00362793981670147
-0.0081328025076791
-0.00356258765860554
-0.00167543164412984
0.000184758252630106
0.000508778891177301
0.00026597325980695
0.000467428432515809
0.0002921214974993
-0.000501411172226285
-0.0013268800840814
-0.00158112802735231
-0.00231186030333995
-0.0024991798376053
-0.00184998472384761
0.000172885693472856
0.000493835438087988
0.0011462704951949
-0.000739319067676806
-0.00209481938345338
-0.00081576668778671
-0.000180942214989578
-0.000797696593013867
-0.00194289969329147
-0.0021590953619685
-0.00313662143249859
-0.00558257848257822
-0.00765421121337982
-0.00558961171647915
-0.00449648978159375
-0.0031583315066406
-0.00261193614407065
-0.00219013657632625
-0.00352654468920235
-0.00651063983670091
-0.00780388685614043
-0.0076991554163182
-0.00774478316389248
-0.00629551300552956
-0.00752486408637679
-0.00858110865946032
-0.00871794388873022
-0.00701444911794906
-0.008877414412916
-0.0083964482090807
-0.00637948799369934
-0.00476120352728915
-0.00185336779397851
-0.00157831468644788
0.00249375305637418
-0.00138388484093728
-0.00195445639286798
-0.00381385466699155
-0.00388972237879928
-0.00358420475401871
-0.00303565794594217
-0.00216103838870255
0.00091132584947248
0.00134964034338372
0.00058911848004498
-0.000860401510534074
-0.00133576417224573
-0.00112278383753568
-0.000331938386348866
-0.00040140207055527
-0.000253706846241298
0.000513754681948854
8.21528153445053e-05
-0.00135683141700487
-0.00138273357670822
-0.00239007889714909
-0.00322747130192026
-0.00390567045741137
-0.00318118448667974
-0.00198497828354439
-0.00139394256787422
-0.000880118630853183
-0.000608256724349943
5.58738488824575e-05
0.000186166561518965
-0.000624257949325142
-0.00128137119338726
-0.00179583776314901
-0.00303431746948181
-0.00388470358164707
-0.00255412613313557
-0.00104172404047501
-0.00111496429207777
-0.00130431658111801
-0.0012030551122732
-0.000361344369312381
-0.000412786162213265
-0.000228319204843586
1.98844598000105e-06
-0.000852229757903124
-0.000612478381173546
-0.00209799310329413
-0.00250275163851071
-0.00162533435496085
-0.00106973733740196
-3.5459482526864e-05
0.000576559001536836
0.000165144381087423
0.000148884321083515
-0.000559315391381134
-0.000275349852074054
0.000251419607115378
0.000577842687094747
0.000496886902719924
0.00069934084501518
-0.000224570879421248
-0.00144665410530742
-0.00196036184250483
-0.00175115278496285
-0.00198131503784045
-0.00171777997306099
-0.000168414393319669
0.000527676839112397
0.000727052314087157
4.85258833259976e-05
0.000382825355610639
0.000819746134198048
0.000219586284009069
-0.000288625945454335
-0.000300524760368413
-9.44037289200629e-05
-1.95807623970721e-05
0.000102864621812261
0.000651645662414287
0.000952335241897373
0.000300302166877371
0.000243888672242096
0.000208214705916622
-6.61656919250856e-05
-0.000243647321749224
-0.000264659689857202
-0.000394232591311957
-0.00101386584066367
-0.00209392809472793
-0.00239429721424989
-0.00148326349754534
-0.000934977059632403
-0.00126769693085542
-0.00112326455435166
-0.00114314214656744
-0.00270734690806469
-0.00406420118027334
-0.00300660042511419
-0.00262748791390637
-0.00250669660156519
-0.0011211612094665
0.000501287497572045
0.000369754657405009
-0.000447232346936023
-0.00104125839495341
-0.0026634830940743
-0.00456347446102995
-0.0049554832410902
-0.00467541780579477
-0.00222432527329766
-0.00176343890133362
-0.00112766641061594
-0.000864180493980941
-0.000687466110536069
5.72031314196108e-05
0.000198394107596151
-0.000350267591017154
-0.000228336436730186
-0.00013198112996193
-0.00030630032799455
-0.000601235740126428
-0.000574044999680041
-0.000971002260904329
-0.000997031480593726
-0.000957158090585297
-0.000744547332932453
-0.000332571479153316
-2.91637541667346e-05
8.26911608119235e-07
-7.12593578895998e-05
-0.000338684014327443
-0.00115319305391053
-0.00217340706042478
-0.00300406096853801
-0.00260599123817709
-0.00294942914905842
-0.00322156564634247
-0.00307185063844992
-0.00275652565804946
-0.00240145432495778
-0.00181678623856733
-0.00109508007100084
-0.000269321061309961
0.00011009879552379
-5.16877951715847e-05
-0.000301729637822828
-0.000527474472803714
-0.000661906168072572
-0.00072725401184958
-0.000600851127838379
-0.000397752303297742
-0.000258817101352805
-9.84076122366401e-05
6.59734526476098e-05
1.99171264363181e-07
-0.000316502334993212
-0.000662229931641034
-0.000976343955021769
-0.00130334602954457
-0.00133760180159699
-0.00129965669236102
