-0.971786338108462
-0.971786338108462
-0.971091628853553
-0.967387167791108
-0.957224751688241
-0.921230706116283
-0.868902552068455
-0.80666735720102
-0.766723678654152
-0.75306611423946
-0.722143615595538
-0.671862084312463
-0.616387160668527
-0.557377512711559
-0.458497304027833
-0.384228724331618
-0.338454796775922
-0.29620064387809
-0.277044240613494
-0.314500972007842
-0.321655496269588
-0.27454580239069
-0.250738982906244
-0.247470371550345
-0.214956547319213
-0.189556077568161
-0.182149584517461
-0.154084741120473
-0.131493963968162
-0.123535595108034
-0.122121455126869
-0.1067891531493
-0.0874948714014232
-0.0937033980655224
-0.0924284638165052
-0.10335036325897
-0.149082561360319
-0.152514325568239
-0.125883526505407
-0.114036685407884
-0.108065486118543
-0.0946815887254566
-0.113142951613941
-0.160674394967778
-0.181735000123429
-0.186211073429272
-0.197479932552153
-0.173548141515111
-0.144555932148917
-0.118188887859493
-0.104561311107927
-0.0792497388413003
-0.0780034459655787
-0.082952575173288
-0.0587406864900266
-0.0422093683906988
-0.0433824179360007
-0.0448977355266589
-0.0399882624664628
-0.0546119536686437
-0.0790025842245553
-0.0710707853655747
-0.0553840140113283
-0.072970757944457
-0.069380609577366
-0.0470486757367053
-0.0526147398505141
-0.0656467317559934
-0.0599612666092985
-0.05158828024436
-0.0312631640933575
-0.00849212862005412
-0.00253403192123097
0.00196212724389686
0.0104205668761829
-0.0213259706962716
-0.0387892706861769
-0.0415515460459753
-0.0269845454324133
-0.0200620140286228
-0.000128474506991571
0.015806803035114
0.00686642111239352
-0.00770534350076815
-0.00559231446123802
-0.0159813088974448
-0.0392843491011178
-0.0346423044192993
-0.0228586961898525
-0.0258616399598764
-0.0100474818188547
0.0126495686216616
0.0119526337025487
0.0257961192658405
0.0184940812046609
0.0142634364972091
4.77806367986042e-05
-0.00890883076449349
-0.00531648254199268
-0.00209947054128309
-0.00939338996556928
-0.010115658515875
-0.0166534458881875
-0.0126834843183489
-0.0154746367680144
-0.016247793577327
-0.00403721977933881
0.00273298726884447
0.0105168184352006
0.00428185946284203
-0.0011932319650061
-0.0101791305603682
-0.0063137870243559
0.0143061326968498
0.0153076563791785
0.00978298602198485
0.0228693578929313
0.0297672860531573
0.0161665771135686
0.00830935558280404
0.00765969862418096
0.00115982866860506
-0.0105571571793202
-0.0113904849953189
-0.012673965873705
-0.0111487607820438
-0.00384156984276448
0.00430418222993062
0.00376142725130542
0.0145405928096224
0.0269077170660646
0.0162906956136041
-0.000345011481009128
-0.00420892177708092
-0.00670975189643877
-0.0120862682176066
-0.00569961562857945
0.0053229932559458
0.0045874757130129
0.011139235816592
0.0216171128781562
0.0202817603133893
0.0148522902710189
0.0148138906582868
0.00242753074308143
-0.013675237764711
-0.0153885979078122
-0.0277061019171886
-0.0311830471977563
-0.0234038713039172
-0.00689581502733494
-0.00448781449373957
-0.000157125454886902
0.00857843417625662
-0.00488731636225558
-0.0298752547247322
-0.0439513730744107
-0.0583601154181277
-0.0766950816928284
-0.065499140401957
-0.0414454797998344
-0.017085906760919
-0.00362702250450027
-0.000994917284748489
-0.000399325435974436
-0.00050992485430892
-0.00429165286683431
-0.0048429976608867
-0.0101419226025571
-0.013636406727313
-0.00721828498501811
-0.00362585911882442
-0.000512349324113751
0.00587500894570479
0.00430580521580921
0.00498304482271074
-0.00385421393130982
-0.00327581031733734
-0.00714434696240421
-0.00909853505795549
-0.0090358731818993
-0.0111245667459858
-0.0124870776784396
-0.00737412477828838
-0.00266343384566629
0.00212260505057825
0.00361104019273292
-0.00302261640636398
0.00521849638534041
0.00838748837674964
-0.007676901678227
-0.0107537105788065
-0.00130298574775009
-0.00110146522134267
-0.00828775181849316
-0.00291422591799456
-0.00404050605433424
-0.0234037886076696
-0.0242733939276818
0.00080996565937347
0.00459429142621796
-0.00606834563577184
0.00160378657430262
0.00515129817782251
-0.0181330531452363
-0.0386384095365071
-0.0380253004618648
-0.0401299544394467
-0.0446635342449508
-0.0285576654724114
-0.0171720842568106
-0.019752390255561
-0.011003014185643
-0.0077051687407076
-0.0121896084619646
-0.0222056422735984
-0.0272495877204739
-0.0268915356269281
-0.0255398689216428
-0.0187897379452186
-0.00760530144520496
-0.00219745114248745
-0.00284119327314157
0.0014892283194322
-0.00129479545346487
0.000735601223009488
0.0133018218401518
0.0193221885748291
0.0241396442932747
0.0278679205835185
0.0172728970191722
0.0103655747256087
0.00741526550910009
0.00157698788345166
-0.00155556541227107
0.00450101216961648
0.0090202232804426
0.00770238517893763
0.00735976327248191
0.00820405303432803
0.00529481732362399
-0.00167366287891851
-0.00269077969375808
-0.00322227344755002
-0.00603657203890545
0.000373983265825851
0.017104225091659
0.0210689524360948
0.0169151671772653
0.0178709956028507
0.0157737294939266
0.00594783774584891
0.0027164835329018
0.00681881466225435
0.00143713904889493
-0.0109365003423292
0.00451780280046496
0.0341438251033409
0.0386818363052333
0.0428456609022639
0.0617521128839718
0.0622594852398881
0.0244552266873825
0.00525943185070951
-0.0123880841840309
-0.00301712427414466
0.00256005145420201
0.00789298529495257
0.0103172631367165
0.00971681230263602
0.00683562979155875
0.00726936905151416
0.0107612862315612
0.00864772224238707
0.00391705680954506
0.00416591906330367
0.00938000276255947
-0.00161081394431837
-0.0151631878356868
-0.0160067823459716
-0.0140347263331228
-0.0156005230750751
0.00143570519401355
0.0206354052483273
0.011484247599317
0.00575396035454245
0.010231295569276
0.000736463586424502
-0.0202924440154617
-0.0191833974845484
-0.0108229573193528
-0.0113658777653826
-0.00445847434668767
0.00187632806232504
0.00283675284422307
0.00126079463748746
0.00219419138938771
-2.80744040547024e-05
-0.00535073814809006
-0.005015152744
-0.00571712623634234
-0.0100498745941676
-0.00768241904165341
0.000639377180787349
0.00205517420901652
7.31181410662319e-05
-0.00436544368014033
-0.00431919876252555
-0.00907543315455672
-0.0100974691683553
-0.00497726412049203
-0.00424977153533451
0.0012473478498366
-0.00014538394128143
-0.000891467876818408
-0.000476018210967873
-0.0016602904119684
-0.00257185461759022
0.00165461042926318
0.00464168880200171
0.00315241463379048
0.00135373776201182
0.000428689513873037
-0.000329979370747672
-0.00331081332735012
-0.00293021404202534
0.00400056428873209
0.00727257797697994
0.00773198066504805
0.00976922583389569
0.00706590799621353
0.000748041221032221
0.000150229195222946
0.000505864903592908
-0.00194088092988365
-0.00232614362361623
0.000563881200894135
0.00214468886718901
0.00199348862429821
0.00229516526397042
0.00359999498639286
0.00194702584301578
0.00360947925027951
0.00937461096510401
0.0112961638981996
0.0121895163747396
0.0107501618156835
0.0112284143743726
0.0093504000092349
0.00457551009222465
0.0109515118392388
0.0084244917069296
0.00147697659908034
3.80558171805688e-05
-0.00112946031376599
-0.00109767291530552
0.00160704228814923
0.00964373304384946
0.0156050377416626
0.0104134348403775
0.00801248072246098
0.0096682683998996
0.00684464018719156
0.000927587471100834
0.0013753336704133
0.00586368306820566
0.00901811408748027
0.00376899956620961
0.00393999755138985
0.00338904107410461
-0.00175119928446367
-0.0115571193813643
-0.00864307740451856
-0.00424106602705522
-0.002097870313953
-0.000792249152756239
-0.00117458832936164
0.00040595072715187
0.00824418202762859
-0.000262538417116431
-0.00995393182379679
0.0133201929974628
0.021229338566479
0.000490037606652578
-0.00783329288760585
0.00753260931599766
0.0129068192638429
0.00571418273643245
0.00691953109238641
0.00847235852250805
0.000298747808069971
-0.0348692728119201
-0.0243690103266946
-0.0228910138160558
-0.0152664866680829
0.00169953422107939
0.00537823341714237
0.00584824409646186
0.0192687260644238
0.0170434784110516
0.00134497491984653
-0.0130962984015711
-0.0196178708426149
-0.0176743413276844
-0.0311232784219709
-0.0428063100383128
-0.022806971367134
-0.00795033205176758
-0.00237153049887233
0.0221412180084913
0.0370243326609334
0.013546890422821
-0.00459462586610575
-0.00708643653587154
-0.0300423774252231
-0.047033770255338
-0.0184302859246075
-0.00081013868095936
-0.000157909182745952
0.0130920823913241
0.0209390800130015
0.000468803045228217
-0.0146076486431855
-0.00529190045076586
-0.0155597192537145
-0.0166818900695288
0.00634352392777576
0.00196805864419934
-0.00833706028915075
-0.00926631829298197
-0.0159788398200725
-0.0253561822127074
-0.0256156397753883
-0.0237721830544847
-0.0181041662552125
-0.00355084509856396
0.00102494440388056
-0.0047250696886656
-0.0128861359853534
-0.0255609752587659
-0.0404859403679373
-0.0317268692133293
-0.00341752700331315
0.00677052841804893
0.00746090557840745
0.0122147008699719
0.00781047462709234
-0.00743606565506792
-0.0101111613964401
-0.00172351035618639
0.00439109840422919
0.000965823822940788
0.00253453672265343
0.00296991506121293
0.003208072909138
0.00169463873760879
0.00374346240522137
0.00650787138810291
0.00099973089729158
0.000733439903693624
0.00271760257353799
0.00826862145769851
0.00424432618645034
0.0108749280137611
0.0118704636605955
0.00731584511046349
0.00675467673955176
0.0103218967011273
0.0148463224047066
0.00234621362205892
0.00172835643426935
-0.0011106994842635
-0.00919683653109158
-0.00940624484858385
-0.00549503665432503
0.0034012832750513
0.00348249747683099
0.0130073452908268
0.00853945265705232
-0.00481694972068815
-0.00151202728354621
0.00898964987676631
0.0101071385922345
0.0168393408894386
0.0148787709105241
0.000153898208409942
-0.00193819812641187
-0.00403441985176272
-0.00379987452970426
0.0190029367211482
0.0234910004515097
0.0166205346133301
0.0263224132231936
0.0208114953357535
0.00537954118567912
-0.0146100991957739
-0.0123256944832485
-0.00948830940815798
-0.0166039831126982
-0.0115894207983302
0.00230762921784636
-0.00131930105737774
0.000534230269639537
0.00736092223987635
0.00885243473794432
0.007381888836306
0.0167993632002769
0.0159814241643774
0.00295814852130905
-0.00336561331586704
-0.00271276669659955
-0.00158095020851152
-0.00851477456238568
-0.00853081825801448
-0.00675678574227289
-0.00422010098251016
-0.00348059756197588
-0.0048392013198763
-0.00549077781391636
-0.00405415037442199
-0.00317448887640199
-0.00456369210837439
-0.00645914350895764
-0.00684100065882023
-0.00764818824124061
-0.00711482733695072
-0.0023207764702837
4.43494468970609e-05
-0.00314551601564673
-0.00924431569978319
-0.00968519810685789
-0.0142998854193843
-0.0147324737753866
-0.0174948792853859
-0.0181071876951333
-0.0157290786709249
-0.0106781557992928
-0.00794119332969892
-0.00512335752915541
-0.00841274302995157
-0.0157061012076982
-0.0125878820284242
-0.00902227716223488
-0.00584854324395738
-0.000605454551797558
0.00210243411518762
0.00384129593129142
0.00438010896447406
0.00384344207623091
0.00239978065727726
0.00100990885258886
-0.00143621097408549
-0.00091108965104002
0.00194068920585289
0.00292002466794773
0.0015371003723034
0.000497581927713812
0.000308427802665851
-8.77277655656644e-05
-0.000503813791456567
-0.000307508811223055
0.00127095894645063
0.000753024995623599
-0.00173431215122427
0.000465173016177008
0.00392171282576258
0.00375187874794534
0.00281206510588614
0.00140037003689731
0.00053315485715609
-0.00136860979366307
-0.00161584554257644
-0.000717214002096299
-0.00199446209167982
-0.00296033805104574
-0.00111358056258355
-0.00559225124930423
-0.00667192271932872
-0.00777514492799776
-0.00579424357285502
-0.00362777107974604
-0.00169589211441622
-0.000691346513701242
-0.000418781533248481
-0.000641287059935368
-0.00112592873420838
-0.00120535181438435
-0.00250139288930292
-0.00338477202322306
-0.00258147981053606
-0.00417478089284317
-0.000875807297239682
-0.000391799144253597
-1.94541533267918e-05
0.000576227162201861
0.00100757067775281
0.00200124719572034
-2.68963941258945e-06
-0.00462892690749335
-0.00710694346036142
-0.00620450238644124
-0.0072673991717294
-0.00804090329132072
-0.00510013351057414
0.0045647406804527
-0.00408768599857125
-0.00356331760581797
-0.000657770063494487
0.000300124237192618
-0.00127409923472898
-0.000469702436934924
0.000200237435739492
0.000331177305362644
0.000100564548425793
0.00305076094989159
0.00492675533541631
0.00264277960747699
0.000888987536644711
-0.00299858281740181
-0.00243039837686449
-0.00249469693507271
-0.00174437967916054
-0.000929258868725733
-0.000919465831413314
0.00188365410907448
0.00204337309858663
-0.00425478661169234
-0.00900290035541384
-0.00980002158245148
-0.012830862550235
-0.016469985841074
-0.0145436080678524
-0.0102786588571633
-0.0140165398909361
-0.0181860423928321
-0.0178869990331506
-0.0171750617219538
-0.0118650215071849
-0.00732168641668586
-0.00578239881088591
-0.00449459146983262
-0.00377343339769546
-0.00198757172063376
-0.00102578015178966
-0.00274677844804262
-0.00169026642285624
-0.00110583253515108
-0.0010394763573852
-0.000654315597717475
-0.00255737243847455
-0.00703488173585233
-0.00848109465099634
-0.00805735793621445
-0.00796286336669694
-0.00610202723088518
-0.00134929587133485
0.00204355985090355
0.00207557216318095
0.00024467905872585
-0.00168956312896652
-0.00708229272139549
-0.0129272566293213
-0.0135402740259438
-0.0110300595408172
-0.0112930164643551
-0.00659967469044327
-0.00435025748422086
-0.00575946940887059
-0.00792441678931982
-0.00895835780044053
-0.00912184046462634
-0.0109429523619236
-0.00978111628598492
-0.00383311938724794
0.000835157473984912
0.000497905548151656
0.000964136388179136
0.000648522356157688
-0.00287743776064154
-0.00554566706553936
-0.00741973940091205
-0.00915260000539398
-0.0118742315425064
-0.0027480210996831
0.00321737765185548
0.000651645299243326
-0.00050529766948762
-0.000648473442672086
-0.00897437173097861
-0.0149522690063717
-0.010893854391891
-0.00943316437677784
-0.00994595307494267
-0.00308131615027542
0.00270432301116227
0.0018465155345135
-0.0028598583676909
-0.000299208729634648
0.00317092329344897
0.00243542442857106
0.00188766958231129
0.00189722886505311
0.00175942873508094
-5.82112965776851e-05
-0.00105172508278169
0.00129916073191203
0.00512742454946873
0.00901791667818009
0.00212317613631066
-0.00353033552457861
-0.00222423111148574
-0.00383055051831153
-0.00230352671341599
-0.00064658185012184
-0.00161051121219294
-0.00498442747700042
-0.00427841901301837
-0.00318338683737172
-0.00238141919943657
0.000608533926374525
0.00164422329897753
-0.00159971247646808
-0.00248615794252084
-0.000991322544345515
-0.00284020073170041
-0.00364142201981325
-0.00093757455051797
0.000834251426139404
0.000413692647289901
0.000673359965122312
0.000774911430256301
-5.80179032945576e-05
-0.000437656065836242
0.000502070656749675
0.000631326645083042
0.00061115586578016
0.000185416049970364
0.00100834371378549
0.00220291608141389
0.0021159697025752
0.00135611246308152
0.0012991579437181
0.000721506759444635
-0.00198215888701836
-0.000707971465275465
0.00165197780621424
0.00238910735606722
0.00531037815891185
0.0046317937972848
0.00203732579937447
-0.000319112392714566
0.000238143758892015
0.00322404962067902
0.00523354796879874
0.00562315737491016
0.0062121152697871
0.00659269891579333
0.00396225089776321
0.00145524438136648
0.000649306552597444
-0.00143673124453597
-0.00489779946374195
-0.0033011443178562
0.000378655247264313
0.00159583213783868
0.00175060271971896
0.00313680338955307
0.00203832075770979
-0.000976372703163585
-0.00145349089083886
-0.000624012529572519
-0.00630555868963185
-0.00809377508881554
-0.00112986661209975
-0.00203859407104404
-0.00137830702883509
0.00021446184802664
0.000852332564765811
0.000333996764606485
0.000131027219044482
-1.39036493676657e-05
-0.000614486002617971
-0.00117187583798355
0.000251894538731623
0.00128986577551628
0.00115385165197028
0.00106417723494898
0.0021081754548135
0.000982462936094981
0.000209148129487156
-0.0001587989466738
-0.00152997095978494
-0.00161887733751645
-0.000736993975935478
-0.00145877731632987
-0.0023626612012927
-0.00262970267972047
-0.00106928448325248
-0.000720462465317718
-0.000433904236512554
-0.000328553585926889
-0.00068359556190905
-0.00257217885821336
-0.00308543549393401
-0.00213560888943649
-0.00164391097753416
-0.000943838796245144
0.00095618042515366
0.00151730415573102
0.00511263945834112
0.00111414732052323
7.23159165472629e-05
-0.000185795626496087
-0.000269461782975286
-3.33613614924968e-05
-5.4733259028614e-05
0.000208131453853501
0.000759410379309784
0.00110746937724273
0.000238415945754101
-0.00334252690113731
-0.000505765603356982
-0.00422955136477081
-0.00584932916386518
-0.00126612384627446
-0.00184126536691638
-0.00105955819711341
0.000465120586866559
-0.00163648141480576
-0.00151061061062708
0.00232903646516176
0.00447284473453837
0.00178005775729493
0.000987556460683303
-1.77086642748608e-06
-0.00360562980494999
-0.00550991525359264
-0.00445583792296868
-0.0046336208553543
-0.00497693187532421
-0.00103656345294708
0.00253310242459166
0.00133573158151371
0.000347183283978039
0.000860321616652939
-0.000857647845528925
-0.00196037328591092
-0.000472892225505324
-0.000151422851342705
-0.000772576969463041
0.000798500378233399
0.00357187072397517
0.00353665106177025
0.00348525625600261
0.0049536121259876
0.000764039644457732
-0.00620620485284908
-0.00856421095456611
-0.00522282125593527
-0.00461397395785678
-0.00382327933336549
-0.0024235575630499
-0.00159882365482008
-0.000705504757713846
-0.000763860672518019
-0.00173227453099267
-0.0023990469221751
-0.00205523199925092
-0.00154710888339365
-0.00154100802238191
-0.00141944010751829
-0.00194956551862049
-0.00401779207638691
-0.00540478902294302
-0.00429710286810261
-0.00220720547744516
-0.000887795044163811
-0.000266653577609336
0.000635252614463988
0.000975158172383113
0.00102276723497258
0.000937919297352874
0.000654910885719338
-0.000745710292108517
-0.000908546867008812
-0.00138844159599694
-0.00476294916917978
-0.00579505605511421
-0.00394091075158292
-0.00450402077855532
-0.00572058990151605
-0.00468699715731063
-0.00378400424097243
-0.00411730511134516
-0.00385180464344432
-0.00315634728194579
-0.00415658308058679
-0.00496958484140815
-0.00529457562651324
-0.00622192499400018
-0.00728465938290778
-0.00711208278093313
-0.0059566673906482
-0.00534272045649411
-0.00516771229550594
-0.00383702607236141
-0.00391741490262372
-0.00407724490860639
-0.0049130566751495
-0.00411383392589343
-0.00349000077573857
-0.00399671875979578
-0.00469919854198741
-0.00331019905106268
-0.00224568306069544
-0.00203405629835382
-0.00163510241323039
-0.000905780335751646
-0.00133103374239092
-0.00224580031398504
-0.0022023982278857
-0.0022585690091851
-0.00274659631136988
-0.00236335133698231
-0.00184146904353747
-0.00149370575130804
-0.00181595835713546
-0.00134471978653767
-0.00154158634380416
-0.00189133409568147
-0.00146753620280133
-0.00104932212054052
-0.00143393112865936
-0.00148240694333646
-0.00101755870077611
-0.000905005342290786
-0.00242792228774049
-0.00297397391119853
-0.00353436474361718
-0.00523149823875905
-0.00603431822344764
-0.00499796341108971
-0.00504704824018203
-0.00535606190780694
-0.00395375212873575
-0.00344430312834837
-0.00433073930829388
-0.00462111750477477
-0.00473965515461688
-0.00695815436841259
-0.0085393314137099
-0.00731129504236435
-0.00581105665088041
-0.00360047121309829
-0.00259128821427129
-0.00113524235255967
-0.00042169442362575
-0.000748775467052153
-0.000629531381276514
-0.000166211845574439
-0.000855507332835705
-0.00203320508903345
-0.0017851773318804
-0.00154211357302046
-0.00183714148463403
-0.00196016030289454
-0.00126071125546191
-0.000519017212736999
-0.000443545093939928
-0.000645663079018013
-0.000739512149172429
-0.00134406145996804
-0.00181060550976213
-0.00194851756991628
-0.00236201456411106
-0.00237352205713809
-0.00238491784833207
-0.00184295442072478
-0.00143817585183649
-0.00150439419013696
-0.00201854897104763
-0.00207764961271097
-0.00152307173992167
-0.00115112643394172
-0.000825302327102824
-0.000823057835857541
-0.000869308414435066
-0.000194713542342231
0.000176249345730774
-0.00024948265504829
-0.000409747753927486
-0.000540586740653906
-0.00108618578972414
-0.00123032513775042
-0.000957646967116954
-0.000894470073492222
-0.00097694583095873
-0.00080619972134706
-0.000999739494659532
-0.00106464547903341
0.000245377629422535
0.000611002275529488
-0.000149543827232156
-0.000668936073329606
-0.00132387174818978
-0.00212082611537243
-0.0029371558033119
-0.00315725077460917
-0.0034943086581738
-0.00345548706647912
-0.00241642647545322
-0.00124324444967957
-0.000840349470444228
-0.000673543861530377
-0.000928760529045362
-0.0015454441311749
-0.00202372110576164
-0.00245821944963032
-0.00279609123929839
-0.00262953940438285
-0.00194746401364774
-0.00119309841686303
-0.000632451756837559
-0.000430291713316548
-0.000517333993488325
-0.000652515949191918
-0.000914126629428624
-0.00110302478731175
-0.00136849481864607
-0.001864717231658
-0.00230484093829671
-0.00224998806879622
-0.00244037290521685
-0.00227543977426247
