-0.994993964905881
-0.994993964905882
-0.994993964905883
-0.994993964905883
-0.994993964905884
-0.994993964905885
-0.994993964905886
-0.994993964905886
-0.994721859683094
-0.991815586047973
-0.975936347744546
-0.955658383324868
-0.90461701275614
-0.832602367428652
-0.739679320419895
-0.609720274079427
-0.52867884207027
-0.496915649980738
-0.413043891836099
-0.342461485596198
-0.366241733693579
-0.386078644110626
-0.372081507428969
-0.40675847317876
-0.412747949768051
-0.324212075229616
-0.255023930303788
-0.235823148171667
-0.182934348066974
-0.15185018415002
-0.206371352522026
-0.245405926911013
-0.240884048146384
-0.282788240377786
-0.312651416374688
-0.257202426416456
-0.232540923428871
-0.23215006871718
-0.175931348082553
-0.0892711181819677
-0.0914707748956167
-0.100781820303788
-0.0906451930537931
-0.114647900717574
-0.155607784634764
-0.146304139656051
-0.118792503609054
-0.136823044443029
-0.148591618417361
-0.11743111065278
-0.110708656905228
-0.11063581592183
-0.0827516917407748
-0.0842603524878716
-0.114299393374054
-0.141607687293742
-0.134385802184059
-0.119639074054807
-0.10413960851606
-0.074374880519422
-0.0417069541985248
-0.0249422415155038
-0.0223896245460643
-0.0390826336213089
-0.0739274521835943
-0.101321232174402
-0.121531151266228
-0.122816127038274
-0.0906783217249719
-0.0876555196616082
-0.0896727126750028
-0.0776414709349493
-0.0566972048088637
-0.0442692960108022
-0.0309304889550368
-0.0278473179626932
-0.0333402244376737
-0.0287895592052318
-0.0145962020910705
-0.0281647067606598
-0.0476455028989458
-0.0492215088721713
-0.0548339742688004
-0.0665108928818644
-0.0414317006053745
-0.00877374997538496
-0.0165249680776713
-0.0184674399386479
-0.0290766783169071
-0.0720080323396781
-0.089095245073206
-0.0643691535973359
-0.0570831658823665
-0.0491611246645942
-0.00510338945653321
0.0255057335170424
0.0284151298857638
0.0241872504188504
0.0422180939452552
0.0391291180743295
0.032718396385801
0.0196175698210082
0.0185001161627157
0.018279984688085
0.0136634420887977
-0.00369602561698823
-0.0105990439146507
-0.0037916966516272
-0.00685794383840321
-0.00438966917643981
0.0155175214417629
0.0278908797186671
0.0268941669461428
0.0289950589206384
0.0218963960167471
0.0124198029913547
0.00468170655301235
-0.00191077797307057
-0.00225701140222703
-0.00403454854885225
-0.0100846206978675
-0.0100946193066786
-0.00258871072479014
0.00656211486957541
0.00203922106664758
0.00150894755767563
0.00185843101383223
0.00258991506056523
0.00852020947436698
0.00827671946294515
0.00799934123287421
0.00492473105366004
0.00142601603793456
0.000513396769844889
-0.0115369634190501
-0.0189356994758826
-0.00712818537581307
0.00233720519738769
0.00453891450903512
0.015788630254379
0.0212442762097697
0.00508980341239264
-0.00246575578650314
-0.00152135827036907
-0.0154743361310799
-0.0166070267715692
0.00261185746492515
0.00494177927301897
-0.00113071391705802
-0.00196227856027187
-0.00252633806922082
-0.00373435634590205
2.30518783463952e-05
0.0321577882507968
0.0356556849076321
0.0223412393475419
0.0175732685154135
0.00712566889588192
-0.00700211119644078
-0.0151436712276831
-0.0105673242215882
-0.00878992799943141
-0.00781022185405606
-7.47004042566477e-05
0.00427527744303813
0.00362816941832319
0.00512051457970213
0.00555106205741339
-0.00214706117291591
-0.00354109527803415
0.00350963423306562
0.0137836285718397
0.0167758053715625
0.0218889000409327
0.0345833502624258
0.0410169339363377
0.0329094938456599
0.024704430332368
0.0209828802252671
0.0140437142607468
0.0121457321958169
0.0103094165311044
0.0124833974294977
0.0146569337721661
0.017676803540423
0.0172944196182359
0.0129681781946411
0.0123915495162499
0.00400743922908631
-0.0153007432717171
-0.0231929283882649
-0.0247971105302534
-0.0282950354632077
-0.0231815943480187
-0.0104288299919752
-0.00470285243043924
-0.00354306878765364
-0.00574842003408845
-0.0108481251856342
-0.015806378985933
-0.0326964692541127
-0.0310984794066805
-0.0240822654147005
-0.0191021285729245
-0.0144630002450285
-0.00501234297040789
0.00202510054965845
-6.63421232998863e-05
0.000280136301984225
-5.0635323420054e-05
-2.75494130066786e-05
-0.00196861313598507
-0.00212928953632644
-0.00269381180879814
-0.00589285897266643
-0.0072251092116491
-0.00510216204763667
-0.00047414626844925
0.000970027730782652
0.00162068763336172
-0.000144611428056456
-0.000824732037384062
-0.00730212381790731
-0.0165035400179513
-0.0144636359724017
-0.0134157343989354
-0.0297431858893028
-0.034149012733559
-0.0273010913747603
-0.0218208085624179
-0.0146449397500058
-0.00725283952471883
-0.01664256156653
0.0026186591689565
0.00721945525847543
0.00711108911541599
-0.00750444880547888
-0.0144045368531391
-0.00178313534672675
0.000204875822514819
-0.00688113131708557
0.00229696931649939
0.0081441593111474
-0.00113041376439633
-0.00602294525487088
-0.00164064586153515
-0.00379550428532927
-0.00605065175495908
0.00912759045601099
0.0168915573874234
0.00700551018063627
0.00109863498403986
0.00200511336252225
0.00164975436065384
0.00110082057285085
0.00639882108633943
0.0105996656716943
0.0142087974978572
0.0187767653485597
0.0189274487568435
0.0154423084554513
0.0104786468760699
0.00832354922940414
-0.000797414776988654
-0.00411289541740064
0.00390090089805992
0.00368167846250936
-0.000260494793756976
0.000307774422017743
0.00216582560277253
0.00473359147137633
0.00686404563958144
0.00880739661245746
0.00936611252740821
0.00584220669482703
0.00132464892697079
-0.000763367343198689
0.000747633768379562
0.00442524008121998
0.00804762246564085
0.012548578722467
0.0121454117048123
0.00676212421963263
0.00174566857271529
-0.000825872026369575
-0.0013610998154616
-0.00551596944208613
-0.00230250595385051
0.00171687166394175
2.77247146402901e-06
0.000851174472398324
0.0031132753639038
0.00478342607668569
-0.00360862667492232
-0.00657448157411835
-0.00970066770396862
-0.0124321217867438
-0.00837548270480407
-0.00634974634591397
-0.00574724145189795
-0.0011353396695341
-0.00307974264720976
0.00227753733917392
0.022384695357165
0.0294540846894775
0.0197521100670884
0.0198136240859905
0.0163312896306688
-0.00540264998535467
-0.0152579312975471
-0.00772489352757678
-0.00635392006198789
-0.0107756839742475
0.00370067217896724
0.0133723248994599
0.00909372460583629
0.0159936835431684
0.0207560373416506
0.00473317960359777
0.00469995074212214
0.00399872598759659
-0.00170445186433724
-0.000971592423759689
0.00710925662911131
0.0124546287539534
0.0144471200134577
0.0143941682031755
0.00526876881377139
0.00137743187034418
-0.00717877018463614
-0.0197236588796802
-0.0192469309820496
-0.0111531049462857
-0.00881893687913576
-0.00270663640394856
0.008897517172058
0.00511075912102002
0.00477899011775061
0.0126010027202772
0.0164744245883881
0.0120485954559569
0.00768768921688531
0.00410875776470816
0.00381119771462614
0.00239646836653724
0.00260310104482394
0.0158204088330777
0.0293532160483718
0.0503002791780656
0.0556955758234132
0.0501172181647035
0.0415772161389489
0.0316373613962822
0.0233048127854577
0.0133221317132546
0.012663548634446
0.0157814573308942
0.0177031071536659
0.0215717154550635
0.0308287350335756
0.0232734088091523
0.0180516938054948
0.0219442800940807
0.0152359698149768
0.00431893730735723
0.00388890841022469
0.00761116251430779
0.00447830349228896
0.00746850634606555
0.00322008584547894
0.00102089026126894
0.000659417209767103
0.00109619104645006
0.00365070755113053
0.00230723512355458
0.00999024696357001
0.010445309767731
0.00877684607420226
0.0126169562202265
0.00710573072902248
-0.00264726933347106
-0.00388786536385423
-0.00228241462521227
-0.00196708891125631
0.00408268247573134
0.0103463213498261
0.0109143948133988
0.0100881422728573
0.0202468776646639
0.00392871291988066
-0.010863213105298
-0.0101518810461846
-0.0142375064607268
-0.0196932108920243
-0.00716492299372383
0.00784338488651069
0.00715375964106913
0.00883300333469137
0.01410151846863
0.00454263400254326
-0.00120638138373959
-0.0118290272468582
-0.0232554595695217
-0.0247612777650706
-0.0150805235558216
0.000636707118682131
0.00492522803170464
0.00925650306351506
0.0153363478877942
0.00580136432562319
0.00254313705195653
0.00679576911879849
0.0043977192377068
0.006280626993279
0.015653265200395
0.0170204985707449
0.0138195934487956
0.0148083502463287
0.00960807594477833
-0.00531079574106159
-0.0111832704446795
0.00104741473229539
0.00842756253348267
0.0125731692991673
0.0248661672207662
0.0330333943273851
0.0217504474827632
0.00806906727307651
0.00346962385986809
0.00122606063789934
-0.00259077010938436
-0.00252833617434763
0.00338454779167138
0.00677825622924744
0.00521381561316043
0.0061284062229692
0.00680184895767027
0.00110841974901061
-0.00585845746709005
-0.00137614568047293
0.00302044296313777
0.00847351856169702
0.0133256020509776
-0.00858176090844065
-0.0120654982722678
-0.0139651545062336
-0.0131959790812449
-0.00534107898482404
0.00219459357828788
-0.00244946828209048
-0.00210930618520636
0.00218557505183589
0.00505406897223217
-5.01789506448472e-07
-0.00590243056281806
-0.00698115638345115
-0.011244086254082
-0.0225514406071428
-0.0256614644339399
-0.014645538514534
-0.00952585345974615
-0.00731511598916993
0.00658332283844341
0.0140791195674464
0.00270821393446798
-0.00500376785540772
-0.00707311055565072
-0.0172095713076356
-0.0333485223673795
-0.0348884462610034
-0.0239488372462462
-0.0166989368520991
-0.00795361420528039
-0.000668622714851394
-0.00699575614807925
-0.0242790374184455
-0.0319924940743572
-0.0397869496404332
-0.0436153707965095
-0.0503064344379095
-0.0450304327327032
-0.044067986203171
-0.0423682551355736
-0.0379007531593589
-0.0360200000959926
-0.0286187375021413
-0.0265460117017862
-0.0307427292063689
-0.0337672197190375
-0.021990429009738
-0.0156190660733976
-0.0127291536660305
-0.0109865612522054
-0.00769964231269245
-0.00915396440440252
-0.0111196493278029
-0.0126984324024913
-0.0137508108886899
-0.0129921256750538
-0.0132864562560208
-0.00826365716773913
-0.0002120510065365
0.00111692877669736
0.000694391323592613
0.0030672496928479
0.00196771209851372
-0.00457790676595799
-0.00797014521934073
-0.0100584648282756
-0.0151991029200746
-0.00206315331846397
0.00733237860235201
0.000560404763042414
-0.00112414979902956
0.00629213783246477
-0.00147905210221296
-0.0195345447191112
-0.028439233163526
-0.0289812778718856
-0.0268629087834178
-0.0202607239756435
-0.0101343510042387
-0.00699091328307113
-0.0111382374281929
-0.0133374511104068
-0.0169619911144798
-0.0281380821454078
-0.0346750702985577
-0.0282754615181846
-0.0314806852079661
-0.0395757022646879
-0.0205824681851009
0.00788109045182666
0.00420914114229046
-0.00183693100558579
0.00529365377774444
-0.0154751660855349
-0.0426255690769936
-0.037506176127859
-0.0349077125871259
-0.0408882955587524
-0.0332656646255393
-0.0217378201370361
-0.0216992232492185
-0.0284208144010773
-0.026161046924868
-0.0218577141030681
-0.0207864165511577
-0.0178413539572785
-0.00783813592069797
-0.0106863798459757
-0.016813787470832
-0.0111715042715639
-0.007766424361968
-0.0119414080733226
-0.00761075203056296
-0.00556779596799272
-0.0200641625341065
-0.0211681789186897
-0.0120392527966329
-0.0147538740884551
-0.0209023311246662
-0.0195776663529444
-0.0184086202454632
-0.0106195516526116
-0.0102319709749889
-0.0179804163488164
-0.0323304522749305
-0.0283222149606872
-0.0155271353408179
-0.0107689641754286
0.00895962699411556
0.017208515607407
-0.00114609236756088
-0.0187654391596227
-0.0183436240029282
-0.019239372522892
-0.0243073102306529
-0.020842682047652
-0.0109427137971155
-0.0070884809296372
-0.00467264775263677
0.00693472657619769
0.00903244822540729
-0.0112417225352128
-0.0272147763412758
-0.0299663289265925
-0.0299080532860559
-0.0280030879240152
-0.0148299033335473
0.00145892009739864
0.00165004492721998
-0.00207165273781048
0.00210092158206338
0.033286577235697
-0.00318087508960451
-0.0108927769515394
-0.0117576881555317
-0.0280058782095122
-0.0315719052454298
-0.0165529454035663
-0.00488942719015109
-0.000499632992367453
0.00642286436262253
0.00320757041279346
-0.00273139224614721
0.00239472792672325
0.00214422424410046
-0.00346313866660073
-0.00578191155084659
-0.00363146329722437
-0.00703384213634415
-0.00982203875524006
-0.0117533362361442
-0.0192309022855553
-0.0254010628997525
-0.0281903453623306
-0.0278122442211537
-0.0215060636960996
-0.0109130732042448
0.000898868543269706
0.0126260335441098
0.00894287671058876
0.0145302322240584
-0.00584108685206553
-0.00423061794452261
-0.0059449596781394
-0.0269652146033861
-0.0264489064004536
-0.017745513306096
-0.0225779915231205
-0.0349170291233579
-0.0429071874200682
-0.0505072488702433
-0.0505344037243025
-0.051980302159313
-0.0426114119311401
-0.0479662744385677
-0.0475016009996421
-0.037649355142124
-0.0370854918071803
-0.042962714547567
-0.0374946726641999
-0.0324547966223818
-0.0357952893292682
-0.0369288111333973
-0.0332139582245235
-0.0328582062895434
-0.0264920307650249
-0.0224510224224746
-0.0260140366147762
-0.0352644554374733
-0.0277856763277384
-0.0203741867722203
-0.0241699605665674
-0.0228400975014026
-0.0136851180891935
-0.0108446656801136
-0.00302868404278725
-0.0010806164584537
-0.00162599652804642
-0.0151009931518686
-0.0106235950561427
-0.0113996899518684
0.000173950183739246
-0.0101091167741743
-0.0160457081448597
-0.0185598282891196
-0.016153632927941
-0.0104891525733608
-0.008238129422359
-0.00634955768037125
-0.00180555093260471
0.00195123913652759
0.000351214739807339
-0.00131810925993425
-0.000201393597383486
-0.00386834727632595
-0.0144175170589651
-0.0204560186568705
-0.0242917626733046
-0.028481193688661
-0.0274966598541043
-0.0180334801303525
-0.0116957649726216
-0.00420709459299041
-0.000675775901488961
-0.000293880172259528
-0.000548709317506872
-0.00235299387180799
-0.00479157066642864
-0.00564937601942198
-0.00653114337089972
-0.00462128840493969
0.000867408578094737
0.001977912998226
-0.00190175495990788
-0.00505648401480239
-0.00816202560408088
-0.011619812978122
-0.0112781674343678
-0.00943256630641333
-0.0116561433412438
-0.00787902217177404
0.000798721233202918
0.00306538769421214
0.000153259865387854
-0.0001430896084877
0.00267462083714221
0.00299831939533593
-0.00388662571682643
-0.00908045854133792
-0.0110641384656038
-0.00951539598602262
-0.00673016678809997
-0.00294545713549723
-0.00014941093224559
0.000101966063254621
0.00116966609251391
0.0021063952124812
-0.00522793406858571
-0.00693417065023123
-0.00449252830056804
-0.00700686666542806
-0.00729572118466504
-0.00652200344367193
-0.00413414219146834
-0.00272768275274846
-0.00145087910461502
-0.000325341905930519
-0.000624845822000312
-0.00292386319846346
-0.00311391596337106
-0.00153227074349507
-0.00163898645170184
0.00232678508448922
0.00356281302698527
0.00226065333893254
0.00180688376041604
0.0033204142732649
0.00173053000184716
-0.00107076286474952
-0.00126861901650407
-0.00106604589365566
-0.0012834871411927
-0.000297422989788927
0.000609242381212671
0.000770742607602977
-7.09156619189705e-05
0.000279652490343201
0.00414045071268772
0.00938842012364874
0.00918291705266318
0.0047355669602779
0.0048675669369273
0.00198722024566373
-0.00343504560767859
-0.00543853299304416
-0.00641447928617639
-0.00931462696533596
-0.00918636918986229
-0.0032476126296652
0.00235034892896981
0.000313149194665889
-0.000688920519269405
-0.000717091547830031
-0.0023214142395926
-0.00334857732902515
-0.00436800562974642
-0.000288106190903476
0.00119340078595431
9.69675892694654e-05
-0.00102287003230934
-0.00087715999004575
-0.000560899870535347
-0.000764375097522211
-0.000366318977876327
0.000271531896886084
0.0003894575691955
0.000159939651518432
0.000727248768777225
0.000978609350101465
-0.00171290318361685
-0.00230307950723895
-0.000438590702419656
0.000343669533720436
0.00113112622614338
0.00346430043758541
0.00631308678708686
0.0055789870102561
0.00672319223264358
0.0085181456037547
-0.00213623698547894
-0.00788542025857034
-0.00131331029777953
-0.000394243623055207
-0.00168166442630541
0.00358068320701069
-0.00216659975511788
-0.000406894748701462
0.00608867215258512
0.0109596526437375
0.00640535082837534
0.000345336050553946
0.00196426250121453
0.00344810192716923
0.0026401595220021
0.00832698194735719
0.0121079843027668
0.00735398739974373
0.00356358956207589
0.00352760867197981
0.00467704550385636
0.00320037463968874
2.13154533214606e-05
0.000755183989721774
0.000677077488072747
-0.00061130299040326
0.000662183029820495
-0.000555345401106657
-0.00252099264612528
-0.00293660220171227
-0.000112243361287673
0.00150048971680009
0.00206014745473136
0.00501304867287098
0.00665711768689142
0.00404166857755797
0.00279219907946787
0.00454025102777199
-0.00121614744031371
-0.00669737798089055
-0.00715536481685505
-0.0109528779821654
-0.0126319328126434
-0.00643594226729942
-0.00175110663794939
-0.000908211321755322
0.00014409053103222
0.000371414981265526
-0.00286578361028574
-0.00554423073826224
-0.0017851921684187
-0.00284804646164536
-0.000626473194530265
-0.000252360141233867
0.000567769335650385
0.00223884084415162
0.00199264208135607
-5.74942460828528e-05
-0.000444112643970087
-0.000977291736545385
-0.00582699895780538
-0.00903970821609693
-0.00742096078728644
-0.00561585121555269
-0.003841293718695
-0.00102062362026189
-0.000258833848238747
-0.00050626305256937
-0.000661141942750588
-0.00112390489598861
-0.00164134427483224
-0.00186687285847934
-0.00208635992873524
-0.00214721683543198
-0.00143855091784177
-0.000523480234903295
-0.000565048550843585
-0.000718343359349073
-0.00029472406807287
-0.00069848290370174
-0.000285868410115797
-0.000391426772864686
-0.00186885359898316
-0.00235572250493167
-0.00347151854288442
-0.0068600266879727
-0.00852546757093005
-0.00636222281935912
-0.0042981966991575
-0.00203565622029695
0.00297649220224219
0.00461696725297423
-0.000136075302191981
-0.00542018412131694
-0.00454845217154895
-0.0064062048071044
-0.00508290933803523
-0.0026731054185309
-0.000867402442508616
-0.00232863696410869
-0.00685392507194058
-0.0103227020298114
-0.0112932724950892
-0.0119092606770816
-0.0113051551023601
-0.00800743339538023
-0.00661717606573988
-0.00547930375729057
-0.00394890684106055
-0.00617793778083801
-0.0111748150294756
-0.0159876192358934
-0.0167207857472895
-0.0174313421173074
-0.0173188590864577
-0.00904895118760314
-0.00736714024295983
-0.00812825179440966
-0.0047756809940803
-0.00703859915656139
-0.012252062390626
-0.0107206492229341
-0.00742356720232369
-0.00535609287402758
-0.00526188721844061
-0.00457422073050481
-0.00528513213607393
-0.00719350327309088
-0.00592684682619356
-0.0038918864390329
-0.00310973863213756
-0.000493121731288423
0.00186229973243744
0.000504224933077225
-0.00274007861609049
-0.00476098305380042
-0.00581948825693293
-0.0107406696710262
-0.0115054767706064
-0.00785472323067723
-0.00525570117616302
-0.00412983871852114
-0.00199350387569476
-0.000882910809203227
-0.00195271573844945
-0.00322279135381491
-0.00282707133344265
-0.00254903213017647
-0.00315358168941649
-0.00252676591530443
-0.00189094496717444
-0.00142747942789006
-0.0012302549874805
-0.000727021126816533
-0.00101065691468764
-0.00101065691468764
-0.00144108558194788
-0.00117561203711566
-7.57919107159035e-05
0.000216252288485647
0.000304353882141521
0.00133652782000789
0.000592859832736656
-0.00101435691642332
-0.000905288661389588
-0.000714963850300561
-0.000903790183605933
0.000538964358241766
0.00217817854261695
0.000366840320619963
-0.00231946698752652
-0.00337824022676282
-0.00529985026420678
-0.00846969417730302
-0.00879686810159047
-0.00639986646254813
-0.00406899817237328
-0.00187629210038593
0.000376726620968201
0.000473864239015514
-0.000788132059482776
-0.0017397691724664
-0.00305805029500498
-0.00395186268620547
-0.00378047628601441
-0.00244054010245277
-0.00119106360554097
-0.000722505633996596
-0.000377740220444777
-0.000143260085222234
3.17535016512761e-05
1.88869592529254e-05
-0.000167561172978747
-0.000224541729846175
-0.00025313601993043
-0.000336060880342757
-4.6195511994114e-05
0.000112770794555632
0.000118364577483759
0.000143598053613785
0.000223457036369796
0.000190676739591759
7.98716557991983e-05
-8.07127921035904e-05
-1.43377119637563e-05
-8.34206881380724e-06
-0.000248570478316635
-0.000261018195065176
-0.000262727622920142
-0.000303836019590102
-0.000376448539090097
-0.000167971490854716
-4.35716908788002e-05
-0.000108079356113874
-0.000128797642628124
-1.85790277448021e-05
2.48295736754105e-05
-0.000106625447953969
-0.000149967318088646
-0.000115543469805352
-0.000124406193903715
-0.000170788741540433
-0.000136642047878444
4.84282380791234e-05
6.62753072318203e-05
-0.000209062499281878
-0.000886763680329874
-0.00175756035977596
-0.00283264028945395
-0.00339218718228634
-0.00384366153384569
-0.00211675119790172
-0.00163849527800703
-0.000877526064737759
-0.000579814897477626
-0.00062192766649003
-0.000621927666490033
-0.000621927666490034
-0.000621927666490035
-0.000621927666490036
-0.000621927666490039
-0.000621927666490042
