-0.964456085804437
-0.964456085804437
-0.965630750455223
-0.983726043011749
-0.98794642694115
-0.929991178910098
-0.910839566594613
-0.871915713446453
-0.755582955501642
-0.695781716786408
-0.73938571351877
-0.764194369554714
-0.775216146472775
-0.862624448688074
-0.931039900298579
-0.857473827370761
-0.776557316621371
-0.732805012078318
-0.561764562333286
-0.363719040485959
-0.368101249581668
-0.389639359094843
-0.301934888049907
-0.313173948734873
-0.408193517884828
-0.375281864438489
-0.273739840892952
-0.275054344505362
-0.262404512484081
-0.161822901504969
-0.143031975526616
-0.198528167547717
-0.198323926232106
-0.166601993952844
-0.213615022268326
-0.231257445318395
-0.186930134402307
-0.20211865709729
-0.238513169112748
-0.18791927126539
-0.14623664541786
-0.185232138605079
-0.195868847974826
-0.160121731114832
-0.154486427981517
-0.156326337139379
-0.153552944292994
-0.142509332164384
-0.149806531799737
-0.155592635718819
-0.155625165412536
-0.139152028635871
-0.134746183848093
-0.144628767165219
-0.149280821824689
-0.166533894734415
-0.173174003220144
-0.156645355413569
-0.132372632549586
-0.113175305932735
-0.0900802442359094
-0.0722208408933788
-0.0678084506972464
-0.0636343267676716
-0.0645797182143188
-0.0879487268876631
-0.110762037527332
-0.106593582227674
-0.0799692829635871
-0.0705753526216309
-0.0558080260792868
-0.0235992564090558
-0.0180147729636656
-0.0429094674632547
-0.0584572842730533
-0.0616085845704195
-0.094169201263045
-0.0953199827627834
-0.0762418477584769
-0.0557783634868466
-0.0472612711458397
-0.0248600390209113
-0.0172936507465021
-0.0429975815412716
-0.0552827165078424
-0.0467481451812201
-0.0294947091573823
-0.0160591572502113
-0.0145151255747313
-0.00911843564128648
-0.0129432754346923
-0.0328705228572712
-0.0462773643748384
-0.0474592254754243
-0.0476456325603904
-0.0452601024510353
-0.0154856306455339
0.00827132170395613
0.00371426200768504
0.00166330917502069
-0.00148607625530929
-0.0323555920824842
-0.043115931452045
-0.0345464311985547
-0.0370409749492306
-0.0320943719066019
-0.00348453371920105
0.00364866597070234
-0.0025716443005706
-0.00305423128402451
-0.00368598411559432
-0.00953601301881896
-0.0157257835799762
-0.0113703414717467
-0.00778786076900658
-0.00718986362983957
-0.00143259861388645
0.00399137582279946
0.00478284071946144
4.8007070539929e-05
0.00375264335294996
0.00648500987178729
0.00403651392386902
-0.00400712640959027
-0.00616619089844167
0.00776072233586317
0.0159269112633742
0.00747081641064302
0.00308045991352195
0.00261242898551469
0.000611151251037286
0.000489062814341203
0.00799266052110866
0.0142628261807044
0.0146161443915539
0.036018447863045
0.045076042175252
0.011944756084885
0.00540956957122289
-0.00949822979764416
-0.0243324304933118
-0.0331773293402997
-0.00458387684658294
0.0191351051684973
0.0220580221289501
0.0354325859567466
0.0420449676768966
0.0309681691059882
0.0160137161430532
0.00954074046959461
-0.00450194777283912
-0.0334626989716363
-0.0222033350212528
-0.0044017028006293
-0.00339346728702079
0.00186794883213242
0.00955291060046332
0.0292814177591094
0.0160133462709095
0.0130270704569866
0.0181937898268881
-0.0080828514616771
-0.0292100584462654
-0.0222108458228424
-0.017376018589764
-0.0187113049713921
-0.00518815407988981
0.00650838235382551
0.00204312746830996
0.000410150803989874
0.000363813176911178
-0.0021082837230901
-0.00690593020552068
-0.00480673652638171
-0.000291796372459939
-0.00347553667510414
-0.000635075699973134
0.012276355035971
0.0116708041562079
0.00889354963428238
0.0101652712748706
0.00673004967056407
0.00632175277453522
-0.0025797364155449
-0.00742277176664126
-0.00442106670979505
-0.0134705842679255
-0.021347612061627
-0.0270507324775208
-0.0252693129647283
-0.0239136535775028
-0.0248191222206603
-0.0226229192735277
-0.0156899773270962
-0.0178169192435811
-0.0229924679457342
-0.0149415342681141
-0.0187898979746114
-0.0114663773015048
-0.0114247732084623
0.0119685157530757
0.027817554213444
0.0217206243226739
0.0156321259145645
0.0182368368208786
0.00867216954964994
-0.00353181236113398
-0.00126473097687166
0.000531883117773061
-0.000547538339256963
0.00450650381337015
0.0110640095349589
0.0136346839638586
0.0229642104371717
0.0228248793859049
0.0138866136439329
0.0109500454055577
0.00848163541808639
0.000530022811408072
0.000408400149815711
0.00279699056864823
0.00638836629698058
0.010217341753204
0.00721434999770977
0.00378173572982801
0.00281865527441788
0.00452749632575264
0.00570495950307997
0.00909320289746065
0.0097193643800292
0.0146758837285054
0.017394045963448
0.0132178284640611
0.0383416314081061
0.0258015407646503
0.0224578815530772
0.0190463331296985
0.00172820225429193
-0.00506380792552638
0.00277525467527326
0.0075589682565807
-0.0052754162748388
0.00445660911476023
0.0184798785705833
0.0400886774567684
0.027364530488784
0.00893979092418964
0.00854570818884917
0.0014252874364524
-0.022937821479318
-0.0349807916512999
-0.0330235832080756
-0.0391948835629144
-0.0281341555164304
0.0046723679465528
0.000452009445623512
-6.45772706051517e-06
0.0104822885140324
0.0117210480382892
-0.00259522154775215
-0.007727785516197
-0.00838406864116752
-0.0102207164533709
-0.00566521823816265
-0.000609974299477532
-0.000704460305535903
0.00351382521875138
0.00676771953409289
0.0132204647684574
0.0131502762667167
0.0195330844954605
0.0185017767490173
0.00645940421057328
0.00805928118323835
0.00864104573307195
0.0018925753937535
-0.00116960982957381
-0.000282507241942444
0.00262517554157586
0.00706982475594493
0.00532999504272624
0.00812204825854994
0.0144952207025424
0.018124054698112
0.012303016655305
0.00262420991162308
0.000349209532849585
0.000169267238404953
-0.000910523008309241
0.00339740388129278
0.00910060929116776
0.00710086772485379
0.00430376240180225
0.00592737200743432
0.00176665908919105
-0.0037335307848931
-0.00407969312721555
-0.00194556765129849
-0.00033179476307882
0.000693866802694941
0.000794850534975318
0.000999872443178971
0.00130881946408294
0.00308061663468897
0.0031579499547757
0.00520447352864832
0.00396741081548316
0.000695206652115454
0.000445360586578943
-0.00055420187669166
-0.000678959608621663
-0.00105331477052395
-0.00238677018108957
-0.00295556958212803
-0.00286275199631345
-0.00373558511609433
-0.00377756825818589
-0.00258052614671477
-0.00279301732862845
-0.00382303127139597
-0.00214310052407488
-0.0022271398757945
-0.00310703529995204
-0.00124796310242403
-0.00224542236978816
-0.00338421694379557
-0.0032591194294534
-0.00255190752314375
-0.00309329185390021
-0.00369309169417099
-0.0001813283746356
-0.00146554581819698
-0.00153909773269115
-0.000683364343541626
-0.00317362825094599
-0.00704725269439497
-0.00857986328507664
-0.0076090112191974
-0.0103520197792641
-0.0135358751964061
-0.0103480380227541
-0.00570615222351263
-0.00411316267630488
-0.00225816646480495
-0.000640327249144876
-0.00178676796446354
-0.00240385939975367
-0.00163944654329977
-0.00192925737343449
-0.00334465873756954
-0.00114983539869152
-4.32355621317994e-05
0.00480449360438921
-0.000627418664538855
-0.0032167791331103
-0.00266015126539959
-0.00296174460268074
0.00102994358786297
0.00359265699870074
0.00130781042843129
-0.00147954129336853
-0.0013876216311433
-0.00359491604741077
-0.00731520587335833
-0.00626922410854703
0.000510711378938797
0.00346538502277778
0.00379552341433972
0.00715042873680421
0.00536923171697665
-0.00125532249810307
-0.00279861044326152
-0.00256649962277538
-0.00839987639851546
-0.00974636626851486
-0.0017067085894524
0.00365560814546476
0.00972078125604317
0.00441574757122938
0.00317397170337756
-0.00124774500448631
0.000619781833472381
0.0112261941515061
0.023159237889943
0.0255463043244527
0.0343687947994852
0.0273066669725836
0.0178764177137678
0.0180046457733135
0.0162724696792411
0.017176207436107
0.0267201259856305
0.0302088501527693
0.0241277834345517
0.0250964714869411
0.0274307203747442
0.0171322283897952
0.00624616170268304
0.00746349971993374
0.00137571463584447
8.39512962377761e-05
0.00845036587951349
0.0187434224494919
0.0143098265534421
0.0121866530459597
0.00775003477139225
-0.00540440853817061
-0.0183669049124437
-0.019446354200356
-0.0185667218703686
-0.0153540414337384
-0.00629581859841212
0.00391869430252658
-5.0167853034978e-05
-0.00304321967076543
-0.00212576652810769
-0.00246983658963724
-0.000656618264994717
-0.00360558762796695
-0.00776836360843509
-0.0144171126369781
-0.0137894923377881
-0.0102087493487916
-0.0107513184445053
-0.0082248876270854
-0.00586186063002773
-0.00582534266127459
0.000306971809153572
0.00256494295946099
0.000441900266702523
-0.00206463154703767
-0.00233604643456787
-0.002537030179312
-0.00839844760306866
-0.0136613876474684
-0.0121040197434207
-0.00980673793422126
-0.0099546755872219
-0.0024912421694424
0.00521399936011678
-0.00153129343796552
-0.0113528009780735
-0.0137721211463671
-0.017183292572231
-0.0223794074558251
-0.0168927336617897
-0.00245586471092121
-0.00543216247212561
-0.00579612020886819
-0.00496486143325882
-0.00603600872954756
-0.00809024847651382
-0.00802421629291774
-0.00432886173629424
-0.00430271399236806
-0.0033862198296789
-0.00143078719396184
-0.00374207705140808
-0.00699536292142866
-0.00708400979836268
-0.00796262828982493
-0.0126643743565893
-0.0135243631422527
-0.00799804734219912
-0.00766149000117517
-0.0079357749392556
-0.00209785546255547
0.00359108081583806
0.00324132687083354
0.00188893892978412
0.00227422817942556
-0.00126454927863839
-0.00257988280279321
-0.00321158812695695
-0.00231650128925775
-0.00260606682034367
5.81346715495721e-05
0.00205260389939269
0.000922961087606809
0.000498887901618529
0.00201143014892194
0.00128450362643701
0.000663883609063407
0.00438208340029813
0.0074016875164314
0.0126967213877555
0.0106445872536448
0.0116802120574143
0.0192286358228249
0.0157220963380215
0.00844936865218981
0.00805832013776497
0.00702579354657784
-0.00139786217236185
0.00109779625358524
0.0118112279079297
0.00774772230233069
0.00712988714172467
0.0130380262789655
0.0123886804108457
-0.00245992955915236
-0.012793899958245
-0.0114865134622969
-0.0109786353934165
-0.0104338138463981
-0.00619398647018313
-0.00146672716440054
-0.00362253624984754
-0.00332477160999831
-0.00409595229741015
-0.00853878049263626
-0.00429105525274838
-0.00159151292545639
-0.00414606620281879
-0.00788010383805426
-0.0119812665822886
-0.00712910760841816
-0.0023416738357985
-0.00139142430555349
0.000227165059653601
0.00272614072356669
0.00411999227212197
0.00232769029969822
0.00350410912862816
0.000762102217142265
-0.00408529601179714
-0.0004997132114891
0.000857027830471342
-0.00165562419783701
0.00306144056384507
0.00980155288429819
0.00923421066012804
0.00800797687076614
0.0114701071418163
0.00723222092157534
0.000368288795200294
-0.000879245260782483
-0.00256692466669424
-0.0031577497708751
0.000130891090453251
0.00515073776433637
0.00505289437336929
0.00807921855655106
0.0102672141934551
0.00840124545458775
0.00668669350128955
0.00706832040325215
0.00169568458662346
-0.000978419649633575
0.00228130743160157
0.00451426120736561
0.00526662843828282
0.00832125916155799
0.0068165102333731
0.00459277464586086
0.00630798774345836
0.00713370415671823
0.00428524539961384
0.00147273086970714
0.00102061354050751
0.00186007658868045
-0.00121754333317192
-0.00209124352353543
0.000619266260397692
0.000831108425191501
0.000210765211039407
0.00187545680078439
0.00315477906353172
-0.000654570528393058
-0.00233121710991608
-0.000213090061304868
-0.000392236761313269
-0.000646319548767807
-0.00155891055213819
-0.00290297794122293
-0.00507302273292739
-0.00726956652049164
-0.00410093517542581
0.000256553984276085
-0.00375564782263343
-0.0049885853379261
-0.00231596647345226
0.00135128164463708
0.00169181818542273
-0.00186336858939297
-0.00314329566038091
-0.0031192030607376
-0.0031535908904263
0.00155987230133351
0.0028685357531697
-8.68035361753366e-05
-0.000462265645162501
-6.60665051871088e-06
-0.00191858718270763
-0.00160582968081388
-1.56815351953056e-05
-6.33398857906812e-05
0.000181352198474285
0.00157150605917543
8.85644361517113e-05
-0.00174502616802498
-0.00196365018870498
0.000851262788977435
0.00244282849627839
0.00438397751439396
0.00808257618848307
0.00638495594875807
0.00580894798871888
0.00395059026396933
-0.00462600764067172
-0.00749664296102107
-0.00584554836696783
-0.00694498095554542
-0.0105339898186411
-0.00522420168407448
0.00252332021428453
0.00469556686992001
0.00240006496345306
0.00229466412737177
8.356592214113e-05
-0.00131567899305886
0.00263657400455403
0.0020492225700339
0.00197164192955236
0.00551835191702113
0.00114407762253736
-0.00684466631762768
-0.0066709958494798
-0.0064132383094767
-0.00906669446679383
-0.00707879364207084
-0.00217370280898837
-0.00195968640650175
-0.0026263103351745
-0.00277283607175378
-0.00530879180061186
-0.0114391257808521
-0.0147115905963038
-0.0147610019867358
-0.0181324158317256
-0.0126820177720092
-0.00839276288653004
-0.0069532658143383
-0.00215545264732724
0.000463731817471196
-0.00317770595707704
-0.00624247159461215
-0.00620605927187059
-0.00552950439892025
-0.00437291668586777
-0.00261319036686765
-0.000308839187485469
0.00292519627853997
0.00127166295773833
0.00107323740372048
0.00018184411263293
-0.000331736429949098
-0.00138909930923062
-0.00148586071383993
-0.00131152606999969
-6.70447376477433e-05
0.000816555456228149
0.00222202340782973
0.00326237441124258
0.00582247647453618
0.006615795199738
0.00412203957264833
0.000772738371276867
-0.000579570787246544
-0.00100061874857122
-0.00270639324656787
-0.00343146249705077
-0.00210893278652501
-0.0019487345233613
-0.00206595058662461
-0.000128881278540435
0.000592213144455924
-0.0020183822069003
-0.00319714785685877
-0.00198107982667853
0.000267147469718413
0.00130566508015686
0.0021042866390123
0.00355384098649832
0.00311586389209074
0.00219560873604532
0.000225621760562444
-0.00115646910199938
-0.000918207006019087
-0.000562371008106051
0.00119028110519674
8.17311949354114e-07
-0.000961448286885778
-0.00121477886542211
-0.00731942994876974
-0.00865957646291561
-0.00524133382333489
-0.00486689072396754
-0.00375377365321157
-0.00174074533642515
-0.00109312424884668
-0.00154581281933695
-0.00154295541066688
-0.00359866204397389
-0.00407180751782328
-0.00309125545050559
-0.000798849375695221
-0.00213385909929041
-0.00377515837839174
-0.00257688778617763
0.00176987371195537
0.000514174516344978
0.000829723210541735
0.00215186010766794
0.00131831945839426
-0.000647598592541109
0.00100401881145657
0.00247902944162943
0.00249616373637577
9.84004850743086e-05
-0.000981777899128941
-0.00105460275274617
-0.00225777494765468
-0.00366987005255905
-0.00312937445143832
-0.00223946570992902
-0.000643507009323825
-0.000177388173358243
-9.71818121896274e-05
0.00119804364644686
0.00275612984105965
0.00314170771055434
0.00341902514963768
0.00391330646997656
0.00200311696641374
0.00227157598627253
0.00365654765943536
0.00023548509929072
0.00047480915955444
0.00240829168061651
0.00156934040608514
0.00403905079240205
0.00588762433171577
-0.000762656864022785
-0.0064293317620604
-0.0072552155093302
-0.0112018114320768
-0.0149040413728155
-0.00689354391565203
0.00125966911601764
0.000721887856195467
0.00315452603257911
0.00431684334582477
-0.000140321678018054
-0.00542382279692531
-0.00405816522206239
-0.0037860342820167
-0.00558958636734722
-0.0032048859139847
0.000740608283382392
0.00116132306262095
0.00275511815313599
0.00526806812400066
0.00321338461452996
0.000244814885413248
0.0040145363344551
0.0057874178993489
0.0045727378302698
0.00672722881566012
0.00798626868531466
0.00390682072206348
0.00232665353445749
0.00565457263421369
0.00750358617171861
0.00807751461252921
0.0120538842230385
0.0114147309537216
0.0047142765870771
0.00169090694705921
0.000932954686503143
-0.00374939842097772
-0.00473658462054451
0.000118961410136377
0.00117764462695018
0.000259045670454114
0.00535897390192171
0.00592349290718639
-0.000532496107702572
-0.00386039254347538
-0.00325201269521373
-0.00740640264983067
-0.0113266131067227
-0.00793423894714288
-0.00240263683893961
-0.00127664525490979
0.000876881675058336
0.00243703435972874
-0.000465842179468942
-0.00304418992815946
-0.00284378806475897
-0.00326969425536632
-0.00432473630960519
-0.000943334181124323
0.00109547444545866
0.00133607302329146
0.000611931833016532
0.000535953713276644
0.000234975796817817
-0.000604866944504814
-0.00202242960955579
-0.0018892228295146
-0.00244659393637361
-0.0020158597820003
-0.00448703749348984
-0.00447330068267229
-0.000901815650885089
0.000626037800995128
0.000475545636735814
0.000942539905396239
0.000678279078834086
-0.000778683832607829
-0.00124564273563881
-0.0014083787979489
-0.00126106671554578
0.000941250609160992
0.00271906485828653
0.000155764347832044
-0.00155826491472321
-0.00141928421420294
-0.00261392553606472
-0.00278400347538635
-0.000755620890978198
-0.000308158176436284
-0.000323334609975089
0.000836657463427725
0.00227171265011781
0.00265131932649184
0.00143473663093167
0.00274952264927358
0.00122122873222295
-0.000848380780148364
-0.0010853658097999
-0.000563589120629513
-0.00237515884420321
-0.00136516087582583
0.00189945391992007
0.000634253663734818
-0.00112044753751786
7.02035162926367e-05
0.000109077476595438
-0.00160725890428134
-0.00020132883906631
0.00275421514367044
0.00172688941403006
9.84039892085696e-06
0.000736159546156401
0.00130768597800475
-0.000246242590382589
-0.000444076416092959
-2.09946754609266e-05
0.000330127157555411
-0.000787544546436387
-0.00152221812702531
-0.00230329253436076
-0.0021115828550441
-0.00190256929951623
-0.00238968646273516
6.08337716589899e-05
0.00155892922398322
0.00121105687861721
0.00182970145242818
0.00256902057821876
0.00127941070225403
0.00017627617274259
0.000525210123127452
0.000318661498000104
-0.000109380225500168
0.00213983887486033
0.00320083585145617
0.00193762707006108
0.000521597301479793
0.00192745124263945
0.00284742887699394
0.0014747940403115
0.00108566071901933
0.00251730819847477
0.00278888556415428
0.00199629537330652
0.00235907807783089
0.00127744672671796
8.53840915345288e-05
-0.000515144858440602
0.000283909985141815
0.0018225440409633
0.00213708895530075
0.000965046130874138
0.000212533793338714
0.000116308654246983
0.000365394280808626
0.000263248815505588
6.7509158589176e-07
-0.000107146703665275
-0.000245011360894577
-0.000869363414195059
-0.000729831135835566
-0.000579426417151243
-0.000425993675156144
-0.000382791815620933
-0.000137088236336324
-0.000347106217004976
-0.000263621693973165
-6.08863712280418e-05
-0.000334300258053168
-0.00240043603746073
-0.00290173159023148
-0.000605317333758691
0.000463584802087308
0.000526761354623953
0.00193133869064965
0.00250629941585183
0.000618262444559327
-0.00102716267850597
-0.00160355619613179
-0.00264746615515568
-0.00401089488608382
-0.00396336042608882
-0.00170426034635003
-0.00166565808268035
-0.00237334759451132
-0.00293927616968654
-0.00249758664049011
-0.00151481123870335
-0.000639923107618582
-0.000398846631996264
-0.000816887148334386
-0.00159774244006526
-0.00200396617069738
-0.00264147208494096
-0.00267013050913922
-0.00334418539924045
-0.00395088627524046
-0.00505151506754594
-0.00549560334597195
-0.00510828041587825
-0.0037909950113842
-0.00227512233295014
-0.000614286296595684
0.000561113637523371
-0.000159991345789332
-0.00198459779713919
-0.00371291709851205
-0.00570504313405244
-0.00716605137929403
-0.00547540926183052
-0.00330111730732586
-0.00211347118383472
-0.00289099506917625
-0.00168797416821978
-0.00012293352483099
0.000325751317156114
-0.000291555350623185
-0.000854266082303691
-0.00132923214089255
-0.00193015320352969
-0.00260024684010773
-0.00250830024319958
-0.00276074981721807
-0.00264687540447126
-0.00267182904005903
-0.00318427264292293
-0.00237237335550432
-0.00178157689748283
-0.00281464286557572
-0.00474002814450586
-0.00633087291515873
-0.00759766954605226
-0.00902697088508723
-0.00814838999817305
-0.0071896531439216
-0.00594095806803526
-0.00339401765154128
-0.00177901343952456
-0.00321520482501027
-0.00444321150599274
-0.00465211932175005
-0.00577632032097474
-0.00610969566509106
-0.00439328455428022
-0.00351599436154221
-0.00482773402053622
-0.00394148549943211
-0.00332760805603043
-0.00428859287728909
-0.00344231127164039
-0.0018741461214752
-0.00163619611321874
-0.000615179830861089
0.000654199880384379
-5.09063168152805e-05
-0.0011608369307498
-0.00293791346020817
-0.00641067583387392
-0.00966050346412745
-0.01155899663576
-0.0105944830618613
-0.00888220677230155
-0.00575027433871474
-0.00229742507918924
-0.000949216958334282
-0.000600024089330668
-0.00109135329929715
-0.00230170200433946
-0.0038281679587591
-0.00455904663970696
-0.00463434591006493
-0.00437244732497511
-0.00388291381860972
-0.00277650744850905
-0.00202307982089322
-0.0016376695611541
-0.000952745093462041
-0.000986851758055167
-0.00175512814017996
-0.00211057612368416
-0.00171495205867335
-0.00198695129660583
-0.00245957769903882
-0.00239882699173113
-0.00223010903283523
-0.00198309188568139
-0.00160432009768744
-0.00179061076565536
-0.00179061076565536
-0.00179061076565537
