-0.958842906584991
-0.956781761099092
-0.970032637261395
-0.950415181763607
-0.881292634762342
-0.802907372095398
-0.739656588185255
-0.60104332104238
-0.469655502149742
-0.460638661321656
-0.50832497387934
-0.521426352904813
-0.554950554708346
-0.60365184214408
-0.571964945854831
-0.514354439343062
-0.49130413982428
-0.423540453607754
-0.324625022970391
-0.320450609282742
-0.382847282541569
-0.406010978978935
-0.44462554410256
-0.527559337149349
-0.545205769832618
-0.500051366252829
-0.46948326674836
-0.414740978424284
-0.29065808543546
-0.248631982687833
-0.299635534605775
-0.303479298530978
-0.266490308931332
-0.218538537629151
-0.192005213521723
-0.208081542794944
-0.238720135178298
-0.227669510782281
-0.19338493777618
-0.158513000885686
-0.143815014886657
-0.127979207654048
-0.112248699911229
-0.124129533185619
-0.146383634009023
-0.144358516428792
-0.14425916094691
-0.153547573142207
-0.14131388179645
-0.117722601746734
-0.112452691489451
-0.114230620508843
-0.111726617638462
-0.123693526579684
-0.123906507523637
-0.114487523456162
-0.110031104175873
-0.113076904744727
-0.146589177367004
-0.158340010870951
-0.0949094250010793
-0.0373609784612513
-0.0345881938735647
-0.0307585218071967
-0.00646884584691419
-0.0494421334379054
-0.117790289606739
-0.128893032552578
-0.119039653635972
-0.133466011218214
-0.109718026189244
-0.0498392725599733
-0.0286358338912884
-0.0444998237621591
-0.0389978814606339
-0.0435861074861561
-0.0722795725763999
-0.0784868356466889
-0.0531192149363584
-0.0447489452135151
-0.0429875210607499
-0.0119792377291267
0.00647879566947241
-0.0128781524108278
-0.0222462899335983
-0.0154135083086495
-0.00841422199696995
-0.0179440957773935
-0.0214465146649699
-0.0198438321132417
-0.02883680554428
-0.034772625276294
-0.016219542242849
0.00704417786373145
0.0117639049926261
0.0231367263684462
0.0352825370076763
0.0119506554612581
-0.00811162348588435
-0.00552300758015881
-0.0198910272553002
-0.0654666708198974
-0.0549630508039017
-0.024669015688035
-0.00278800006418919
-0.00400071525093079
0.00333980990206827
0.00765329757045775
-0.0167782023848102
-0.0463087538247469
-0.0551979018149094
-0.0619155160909735
-0.0689485866519373
-0.0413150488194636
-0.00915975492913291
-0.00414225251124612
-0.00491632868031018
-0.0106958589808157
-0.022018037742978
-0.0367929422009216
-0.0393573789684461
-0.0376320721185263
-0.0395840674593348
-0.0309016135783236
-0.0091500639074739
-0.000290609798147302
-0.00706892364847574
-0.00565168335681907
0.00353342243265154
0.00419677233625112
-0.00426598968321846
-0.00829010729598175
-0.0146894412148911
-0.0247436969203541
-0.0229656098048017
-0.0122448620704877
-0.00286292942991581
-9.34573347636064e-05
-0.00366994522639986
-0.00941646552514164
-0.00953218520528417
-0.0246743880152895
-0.0187979333809349
-0.0126870767031415
-0.00835684268906699
0.0034793133475639
0.00892462399919664
0.00123492452856333
-0.0101749457595344
-0.0140251704774281
-0.0266390869280708
-0.0467909788637786
-0.0462024436609943
-0.0286880155212438
-0.0149978174347831
-0.011211407415397
-0.00281993220463303
-0.00272641200084195
-0.00608199127491469
-0.0135361014586503
-0.0157175910117817
-0.0203854482825367
-0.00381518804518963
0.0030901053741642
0.00180624066304139
0.00535524935586826
0.0130643242292049
0.00625368512237376
0.00537300077715839
0.0141324797674365
0.00899967728755275
0.0104918301061861
0.0202211865556758
0.0152484578240916
0.00691307620247995
0.0133449652346672
0.0193139094073578
0.010673150543595
0.00249538650430538
0.00380416122631375
0.0127368375260865
-0.000859786119553629
-0.00928426305219916
-0.00311871479501054
-0.00385459895295944
-0.00168444530669203
0.0114138771958376
0.0144970919260166
0.0106687002675844
0.00950946236020001
-0.00112998344330178
-0.009409568418926
-0.0173620747666816
-0.0159039853327378
-0.00881943528332954
-0.00524988649367424
-0.0011232616551269
-0.00504310908955155
-0.00928111511927207
-0.00922387157817844
-0.0100116913704795
-0.0151520023320995
-0.0104168333715648
0.001532836983761
0.00366377095439965
0.00202706171633601
0.00456190313523328
0.002476410645702
-0.00604223733903447
-0.00924907951148279
-0.0065130311876513
-0.000393066199701905
0.00527466989668341
-0.00334299744948404
-0.0112707637539793
-0.00626463998074443
-0.00314667647442536
-0.00473871433733484
0.000128469851407543
0.00543571583784905
0.00369786971730684
0.00398045511212517
-0.00114918455171717
-0.00427420009064601
-0.00598649482816106
0.000581823642579338
-0.00290164214172212
-0.00233325891880955
-0.00278229198137721
-0.00827543537183471
-0.007235768121729
0.000321995922954985
4.41200542864555e-05
-0.0143971293327218
-0.0224120616434371
-0.0086890832601454
0.00225811259085322
0.000264981298781807
-0.00296885292220044
-0.0071816909355688
-0.00963278284066898
-0.00790833505095831
-0.00563325741975372
-0.00106176679988733
-0.000434040192099361
-0.00604853033466966
-0.0125937676296113
-0.0143375700498912
-0.0104767460146127
-0.0124647019383708
-0.00534001113591337
-0.000743529934783976
0.00834060679027605
0.0054590150714037
-0.00801816504816658
-0.0174906671252538
-0.0204444967230613
-0.01699423439144
-0.0091872250811529
-0.00340370899214951
0.00284208867522429
0.00321588153176552
-0.00149914181133458
-0.0034310503163466
-0.00563831643257435
-0.00908567560089642
-0.00963005273909436
-0.0128607147675165
-0.0161219277811368
-0.00825128466536264
-0.00468481873889666
-0.0117062370350269
-0.00940961857071597
0.00231634891451017
-0.000520709437679005
-0.00485921539716606
-0.0164934476712742
-0.038279181622545
-0.0414555028976878
-0.0219205885037601
-0.0150796000452058
-0.0132680706332412
0.00400412732469874
0.0126401914933399
0.00433423791935557
0.00589821188079843
0.00214956859076381
-0.0199503080943137
-0.029564861012735
-0.0159981083077041
-0.00974473918196544
-0.0101242335829623
0.0038166080608996
0.0025619849176939
-0.00393703545316015
-0.00531587964996643
-0.00950537810139126
-0.0139173687128037
-0.00937527526165985
-0.00419403575683638
0.00207018251492243
0.00194741115505456
0.00300114017227487
0.00369215607959112
0.00217186648351837
-0.000673735334597922
-0.000236322578924535
-0.000276398285191994
-0.00159280671185517
-0.00343571103069036
-0.00605078729385434
-0.0103210936321628
-0.0141827858957793
-0.0192630497476063
-0.0189040743909499
-0.0133984362611047
-0.00714750986618776
-0.00170228628991639
-0.00102258448709332
-0.00384863505208847
-0.012046410149821
-0.0138559127846466
-0.00563746764949292
0.000273688190784784
-0.000725455030050958
-0.00755679719583278
-0.0101153207118226
-0.00958199063353223
-0.00932264329806667
-0.0102605567140077
-0.00744195541222361
-0.00452507646857305
-0.00210441152716663
-0.00098992655410388
0.000495533929357629
-0.00103511034865059
-0.00866016474157508
-0.0157358413470932
-0.0136724983220395
-0.0161026094853068
-0.0168340485553762
-0.00561470176070913
0.00503574983891646
0.00646064562688453
0.00564225034009549
0.00844816153001264
0.00374876465269093
-0.00120958435025098
0.0039849502662595
0.00954580896449242
0.00871954813372099
0.00880524719688741
0.0046360326985798
0.00647881680610343
0.00372156906454974
0.00756211245331621
0.0200543309159591
0.0252218303155328
0.0231654351748393
0.0311112813277709
0.0251101406398912
0.0214306401448888
0.0188815756380079
0.00485463305175828
0.00053677157690813
0.000168550588511726
0.00414486581207614
0.0131030632926775
0.021721681407005
0.023001965425001
0.0158022474739244
0.00743127679483122
-0.00434191680333142
-0.0122290751898762
-0.00787656949857482
-0.0067446692826739
-0.00590148130815308
0.00303829076795471
0.00943450055600012
0.00601615055928993
0.00525223326587293
0.0100044537115444
0.00182361189851946
-0.0108926793489938
-0.00537263660824274
-0.00513603390458904
-0.00874792561642165
-0.0151722089999639
-0.0108941115626723
-0.00599641390683257
-0.00705017974931943
-0.00578799340185231
-0.00575086507391089
-0.00733599872778989
-0.0147299544468175
-0.0144727618684098
-0.00874478001855873
-0.0156932279748405
-0.0178875299305769
-0.00992719900427908
-0.000414119163359737
0.000555967678535813
0.00330889298881099
0.00062164811427034
-0.0253660106825805
-0.0481875732232227
-0.0483355792113845
-0.0484302363240543
-0.0470026956512181
-0.0256413751589969
-0.00500998918759082
0.00527497452990648
0.00382933250729022
0.0082881089825585
0.0140856284528477
0.00640422785398205
-0.00484561893900442
-0.00377969680377121
-0.00180019744142796
-0.00652192264856892
-0.000142270118933412
0.00167403521467969
-0.000240104880296596
-0.00808382672947839
-0.0074991968712513
-0.000133862467597068
0.000225158160516201
-0.000605091287947994
0.00116689739623208
0.00108597165277604
-0.00564740727570988
-0.0133158914095463
-0.0192077208133055
-0.0150331365155202
-0.00877512396672804
-0.00715108078560089
-0.000322945838352965
-0.00409106709601186
-0.010936365669089
-0.0110233684674489
-0.00525106828100916
-0.00221103782017006
-0.0013691516193492
-0.00176612079404978
-0.000242849795631674
-0.000366659415333036
-0.00029871283721842
-0.00621960890714881
-0.00831058742635625
-0.002861524286132
-0.000360445601275408
-0.00116088498456497
-0.000256642663905835
-0.000186273198528657
-0.000292055949803075
-0.00316662973574012
-0.00826396946364604
-0.0117843597482732
-0.0110623282219271
-0.00729255137772123
-0.00605884099286781
-0.00332550785633867
0.00260392790434997
-0.00237210312238665
-0.0108079949003213
-0.0109621429565535
-0.0119311846437679
-0.00610487325761331
-0.00269916333888451
0.0021343811954864
0.000460998237772442
-0.000540397850620678
-0.00364076175648509
-0.0106344758388881
-0.0141959553698511
-0.0142236531912698
-0.0082805483185256
0.00407675433105111
0.00655680429885553
0.00303862626314738
0.0123041105566794
0.0182287518692172
-0.00283257742377154
-0.0173085237442269
-0.0181533632503548
-0.0358406490263654
-0.0443217167361273
-0.0145121927857807
0.020051799643778
0.014875067996787
0.00668935471095092
0.00248688342576611
-0.022379285658678
-0.0552643585240722
-0.0440933770753697
-0.0201553048406084
-0.0210498286672509
-0.0142468357557649
0.0163208000217824
0.0237813183647834
0.00567327199019415
0.00277522209952814
-0.000851978747545659
-0.00336501624685044
-0.00527009625921859
-0.00347357712560328
-0.00224815843938895
-0.00302014419113817
-0.00891602012129447
-0.00894796598110234
-0.0100641114644357
-0.0160327510409396
-0.0167860606976059
-0.00969232696192521
-0.0042456054516409
-0.000849359109887022
-0.00567980466212572
-0.00618883951978494
-0.00637376073813227
0.00622674440473622
0.0181157640747399
0.0101697139086415
0.00686934339287506
-0.0121997546819113
-0.0194208111353183
0.00752906581991581
0.0227531963400446
0.0239878300937395
0.0294649285701429
0.0289366514641419
0.011576227325035
-0.000675262575209344
-0.000782128015291071
-0.00127407459359121
0.000292076500661625
0.0149949692535059
0.0134228397412662
0.00969973969868594
0.00842250195225918
0.0105062040048907
0.00693824065758868
-0.00588411173644164
-0.00917677112282418
-0.00503876147353922
-0.0143111441337674
-0.0141059258294698
-0.0142991406755
-0.0181061683531111
-0.0181813146563855
-0.0149298086088711
-0.0145135143357741
-0.00924395455940188
-0.00465018047732324
-0.00618611257330859
-0.0132481911726384
-0.0167992939105053
-0.0209790911109942
-0.0289190474174613
-0.0288459056256488
-0.0191269685994645
-0.0135627265166042
-0.0105204817270395
-0.00742394450798728
-0.00456545629847873
-0.0117547554226289
-0.0225807071164499
-0.0273589550701418
-0.019367025500378
-0.0248055727183253
-0.0264130570550024
-0.0182702399316215
-0.0140037124431527
-0.00981858112338777
0.00515482340254694
0.0112133420831553
0.00302914273716514
-0.00601765990890708
-0.0143754097999269
-0.0157101457421922
-0.02336875451099
-0.0180865505374565
-0.00545867194398151
-0.00531584781301437
-0.00686537350149729
0.0042399528473341
0.00938917204246819
0.000623946042471103
2.64663502246298e-05
0.00675257126857377
0.00897684097394377
-0.0102422767156209
-0.0146037922237509
-0.0138168227174782
-0.00570507570151448
-0.0136974478871645
-0.00749362067568516
0.000333863108018657
-0.00393278469112625
-0.0132532392176174
-0.0216980481921807
-0.0308594888027238
-0.040146836086889
-0.040272274696862
-0.0291650143114997
-0.0220469071087197
-0.00943677138924729
0.00175766257228614
0.00463373121838084
-0.00701414930883056
-0.0160383669499792
-0.0176206559726907
-0.0391448079069765
-0.0490261167758203
-0.0483215101460259
-0.0609228072642894
-0.0606116049400338
-0.0346605502177822
-0.0193582610872473
-0.0151986024900338
-0.00982213143457246
-0.00780993039622076
-0.0182102656614733
-0.0253047833981402
-0.022604029202363
-0.0269521734875929
-0.0260512592921516
-0.0288283217172609
-0.0314245605796576
-0.0208256306014562
-0.0150671616557437
-0.0185381674068522
-0.0154700622179954
-0.00214876476185893
-0.0129148742658328
-0.0295633610348161
-0.0228143813462849
-0.018059554539555
-0.0247254688733129
-0.0233845748834614
-0.0186592041590778
-0.0118857756145264
-0.00915970860870518
-0.00450802187390149
0.0023551852554505
0.00373284040995557
-0.00283500358543589
-0.00735857535414111
-0.00944116423221482
-0.0160512346723388
-0.0221725170595723
-0.0159475090682039
-0.0133735959880938
-0.0120214034334395
-0.00642689357705583
-0.00281157193827879
-0.00107139755052608
-0.00114007885522668
-0.00107126190684152
-0.00150287197137498
-0.000468462080769133
0.00205425438999689
0.00116158619735701
-0.00317052871690985
-0.0041810694945643
-0.00347263799996727
-0.00124116169554937
0.0023788435008281
-0.000886731743220784
-0.00244778275000103
-0.00740867188630078
-0.0118795466404754
-0.00855998926731895
-0.00151200125834556
0.00271234455942813
0.00595945639681652
0.00942371289348876
0.00473461701632314
-0.00210605922340291
-0.00278695742023124
-0.00393725799468776
-0.00563850636111903
0.00333370632392994
0.016909049065082
0.0123074481681595
6.0603077220063e-06
-0.00449312580263846
-0.00655611626472696
-0.0152937834348877
-0.0119347548843955
0.00233570482533636
-0.00506867000242394
0.00273522364860534
0.0138278309177572
0.0129692708279868
0.00425828182020033
0.00465056231359292
0.00738147554216176
0.0112130681723746
0.0118934471556519
0.0104905720289062
0.00819334066089479
0.00410476822756368
0.00813487703651024
0.015240884433241
0.0190639570535642
0.0216809483641563
0.021506161710671
0.0197415740581133
0.0113236894647621
-0.00285620328995189
-0.00949055929624304
-0.00670568594087592
-0.00575874155782426
-0.00153094106688111
0.0122087027815335
0.0159965170938443
0.00957716075483559
0.00795037523528836
0.00646301673496277
0.00169630381892902
-0.000713794138215077
-0.00266284969556196
-0.0107532574259106
-0.00487230978158702
0.0014015974965172
0.00110799946971841
0.00266695945509782
0.00334230258875209
-0.00384672810338821
-0.0107301654725742
-0.01104043594847
-0.0126429777105313
-0.0153122798637753
-0.00674156509058196
0.00061038562541784
-0.000462851397585385
-0.00778073075223074
-0.0251711194372465
-0.0304175168136407
-0.0282889077577886
-0.0219764359146549
-0.0253295357684123
-0.0243884071270369
-0.0138117479266849
-0.00284660070553177
-0.00490365327947186
-0.0089838820627167
-0.00959051004423874
-0.0132965156055335
-0.0188780377967046
-0.0170045049117156
-0.0114277429155647
-0.00795695031287901
-0.00559030267052314
-0.00312037280124846
-0.00321513336568441
-0.00633856540792867
-0.0101321531449036
-0.0125764105265454
-0.00978305232305776
-0.00953185511814918
-0.00509619790135009
-0.00217517617152192
-0.00271273887945106
-0.00350872597209767
-0.00152096646837137
-7.98891491946006e-05
-0.0026220665785401
-0.00420468224523913
-0.00257047991637731
0.00427898141949138
0.00560110889148528
0.00356290108728974
0.00496025658072685
0.0027333870641378
-0.00515864287094477
-0.00822471438410682
-0.00690448095842449
-0.00615929601079356
-0.00686898602072808
-0.0030569177088276
-0.00043894148455315
-0.00315633244125137
-0.00356067210131083
-0.0053469218563286
-0.0145097465063828
-0.0242185360839537
-0.0247313449319948
-0.0230647068300279
-0.0245767638958992
-0.0238660093228722
-0.0236064177144052
-0.0273158082336287
-0.0249443530146611
-0.0225391595939632
-0.0250192591086974
-0.0222921285023108
-0.0166024358341924
-0.0181911272415832
-0.0218728769786254
-0.0201918443610333
-0.0212580276798447
-0.0243718103246002
-0.0223026715545558
-0.0190788274116445
-0.0168313146521346
-0.0100780252858496
-0.00947127427428053
-0.0136119870341792
-0.0173231394841554
-0.0140989637502928
-0.016312649121358
-0.0297495526079851
-0.0351287934667644
-0.0307195736151475
-0.0299553582029629
-0.0260453858813917
-0.0142918006841233
-0.0120179710311244
-0.0100425945903914
-0.00838824855499921
-0.0102293121733608
-0.0185621515314667
-0.0268476126001962
-0.0295461848249582
-0.0304434551647806
-0.0293151517725875
-0.0230482816807199
-0.0163035632896985
-0.0109462841920346
-0.00707440378057634
-0.00879825047761665
-0.0166539228110724
-0.0191582251070931
-0.0123468362072923
-0.00796928889711216
-0.00516083991777958
-0.000194369646986644
0.00280249849906743
0.000703784803827739
-0.00137731917384249
-0.00168340539680273
-0.00382685205051657
-0.00429344126201455
-0.00368469622458513
-0.00109642608766072
-0.000900513363259343
-0.00155397363035861
-0.000667801213911919
-0.00123013172588899
-0.00400099777041284
-0.00556759986294967
-0.00665256441795207
-0.0113577015797474
-0.0147469169915535
-0.00867064962663934
-0.00302169914102413
-0.00110763316674065
0.00325307719852622
0.00537847637488126
0.00123358218571556
-0.00258336865596023
-0.00316742726663877
-0.00619695754746283
-0.00987102119962424
-0.00832358228604763
-0.00472307070732229
-0.00318416200651137
-0.000883489892326416
0.00332766778286473
0.00281403076540703
-0.00185771876694644
-0.00254767034452677
-0.00405580154762286
-0.00850428114995988
-0.0114329585841465
-0.0120160483383622
-0.0124707184460883
-0.0122401027605232
-0.0079434779040181
-0.00437348600198767
-0.00452207338187574
-0.00389913105415372
-0.00208416690836319
-0.00262739926387777
-0.00705257927455526
-0.0117078022239115
-0.00722275305409883
-0.00680591743972579
-0.00631455879568267
-0.00292252147619357
-0.000450756262862986
0.0014709564212019
-0.000197676036724541
-0.000278214516786296
-0.000269565034154818
-0.000321165396631342
0.000264773942196053
-9.43440049010211e-05
-0.00185593637362688
-0.00467031253735125
-0.00530797138651308
-0.00255054194505821
-0.000568110533200867
-0.000546522917521042
0.00282278306825027
0.00638452914934556
0.00237259369354262
-0.00372516534515762
-0.00476656074095486
-0.00767485467078135
-0.0117910892718317
-0.00626732340237846
0.000137316769382331
-0.000114985101330249
-0.000866458673614063
-0.00185544770570456
-0.00290797850240256
-0.0053972589436725
-0.00553291484037794
-0.00285123659985334
-0.00139272582954681
0.00114971484562626
0.000831382600457796
-0.000101137717073014
-0.00036285796271001
-0.000755624373940013
-0.00129218390899939
0.000455733110302974
0.000139795316779527
0.00045594167947596
0.00224627425908714
0.0021404647565097
-0.000678533426671345
-0.0023327589480128
-0.00162386725885567
-0.00261692030253574
-0.00308139516269576
-0.00150385960789183
-0.000459839854120907
-0.000452331457913976
-0.000316536193790233
-0.000697858532238728
-0.00172562457354455
-0.00229679170286485
-0.00202796773212642
-0.00166736193159274
-0.00233807150085836
-0.00158031663927891
-0.000608083719916709
-0.000466507432633395
-0.00065036248917751
-0.00168096629076554
-0.00300778933578952
-0.00396850497758742
-0.00262076538668877
-0.00135800503637937
-0.000332282441425769
-4.49930953920448e-05
-0.000409586595465444
-0.000564145358890062
-0.000639454570049823
-0.000726916646967961
-0.000788790650319405
-0.00085158114845858
-0.000454050239326444
-1.68794723526383e-05
0.000262196555384055
7.31046599492598e-05
0.00026525964814582
0.000132379835848064
0.000914116835183937
4.07970647649596e-05
-0.000686716065681624
-0.000833669192468826
-0.000675522594743775
0.000484997596605374
0.000169623880132292
-0.000949801654552206
-0.00155999690711347
-0.00273134393886104
-0.0031506728521524
-0.00295809449842155
-0.00238922467214587
-0.00104648122612529
-0.000694883182270463
2.31625266810663e-07
-1.19278767208201e-05
-0.00109694708342795
-0.00183794413302338
-0.00137063913831606
-0.0028080558631838
-0.00265581990503261
-0.0014379909688156
-0.000989958082643173
-0.00117477391074351
-0.000667631538914323
-0.000420068768218887
-0.00085401251507508
-0.000572761328008703
-0.000483379968818028
-0.00142513623052539
-0.00129444813267659
-0.000314975832033045
-0.000623113538040962
-0.000980798517500877
-0.00177752499030077
-0.0029872097262549
-0.00340937350787726
-0.00312538867866371
-0.00304822614719447
-0.00277714860225912
-0.00202887443677898
-0.00155386440798691
-0.00165260905860396
-0.00190367579281137
-0.00230989224900518
-0.00328559046773382
-0.00376158207912025
-0.00456346649016662
-0.00496313834957123
-0.00531374379215424
-0.00461549070324706
-0.0039812306319414
-0.00357888262327673
-0.00270465339333814
-0.00159646008928307
-0.0014180888012504
-0.00169160010313405
-0.00201134016640262
-0.00200675630107014
-0.00223220335259324
-0.00223220335259324
-0.00223220335259324
