-0.932792265981735
-0.929780159628338
-0.920738220356449
-0.903212433042439
-0.870211746538295
-0.819586920744796
-0.746050119833993
-0.688007955472695
-0.677668094957654
-0.709619262820788
-0.763264084001673
-0.787979643128918
-0.745494787745771
-0.729688226763785
-0.62774807638916
-0.496379559341846
-0.389151438703772
-0.273796297239749
-0.199860879234085
-0.230823252745722
-0.334591026949328
-0.376422126084593
-0.399942446936034
-0.417777328826409
-0.358875659060013
-0.258218097499926
-0.19851349186707
-0.147833886671041
-0.103366561016125
-0.142154235145467
-0.224794175705779
-0.294467607265134
-0.29768578241451
-0.297996278343958
-0.266077459694491
-0.195793916265912
-0.15980147641705
-0.153893953050356
-0.140148588370578
-0.113057767703878
-0.103942204370577
-0.101795586354669
-0.10393917815366
-0.076935948796071
-0.0496370201824236
-0.0833910548155258
-0.103438803884482
-0.08516308526606
-0.0691608273662929
-0.0601803657331303
-0.0385052098910947
-0.0236356281377148
-0.0340576598024543
-0.0351406011360702
-0.00990606492260421
-0.00376009836821332
-0.0169813345696775
-0.0164194205923282
-0.0122695877741679
-0.0339820496783509
-0.0423578764686071
-0.0292223335150033
-0.0233668047034326
-0.0195093760895448
-0.012738915024967
-0.00740501041037846
-0.0248900951317486
-0.0440732629753231
-0.0543149130193202
-0.0783245467977617
-0.0863315308309403
-0.0553110852261802
-0.041128761982141
-0.0349636549256359
-0.0174252344141906
-0.0193813250054809
-0.0559585226596219
-0.078333691367931
-0.0784610945489419
-0.0823746504888349
-0.0800273198732882
-0.0406993282082804
-0.00644576585378641
-0.00745239449120593
-0.0058105121503389
0.00843270022853665
0.00873260596750448
0.000537369917832384
-0.00256352947204588
-0.00406508511523056
-0.0118137159047441
-0.0165409865111615
-0.0158407985556435
-0.0199046072632861
-0.0122126521560996
-0.00514663618736577
-0.00272894722139529
-0.000946425886228262
-0.0116369726678226
-0.0284632489497101
-0.0269513495635293
-0.0226806721583603
-0.0141097716080333
-0.000568572401325036
0.00943182896575789
0.00390467420307978
0.0033127426487862
0.0246824110495915
0.0322661176874855
0.0146307053940613
-0.00706428908520707
-0.00331372942364233
-0.00819260179392108
-0.0120459719708748
0.00312293959619282
0.0162578047524921
0.014195869640201
0.0168322632185969
0.0244910521829491
0.0129766902647423
-0.00102225424467129
-0.00749718721656918
-0.0059026300896557
-0.00790804352668457
-0.00978750205898501
-0.00586371005201275
-0.00194100873970309
-0.00167414582223201
-0.000556497793255194
-0.00103284164963168
-0.0112418878990488
-0.0157308478739179
-0.0173623044672389
-0.0174693179493236
-0.0236783041437895
-0.0298957532507048
-0.0261553289351986
-0.0187862904116615
-0.0243846910968717
-0.0251191501530278
-0.0187669220133578
-0.0337088872910662
-0.0459564168519557
-0.0494042901704876
-0.0574864839726373
-0.0618555735570563
-0.0426918557718715
-0.0272181403848623
-0.0240327819367994
-0.00609477686130558
-0.00107618537711921
-0.0224235773283327
-0.0402896338887545
-0.051804022105495
-0.0638957237456029
-0.0681233610501637
-0.0619935597502685
-0.0579189973433696
-0.0437633468063113
-0.0263137927304462
-0.0136629335528799
-0.00440433223535704
-0.00201877707202925
-0.0006594904435199
0.0113594503907412
0.0113208935923216
0.0033656908446462
-0.00186379645115281
0.00313318712194818
0.00444916610531983
0.000433066877013057
-0.0120043213653858
-0.0309873924817387
-0.0349806044995253
-0.0335136937014562
-0.0316542453961985
-0.0192194082491773
-0.00389609062291234
0.00559379430011754
0.00347735825769178
0.00261092250721991
-0.00096087381158038
-0.0142543206453981
-0.0365298923283976
-0.0377556334735716
-0.040185725536462
-0.0408440928322839
-0.0338706512936603
-0.0275149875348133
-0.0128962644668001
0.000274199041598664
0.00171035715540492
-0.00276031744451248
-0.00348184709877255
-0.00685224361171866
-0.0135787703264992
-0.018589848963738
-0.0171605983556223
-0.0159725152252243
-0.0259712520454202
-0.0372101448635492
-0.0262062161327249
-0.00579045802344641
0.0181974394610514
0.0165465151590425
0.0119942054154177
0.0116737201012668
-0.00277197212361689
-0.014492060730933
-0.00773159452285541
-0.00702829054776296
-0.0102144552377897
-0.0076260117540514
-0.00421021472414888
-0.00393380642612377
-0.00074665627727609
0.00480842794407012
0.00427437928934269
-0.000578131028827849
0.00234535106927922
0.00633564865912479
0.00754883098746108
0.0166100091901554
0.0226675211335367
0.00343236939188911
-0.00700409820862574
-0.00664881818278333
-0.00144245434287108
-0.000228410368762848
0.00225561512667945
0.0154725387072722
0.0297737073791493
0.0381254698615034
0.0396504174871248
0.0334051567952571
0.0296217717674517
0.0294732651991153
0.00764832010418006
0.000146765144562546
-0.00077549091468844
0.00440652119537772
0.00733357207872512
0.01441670086449
0.0240755424777486
0.0323760990143193
0.0357099060480235
0.0263466493374201
0.0260577245804032
0.0212609816363967
0.0165696277901872
0.012576684323823
-0.00202833246915877
-0.00607344069507267
0.00634884937233434
0.00945420149648789
-0.000976759813591563
-0.00510460211612468
0.000542318359912248
0.0014935262316953
0.00184199352791154
-0.000322266583430453
-0.00701641231432682
-0.0109963073494801
-0.00476907330417985
-0.00427869143651977
-0.00185074260021529
0.00276813307827297
0.0014617213899466
-0.000266009808394743
-0.000773230915437488
-0.00348504750976061
-0.00870069606619555
-0.00998280445065725
-0.0110662169321185
-0.0117446347295774
-0.0107193007774104
-0.0138788889770638
-0.00706464817046455
0.000318044214860454
-0.00364991213315672
-0.00331944711751976
-0.000343663642615247
-0.0159632272037574
-0.0205323686520217
-0.0161832273977811
-0.0172756951875992
-0.0118122672412336
0.00511661896116115
0.00846357384848614
-0.00073971847058301
-0.004616539306715
-0.00755671383053614
-0.0210468443505026
-0.0314760113699252
-0.0191648703734336
-0.0114859347297201
-0.0163065564492931
-0.00792262402760177
0.000413285564435765
-0.015476432683654
-0.0280081727004015
-0.0252455957215416
-0.029603293346
-0.0278384674029458
-0.009560357830693
-0.0133760581133956
-0.00991007458707367
-0.00344794769413739
-0.0287808622116688
-0.0216696258688585
-0.0276526017682449
0.00519061025183761
-0.00999368479126292
-0.0138292474959711
0.00920943885416556
0.0321676386348318
0.0466325789174693
0.0581650914832643
0.0644182494669254
0.0356250304348479
0.0042997768732159
0.00637119558482745
-0.0031043417304548
-0.00651382350949403
0.0117021277183023
0.0200153336300521
0.0147709719145126
0.0292681148917386
0.0364437172738398
0.0195284311119706
0.0101377029146734
0.00809950195177696
0.0098666188657839
0.00501395070447247
-0.00487036968581433
-0.0090084042291394
-0.00783052232806752
-0.0106978596604453
-0.00818282004392748
-0.00297007656125772
0.00695023796337321
0.0219035155902717
0.0203484779512352
0.0183796578042768
0.0210098355609314
0.00902950190885379
-0.00718331067256883
-0.00622915683341793
-0.0125218401723231
-0.0128809569021551
-0.00886589796638069
0.010830461631584
0.0189670298304812
0.0063752245449371
0.00160939140444479
-0.00414246142584651
-0.0324532875982945
-0.0486280047796009
-0.0340798826874852
-0.0172951881260991
-0.00895334577661224
-0.00304359619023434
-0.00115340636547549
-0.00717690156010763
-0.0239233222649361
-0.0161988884380338
-0.0173067449041232
-0.0203141834639205
-0.0156508694530157
-0.00590701311136853
-0.00405075673756878
-0.0127700531279349
-0.0159365942582974
-0.0162102955566768
-0.0260847174192772
-0.030151806661788
-0.0298865785891909
-0.015537666811191
-0.0129736742830446
-0.00582143637336655
0.00878892098746708
0.00508225584023112
-0.00349983196523307
-7.20392402744664e-05
-0.00116590505219741
-0.00723104282367657
-0.00755592127427824
-0.00338397001510669
-0.00528252843971852
-0.00522190731868958
-0.00281904751315051
-0.00303775682803037
-0.00271958229003573
-0.000418296721934268
0.00218157860364875
9.39410927887439e-06
-0.000400869661790609
2.57292484337056e-05
-4.40114547168961e-06
-0.00185543963281563
0.000548375178611542
-0.0017086539488892
-0.00637581369894956
-0.00361185340619717
0.00251120397475639
0.0108058192547819
0.00530304615582632
-0.00215503464990008
-0.00119195297919288
-0.00529215922653065
-0.00647905033005711
-0.00201378907509795
0.00747905193948871
0.0102313643801023
0.00753314094943098
0.00673028998564323
0.00393898253981186
-0.000143945313204327
-0.00083366443281648
-0.00104989786833844
0.00123028074338627
0.00137727863630331
0.00120210126360076
-0.00194294474759178
-0.00309866194402605
-0.00735209803763691
-0.0105306688386971
-0.00493608930394991
-0.000572083197151295
-0.00140482130104225
-0.000155480886378427
0.0034171668618228
0.00145685369662714
-0.00159476885428376
-0.00431605747937191
-0.00370280980327854
-0.00105333322249547
-0.00264637762592568
-0.00223530292532367
0.00240568857458524
0.00329283085153134
0.00440714972867315
0.00679228507150047
0.00750112945905164
0.00999859349847913
0.00715015051352223
0.0026961020603505
-0.000427915259591271
-0.00248039135937067
0.00172144713618585
0.0058251828447885
0.00909568031540143
0.0126678080314531
0.0191374693089513
0.00557304613802157
-0.00018538928480241
0.00180335790831803
-0.00571433469958786
-0.00778608515838437
-0.0085517676258804
-0.00811824826585385
-0.00528480078278358
-0.00344100299007839
0.00105968975111592
0.0104997219412555
0.0130917637566772
0.0128436996549814
0.00505575214521504
-0.000142179347636297
0.000383278286230627
0.00362677627943483
0.0024397724475712
0.00751506456450271
0.00703873905666391
0.00138906893094257
-0.000578575438152093
-0.00253204291539136
-0.00119042146764059
-2.75652709606436e-05
0.00118896811002932
-0.000856517514142261
-0.00427065220184408
-0.00675507673567921
-0.00424498568138132
-0.00305531043346638
0.00388199101176517
0.01215894721401
0.00719204046860112
-0.00244851575728024
-0.00705559337349064
0.00355634754444836
0.00885071980732236
0.00389708826739836
-0.000588595296890474
-0.000512281900513137
-0.00753980079772228
-0.0171747923194534
-0.0136232259176722
-0.00174225984573924
0.000104056150839633
0.000439360669977242
0.0015851224124146
0.000389000512769739
-0.00162457572439267
-0.00234451387859293
-0.00540319896803277
-0.0112074191177064
-0.0129952810097112
-0.0121756735027747
-0.0161998056343324
-0.0141087738259936
-0.00826180183803852
-0.00641983016118592
-0.00259936283818028
-0.0022615461881474
-0.00839301288100381
-0.00606708221820936
0.000823589321313458
0.00297874017373254
0.000499821279622634
-0.001194481333215
-0.00155073227746488
-0.00416672146152263
-0.00641775946771634
-0.000286368737830885
0.00382691192080304
0.0120205517027393
0.00988657658740067
0.00302350768896861
0.00206127337497661
0.00132332093719425
-0.0024440024342796
-0.00309020893792648
-0.00106150663119693
0.000176133584933395
0.00528579046735253
0.0128876406282749
0.00906204379391423
-0.00102663710428382
-0.004460023251492
-0.00577175385692896
-0.00886560894241256
-0.0119814255494498
-0.00686960664182119
-0.0108477393162766
-0.00899474315704309
0.000431685218273888
3.4289161476554e-05
-0.00114862847912399
-0.00292194015206313
-0.0122161663959461
-0.0247564586035707
-0.0205475713503971
-0.00735340893567752
-0.00795365144324279
-0.00119127432211113
0.00270384023162932
-0.000403034453105604
-0.00752079687936294
-0.0108392788769785
-0.0160818053621957
-0.0178605611917302
-0.008688713947744
-0.00123184009013502
-0.00118672020005565
0.00138300279491093
0.00705422983771113
0.00564571044483526
-0.00579384823404757
-0.0136394270469665
-0.0114671333803732
-0.00596978191563665
-0.00235806889053155
0.0113936022841995
0.0158721344394225
0.0093824888263859
0.0056728305426427
0.0029974016250417
-0.0030155721081543
-0.00217266529815488
6.33148055487576e-05
0.000959106353978642
-0.00438989665387435
-0.00754051684119139
-0.00588793401707859
-0.00484946256181618
-0.00378143431678215
-0.00200875347601177
-0.00110893838470545
-0.00108571799334156
-0.000854988548421799
-0.0011478084180319
-0.00603663725397517
-0.0122159448024586
-0.0170043585290933
-0.0118184920765885
-0.00358934158387331
-0.00260896274191336
0.00284649109317502
0.00391939607953001
-0.000935438722737971
-0.0078351594256035
-0.0133154076868518
-0.0212953178421291
-0.0265124006552734
-0.0257301581886476
-0.0225381073266898
-0.0170989316077705
-0.00715309215389751
-0.00626001679371534
-0.000227178901929391
0.00453427605308995
0.00147384787274126
-0.00342363621476502
-0.00384836011859576
-0.00664123827297807
-0.0110665119504567
-0.01437914096575
-0.0145824559584454
-0.0163380666620444
-0.0189365406584082
-0.0206673440104801
-0.0191853742140921
-0.0208027640897584
-0.0206158645458736
-0.00525327238237254
0.00217289371872359
0.0030012769612688
0.00191539628066574
0.0018376008305993
-0.000620974289882507
-0.0047054417361894
-0.00127023141863155
-9.83828032102008e-05
-0.00490017742962354
-0.0107550499633163
-0.00671159653460295
-0.00300408631775209
-0.0039887323336443
0.00482240849468787
0.0114114662659191
0.00533929542491653
-0.00207674394426582
-0.00414543158539676
-0.00745480411000971
-0.00950335521766298
-0.0108274670679608
-0.00860635973472671
-0.0114573214944868
-0.0106316992676195
-0.00913927819038322
-0.0103372339280191
-0.0123722428060872
-0.0107464406280243
-0.00964546576241641
-0.0096856590773975
-0.0106050833658073
-0.010071884370146
-0.00816958579548592
-0.00827636536147542
-0.0107024442950529
-0.008229121021854
-0.00862609780307508
-0.00268125005788794
0.00375831645720872
0.00232905766576223
0.000487217971252666
0.00167173351528801
-0.00136638528227883
-0.00570013227231518
-0.00774475271252947
-0.0108797365220915
-0.0154211279010843
-0.0149971037762308
-0.0115043629575279
-0.00910770668029524
-0.00545065875597469
-0.00388730047276117
-0.00278095065837539
-0.0032973904143545
-0.0041613704384061
-0.00381133173983556
-0.00398314994465707
-0.00605065190383073
-0.00662144133795423
-0.0109183334482247
-0.00952510764606845
-0.00824687554528062
-0.0114281568525806
-0.00984500728473486
-0.00461642632422504
-0.00578323336248583
-0.0100440490825305
-0.00862038425007515
-0.0156797541630288
-0.0283329478853434
-0.0157889555816799
-0.0157707249904042
-0.0167575134323694
-0.00829803875841392
0.00139923665080356
-0.00270909092194578
-0.0065267028784628
-0.00471808452108125
-0.0106020891579386
-0.017237389385717
-0.0194236747600696
-0.0195045763592126
-0.0180778880804694
-0.0107847307058344
-0.000784920082408141
0.00118801300586485
-0.00190743598936289
-0.00403392063284111
-0.00285123739995047
-0.00202822749861724
-0.00304010113351013
-0.000736176928051767
0.00309701697202424
0.0024433216716648
-0.000304166810492308
0.000717287714643871
0.00162164127707008
0.00123631809948493
0.00301922869536018
0.00505370527479387
0.00569240965977304
0.00361612563842139
0.00593140507155646
0.00849582136994272
0.00546320225580232
0.00258998141340635
0.00506267150652294
0.00244581246277447
-0.00650292581453596
-0.00647617759769724
-0.00516850965572539
-0.00415308238955927
-0.000555900740042718
0.000265926538214758
-0.00248810692758987
-0.00314219628399645
-0.00382552456033078
-0.00858769659815169
-0.0110458302567543
-0.0106143786532414
-0.00778750361771187
-0.00613809424292897
-0.00452135460407023
-0.0034689677734967
-0.00361198431741031
-0.00348317353198511
-0.00490683493575633
-0.00602673156515648
-0.00625111494115644
-0.0115087205432016
-0.0116162277997806
-0.00916889543814733
-0.00818943743745357
-0.00486989640541728
-0.00473102988165208
0.00204972454035885
0.0018614043248481
0.00072236934561398
0.00136812105890394
-0.000872991557711919
-0.00551609164460662
-0.00549889724305447
-0.00557357398524465
-0.0072126884669783
-0.00519756855078141
-0.00816317108909064
-0.0119379619204452
-0.0140273564468004
-0.00807505381339073
-0.00571539391782878
-0.0051103378227846
-0.00267712943334231
-0.00311718675851495
-0.00628199640583937
-0.00900055769861082
-0.00863214142146851
-0.00917613309417914
-0.00906580611700451
-0.00623715472128769
-0.000776453072588241
0.00208336131073808
0.00104813160500131
0.00113417435426095
-0.000366916612335576
-0.00497453808604064
-0.00995937396546022
-0.00996897040707734
-0.00822981694418927
-0.00558631491943222
-0.0039935810986654
-0.00180991345999307
-0.00155623797723651
-0.000191118114828056
-5.78671694658429e-05
-0.00531888604247708
-0.00720307931186964
-0.00610116189540491
-0.00756562296689856
-0.00738112416762293
-0.00353683588464472
-0.00684095646302535
-0.00582133189121994
-0.00483233327718517
0.00295260447496815
0.00279879410487892
0.00197373193795308
0.00316413946487652
0.000934510959806228
-0.0040039069412086
-0.0057479853918612
-0.0040456711472818
-0.0026430885276421
-0.00121377821329957
0.00017423732012253
-0.00187929434184468
-0.000959985238405312
-0.000331679461533502
-0.000407550880189811
0.00294166679630579
0.00594321623551394
0.00555690858375156
0.00438790179835244
0.00462019770182238
0.00306308587826417
0.00109308761944528
-0.000161770180748359
0.000774444906168544
0.00167546758417805
0.000195255914933663
-0.00141305713894093
-0.00149615803897209
-0.00124797142241733
-0.00299883924505811
-0.00107171307409402
-0.00133895152394535
-0.0024203574426135
-0.00310000661698629
-0.00418490325081579
-0.00659455718280366
-0.00482455335995415
0.00324733994768627
0.00363874083993018
-4.3814823403431e-05
-0.000777073239964421
-0.00227232511650625
-0.00578029277308994
-0.00608947702412268
-0.00275673546189754
-0.00109513052660442
-0.000234552312502058
0.00259742029975392
0.00262475187417902
-0.00102125396459913
-0.00223578417771677
-0.00204137900345601
-0.0025970198524983
-0.0011513299712918
-0.00188886120625438
-0.00224566156507128
-0.00252728071303115
-0.00265460198397726
-0.00119432570843645
-0.00481362450630856
-0.0128462887936868
-0.0135817932753241
-0.00917510480299361
-0.00744478145461421
-0.00631791845609484
-0.00305021044295492
-0.00120720216305993
-0.00112184119175057
-0.00215953208230361
-0.00247993134329705
-0.00339975488065132
-0.00603221399201714
-0.00557486922227625
-0.00308032113427719
-0.00202089667621967
-0.00350652931518757
-0.00453036402596492
-0.00201173757918439
-0.00258458012685977
-0.00514228744440418
-0.0062052651026975
-0.0046610079260092
-0.00498075808835445
-0.00780878646902154
-0.00791718093485149
-0.00877748672248535
-0.0106801386642753
-0.00894354698845379
-0.00369350739913248
-0.00202004747301609
-0.00174943338179745
-0.000973892247145857
-0.0029265211810197
-0.00589833210581138
-0.00659173719677299
-0.00672613145445263
-0.0084703295124849
-0.00831744229084095
-0.00519598205047205
-0.00442516997371732
-0.00448398244698332
-0.00369768560445963
-0.00375816859842152
-0.00503528437121408
-0.00476434193392183
-0.00450181616134552
-0.00739403005829392
-0.00923190130485616
-0.00839778109606858
-0.00523032757651464
-0.00396719158067057
-0.00364905074973434
-0.00229608417011075
-0.00198839239779328
-0.0015265672549638
-0.000219687607675424
0.000627554599722314
0.000534300397211223
0.00122772003506816
0.00148953649666325
-0.00102650011592044
-0.00294444028724392
-0.00252805218018493
-0.00230038474054777
-0.00151250056895156
3.77412601780287e-05
-0.000713800120413884
-0.00290590107020707
-0.00444175910271142
-0.00529879139637441
-0.00283708911451399
-0.00257724644972738
-0.00234781372721803
-0.00143357289987343
-0.000798290346288169
0.000394830289101334
-0.000589501698156074
-0.000476366479016894
-0.000247888285414759
-0.000834784097633795
-0.00059330474754029
-0.000808767626557319
-0.000447185734048598
0.000210424576002734
-0.000983271502885151
-0.00148878243832613
-0.0021948749488915
-0.000462922766438385
8.09938560236301e-05
0.000215606484188382
5.40655578049833e-05
0.000263123805855832
0.000450486336714702
-5.49080777531492e-05
-0.000391318638460696
-0.000474584092702094
-0.000656150998659778
-0.000897932961186345
-0.00101325584754221
-0.001194150731033
-0.000688637223900995
-5.27130159151478e-05
-1.97845672969082e-06
-0.000787879971677751
-0.000698979357608372
-0.000682237524400637
-0.00128804796206551
-0.00287836819230634
-0.00486786224340465
-0.00607430920055903
-0.00819784064326792
-0.00883087321037863
-0.00873469943116641
-0.00473222544946919
-0.00194350865730066
-0.000292704419024969
-3.67466163706384e-05
-0.000140893592094065
-0.000528579289635136
-0.00101898007854563
-0.00169566190612914
-0.00288006350406282
-0.00277896237080259
-0.0021801409721162
-0.00190626314640765
-0.00194976141796311
-0.00158699850784966
-0.00186316105326001
-0.00437902002654594
-0.00688379235399421
-0.00697511128744314
-0.00565064877836217
-0.0042590761649876
-0.00236993809453472
-0.00101947167160203
-0.000866078276556544
-0.00182537867920893
-0.00267432790015582
-0.00270159277127026
-0.00229394122454924
-0.00184870996252672
-0.00140593416893251
-0.0013819316651003
-0.000905088265621918
-0.000487040234595557
-2.52196192042254e-05
-6.92811161845064e-05
-0.000648437229924591
-0.00122152787574947
-0.00126851134329195
-0.000750837079912324
-0.000255620473382588
-8.26872542539384e-05
-0.000185632904688878
-0.000347863627760402
-0.000351057946291466
-0.000351057946291467
-0.000351057946291468
-0.000351057946291469
-0.00035105794629147
-0.000351057946291471
-0.00035105794629147
-0.00035105794629147
-0.00035105794629147
-0.000351057946291469
