-0.971771984194472
-0.766568299425338
-0.407000117744258
-0.646740794960393
-0.585105507815249
-0.231719496349219
-0.226471676112467
-0.340583636168362
-0.279866127117671
-0.151138027428895
-0.0470009032992848
-0.0639718349705982
-0.0961620788830553
-0.0180494593050497
-0.044248686552771
-0.0459344562979217
0.00981343319822225
-0.0708770409202594
0.0174181669086925
0.0229810799896653
-0.00741485870312345
0.00234152509161377
0.0138422567912397
-0.019190782755132
0.0201317593452121
-3.80265681844058e-06
-0.00165248471711482
-0.0416596633207529
-0.0120106679503777
0.0012147088882182
-0.003533152353688
-0.0632008766685217
-0.0061291259653114
-0.0326083007302953
-0.0443086772826935
-0.00641483671973458
0.0112741494009138
-0.0154356367726837
-0.032069372357129
-0.0197252442263349
-0.0372221592872399
-0.00905480895568873
-0.0125497737420646
-0.0671503968244605
-0.0245128945990846
-0.0134328819932828
-0.0536446246460226
-0.0246957378923632
-0.00634054228378886
-0.0347208469337403
-0.000261841359022372
-0.0491718384828513
-0.00599707391987473
0.00706631363100306
-0.00870613231607328
-0.0053403453668652
0.00858766865709317
-0.00206117418360534
0.00271416306343318
-0.0329983320719296
-0.00348444804482434
0.00718753261304724
0.0042635693726818
0.0163819171758095
-0.0136689379164608
0.00244916097427219
-0.0146083807106358
-0.0185898751109653
-0.00515688266652793
0.00181950443466526
-0.0212484936104464
-0.00397173430576379
-0.0135707870272694
-0.0308947711697597
-0.0135140173033368
-0.0352665716359695
-0.00200566998784609
-0.00812703068513054
-0.0264335545424819
-0.00796663896800494
-0.0322837163555835
0.00238031457629393
0.00563698717246043
0.00314001015144878
-0.00690687974225812
-0.00871268774097871
-0.00169684857266703
-0.00339234780096275
-0.012250244838104
0.00230039971136112
-0.0016630270858784
-0.00532279455622645
-0.00729039936418338
-0.00515760724313645
-0.00264160665528365
-0.0139073172427816
-0.0193967633569286
0.00239488169906661
-0.00286417493685191
-0.00728079541950917
-0.00912426551740072
-0.0197673444856348
-0.0362484378674409
-0.020659350204979
-0.00278705597134509
-0.00135765346499934
5.92621254371238e-05
-0.00721673504284289
-0.00156272698742962
-0.0173283641148013
-0.0241031122401015
-0.0115050265524799
-0.00407541790960033
-0.0143073188993278
-0.0225909467004542
-0.00696563886781605
-0.00253560223452032
-0.00708896308782415
-0.00331300352440117
-0.00236228820636959
-0.00235954588147643
-0.0201339928772257
-0.00763434277032801
-0.000876487572695689
-0.00382673431962829
-0.00523700930976847
-0.000685436900240046
-9.09254145687084e-06
-0.00184939309818696
-0.00740717726755676
-0.00355129733731151
-0.00159149929676772
