-0.985900769944637
-0.985900769944639
-0.994592370435159
-0.739741020417963
-0.19869129123651
-0.255571937101709
-0.529117417421534
-0.333005994018438
-0.158930906524248
-0.0995838387731544
-0.0759166857331895
-0.052110064084524
-0.101680833729198
-0.0701824512948978
-0.0172382951226679
-0.0250402719933479
0.00267966272062391
0.00040954215923496
0.00709084251094251
-0.0128593207763568
-0.0111709597893713
-0.00646216717051816
0.0309208126615678
-0.00181627038365672
-0.00603794920505154
0.00444477787120859
0.0468571114752823
-0.0170855080996919
-0.0194056211074007
-0.00910951268960734
0.00256331468050857
0.0356748584413393
-0.00058223545452666
-0.0149749089017281
-0.00183826637765173
0.00974231116482978
0.0125631135745005
0.000566679449658778
-0.00616592309443024
-0.0104954557385868
0.0148295367266793
-0.00165063417450984
-0.00109229823678746
8.86312203103003e-05
-0.00412562416115235
0.0214590479901022
-0.0186964318484307
-0.0332777720200282
-0.0109428294259918
-0.00721974065025659
-0.0107392425001675
-0.0209856853393707
-0.0423311685446279
-0.0365551386478055
-0.00635540317924785
-0.0259150501995244
0.00633962718647272
-0.00641083033910872
-0.0162397202347879
0.000333353043919793
0.0033999552436335
0.00600575010768836
-0.0300712928191359
0.0327147022702884
0.0119975325733563
0.000385018325751647
-0.0022038902525808
-0.000138623001229223
0.0128571361683721
-0.00446344365256046
-0.0121710229096775
0.00367707565032717
-0.032205836759955
-0.0244665285856965
-0.0037987572764515
-0.00808088612247684
-0.0137078620228193
0.00677351165044847
-0.00674372010276221
-0.0030378082166886
-0.000208381644017656
-4.11272133848348e-05
-0.00968955157178847
-0.00782264340743661
0.0021590700292707
-0.00449675101569268
-0.00623409549503636
0.000546808993837695
-0.00047937034843376
-0.00876402908391312
-0.00941937885422981
0.00100081906749533
-0.0097804536636211
-0.00832653451800745
-0.0251215147672671
-0.00379876232547579
-0.00130470123131779
6.42663960366292e-05
-0.00369542472042106
-0.0267230981751081
-0.0263316872053302
-0.00462030182317567
-0.00698289557728073
-0.0117588409725858
-9.96131908791304e-05
-0.0138680610150922
-0.0181450869662897
-0.00602607256565322
-0.00158456273967343
-0.0125300686830936
-0.00269063868438529
0.000999984488007814
-0.000723011860973578
-0.000622404641898917
-0.000196469155929261
-0.0041219692648891
-0.00520244383531383
-0.00320054668278326
-0.00499979763617492
-0.000930381366874853
-0.00122606958840168
0.000111524188254031
-0.00189918384654985
-0.00426249414389908
-0.0171058649401664
-0.0150683953411065
-0.00505781056477758
-0.00251638917976254
-0.0185516316836521
-0.0251428387162202
-0.0211676929825248
-0.0202879179211346
