-0.997216184226678
-0.806403079651031
-0.43169351916956
-0.500339876419344
-0.425679967760726
-0.17645795935016
-0.00212900704535511
-0.104628853493874
0.00591570629691243
0.0185835498911358
0.00168936633142448
-0.0126199450006841
0.00404547214750436
0.011473824117098
-0.00945551491898256
-0.00397399714724503
0.0601780526782073
-0.00835894149423984
-0.016898478570876
-0.00533966842377491
-0.00679580398249682
-0.0209136814805168
-0.0189807168183097
0.00890527543531647
0.0406036629270383
0.024861400860436
-0.00259116703096215
-0.00127106494395767
-0.00555457314387081
0.00851654883130829
-0.00685512418471475
0.0139629884168776
0.00274112056648206
0.00161070642663676
0.012014838756459
0.00753809341710581
0.00575233768923834
0.00110887792159865
-0.00376023469366029
-0.0196408555506563
-0.00678932742768615
-0.0116612170960639
-0.0108747299356816
0.00369523466694727
-0.00875516021454667
0.00571845903579733
0.00244916658260847
0.0014185446615082
0.00651410443244292
0.0103349378754323
-0.00834083437084312
-0.0562790575766904
-0.0098004229183357
-0.00796002573695503
0.0072190460343281
-0.00329355563066709
0.0100052372333589
-0.00380664898108789
0.0266356705941273
0.002382512274179
0.00186339946444243
-0.00900568332380912
0.0174546823873781
-0.0158235743702915
-0.000137673244322144
-0.0259151955088476
0.0232097616786334
0.0046308762318184
0.00479952744813854
0.000782361618200217
-0.00619001056142675
-0.00138983467533388
0.0064852630589928
0.000258421887136652
0.000862876430066451
-0.00133771689768671
0.0095621636991435
0.0231589898154039
-0.00819187625079978
0.0127090043701139
-0.000101990974512826
-0.0175622362277098
-0.0525299461541072
0.00472305952669334
-0.0146388026918601
-0.00289808644642758
-0.0229461182601785
-0.00780149774769631
-0.00161694026168152
0.0100561318581341
0.000810671894669347
-0.00449266799049075
-0.0113177128035998
0.00474550523826034
-0.0213832189465115
0.0101030894806514
-0.00758103211739379
0.00133525336768953
-0.00745628420006157
0.000598842998684586
-0.000847481508174586
1.59192503632502e-05
0.00161605506293809
-0.000718614538245638
0.000605924216737539
0.00783669393789848
0.000704189238814091
0.00228959532285271
0.0106675849121175
-0.00144132682292225
-0.0207428676133194
-0.0195979619815758
-0.00199695617932368
-0.00500143276501742
0.00231195503926588
0.012040395512827
-0.0100669902993302
-0.00285977664755429
0.00588465427790853
-0.00711544803303155
-0.000229867459122977
-0.0102792942945484
-0.000824298600778013
0.00152131372788944
0.00141300217110731
-0.0122791173207504
0.00618350919109766
0.00427774028079844
-0.0127880239917637
0.0189833164529865
-0.00310743877442957
0.00173406473496438
-0.000265807480079817
-0.00490340599768622
0.00141596240695785
0.00308727677438582
0.0147759098713174
-0.0150974216653289
-0.00239810507008858
-0.0002545892554353
-0.00398557834183493
-0.00736271117055025
-0.00955531312044821
-0.0355949913608884
-0.000929036459892123
-0.0102980062541109
0.00189949115046806
0.00171768793970699
-0.0116440549885692
2.47881028873406e-05
-0.00898445019327201
0.000355932881525699
-0.00487182678891368
-0.000673191272923832
0.0211980188711979
0.00838464021348155
-0.0136917536664503
0.000887773315535712
-0.0082609117476941
0.0101539778879668
0.00211076575917986
-0.0191786807483194
0.00424988377521056
0.00161860644209625
0.00323491910309864
-0.0180889753468935
-0.00727723657378875
-1.92966987665765e-05
0.00356424135407829
-0.000898752396632264
0.00946592309571055
-0.014157789012609
0.000858277541075163
0.000618095304243909
0.00134879617789426
-0.000381688974951892
-0.000661814551620974
-0.00224126035161866
0.00570140755481138
0.00106159572027804
0.000390301479483201
-0.00344672438700118
0.000219222176724334
0.00432308748886069
6.61187121566123e-05
-0.00622838585818778
-0.00232926998420068
-0.00717235205116741
-0.010891050877421
0.00640723316395142
0.00341336150913964
-0.000607411773313967
-0.00262609896455915
-0.00375474713180688
-0.0126570587430241
0.000379666904902744
0.000822663452629128
-0.00139942108847538
-0.000132403394559707
8.23065628248966e-05
-0.00161986288461067
0.00624670117658698
0.0127821285098296
-0.000927534510117715
0.000980072953171933
0.00208535945137557
-0.00904019395988996
0.00177025456502192
-0.00196224362061513
0.00135769833933683
0.00408230618895913
0.00336152797393223
0.000293051183473466
0.00518570963555651
-0.000809723730640637
-0.00195911297306179
-0.00334951851751581
-0.00147043548045527
0.00134002731071237
-0.0025564779653926
0.0140850517228469
-0.00688313314548594
0.00334589757381426
-0.001619157664129
0.00395865543441905
-0.000977236456149634
-2.70350010501844e-05
0.0027227985909631
-0.00253532016932402
-0.00510369194097234
0.000414831682272536
-0.00221182762366718
0.00116587292702823
0.00215203231955459
-0.0027205959711678
-0.000817475539970446
-0.00193150896687472
-0.00124091053137802
-0.000728864495492759
-0.00275345958865344
-0.00656997445831414
-0.00164868863835482
-0.00195070019214096
0.00133118449496279
0.000171762355393278
-0.0026294720803391
-0.00606678811253921
-0.00353163730599172
-0.00282547852335037
0.000696045996998771
-0.000460774586181132
-0.000636724937289711
-0.002414480537498
-0.00411550916249748
-0.000529515346941896
-0.00209452638187396
-0.00525048317705818
-0.00267860866200349
-0.0022204915193421
