-0.967018454813832
-0.984015543862605
-0.85606055038465
-0.471168676667932
-0.107522422491064
-0.128503398267658
0.0316325893429269
0.00441862312760666
-0.0291346713130568
-0.0492292841185943
-0.0315433408949983
-0.0367063780812162
-0.00335747220271266
0.0507592217340298
0.00065557412349644
-0.0327638367501024
-0.00579630592075371
-0.0242811549680734
-0.00832330049453188
-0.00559005224686073
0.0239478251795761
-0.00788376317582272
0.00563082774372132
0.0023211940133106
0.0411245715372151
0.013950724123131
0.000481715294499818
-0.000984325248492512
-0.0117349289610237
-0.0350401500302032
-0.0404683036830557
0.00187340144756886
0.0295140819515937
-0.0299736050905746
0.026007617772659
-0.0190171280197381
0.0189145200452223
-0.0140512843234849
-0.0446075665484231
-0.0135393579705387
0.0453795864348017
-0.00352112478596953
0.000827809616321277
-0.0245367016397325
-0.00468100137400448
0.0149983632805143
-0.00404367743028939
-0.0618174116185525
-0.0014872226001283
0.000255848303637831
-0.00554773593956954
0.0195902687083571
-0.00205168782945956
0.0275286247531229
0.00224572391100494
-0.0338750211768766
-0.0104901376700984
0.00234977135937889
0.00159961349826735
0.0160088827817208
0.0131016469777014
-0.0118432041110125
-0.00663374034123787
0.0117709660504217
-0.000435970536393104
-0.0204762810708948
0.00650388002952951
-0.00757226177648297
-0.00627808278550164
-0.00634094521163443
0.000744488935535718
-0.0213946260975928
0.00357135594971647
-0.0132359479968356
0.00331327398153595
-0.00398450599902867
0.00356211141562986
0.00320305629244862
-0.00748394575035005
-0.0152443268856322
0.000264596181192862
0.00254845457153167
4.42644528821975e-05
0.00591134455329258
-0.000432101289925585
-0.0142871350879872
0.0199407619795389
0.00320652063985668
0.0126860888697572
-7.02308363732373e-05
0.00324970357801417
-0.0192100045689534
0.00386894877705502
0.00134154897863451
0.00415941623605046
-0.0157590116587304
0.00691161314992569
0.00290377550387062
-0.0256829853167738
0.00808669799841914
-0.00775612575788671
-0.012626337499156
-0.0259526126883333
-0.00238428056443425
-0.0309974630324796
0.00390592947057414
0.000237950498260537
-0.00717482905839708
0.00533580125225911
-0.000823597801292472
0.00543049596528272
-0.0165397358197341
-0.0107525248635838
-0.0012351187947142
-0.0217754538145166
-4.5270746442126e-05
-0.00152862783937044
0.00982111132818013
-0.01827706578765
0.0025182811001114
-0.00463968214232766
0.00128708174951022
-0.000507990056554502
-0.0036271238022851
0.0186462059939694
0.00767447916718067
-0.00677870916879681
0.00250342165187756
0.0071109235002581
-0.0107907977488551
-0.00717391035747801
0.00369569442304008
-0.00191292005302897
0.00581594987883243
0.000773554800036656
-0.00723518197088232
0.014454525002657
-0.00395377781271736
0.00580977548567654
-0.0359910681676914
-0.0016944925097038
0.00698391471191745
0.013316681491098
-0.00378413015199773
-0.00253666750344903
-0.000447860059265503
-0.0016750675436298
0.0194805948042305
0.0153935335089817
-0.00216749327658135
-0.0029174357494433
0.000638285706783052
0.00540046118744189
-0.00431197855668358
-0.000621080692462354
0.000692428106054278
-0.009153811305013
0.00837754846124824
-0.00348059315880815
-0.00528735770696837
0.000453993880598916
-0.0225714559864312
-0.0122754831363353
0.000877022252553646
0.0030168623616663
-0.00211064029498709
0.000675222502875922
-0.0164248331846937
0.0132844982459935
0.00548800522869652
-0.0132171178259156
-0.0134336823949136
-0.0226327200339583
0.00519380361556342
-0.0117347533987125
-0.00583745587236774
0.00439389278942045
-0.017882847210253
0.00173898792692631
0.000569072893345329
0.00129158965621593
-0.00813126553197241
-0.00187161638955651
-0.0104786935655188
0.000671802425599478
-0.000472489503211863
-0.00311804001806036
-7.67021218818605e-05
-0.0085478026315337
-0.00191161796415093
0.00476419386722403
0.00458694706733678
-0.00273920537213629
-0.0019210984892966
-0.00702131794246544
-0.000622446180717489
-0.000315931942388305
0.00037794609445497
-0.00145268931450548
0.00116337289859352
-0.00198148803475407
0.000982321730474558
0.0104400417996108
-0.0042938784819691
-0.00479891467750461
0.00129430825145881
0.00197533297088099
0.00205178359391692
-0.00342895489074357
-0.00303552992685906
-0.00408262271907137
-0.00159162485203538
0.000913382867862036
-0.00465302871867375
0.00033835647969167
-0.00121219751835775
-0.010934854184103
0.000254073718833317
-0.00487803485705065
-0.0032677591351432
2.54611908815179e-05
-0.000685440556760148
0.00150700058596951
-0.00119997184512588
-0.00664694751129489
0.00688085646036176
0.000858446254434921
-0.00196632530695542
-0.0100635911070531
8.59229106872677e-05
-0.00154182309376645
-0.00373527030941287
-0.000224261272428966
7.32860054142998e-05
-0.000596390617273921
1.77166349650398e-05
4.77206867265758e-05
-0.00422075496518819
0.00265683849610743
-0.00171020825123307
-0.00649333801817657
0.00254274887666852
-0.00354137267747721
-3.28018658391579e-05
-0.000553556956600293
-0.00253981845164963
9.81501005670651e-05
-0.000181443978256999
-0.00270067929464772
-0.00164906202420043
-0.00619402735964712
0.000261336427471292
0.000724024636694069
0.000277132720081044
-0.0010374817858202
0.000265964757842702
-0.00179044706556985
-0.00138441502383201
-0.00212586524289489
