-0.994083993460798
-0.703286331787677
-0.112975102456179
-0.193449262693828
-0.0627119982225974
-0.06641739598157
-0.0206407115121974
0.01330852048711
-0.0135182391073571
-0.0372985042768491
0.00829185456127513
0.0556918730685131
0.00374710737801409
-0.0488216623449713
0.0127066452777556
0.00330427537235931
-0.00939180499828109
-0.0197428572924997
0.0263598063299349
-0.0190000595626484
-0.0427495493748761
0.0698235456746448
-0.0144198889951223
5.80029619367357e-05
0.00575166228136821
-0.0122145822289462
-0.00759213128853041
0.0168984382116811
-0.0112733751566822
0.0645335354659785
-0.00311763445482424
0.0112688396737074
-0.0130457060959945
-0.00111984121035403
-0.00863845751461758
0.0208086924922217
-0.00222609490601022
-0.00582057899036079
0.0137256146210305
0.00526130891034841
-0.000354310875647415
0.00155121750891805
0.00310524739388145
-0.00755766768363878
-0.00149332359681036
0.0225231165240016
-0.0223944474103261
-0.0122013015456522
0.00565942709355831
0.00223659691067247
0.00478669050025291
0.0108185882597567
0.0248528689696552
0.00436735880835076
-0.0155429219034663
0.00597478405074365
0.0175641168587989
0.000836712269340311
0.0027551803113444
-0.00350484543725441
0.00255702056524606
0.00102484492882668
-0.00209771650209917
0.013681413733658
0.0181711891090855
-0.00708519717570003
-0.0483014924372617
0.014358683587343
0.00521725472646392
0.0074989755006323
-0.0134525137520109
-0.00227789617125222
-0.0073594183544216
-0.0115270828030404
0.000566243087469115
-0.0139631979935869
0.0269773499607729
0.0238735422373296
0.00770732750101088
0.0031676981412687
-0.00100501869272268
0.0112528142397026
0.00310983009572789
0.00586484810872649
0.00981395716420981
-0.00702739680636828
-0.0115130578497404
0.00198344728410697
-0.00900112557077183
-0.00328574421326001
-0.0366605644899361
-5.61867857497749e-05
-0.000557597316354145
0.00343499569245753
-0.005545305783716
-0.034941128383354
0.000459283237175227
0.0132748160049089
-0.047831748030021
-0.00673611933539183
0.00859625912474815
-0.010312611240623
0.00406438060427337
0.00949971843266352
-0.00455279612144636
0.013297199972723
0.00608896911929239
0.00339510488838121
-0.00683064678526559
0.00239142855929344
-0.00814584926120975
-0.00139973469732753
-5.89927055897725e-05
-0.000835166775677444
-0.0134827623832839
-0.00348309782212999
-0.0079713548850622
0.00185445124542902
-0.029893829167283
0.00934970477788401
-0.0258808390356668
0.00447279190888568
-0.0215581716619087
0.00215356044812256
0.0211903632549215
0.00408635560625607
0.0123929751823932
0.0125986203959337
0.00246862195824813
-0.00235692087309607
-0.00252907949303206
0.000963840203648047
0.000167725784524647
-0.00709786159993982
-0.00678163640914116
0.00283402415032711
-0.0171461892783376
0.0383782454519484
0.04476663375513
-0.0148696495708125
-0.0066483095488967
-0.0193392949001878
0.0105280932916623
-0.0169218619506782
-0.00380870362848459
-0.0028054869894352
-0.0147778452256001
0.00259725630636023
-0.0378368966627892
-0.0154709485595948
-0.0100668781362278
-0.000562891727034358
0.000662807308034098
0.000925590902674124
0.00511954997560011
-0.00171325413767181
0.0309586998684445
-0.00350919640645794
0.00161422339063636
0.00675962075698098
0.00143527558739741
-0.0106098319262007
-0.0566862959741987
-0.0148243797412968
0.0122918940552488
-0.00157508462849926
0.00577341936168351
0.000358248335447325
-0.00889616728014773
-0.0155266140299043
0.00143844701270557
-0.000875538980533699
-0.0033531445591386
-0.000945360908758603
-0.00245436590167864
0.00153604312105517
-0.00486056058248516
0.00359837555217466
0.00460271150978309
1.13368417978275e-05
-0.00132945625718688
-0.0169472897779969
0.0159386156191218
-0.00365533628383476
0.00557998554887094
0.00269775824028044
0.00212797924630901
-0.00603065411616234
-0.00289368355393382
0.0160125652166141
0.000165049546284781
0.00165359996617518
-0.00428340765002122
-0.00133918889759861
0.00251733756239731
-0.000411016486236507
0.00246084029637154
0.00118349828721342
-0.0021019008081052
0.00541548948378526
0.000599685188343845
-0.00234971411338801
0.00428905610892218
0.005553913627687
-0.00203487024144763
-0.000458152227660916
-0.00705544924952589
-0.00107920623623834
-0.000194872332819656
0.00457371944114286
-0.00841907221345271
0.000509957091937525
-0.00123058878974892
0.000313606969159039
-0.00085995175071634
-0.00732732821683247
0.00350464999626032
0.00129029433621779
-4.01389940895215e-05
-0.00429973659323822
0.000817635463388648
-0.00094890906037314
0.00119574977710727
0.000303611738031203
0.00302034390044526
-0.000130777530986253
-0.00589220873890856
0.0134853133976935
0.0013048655464497
-0.00805618684580934
-0.00147419890987525
-0.00218649014811092
-0.00369846773123279
0.00108799624200538
0.000143649070196063
-0.00279352226547914
-0.000249690176264857
0.000130011672683524
-0.00123702353784152
0.00105052903673597
-0.00365149926547245
-0.000334143645788844
0.000331933894961279
-0.000630296077816815
-0.000562463091104184
0.000514889963371495
-0.000654894762887969
-0.000483457894677386
-5.37188311996617e-05
-0.000748505708554582
4.10642146360532e-05
-0.000228735693409271
-0.00444722174919311
-0.00666990165606874
0.000689957298978472
-0.000743137231393274
-0.000403736723429751
-0.00360562058238365
-0.00161378451962408
