-0.969900674582584
-0.877632285183274
-0.566272354358913
-0.30791100498827
-0.307515894118027
-0.174195184317995
-0.0780978590477224
-0.016627533968286
0.00634981200711352
-0.0313529899003848
0.000597296380164937
-0.017284166057073
0.0236201806123869
0.00622218867233273
0.0675058323054518
0.00494651244569281
-0.0120751253082293
-0.00514585011290898
0.0033628344176341
0.00509786896281526
-0.0436378409963997
-0.0110083156726463
-0.0119155173454903
-0.00468533839615303
0.0127948267861008
-0.00699744336532864
-0.00317799784309806
-0.0133822321984294
-0.00901442859679602
0.00231346798947827
0.0227552409605292
-0.00194290895801313
0.0379589137197371
0.0284623516156276
0.007791865849163
0.00611457002498503
-0.0251066295301834
0.0187547896979316
-0.00857822267872846
0.0278682564828131
-0.00809707150876273
-0.00836104971686092
-0.00523186400437881
-0.0924985856169455
0.00211224358105093
0.0119612821792404
0.00432720030648681
-0.00706973175572376
0.00331828948276438
0.00578474730809955
-0.0115226747511442
-0.0101590062275333
0.00168622500113231
0.00221695218458616
0.00536450348312928
0.00285006903699837
0.0383482800259474
-0.00796045901786427
-0.00997060257538857
-0.0116140761622568
-0.02148797177512
-0.0209360386405652
0.0327964365508471
0.000513817916834437
-0.00181860783794571
0.010061811254544
-0.00809091896079642
-0.0109341170692811
0.0171127605081918
-0.0110998668087523
0.00278551113148105
-0.00279169889839108
0.00775632754523935
-0.00840823477991031
-0.030515646453879
-0.0030683122043341
-0.00247828911056772
0.0163797214188979
-0.0128835927280591
0.00754215656152598
0.00361026487244306
0.000884509470078527
0.00472345458400793
0.0137995172034764
0.00357169623055826
-0.0125133469020104
-0.0465689110383207
-0.00317817000464203
0.000589448816796456
0.0231629563979544
-0.0154913617353909
-0.0116676529167088
-0.0206674148757954
-0.0052767792484518
-0.00930113511765655
-0.0011105764760211
0.00781585101336688
0.00515760085414569
0.00707487735688007
0.0114236288891925
-0.0122543394706005
-0.00418031653251055
-0.000203106628001866
0.0132360564039694
-0.003907669160646
-0.00566504722320804
-0.0104106615304265
-0.00753443846769764
-0.00518088847361276
-0.00705861027266012
0.00148094770103658
0.00012719822197836
0.0081357411570324
0.0037112971595124
-0.0259936966795351
0.0152621430228921
0.0137764551907889
-0.0191548940702532
-0.00808157326717925
0.00819899567694992
0.0133341765371159
0.00498098667553973
-0.0472681283539738
0.00662732842485995
0.00202020673265832
0.0210894831048092
4.52912304747715e-05
0.00206763264295462
0.0385796032807786
0.0110799629090201
0.00541359405072945
0.00369558403542697
-0.00478991368655219
-0.00498892902132225
-0.00463416450365498
-0.000505291651968674
-0.0070505545820844
0.0082068431993509
-0.00852248080346644
0.00301094633630465
0.00145455582457508
0.000162488279566306
0.000699935918223462
0.011039553413209
0.0073163629972161
-0.0329691323175957
-0.00171501143315148
-0.00302617672923819
0.00053910329249942
0.00128249737686164
-0.00330188887510049
-0.00180843918514321
0.00433290689004474
0.00400227696108276
-0.00433695946705573
-0.000973268868846581
-0.0106721982830128
-0.01233957981551
-0.00567689393636346
-0.00202649184671168
0.0010122830459355
0.0214721028925741
0.00352187316210214
-0.000573617279111385
0.00149512950646142
-0.089103305426788
-0.00408534984470059
-0.000591735642002544
0.0047919679469539
-0.00987573236144923
-0.0028838466717167
0.00611978187798431
-0.000582905343286354
0.00121739252196962
-0.00152235782431388
0.00438482443207905
-0.00425297173152672
0.00533214065770365
-0.0036117213724348
0.000703241337219053
-0.00507453152360993
-0.0165770770208333
-0.000289660152169618
-0.0110227670344372
0.00193856562533371
-0.00865393888866586
-0.0149128957112543
0.00163351116881399
-0.00674432899766944
0.00130588482253991
0.00617444387307921
-0.0130275544659146
0.00574726046292814
-0.00774430469424266
0.00796377787904034
-0.000648948144823617
-0.00213299468225304
0.00375644687275115
0.00393207461666778
-0.0109821687589984
-0.00101499027123452
-0.00850974788268383
0.00152515367804767
0.00208311501805029
0.000564850287993983
7.59844727905179e-05
0.0023703307216131
-0.0148609786924774
-0.00800421534626273
-0.0114824412242232
0.00557881249991548
0.000672405129252416
0.0201450520211784
0.00241979294976121
-0.00516228010720096
-0.00482336802231936
0.0137107428430529
-0.00407893652904728
-0.00673169827167363
-0.00143625156867265
-0.00523057261318613
-0.00204975527949233
0.00161937456386278
-0.000153980527062741
0.00179585064686648
-0.00226973848079511
-0.00321817484303816
0.0017997961293403
-0.00135507946426117
-0.00358314808792349
-0.00167332931196429
0.000945767709086774
0.00286725559392688
0.00150200772976324
0.00306633120213689
0.000911996821595426
-0.00190494375715327
-0.00192554912421712
-0.00034248408904939
-0.00634464069624272
0.000941595497266224
0.00246533329801189
-0.000318071838052589
-0.00234105587574125
-0.000511182032008846
0.00317708261033109
-0.000283815529261344
0.000296613001196976
-0.00104935059105068
-0.00716141566783179
-0.000367682170069836
0.00017303101492134
-0.000752061976455944
-0.000833689258701538
-0.0018328343814528
-0.00128001922453628
-0.00452718926770183
-0.00397676338333695
-0.000736659947600295
