-0.9899100554254
-0.853014008509743
-0.466229965050283
-0.274741694616719
-0.0128719670112526
-0.109412165825859
-0.00629040756015662
-0.01758297003713
-0.0750309074215244
-0.003668912044434
-0.0523462964998397
-0.0215038974845294
-0.0626249680816672
0.0180881699187644
0.0134595712569175
0.0446018973377615
0.0209989309748065
0.0205520913866208
-0.00721702444881174
0.00192006891726524
-0.00736533333871827
0.0409134846596678
0.00742709324322217
0.00188047239765031
0.013190200797668
-0.0211846067507993
-0.0226530699995428
0.00145870673541377
-0.0192013130154805
-0.028425280566564
0.0251485513259675
-0.00910917469703237
0.0200325917937643
0.0269800415802426
0.0134307647744728
0.0246175193539277
-0.0243474454154767
-0.0260077179106681
-0.0299922464927718
-0.0274394904032581
0.00294341739549219
-0.0349826632401952
-0.00449144573303497
-0.0166664238654652
-0.035551693816952
0.0305506871230723
0.0120503466427663
-0.017058999362753
-0.0302070191594105
0.002645635285908
0.0202280470472389
-0.00917716189826007
0.0032181226648793
-0.0263552130559146
-0.00870961481306766
0.00493319590512073
-0.00811487036597712
0.0652648643660557
0.0283585886557311
-0.00410541918296498
0.0113153032209226
-0.018679974435667
0.0188024373227363
0.0304308243099096
0.00804982004860686
0.00426057854225693
-0.00471188376409346
0.00040946508813429
-0.0115912232760614
0.0175436132953387
-0.000129631770554953
-0.0158593738423616
0.00241237012549607
-0.00123648471943433
0.00357696713703903
-0.0846289017375568
-0.0190151426741144
-0.0129715889419913
0.00476640321049248
-0.0100493226651379
0.00459486173475271
0.000110468592734964
0.0291778350623778
0.0158415456490726
-0.00219642544074422
-0.0154715511095203
-0.00060193944909088
0.00972886480245558
0.0152809107765219
-0.0101326296189158
0.0067335633607284
0.0143269624194287
0.00455802607263212
0.00485045510087955
0.0250921398731357
0.0214674095742231
0.0527954396305624
0.0121235413268059
-0.00308062249964721
-0.0064835219346677
-0.00706414749897233
8.06062074406744e-05
0.00760893914664547
-0.00581551485812922
-0.0211479619012866
0.00729917718218494
-0.00163594976491858
-0.0117788807418025
0.0016043950060115
0.00689124027627459
0.00318560324279478
-0.0253075352146591
-0.00454778352772649
-0.0227508308311448
0.010498877134597
0.00362295925935166
-0.0122478735118868
-0.00909221322895671
-0.00208046131445406
0.00951049004275914
-0.016759040105016
-0.00170753670053491
0.00021938229563442
-0.0116470433035954
0.0129546297826697
0.00125642801763792
-0.000876613544790206
0.00675837468386052
-0.0172698662251537
-0.000722860269043076
-0.00620744479118011
-0.0165158295665293
-0.00944777598794096
0.0181085660054647
0.00260337631450944
0.00443232657645456
0.0171764840928101
-0.00539988086566865
-0.0126188650958688
0.00870751596967233
0.0050669828980999
-0.0164247479999938
-0.00565986402023814
-0.00266708830110402
0.00145932617629243
0.0178656620912071
-0.00333910284780394
-0.00310458864116822
-0.00374512075676168
0.00303774641819311
2.64072645131757e-05
-0.00225203006107084
2.12912869496269e-05
0.021381546443906
-0.0140419552275988
-0.00603271564255206
-0.000957231391883827
-0.00655430080731705
0.00277950773529541
-0.00591825590636007
0.00265824434582976
0.0141542164823539
0.00250744891405493
-0.00775297223918928
0.000231399409014647
-0.0204917909995527
0.000713644759550393
-0.00842276587362567
0.00255016314766307
-0.00387793624229146
-0.0078343741178928
-0.00403368581688131
-0.000603072954007285
0.00177029142971797
-0.00398942043669553
0.00166175401202755
-0.0187429270773041
0.00047954105998153
-0.0122608193437097
-0.00487122550315216
0.00349850635567448
-0.0111795463281127
0.000890784862305062
-0.000530921120097333
-0.00263098412130848
-0.0313253829789839
-0.00178588691488958
-0.00458835879958467
-0.00444354283270954
-0.000502048200321742
0.00570954723486591
-0.00540575334844654
-0.00752784015105645
0.00567057858784746
0.000225971957395429
0.0039325007006032
-0.00291674324773767
-0.00803866380754149
-0.000491624535826048
-0.00535705159871785
0.00589647767582107
0.00328620103452447
-0.0170828480318509
-0.0104393145711629
-0.0118014622830001
0.00158477309864778
-0.00320962466404575
-0.00732870893635304
-0.00686044250339125
0.00126409748881748
-0.00538610172998967
-0.000346458291472686
0.00404654847146717
-0.00331186960881418
-0.002819405095929
3.97290780999916e-05
-0.00667875172040586
0.00465376974139719
-0.00529683370728143
-0.00344459687408561
-0.00187325733383829
0.00169747118397386
-0.0110809308809833
-0.000745499751287451
-0.00963621722259329
-0.00224512259784791
-0.00100443964400788
-0.00647516622111864
-0.000805002761960954
0.0002916760935284
-0.00102470400581745
0.000654408695742316
0.00076333097638963
-0.00506871670627466
0.00126697324884955
-0.000377585111817563
-0.00654388865138118
-0.00154227423281744
-0.000289815405652172
-0.00325283947294648
0.000624389933603076
-0.000470125239631136
0.000518670143209843
-0.00419089843913152
0.0014867894546302
-0.000252455075502114
-0.000487547471698948
-0.00030719063912899
-0.00215835303892889
-0.00250004272309058
-0.00122413496094418
-0.00135330919897874
-0.00204595902683613
-0.00252007466976245
-0.000820314904790449
-0.000382152966768725
-0.000170394123820496
-0.0013732651161628
-0.000422881352287219
