-0.993898119768921
-0.786382256143191
-0.398611290860856
-0.337734017586272
-0.233360467178008
-0.0497308860162381
-0.0028669513765119
-0.0458252590758742
-0.00807670862223913
-0.00406977784845415
-0.013982121756398
-0.0116915709216565
0.141457161863115
0.00445254589893064
-0.0345386441479176
-0.000872931861804403
-0.00893519060276089
0.00544276376070434
-0.00479037650936357
-0.00464668275343566
0.0214097353291528
0.00452912709533945
0.0110462195083501
-0.0297361728195886
0.0165411948276582
-0.00901012532294881
-0.00118765516212887
-0.00673105111821758
0.0201415693536905
0.011874910689994
0.0189895401597746
-0.00146975962710935
0.00557081888909199
0.0116677099248052
0.0264915534369614
0.0033071578229304
0.0341975884648239
-0.0209476302085563
0.00646128052939206
-0.0542145373030333
0.00338687691819053
-0.0304618205614405
-0.041033518920228
-0.00894656264766799
-0.0124746840628757
-0.00730163410804396
0.124371923699051
-0.0135851761913136
0.0113324835353367
0.0165990244177138
0.0084612498397167
-0.00073496271198488
-0.00224279141131941
0.0187129248049193
-0.0195180025242007
-0.0159475965454428
-0.002497008709831
-0.0319353078949911
0.0048049340612789
0.0014914832149479
0.00602180776090302
-0.0147660044557655
0.00663403748778752
0.0116821155792891
3.17617490441925e-05
0.00349957832638285
-0.00219078635372227
0.0182131737369285
0.0360643979991016
-0.00127528439276029
0.0170581329788899
-0.0608835280148919
-0.0205873196976117
-0.0149219804448595
0.0130906158277428
0.0181817069376866
-0.0123906053754577
-0.0179480329482637
0.0253561728096031
0.0214142700929647
0.00327599717202719
-0.00659466027875799
-0.0130465088003669
-0.00443282319510694
-0.00923561630373206
0.0578810356782915
-0.0165234996362083
0.0178237152236226
-0.0375914598759721
-0.0299750591297616
0.0091735710481686
0.0418839568300287
-0.0169230646512401
-0.0316853952078324
0.0110533686753234
0.0183777077156832
-0.0114025880977312
-0.00235007852198095
-0.0542553890089954
-0.00812182212424357
0.00150392342779098
0.00246156640236151
0.00443920009638739
-0.00332565544076917
-0.00378897438109482
0.0273827446423023
-0.0071440403452967
-0.000445667820557476
-0.0270995631924938
0.0167648716636157
0.016825851466832
0.0249492091426132
-0.00911180945903101
-0.000941566909710024
0.00319810510955717
-0.00531923458899176
-0.00279509703897161
-0.00750988948606069
-0.00377640284846511
0.0053223839609743
-0.00159202102027906
0.0234184569326525
0.00432715566828194
-0.00906130681691239
0.0272685145896613
0.0514797279900736
0.00502932756256705
0.00375151539889954
-0.000680062585420658
-0.0065139561297099
0.00277796998566844
-0.0259200654357015
-0.00339571648186577
-0.017052468156371
-0.00345767381837378
0.00208218342560503
0.00908952049096457
0.000877819183447059
0.00631899985616781
-0.00557220761575489
-0.0292127698267315
-0.0102489177587861
0.00208791922312644
-0.00712322642017196
-0.00938960607251566
-0.00405921322930948
-0.00347670698016945
-0.00149409623815979
-0.0165917155281128
0.00792682337128846
0.0258889370936479
0.000392793927581274
0.000932307584620384
0.00859266064701385
0.00334951313298577
0.00733278275941377
-0.00909478212336845
-0.000836376881520032
0.00323834588807905
0.00100277298852052
-0.0127356282786614
0.00155769021425527
0.00134328069184546
-0.00599309443734217
-0.00828793914793309
-0.00096310086440724
-0.00702405306522268
-0.0044740460108882
-0.00165313048786233
-0.00444965240832158
-0.00136754463222717
0.00181464306609617
0.00686064446965397
-0.000405842605989496
-0.000374664116847423
-0.0159836604726439
-0.0105836006344841
-0.0035902126705366
0.0039118735329656
0.00557725145121867
-0.00622578302937937
0.00487586926734776
0.000724282464580979
0.0101448958619842
0.000614570612533075
-0.00363951515786557
-0.00716701955740477
0.00168206681683508
0.000837034095294155
-0.011221451979513
0.000126340995833068
-0.00147339812455759
0.00176357865628018
-0.00536291939896756
-0.0029322492525139
0.00182354413317065
-0.00547073799329902
0.0022203461356154
0.00647959164042842
-0.00573766098718254
-0.00105198934381566
0.00304483578769095
-0.00219708169827367
-0.00237560223962549
-0.00588351040373626
0.00112184998230529
-0.00119230675968391
-0.00425141100880534
-0.00955443319326112
-0.00269456985592573
-0.00140264374658596
-0.00587659083912961
0.000469774144794948
-0.00214217692335179
-0.0014942997557097
0.00632875874901396
-0.00310111165261943
0.000582377126963973
-0.000221715310184294
-0.00318327728284422
0.00230871970117171
0.000402768583316777
-0.00131338509541548
0.000325031310581755
-0.00338205574541175
0.00415734104295681
-0.00965075372340177
-0.00054863794056767
0.000515299324468369
-0.00468317460514312
-0.000911532470301384
0.00183687426657731
9.01887908152578e-05
0.0010168758854871
0.00137640982881236
-0.00219753031913673
-0.00171258290941425
-0.000315105095059308
-0.000366394360204092
-0.00251802356769811
-0.00068340074256144
-0.000116609816804239
0.00328119294953592
-0.00357988226419571
-0.00639239366370035
-0.00106610414298692
-3.27455886249485e-05
-0.00284039705888323
0.000282489965996778
-0.000120209896157455
-0.000351034683809982
-0.00057376456046488
-0.00203349756869669
-0.00277757649398829
-0.00149130041465432
-0.000866291280836116
-0.00440231366984678
-0.00314059280428164
-0.00309761361731499
