-0.890447818327771
-0.800418886115544
-0.545843513414003
-0.575530900039178
-0.208917802641897
-0.0326964113263169
-0.11574346254955
0.00681873126069734
0.0322215141559679
0.00138376975424972
-0.00747339019698473
0.0289956939516855
-0.0170137618137702
0.00589856519284875
0.0107005804283826
-0.0200322076176409
0.0178230870380828
-0.0043111571307967
0.0101380619330498
0.00404753018004528
0.00307599048173841
0.00298800421355978
-0.0329340878333721
0.0103413058937574
0.026214120997528
0.00342347032788184
-0.0264856092528167
0.0704872817949461
0.0404739086404585
-0.00492951830552694
0.0532674356358421
0.0164835760041895
-0.0232874223205108
-0.0260456556128546
0.00930837076985423
0.0226322989130226
-0.0161561411190189
-0.00663266020285709
0.00367542302367515
-0.00305795569171062
0.0776099565929451
-0.00112771532712973
-0.000207814236904308
0.0122362300569032
0.0113165003482121
-0.051324617844582
-0.00172482961015075
-0.0642966520903512
-0.00179063274565178
-0.0135702621355644
-0.0166001653144872
0.0110332598206827
-0.0256479581185119
-0.00583646711088044
-0.0666262364332992
0.0116969541289413
0.0125674246920493
0.0148709397185888
-0.0210092417070388
-0.00670270472608102
0.00476983759942419
-0.0204669318845067
0.00552691532753853
-0.0375283965822551
0.0113915506592295
-0.00320689224723624
0.00510597915051659
-0.00163644802297443
0.00706222103020624
0.015176592126198
0.0204040549924501
-0.0155717869578926
-0.0110815660453735
0.00180817233183447
0.00225665909202897
-0.00685214670957043
0.00694039127516589
-0.00332292970831627
0.0167199254745816
0.00380643478514612
-0.0103273921106076
-0.000852580587057612
0.00545637160265885
0.00638797891036057
-0.0574091871342078
0.00156280435252092
0.00105165750142875
-0.0206936422844474
-0.0181455728000961
0.00707244341735759
-0.0879418609905617
0.0278738126286453
-0.0332469749703437
-0.0222642684040952
-0.00481996161063114
0.00680203151237226
-0.0361099144778184
0.00330518739383009
0.00225093075348627
-0.00309946848997586
-0.0139505146368312
-0.00572529454062555
0.00556395658866145
-0.00326081604123542
-0.0110213398956042
0.018944353607153
0.00668177293229302
-0.00582526051595009
0.0341686883298379
-0.0192732905875732
0.00553640736828111
-0.000663308875148209
0.000496524060043314
-0.00327740964571
0.0049711906813511
-0.0127419176725465
-0.000891233398811667
0.0400649514271653
-4.57007876838093e-05
0.00952581388383858
-0.00936669615622297
0.0303220437924874
0.00708599484307954
-0.0252041013522126
-0.0191452303152177
0.00877012341434626
-0.0043805528716178
0.00224539880636881
0.000806235503697793
-0.00190112455846703
0.00881563811885134
-0.0124409587432452
-0.0234108286666956
-0.00488165890798746
0.000553010220075568
-0.00726273753979954
0.00666867678724548
-0.00875279781596548
-0.0121709009165775
0.000185864343672789
-0.000839711629278823
-0.00644716512265389
0.00412019808301873
-0.00879363000134892
-0.00881152583489543
0.00115302077339083
0.0131626055743317
0.000341664057239871
-0.0118658966848122
0.007572989458654
-0.0102954023314594
0.00571438004784948
0.00728251409304399
-0.00341692691402092
-0.00839539477708835
-0.0368400937140544
-0.0286672001720916
0.000838465861167486
-0.015975135235963
-0.00320798303707719
-0.0123640353138138
0.00165514925301892
0.00243715745200318
0.0143657124404566
-0.000805688296886938
-0.0366086472546138
-0.00577075026043892
-0.0128012977844099
-0.00350759983680273
-0.00455211347520515
-0.0383195977783889
0.00977128814700537
-0.0146501078634695
-0.0056158684604878
0.0179691552429873
0.00665342943273529
0.0129350067197607
-0.00292076412474162
-0.00211464579886322
0.000463519423404432
-0.00481021654397459
-0.00702716564240953
-0.000895238026892537
-0.00254122342048715
-0.00694579729976756
0.00334807140069447
-0.00568629730681853
-0.0143022679585506
-0.0136638063968279
-0.006971123920881
-0.00891489509596826
-0.0192190951270906
-0.00547775408432299
-0.00140144650788327
-0.00241697310978357
-0.00593822726249228
-0.00161374535894185
-0.00502138204377634
0.00977865733811202
-0.00376351081965617
-0.0406504722585365
-0.0031284154536547
-0.00301509560700521
-0.00287234282232719
-0.00182294149072148
0.00513756059600199
-0.0105021031855738
0.0128150463367982
-0.00669023854441045
0.00264489903618856
0.00104159384024818
-0.00588072128782049
0.0181763162133504
-0.0101309453959025
-4.80451694701529e-05
-0.00239471751770942
-0.00647230143426913
0.0110734725777326
-0.0165041412168421
0.00269647572133814
0.000291021608826911
-0.000140228466034854
-0.016283821659311
-0.00463548969105455
-0.000638601815933991
-0.000123553424469215
0.00187137565259379
-0.00191984803434719
2.75516907060242e-05
-0.00342192772637803
-0.000505738910976692
0.0113246522291364
0.000250000435657904
-0.00443066330348634
-0.000732671397416674
-0.000450975751747652
0.00258358549029501
0.00115547289546638
0.0021834799299875
0.00268850023218433
-0.0076149021717144
-0.000292632015769854
0.00279944965854307
-0.00554009874727522
-0.0131552642060664
-0.00218358171085613
-0.0108406169423006
-0.0135375215159641
-0.00758428673570359
-0.0155839162579708
-0.00139431725617669
-0.00544099813067206
-0.000342461822701901
-0.000570466007682345
-0.00261588431842523
-0.00139462287815813
-0.00142193386348982
-0.000125526079841011
-0.00178913922627554
