-0.992905362465572
-0.882970424722491
-0.65657046976918
-0.149891227723983
-0.456673660119495
-0.249044398257186
-0.0631084504864479
-0.0798725567039834
-0.00449068232769072
0.0061839053214118
0.00288117390347568
-0.02520616955907
-0.0224767483501761
-0.0080519214198538
0.0270702764158712
0.0032990324219976
-0.0197443092544627
-0.007757808762258
0.00261258345264301
0.0229183136114501
0.00501120339348131
0.0428703570246803
0.0194170639665017
0.00302353701065238
-0.0182458478603938
0.0142173878030653
-0.0434028293024928
0.00537990185561257
-0.00929601193830383
-0.0351208816175006
-0.010491636383433
-0.00748333880916821
-0.0108016839572585
-0.0122367193865397
0.00632509443006965
-0.00237232293185523
0.00981207971764298
-0.0342710727914628
0.00872930322714274
-0.00252691438788214
0.0199712653775121
-0.0131806949840358
0.0102302407418442
0.0404298636792698
-0.0399904187964355
0.0115920585756087
-0.00440372110832285
-0.00086073493081518
-0.0132520160362162
-0.0107885624123685
0.0106462028479426
0.0243183345278343
0.0211500366339955
0.00517734733901138
0.00858442154608141
0.000221885191906105
-0.00353285452313139
0.00952610025963507
0.00411573694278818
-0.00834573341606746
-0.0433993302631863
-0.0170502591105579
-0.00867109536570876
-0.011241583607252
0.0137737268147429
-0.000250878497839757
0.0160226693470411
-0.00666143861514759
-0.0372607951673325
0.0160818752873134
0.00616097786621703
-0.00801278254930934
-0.0127357170678497
-0.047606827078352
0.00983489559658612
0.00102830264894612
-0.0195468472066978
0.00673430148216865
0.0133947500004825
-0.0594047489532365
0.00866786829157968
0.0452868712099011
0.0262014912867591
-0.00400173103172419
0.00263958445506927
-0.010962042485886
0.00633591572970763
0.0209150097769123
0.00212070999015358
-0.00482108885441942
-0.00267036768372551
-0.0070035127764116
-0.0515365659195005
0.00392185253065188
0.00524495663323253
-0.0222015687825723
-0.0103884810845119
0.0357040320976131
0.0195264484044929
0.00435401805072485
0.00968581446902437
-0.0104501215376192
-0.0367933547505221
-0.00116461975254402
0.00134035190201778
-0.00034137514587069
-0.000655563245569995
-0.0198698983920836
-0.0239089138367652
-0.0444310679836641
0.0259063247455685
0.00288578205401527
-0.00793176204845696
-0.0154737267352432
0.000243275071398818
-0.012226802109759
0.0016687406600363
-0.0143148956827601
0.0026045695585221
0.0100837716175555
0.039058748222139
-0.0187063169045191
0.0252578302569515
-0.0238451064431423
0.0155322081657118
0.0494387606359796
0.00251440601718109
0.00575074604108395
-0.00795519006740947
-0.0640717165997476
0.0159941826686094
0.0110457232861502
0.00472690506446566
-0.00253854904679419
-0.00253259120880568
-0.0353062457664294
-0.0100100760194164
0.00703797083207018
-0.0184045882106722
-0.0153793859544613
-0.00431858067892095
-0.0224283851968097
0.00310153445601037
-0.00221235974734784
-0.0340894704375481
-0.00483340303656455
-0.0259434471802744
7.63303598266714e-05
-0.0159312072930302
-0.0129103352509133
-0.00506473500181808
0.00187600169288758
-0.0112603270207295
0.00462238480426782
0.0107758438250677
-0.00599024941049726
-0.00708030844920359
0.0153242113315672
0.0010833972944367
-0.00447312578369921
0.0108671473664296
0.028076609911542
0.0127169271296881
0.00585047394777789
0.00561437355279696
0.00119823753098353
-0.00195073379292348
-0.00128466876506961
-0.00303390240308669
0.0026837945842565
0.00586353592511734
0.00227855287158995
-0.000833250456278383
-0.00515134801413875
-0.00681419458400238
-0.000165244544518945
-0.0103881714198252
0.0189783475266343
-0.000324160296969786
-0.048060551367338
-0.0386008175259958
-0.006770571851867
-0.00177528538349466
0.00192005236864076
-0.00593936334815386
-0.00646262828254986
-0.0146341955564305
0.0106153488751444
-0.0106558657005857
-0.0082426450580743
-0.0286506568771287
-0.0516583539092356
0.00483160538204978
0.0013467970716592
-0.00225725024269005
-0.00361288150173856
-0.0141193589296391
-0.0022215182229993
-0.0104038187758554
-0.0065612054411104
-0.00550002613402518
-0.00722267219139677
-0.0121303427906487
-0.00561720987096388
-0.00544389765355932
-0.00276118804646234
0.0126981715204532
0.00473550449825927
-0.00518380347325997
-0.000383603513593256
-0.00495593259537568
0.00304623339794766
0.00140781024890355
0.00366522609852052
0.00384471526740208
-0.0185590677417119
-0.00199101014503785
0.00110721580075314
-0.0233177754200557
-0.00165367812497995
0.00190909865431242
0.00149480019973348
-0.00048551475638515
0.00108683096568769
0.000328215893621258
0.00317686536390563
0.0027327764775851
-0.000420348832726603
-0.00276183722334054
0.000618948253214951
-0.00278991378478144
-0.00136504711661798
0.000104520373358684
-0.00173455322370281
-0.000175342269331315
-0.0011780346151216
-0.00100604786638506
0.00465385942489154
-0.00237128807032631
0.000161080597111783
0.00238799158449008
0.00122038169637439
0.000473597354701464
-0.00162963093615797
2.05040070259189e-05
-0.013952723454912
-0.00119431982031122
0.00176905046016973
-0.00138377216393472
-0.0126103704582184
-0.00156060732599849
-0.00257590523254829
0.000303677478675209
9.64164205769576e-06
-0.000338619463279949
-0.00106750371857896
-3.58877469797924e-05
-0.00133482473591435
-0.000203070230514914
