-0.903262931357579
-0.775288828929057
-0.425944222589243
-0.321204707856179
-0.258062911385969
-0.158079248470279
-0.0907709935963751
-0.0790424207776435
0.0239923530582729
0.000457463007443796
-0.0472982879528483
0.00192047476424246
0.021564642837684
0.0226945380434693
0.00810024247961747
-0.0102403075175531
0.0143341167710563
0.0126039771660485
0.0253803335860408
-0.00829013160637883
-0.0204685792437323
0.0192465406986785
-0.0455551035414886
-0.0531443465586192
0.0084576166626846
-0.00474614750278126
0.00499733363404528
-0.00734473875353482
-0.0295444846035531
-0.00958861063139936
0.00497782393573296
0.0066475941713126
-0.0154065460759362
0.0107793062924731
-0.00243313370532901
-0.0249251434944165
-0.012973303070721
-0.0296056207389555
0.000620001512966262
0.00089664536188705
0.00945900860571819
0.0028810988925562
0.00195652890430284
0.00684140519247971
-0.0150178728481018
-0.00297261149831729
-0.000616296230004813
-0.00284959634690852
0.0101254292365218
-0.0343312971390946
-0.0259600428196689
0.0290035334885383
-0.00411961391385651
-0.00166860791432135
-0.0200824281010401
-0.0026129434648137
0.0413139401296274
0.00952583477936486
0.0042800843335721
-0.00646486815085735
-0.00412747316868447
-0.000607388052981349
0.00761246727564639
0.0228542780168666
-0.0174947969968463
-0.00342815580340275
0.00124824057297446
0.00670937688388562
0.00168097250706128
-0.00623079240871027
0.00389964978529516
-0.026807441505364
-0.00370202948578228
-0.022567525774797
-0.0104082937921413
0.000100153052462026
0.00705779558471603
-0.00511031867482396
0.00813802595310216
-0.0176572557956573
0.00186991245545313
-0.00535686840263672
-0.0318074864382896
-0.033356050575123
-0.00851551983316572
-0.037698913220558
0.00349940878444453
0.00957724988294185
0.0225649606476697
0.0108081050186462
0.00347759305400393
0.00401928285357342
-0.0339701256348771
0.0487957076605141
-0.00334453840421998
0.0812540221452153
0.00467103459648715
0.0154114543607988
0.00356607862110971
-0.00626370576036633
-0.00543568983695056
-0.0108906507982546
0.0208431683303311
0.00202486832445325
0.00392570238361793
-0.0139664371252095
0.0045860991991774
-2.58969921515251e-05
0.00439505588516838
0.000359847841129064
0.0322888556373933
0.00548779598498067
0.0120975015169639
0.000483937436643547
0.00268920471553653
-0.00131467823223099
0.013042122867119
-0.00038006726977672
-0.00967574431870993
0.00125800242093931
-0.00172501295682114
0.0010589794437398
0.0139624371943413
-0.00264635044013496
0.0146851083572413
0.0160607111120005
-0.005324204125584
0.0023656986521864
0.0038236455616967
0.00212420590081031
-0.00680285878138438
-0.0189274956910971
0.0010188042204329
-0.00429486494618597
0.00078062385263529
0.014564367896489
-0.00606180362189288
-0.000632573911496121
0.00046205586422703
-0.00110163383244717
-0.000502299033649901
-0.0379433746772339
0.00876523016316312
0.0044276552063918
0.0036569534133474
-0.00495448326533822
-0.0027978253294356
0.0166848285833064
0.0245867216805534
0.00278917953740563
-0.000393482052643342
-0.00658413087858515
0.00383897881107549
0.00199979971058858
-0.00275750424747085
-0.00936365874567542
-0.00243568766925954
-0.000679991644165836
-0.006097650033599
-0.00894415044123684
-0.000706125480755598
0.00629676437258518
-0.00762597985000972
0.00178127375888487
-0.000920884497939022
0.000155882634365099
-0.0013485602289046
0.000303335724041629
0.00240516888688335
0.00649504280131678
0.000368597904888798
-0.00144491171032176
0.000245302938538531
-0.0025273539589723
-0.00704769578014824
0.00153795263119706
-0.00464114577164448
-0.00661570382722986
0.00234521950584166
-0.00471965486040068
0.00535753029852543
-0.00171372061587186
-0.00541412535803575
-0.000162898090748008
-3.12827090203e-05
0.00549236498984305
-0.00970239118723657
-0.00229128542510843
-0.00100413866597954
-0.00181400337873494
0.000158400844542408
-0.00175900925577514
-0.00222416509219787
0.00610532953814299
0.000147074627791554
0.00122044355971427
-0.0043050426312943
0.00407475285689697
0.0028917223063902
0.00103118888425701
0.0066282721012191
-0.0124667231257398
0.00268125707815321
-0.00523511866460604
-0.00289551906082109
0.00711287671798005
-0.00220208105314574
0.000790171708944432
-0.000119252150298575
-0.00389638566065248
-0.00192436548364694
0.0008617984424922
0.00540543751123009
-0.000759650313702674
-0.00366904699396586
-0.00326585300469248
-0.00446075979940798
-0.0114588884604618
-0.0025941036496689
-0.00300678881008142
-0.00488316568381009
-0.000846730287236847
-0.00136352225319569
-0.00548865182068932
-9.0964235302071e-05
-0.000375668273688906
-0.0039077979917843
0.000431532730999875
-0.00122820219112525
-0.00167095346580708
-0.00649267153673189
-0.000175026917997494
-0.00358079081937274
-0.000491337228866161
-0.00234520924188101
0.00120464669910185
-0.000764164245659876
-0.000771482051690245
-0.00200873412581264
-0.000183558916683272
-0.000372551710053224
-0.00349154785963061
-0.00648260632586487
0.000178866757781055
-0.00010903427619342
0.000398895858290564
-0.000201612034377595
-0.00066567381304845
-0.000966168418735474
-0.00385862201695828
-0.00255748571926524
-0.00081739766182196
-0.00149017909415868
-0.000339395269417865
-0.000207791122161251
-0.00010956674572982
-0.000251389143730136
-0.00163272757969736
-0.000655608390130633
