-0.993123639408192
-0.853829314619792
-0.736724785185328
-0.605700271963611
-0.378177010277617
-0.157799800103179
-0.27746558837728
-0.420170932369389
-0.226996386461427
-0.0916195063704717
-0.0380984745998348
-0.00837217523225466
-0.311296023248878
-0.100469228216316
0.0197276300357146
-0.176667513740192
-0.227436270140168
-0.148484304178858
-0.120056035717416
-0.0769623024676527
-0.0317566242437188
-0.00974621206514857
-0.0461626624215139
-0.0316306526097167
0.0095440457165027
-0.0508982933382254
-0.0457011126826438
-0.028720608434851
-0.0462437198059184
-0.0413823922399118
-0.0128805880708741
-0.0216870894911498
-0.010403559605167
0.00840013554875676
-0.00047602585735546
0.00812086730081557
0.00471944272649565
0.0188500952111656
0.0246190989724109
-0.0109026504884535
-0.0197913333646095
-0.0137726150788154
-0.00326621200931444
-0.00173519249312826
0.0288527270670753
0.00284697616617958
0.00915022295873629
-0.00127149089727125
-0.00975126594120412
0.000526950213298
-0.013612340153044
-0.0230988139666145
0.00812872462898043
-0.00940326312434935
0.00223021208755235
0.00188749253530122
-0.0216996598329439
-0.0070489367583394
-0.00401084373225599
0.00144797269263538
-0.0178050880457054
0.00696425925794822
-0.00240000214917127
-0.025688542773563
-0.000880142200236538
-0.0150881272928851
-0.0161697183002877
-0.00799867280792362
-0.00543840320593982
0.0141861729926099
-0.000122153464957414
0.0140960730936149
0.0192474303177034
0.000111798907869156
-0.00264110379798131
-0.00353700624331232
-0.019051266158487
-0.0470510836103982
-0.0212985478144117
-0.0347054126315261
0.00486478871910898
-0.00360613625983721
-0.0325766035586164
0.01575185800022
0.0017800760306992
0.000301527636103211
-0.00414156972408342
-0.0139543546995561
-0.00610926437088291
-0.0199113890778138
-0.0259131914608593
-0.0240768851456342
-0.0224679559524306
-0.00428291356759382
-0.00335673257882476
-0.0218398391795872
-0.00795203197898761
0.00215750276955118
0.0017251611116843
-0.0034217478835938
0.000501843353059694
0.000590743834263018
-0.0102520155068171
-0.0127000923076216
-0.0253856788130543
-0.0121272130578538
0.00420567043739295
-0.0269065016661331
-0.00479678785649588
-0.0200247650006539
-0.0207558245273882
-0.000747788308125122
-0.000112758796305768
0.000340089725962907
-0.015314221708298
-0.00697528344205432
-0.00329838952570413
-0.00513370035305753
0.000685281054375532
0.000628374464569533
0.00560276077005102
-0.015958034014311
-0.00241327481222488
0.00035068337929146
-0.00575594224733194
-0.0178603286024757
-0.0122265593167387
0.00511589030868125
-0.00028932587603385
0.00332365071996693
0.00228724130678008
0.00224742357835109
-0.00128531926433025
-0.00537365455424664
0.000169810711999542
-0.00416502568697797
0.000446368246112961
-0.00299048176132151
-0.0110202284469265
-0.00585838794319262
-0.00310331049553806
0.00140665711933947
0.00152483169405787
-0.00483282013518787
-0.00620017536537659
-0.00560432413482536
-0.00263606501203077
-0.0030017518440093
