-0.979092128555212
-0.868400069965267
-0.599162237097392
-0.539490522381506
-0.468979814129978
-0.37294036409161
-0.151562370962571
-0.158451771797687
-0.249480560023951
-0.289271147994982
-0.232269002813707
-0.155837913835179
-0.13871920367423
-0.187696960243365
-0.135413716361431
-0.103383870589315
-0.130377159555901
-0.163287918389389
-0.041665598672874
-0.0338651235819092
-0.0479962183825874
-0.0702488650214156
-0.0556734163104509
0.00421993588757174
-0.0347568840448791
-0.0348723765076442
-0.0384299545750821
-0.014329928914036
-0.0724855695744946
-0.0486407815620046
-0.0416948016496392
-0.0523746251108219
0.000668054767263166
-0.0276249887326509
0.0139912382179896
-0.0124775026657992
-0.0588127042429699
-0.00107188566992587
0.0156195905744377
-0.0701688054376293
-0.0099969317143829
-0.0291008530893388
-0.0279687265610111
0.0287654042324241
-0.0021668160243164
-0.00590380500391745
-0.0062329785978118
-0.0816038382572477
0.0124470854851344
0.00963445838432581
-0.00879306985119781
0.0113585734930312
0.0156246205298293
0.0238290505597957
-0.001592658854958
-0.0237877579399885
-0.00787440305921629
0.00209190807320794
0.00515245731379591
0.00938707839387446
-0.011659472324258
-0.0275767393475162
-0.00353138945401779
-0.00826302975942491
-0.0442446277739221
0.000321271146429106
0.0103785956690749
-0.0050182155164812
0.0182813725939299
-0.00165552910945109
0.000532879509939026
-0.0161758365728456
-0.0570526136595659
0.0435072415246888
0.00450462587685376
-0.0086767739606345
-0.00232228291086069
-0.0538654380001819
0.0138406473617774
0.0186315939467855
-0.0192521332973094
-0.00462066126794413
0.000731648016324879
0.0103939832698536
-0.0124750124471556
0.0033413840913184
-0.0113627570364064
-0.0168466108825416
-0.00773678309139775
-0.0155904475020633
-0.0117815232520585
0.00293219297246464
-0.0130778134036018
-0.012955529882939
-0.00164289763635552
-0.00229368119195065
-0.000970920953915512
-0.010689136219837
-0.00523023870954437
-0.00105770474287718
-0.000953563385957688
-0.00575289388861508
-0.00416120306871503
-0.00823670276750798
-0.00375216360613438
-0.00183957278734412
-0.000983280050013731
-0.00709025716297748
-0.00805564496363564
-0.00469974984753312
-0.00533750381170869
-0.00758641339005585
-0.0193611969339306
-0.0185748111549604
-0.00895178465400394
-0.000562101674485071
-0.0109124995741721
0.00204151849836983
0.00239572045139982
0.000478470945699088
0.00155739445937063
0.00163457397602848
-0.000156364238753336
-0.00870486668461199
0.000698108892234024
0.000359474482408813
-0.00846898852864941
-0.0247194650720445
-0.00272539776927075
-0.00404894384515344
0.00320249242877944
0.001053111457443
-0.00624053280955192
-0.00486172407418646
-0.00105036013247167
0.000743090799712741
-0.00473970967152073
-0.00103391300073902
-0.00294446783619623
0.000320365882058822
-0.00393120750995356
-0.00696404203555716
-0.0207584053613585
-0.00378376521697593
-0.00104630366217205
-0.000619558878125332
-0.000242954868915459
-0.00110422222193558
