-0.942723090198627
-0.955828883362076
-0.866663042312454
-0.446786772574744
-0.237380487166104
-0.279816920543328
-0.19319561441239
-0.345713055275708
-0.206314115965071
-0.111179007229706
-0.0867392594808952
-0.13224268166702
-0.131988524127622
-0.0429578761799597
-0.0039867720244098
-0.0250136030218782
-0.100858100229232
-0.0796479077020941
0.0151896989902458
-1.01794685389966e-05
-0.018706537801666
0.000200671752429557
-0.0601335229617682
-0.00722874543234031
-0.0158755026943369
-0.0257156231628525
-0.0147195634290034
0.00868610981101076
-0.00133687113426567
-0.00298847544787995
-0.0193583906814866
0.000758879268705919
0.0152729878845853
-0.0439106924184976
-0.0785645364245144
-0.0276945569055749
0.00438851431102323
-0.0109501595569341
0.0386187555742885
-0.00942579888873238
0.00896534544385309
-0.008816535044364
-0.000547139525952522
-0.0182226644681835
0.00467957897131954
-0.00787656793074845
0.00144716171190176
0.000134822366423569
-0.0065305276146005
0.0169868687261439
-0.0424512898870328
-0.00608299107239473
-0.0118635359165325
0.00946582840909206
-4.89722718487677e-05
-0.015077828446084
0.0011915153949481
-0.00286233845017954
-0.0149944170745871
-0.00366676756877717
-0.00214773286770839
0.00124792360804626
0.00378529824032696
0.00271967865148164
0.0130320561804304
-0.01255056156271
0.0174723989445026
0.00779400233478402
0.00443095929851969
0.0188975874823824
-0.00691852216526103
-0.0112177982117939
0.00271164890426208
0.00187797053118364
-0.0118132753717364
-0.000211961380690727
-0.000525614246550662
0.00757980933237558
-0.00200557143005875
-0.00365986589580636
-0.0327308712938804
-0.025881008322716
0.000296111758718088
0.00319848741699138
-0.00127558130414395
-0.0111913730329963
0.00179510662847891
-0.0292451859247301
-0.017535673195486
-0.0394666996295511
-0.0273536527836875
0.00293071715301082
-0.0134972521222525
-0.00591032768116347
-0.0243674256629274
-0.0300786214772236
-0.0349279678626104
-0.0115264854702723
0.00182357819063202
0.0115319711457692
0.00722924945805172
0.00498816051119934
0.00118847740201409
0.00491430658235586
-0.0296883399381965
-0.0303987222157822
-0.017319645691679
0.000113467507126085
-0.00151042460145602
-0.0314092618963707
-0.00534944239236069
-0.00578195652795395
-0.0082307320361314
0.00336369579387975
-0.0011803316808529
0.00587488714005423
-0.00240629698172789
-0.00640286205696709
-0.0122959079197143
-0.00490876628341922
-0.00954001140839322
0.00369394702445921
-0.00149025125852192
-0.00337464414885443
-0.00288540103569399
-0.0040442503248736
-0.00294499697415289
-0.010284479779558
-0.00482970869357547
0.00296896978910598
-0.000973309122034627
0.00150060229426276
0.000936497927721936
0.00126222340769364
-0.00658302280167505
-0.0013183582504167
-0.00150231806003823
-0.0101763490534158
0.000209479419876411
-0.00100612023867536
-0.00385438656346979
-0.00266042052492526
-0.000874810390454942
-0.00754978877141369
-0.0119269357900219
-0.00962738848142281
-0.00328575534024761
-0.00611380108630353
