-0.995081040469339
-0.715508528225049
-0.255040943757371
-0.465939953758489
-0.613334553571816
-0.261851621263631
-0.0786263482160705
-0.14321126416974
-0.218785888165128
-0.174718330468823
-0.11935722440619
-0.0697586718961767
-0.0219610802489791
-0.019001901004269
-0.103459545118601
-0.0659873976890951
-0.0991001154961544
-0.0718062881893566
-0.00559251994756346
-0.0389794785614257
-0.0762969890567782
-0.0702591150375357
-0.0730526600217352
0.00834874331284498
-0.0172223466060445
0.00889862451220242
0.0182918869989872
-0.035030348262645
-0.0114945550875886
-0.0114822054322979
0.0392764248165895
0.0127328754569767
0.000684216584533505
0.00201482945254303
-0.0242684753065737
0.000479260392791232
0.0230669060787304
-0.0132423647489419
0.0122127917461726
0.00177334633081082
0.022096223699538
-0.0515727200983505
-0.00365247519240177
0.00983856731171391
0.000365144042666945
0.01114010775524
-0.0118539521837558
0.000109405710173043
-0.00757933548435578
0.00903296011661834
0.000663709388859089
-0.00696645884857284
-0.0250822381837514
-0.014859729692062
0.00227751527255711
-0.0382691198363754
0.00891149080577063
-0.0140157261044236
-0.0207771354981701
-0.00125148249198397
0.00335364653558509
-0.00365432299426868
0.00544144840980207
-0.0134601157613906
-0.00365628422293526
0.00118368419504001
-0.00515806408971726
-0.00662432036585305
0.00659802506229861
-0.0216318915730799
0.00821515062765807
0.0139285978970931
0.00778472561168091
-0.000101598755215256
-0.0211256932119757
-0.0005323863068809
0.00188357836345749
-0.0125371989484482
0.00387460023050575
0.00270143928219125
0.00677576882528192
-0.00385358062150156
-0.00634972417145909
-0.00360613807057134
0.0120067117995907
-0.00166575679912591
-0.00948840894294288
0.000443209313086143
-0.000809471875261532
0.00527334729482714
0.00246235401227956
-0.00402332567838878
-0.00582272626929859
0.00323391386350842
0.0123062282183488
-0.000506176391738441
-0.0102712781403891
-0.0247202090580001
0.00560280649077223
-0.00229729708992148
-0.0100752415212204
-0.00228503706486457
-0.014115022396252
-0.00217650978356832
-0.00256600963314397
-0.00114665186914773
-0.0214215043265406
-0.00426699747883916
-0.00248756679086752
-0.00851205279281497
-0.017659706983928
-0.00791259330451777
-0.0214833745678955
-0.00424798582228523
-6.3897170615002e-05
0.000554630154030326
-0.000264411041792547
0.00155820418743644
-0.0018292433462072
-0.00904824907831822
-0.00221412543285866
-0.001061454445524
-0.00566099948195269
0.00221689436909391
0.000718738823810728
0.000112436806765593
-0.00479636910592826
-0.00501857774382941
-0.00461097912290037
-0.0111849426819159
-0.00732843997672936
-0.0103373897128702
-0.00949894225947675
-0.0021405501854041
0.00125476257523137
-0.000260441486968169
-0.000135154362435902
-0.00617198880748929
0.000838987283462806
-0.000972577380647998
-0.0083494020419828
-0.00291352540851038
-0.000256557382270713
-0.0021006591401921
-0.00217951656977137
-0.00174956863234469
-0.000957673132150944
-0.000548940200971522
