-0.998971184053666
-0.985489279789398
-0.734590124816036
-0.162574973243999
-0.0656196634513191
-0.255687560486957
-0.341608404821202
-0.2281890639109
-0.0189413874629557
-0.0216920464416866
-0.0939231602511907
-0.178342131036581
-0.0777135539636029
-0.0168334436907118
-0.0175502499711825
-0.0299245784589439
-0.0767487609714179
0.0154880240369728
-0.0140586418721692
-0.0434209559850926
-0.0120703303521654
-0.00308711969188037
-0.020761032412423
-0.00862395537950386
0.00404091420485821
-0.00898378910011425
-0.000697231752165752
-0.0358173983480325
-0.0260733357630177
-0.00125139041672069
-0.000618026551519645
0.0133841936263527
-0.00655373387123712
0.0102806959051343
0.00412821758244625
0.00505907986186591
-0.00111366742601204
-0.0180879924051413
-0.0102500051963071
-0.0229661582280201
0.00410785459624345
-0.00475820325875537
-0.00450441832678885
-0.0120345804041058
0.00437117456193203
0.00447692709487109
0.00120452992493231
0.0482080325256272
-0.00311434370262202
-0.00182017670953082
-0.0018716534221824
0.00450818327707657
0.00615555085673473
8.21856839787142e-05
0.0100060533306848
0.00444573865097244
-0.0060097951743861
0.00708082517396888
-0.00790856552587119
0.00683346706003924
0.00325981803387127
0.00228468076401267
-0.00807258440639355
-0.00844263936972731
0.000894081658375193
-0.00381834472717223
0.0120200506178098
0.0175910395731237
-0.00789391436614705
-0.0110492571460685
-0.00809084724642019
-0.0279374026591658
0.0012811349217913
-0.00859205567959469
-0.00719597952495006
0.00155947886938902
0.0127168536215739
0.000500813139202441
-0.00828150168133412
-0.00030017297147238
0.00435804941924931
-0.0103807274799993
0.0060522840503673
-0.00320246482366173
-0.00436042134723261
0.0268897802956849
-0.00599953273492541
-0.0298549743873209
-0.00676970828148723
-0.0115115185811895
-0.00628288876884864
-0.000206611197005088
0.00511612645033044
-0.00312365325793835
-0.000559905961588355
0.00505740322731308
-0.0115789748077473
-0.000275602139863482
-0.00904331366808229
0.0148108822879293
-0.000714025677252102
-0.0058876045863042
0.0118167879868302
-0.000739987278577795
0.00708006247013256
-0.00385487452889889
0.00382540139703027
0.00102881329574335
-0.000698286875653936
-0.00405493553140037
0.00408988694534797
-0.00556424679295264
-0.000531329031081538
-0.00400601131903567
0.00399840625350029
-0.000900891471044267
-0.01209033135753
0.00234788883031271
0.00297066538048147
-0.000159891641025809
0.00237829890978902
-0.00191363494984954
-0.0036674619250749
-0.00239282501191207
0.00181913773510205
-0.000201809601017929
-0.00028635439309821
-0.000444590796968211
-0.00280534972068864
-0.00111063436668358
-0.000254196027364662
-0.00414190996754965
-0.00493766426234717
-0.00449502617574719
-0.00184655470346972
-0.00133525193773017
-0.000172323528446683
-0.00128884940775814
-0.00144963849444047
-0.00291304514987325
0.000538295176651053
-0.00115692660712516
-0.000492452523993858
-0.00540037623381909
-0.00848088524685478
-0.00173217066569281
-0.00310687308704332
-0.00203504168323071
