-0.939292634606065
-0.894720315460892
-0.660161362931402
-0.441780697274348
-0.242081676819565
-0.381143483593106
-0.497758049123864
-0.358797086296882
-0.190525573643775
-0.0648333421676295
-0.0212492089382216
-0.107348284472735
-0.0795105691196858
-0.0275318058253972
-0.0389100869469555
-0.0816740543840951
-0.0665601020833616
-0.0012095624022988
-0.0267017665657047
-0.0651043386489699
0.0088962692612359
-0.010102168510701
-0.0488741342294174
-0.032706269948387
0.0111252038690816
-0.0187567522539726
-0.0197221891164082
0.0251307306686497
0.00486570282928965
-0.000478003914964151
0.0102893888757378
0.00256989874986579
-0.0137774695323904
-0.0118457268543524
-0.0156903178800706
0.00665447314538401
-0.00799744550144679
0.0154604857966297
-0.0119625901998628
-0.0136245650434934
-0.00271045538709416
0.0019738928042674
-0.0226346621825178
-0.0289895722647023
-0.0464944070241672
-0.0255123219292256
-0.00172259538878401
0.00666462175141587
0.005882230723424
-0.0010468332588985
-0.0235637324408638
-0.0254880999716694
0.00066455254208659
-0.00457953260058907
0.00053021957156062
-0.00993567154769684
0.00477672190422714
-0.00741895181741505
9.5193481864762e-05
-0.00180121784174691
-0.0145546311750307
0.00958594911482575
-0.029691078140781
-0.0119571259840376
-0.0119321764655004
-0.00276409913310055
-0.0314821109181094
-0.0027192089264019
0.0113631833304002
0.0124967674392075
0.00156166478442086
-0.00262980068693314
0.00186830630710308
0.00840094561560909
-0.0137337038569162
-0.0128589358874243
0.00162543680943887
-0.0094140632099514
-0.0207640322877351
0.0116098517091955
-0.0026299788246806
-0.0117600957212636
-0.00526287697291122
-0.000225474092765803
-0.00472801704935755
0.00261712532035991
-0.000348701570998698
0.012100862560687
0.00220103806335767
-0.00591833968677727
-0.00216230330734823
-0.00741325836979115
-0.00964570385270273
-0.00598751048582204
0.00731105766949438
-0.0170000551926637
-0.00225105231214141
0.000643319953790874
0.00782344197791195
-0.000638998840742772
0.000614900906690665
-0.000953522207678666
-0.000788865501777432
0.0033172041136914
0.00427922826927453
-0.00722690814321247
-0.000377069335125006
-0.0041364674101196
0.00396897007940729
-0.000934445739543062
9.71645783334908e-05
0.000852841121597674
-0.0125887400266948
-0.0110033436998407
-0.00433888069596333
-0.0134639942090576
-0.000828303862487851
-0.00260999128553536
-0.00677409697364509
-0.0127420074103755
-0.00313912570514649
-0.00413244234527597
-0.0100904768948093
-0.0172075590040461
0.00106808203138993
0.00220632305273806
-0.0213738693356297
-0.0219301275857614
-0.00603691279533223
-0.00693666135803352
-0.0113433536824646
-0.00675236252814577
0.000187133877034047
-0.00787656562264494
0.00115677993561081
-0.00381428194686949
-0.00123453328016611
-0.00188973962178646
-0.00457233243188451
-0.0037440140438104
-0.000723537442399407
-0.00121396724838416
-0.00277642129341206
-0.0101494994008686
-0.0124827754368731
-0.0143513917039189
-0.00475616827296858
-0.00260458412028531
