-0.965607795159396
-0.838774344068229
-0.586779531297751
-0.137046118569035
-0.105869208893613
-0.158505677929508
-0.192711219094341
-0.190962345794361
-0.0881721031067968
-0.00760971203664291
-0.0117032251209198
-0.0919632876813423
-0.091920516629471
-0.0237709025599338
0.035296362115273
-0.0417444559767405
-0.0402076344733994
-0.0155304300654295
-0.00298200724270799
0.00102224777765137
-0.0245279730041106
-0.0112148639209851
0.00627963577250962
0.0275393598556064
-0.0480249271926756
0.026451597329244
0.0285768384764155
0.0574512637566682
-0.0633379422390615
0.0126607099550342
0.00119937577835031
0.00477071585128516
-0.0167922185079206
-0.0188775939749798
-0.0203457425861658
0.00493445954067772
0.0193090045539361
0.00618932841637541
-0.00535583345618301
-0.00748606044543379
-0.00150388257517905
-0.00239020870041862
-0.025886192016417
-0.0174536028639627
0.000806401288640932
0.0127223865699458
-0.00979533363437372
-0.0110422495418199
-0.0019573019234684
-0.0006897859763364
-0.0141608949226299
-0.0280014887065737
-0.00462717809731248
0.00286750845583859
-0.00248743123914856
0.0089933419444753
-0.00238428315283805
0.0244576068371409
-0.00407566037554665
0.000274384346148341
0.00249414712139964
0.0098228996879918
-0.00186248747860265
0.0145170026317174
0.0135442717023253
0.036830409380032
-0.00199902911512693
-0.00155486895858727
-0.0136898224164077
0.0244605870121452
-0.0107490238717343
0.0410876964545763
0.0105849223391567
0.0609533196109063
-0.00970262745036516
-0.0223656567660054
-0.00142142340060413
-0.0186249208526038
-0.0229304755492524
0.00205539495893046
-0.0330457407390808
-0.00382153671139991
-0.00182174000807368
-0.0291082186823495
0.00654930165222915
0.00202269359988425
0.00726652364667434
0.00437901084243824
0.0102826721837296
-0.00800068571055845
-0.00353188974849887
-0.0177438854852591
0.00334416972977774
-0.00767988418378699
0.00401984605181325
0.0129378088946261
-0.000851273350354653
0.016954471532688
-0.00602669678049282
-0.0122738195558045
-0.0324894824856187
-0.00302686587794871
-0.0101050685718561
0.0126449188815579
-0.00725952660517826
-0.0379755572706411
1.12536549402571e-05
-0.0471780897336984
-0.019392705577681
-0.0181728067224356
0.00201082567367882
0.00418362812072272
0.00583463533070559
-0.0139983313669615
-0.00154036628889993
0.016441878807922
-0.0156814914185403
0.00597161764686808
-0.0614541080998785
-0.00292218392397591
-0.0112026228250944
-0.00413827019689706
-0.0162025220453204
-0.0209952585603468
-0.0135204505671722
-0.0143873644020202
0.00376899676468036
0.0199018510646129
0.0060857724015842
0.00611529400151561
0.0123995206934708
0.00555232488578757
-0.0129161848358274
-0.00228846722545423
-0.00215054864152287
-0.00768676642436751
-0.0089966075645362
0.00100874015640644
0.00871108674028228
0.0134454164257013
-0.00935697120621234
-0.0227526983119948
0.0104472421399804
-0.00425386203345057
-0.0198371556546485
-0.00538375837026493
-0.0450900632315238
0.0171505108182806
0.00623680753919864
0.00222978631417881
-0.0345732501568182
0.00191704384952677
-0.0147080676698997
-0.00870697578930375
-0.00559436482943498
0.00123899612438273
-0.00340207651271138
-0.022500681973808
-0.00415361973282872
-0.012237292784268
-0.00167951357898221
0.0451511786711513
-0.00459419684762049
0.0121527952913394
0.00418276669219474
-0.00707296589420651
0.00231330896159524
-0.0276325582259128
-0.0138132886094317
-0.0197415148202507
-0.0491846899220234
0.00147058783596255
-0.00858328778674326
0.0179241995899832
0.0127971165625064
-0.00738666733079227
0.00955965783792899
0.00666053364430107
0.0038130304520362
-0.00275306286147996
0.00217034022027976
-0.000766830098851435
-0.00876165049705216
-0.00682058682348747
0.000167574666676338
0.00970768256723719
-0.00762035958877892
0.0204704941124435
-0.00299613134002987
-0.00709238797915697
-0.000101538491306485
-0.00662121581801204
0.0140689694739944
0.00306864392298085
-0.00681334965142212
0.00245362141300347
-0.00344834285421675
-0.00315916816579672
-0.00440520197922861
0.0128587221264688
0.0214569828079621
0.004530274272671
0.00361181816715931
0.00101096460080404
-0.01329987947275
0.00268400327340128
-0.00640399985668938
-0.0176310974078078
-0.00277924110678201
-0.000259617117995908
-0.0151294006325269
0.00611697652713071
-0.000478524828698391
0.00124927503029764
-0.000154349555767102
-0.00911768818611312
0.00759823231687379
-0.00976307407329898
-0.0186064914478213
0.00273421322971221
0.000758567322804978
0.000702935509017803
0.000558298555437837
0.00328263327332716
0.01427348941979
-0.00200934887670035
-0.0764255835716917
-0.0104374052380814
0.00904672523362406
0.0184795551530617
-0.00671704405800668
0.0206440663135263
-0.0136768796177251
0.000888417114128673
-0.012827815452369
0.0055906600397538
-0.000225225485275283
0.00591558561385934
0.00119814137633414
0.00664773333096882
-0.00501806785864008
0.000655718543720143
-0.000324380556228359
-0.00061600692271426
-0.0116845285605522
-0.00261010230100997
0.001430811921069
-0.0020148837332052
0.0125306336543986
-0.00128029469556642
0.0135595407114484
-0.0154006872854691
0.0302294763222632
0.00659296004344507
0.0125920637658724
-0.0232793451021833
-0.0201031179751842
0.0182171425737913
0.00523324573465296
-0.00513544258287037
0.00780075213169568
0.00100288709829594
-0.00433414434980584
0.037668569796297
0.00453409860854299
0.000149023127428654
-0.00498766499469487
-0.0145942222412139
0.0032812025671747
0.00535428493750995
0.000885428758540568
0.00128581053862705
0.00897577359181149
-0.00303328854817759
0.0174100482067164
0.00135792956836057
-0.00198452146832309
-0.00556898048638988
0.00064083995080443
-0.00326460957985519
-0.00267193596479539
0.0120944599379776
-0.00722711696478264
0.00660593174391668
-0.00204892872587232
0.000110394127936713
0.00429544570338704
4.37680590919338e-05
-0.00754058474199624
-0.00315582626055015
0.000291064227934359
-0.00382590081807875
-0.0026949338907926
-0.00044936887119638
-0.00176743524406648
-0.00264334522978491
-0.00778644312795104
-0.0334241423004326
0.0146600368725133
0.00681233083267014
0.000913952723972505
-0.00524914381211056
-0.00129780452882258
-0.00324747797283213
-0.00414206420300192
-0.00137838385295745
-0.00225883023209626
-0.00477405940369363
-0.0110738051685258
-0.0241750878470858
-0.00168113152535136
0.0303708159215924
-0.00233571535485367
0.00330700512241856
0.0136908434148757
0.000747920000691219
0.0026649076161845
0.00631882250497053
-0.0305941136263067
0.0103003549648104
0.00778971622324169
-2.4931082904505e-06
-0.012594151418609
0.000964728431890079
0.0139093865845201
-0.00105897804912545
0.00764177275140738
-0.00227142618952244
0.000642801391940314
-0.000531422638717603
-0.00359631953299073
4.16146122427714e-05
0.00573343319056923
-0.00425651804722204
-0.00213946698463293
0.00392947877563166
-0.00410364594867529
-5.50480961320392e-05
-0.00247662938519355
-9.19381351582517e-05
0.000462258872295799
0.00217594080015469
-0.00084355288300049
0.000569691796821254
0.00628798480317012
0.00914716039246664
0.000498349747322273
-0.00415248891091693
-0.00187650806463821
0.000211716564724994
0.00323742362056074
-0.00385818479296215
-0.00632133386386028
0.00894078427720046
0.00761669030706379
0.00304339519239903
-0.00461023896361632
-0.000165798000833826
0.00289953641887006
0.00672096759811579
-0.000406050164019804
-0.00573470874324497
-0.000275846623981241
-0.000165808614563146
0.00735688980182359
-0.00253755759575423
-0.000679671205556231
-0.000138364260364173
0.00111886562113626
-0.0104321568592231
-0.0062567432851695
-0.0165588671025829
0.00487869448377007
-0.00296493001728677
-0.00879577350078038
-0.000734611477895828
-0.00123932244889714
0.000464174821584729
0.00633025068772931
-0.00496686223766167
0.00237525440771268
0.000227220233154732
0.002289290347132
0.0117995742795428
-0.00687190225872285
-0.00031827088271928
0.00159925452926155
6.45238258408789e-05
0.000491116949957748
-0.00172848147503218
0.000437404561121906
-0.00231657169990918
0.00187632563904852
0.00178015618532345
0.00131070124912742
-0.0030621150286394
-0.000834459037906333
0.00130375797667514
-0.00564443917551052
-0.00404380680624909
-0.00500191825555993
9.79660594068841e-05
0.0143698891335209
-0.000265806000365986
-0.000555578672016677
0.00294438563489058
-0.00508432648804688
-0.00950101734772463
0.000778368480216639
-0.00124123475029811
-0.00205303361112911
-0.00111480319917458
-0.000418331745047505
0.00127226838163623
0.000986400454430412
-0.000475168420024065
0.00234272404840388
-0.00128918167187594
0.00124935076912288
-0.00305199984179002
-0.00123804692758866
-0.00127702252503156
-0.00104502026268027
0.00499025893803944
-0.0012289976443071
0.000167579310770582
-0.00275811012194559
-0.000248865827780641
-0.0045645809867516
-0.00109761821430801
0.00303111993065491
-0.00293287300722475
0.000125715867361448
0.000446478921486128
0.000620154078161798
0.000960590038254226
-7.64899076944657e-05
-0.000601335315023686
-1.53507211498782e-05
0.000591854521203059
-0.000815076686000869
0.00316725236288615
-0.00523388245958777
-0.00319044604877985
-0.00105999075114248
0.00167672145187504
-0.000482573837469556
0.0002462532174475
0.00116501734092636
-1.02129164191711e-05
0.000467648068173653
-0.000255188297965884
0.00576573040766408
0.0018306289166317
-0.000564892418290424
0.000373563315598561
0.0012787878706614
-0.00513754854509539
-0.000413995391906577
6.26861228391245e-05
0.000709532550711897
-0.00145490811862649
-0.00026680280295209
-0.00339765581288263
-0.00612980250180048
0.00152779120918854
-0.000739281581424252
0.0037701580615399
-0.00108535800236661
-0.000396582111787985
-0.00112998688282735
8.14004618606405e-05
-0.000643836298086432
-7.85067186978151e-05
-0.000126544338314411
0.000772291389938093
-5.30037605212791e-05
0.000422933070424112
0.000230484366337379
-0.00163154850931855
0.000285083455155029
-0.000481352333881741
-0.000744361577177987
-6.25106793615553e-05
-0.00071048824137382
-8.16155539752372e-05
0.000987650145475542
-0.000164388245880427
1.52149967689991e-05
6.68771499436976e-05
-0.000119540965352385
-0.0010894591644439
-0.000308279071376514
-0.00101792882891297
-0.000171599373302366
0.000171395512638433
-0.00155298223726635
-0.0011308487555673
-0.000230870703314156
-0.000512436107602182
-0.000349177053398947
-0.00141028259194277
-0.00153397674748257
-1.00710104054054e-05
0.000479601844211213
9.36930114170619e-05
-0.000278715490333102
-0.000549684787571722
2.10887813805679e-05
-0.000117147817917908
-0.00114862060125049
-0.000552453510855384
-0.000631173533461167
