-0.996040591548219
-0.856685133296043
-0.646013683967199
-0.217202993362377
-0.000642331860574261
-0.0217619404388648
-0.0304311275766764
-0.0728157361773437
-0.0196979779232756
-0.114885424049462
-0.176431918047414
-0.110190594590317
-0.0777127752560255
-0.119239182874438
-0.056530110342169
-0.0100885815249498
-0.0334348435874842
0.027816273005767
0.0177532794680281
0.0171458584106435
0.00539542235061215
0.0105808944545047
-0.044408896434992
-0.0618266948876059
0.00302553827464081
0.0306798515125892
0.00509384485739639
-0.0213763780352193
-0.0131102625505187
0.00381256110589818
0.0418847426122987
-0.00503705447622303
0.0208387557224702
-0.016297536509444
0.000610471774223356
0.00358768142942916
0.00462847436199396
-0.0121249380581674
-0.000240897370036571
-0.000707014271131431
0.0101644691261847
-0.021563059379824
0.045087078986938
0.0226094566641593
-0.0142081212133468
-0.0021982575541981
-0.084085880077446
-0.0223474664853077
0.0103069522134952
-0.0047480867068792
0.00242483128342611
-0.0280261501677512
0.000375551570826728
0.0395944610601649
0.00142910564568638
0.0125475859890079
0.00798197874564525
0.00578518781172428
-0.0279812020016173
-0.0195207802245677
-0.0288848983769783
0.00559256711639159
-0.0225374135641404
-0.00549730766795486
-0.0125376835805067
0.0263828658231461
-0.0881455081739792
-0.00144202898919303
0.00741904822683434
-0.0298093599954995
-0.0100668859882062
-0.0264909377618455
-0.00837471233486821
0.00332924399717054
0.00707501184331181
-0.0028640164988178
0.011912402133274
0.0205677580100881
-0.0070902193129855
-0.00445233898570163
-0.000721816710291947
0.0143409472574212
0.00926033699493999
-8.21442691068507e-07
-0.00107754615709504
-0.0299955213387931
-0.0215894188587391
0.0013583763130354
0.00892384727531445
0.00747150094101306
-0.00357195590911351
-0.019674019645191
0.0484998656387664
-0.00849424468105396
-0.00321519752632724
-0.0401158561141382
0.0218737483244509
-0.00310363323484985
-0.0328366770722139
-0.0659828724278697
-0.0137535334636151
-0.00186997780153473
-0.00445974113579754
-0.000431858431784039
0.00483132137017997
-0.00782171143229432
-0.0207403102914778
-0.0305453261067725
0.00847650435681056
0.00323413834820165
0.00169466846487536
0.0130644010357315
-0.00423889874548349
-0.00254751453940602
-0.000581265553179677
-0.0164616146571083
0.00222809297871334
-0.00927908128792451
-0.000657664325658748
-0.0149423009171073
0.0504410412778482
-0.0429433799414391
-0.0174655905731577
0.0187817125061997
0.010536624039918
-0.0105879182862966
-0.00521495146518758
0.00866504452773532
0.0234350275034297
0.029722695697097
0.0455456981053531
0.00633480264846149
-0.00431188549084693
0.00503633962257444
0.0147496985308511
-0.00289421255952271
0.0018391960162096
-0.0335877550998043
-0.00623219754646509
-0.00189704797126757
-0.0482393296740458
-0.00261679781057474
-0.0355313575766687
-0.00812226986629033
-0.0356310440951224
0.00126205263093413
0.0130467979560426
-0.103325567943698
0.00968255436806705
0.000405596523507823
0.000541368106247476
0.0210058393210721
0.0282200080023067
0.00271106985214134
-0.0165041132833506
0.0159384805958652
0.00382949432213047
0.0145411924009161
-0.0109905397373647
-0.0153472211441292
-0.013102214804319
-0.00899159409395017
0.0242202009547542
0.00397863702475112
0.00447763333413329
-0.0209650926846525
-0.00811411150052501
-0.0408454334242276
0.00351136855085236
0.00238783395423379
0.0174605476167821
0.0246227823673441
0.0400505166514097
0.00561160872721883
-0.0112273066843515
-0.0285364964000365
-0.00190038622068597
0.0174100501986305
0.0119189940213556
0.0188353162269376
-0.000934545471690965
0.00145597886951683
0.0198532626726103
0.0136668731777998
0.00686846786529949
-0.00214399889681193
0.00250114475265345
0.000690108039501123
0.00724452910259534
0.0263226380582953
-0.00592076281130519
0.00992257318265344
0.00455233442551606
0.00203246621560542
0.0161314686478377
-0.00258122951417606
0.00580472864581381
-0.00126965592910087
-0.0048096624589002
-0.00162717489470351
0.0267100586464019
0.0473232132241757
-0.00650666235886262
0.000653177876309791
0.00359430414543207
-0.00412722438576859
-0.0225575704707712
-0.0232709900276496
0.00226458936049521
0.0119371789365293
-0.00732524797059067
-0.00916440914410982
-0.00437544732270316
0.0262479480829707
0.0061657069626427
0.00266667135390665
0.00746344774246918
0.00523561138603301
0.00256478399638075
0.00583865124392214
-0.00884104009924787
-0.00556531690293106
-0.00167877283825741
0.00424054809338652
0.000915804679980973
-0.0031946008987802
0.00157126935142108
0.00563827104607456
-0.00745986109493759
0.00227832285471546
-0.00822547133896309
-0.00687465859410258
0.00460941838158991
0.00740297120024814
-0.00771096799793032
-0.0121109083730865
-0.00146037244686094
0.00687066068496716
0.0146057274886282
0.00612255934138359
-0.0101336678555604
0.037404558175963
-0.032360906291874
-0.0117500343737594
0.000207985273706049
0.000207075515087831
-0.00168267186138443
0.0186673274662783
-0.00117347439187015
0.00181318914582069
-0.0318243194337122
0.00301851351462296
-0.0131388345273642
0.0222688763623901
-0.00200283285264321
0.000622855377271237
-0.0122796238134011
0.00365882831787886
-0.00939393396044989
-0.00675633318896969
-0.0108968966916932
-0.00488057670262872
0.000174916765441622
-0.00663998902582354
0.0047281500441209
-0.00512062624774355
0.00313075090278431
0.00374405138644664
-0.000906406446825394
0.0036560111934051
-4.82648327871417e-05
-0.0170676814665573
0.00236966669038011
-0.00985210956004883
0.00378428323558773
0.0115211174978628
-0.00483723472213607
-0.00417879492274893
0.0105330798998722
-0.000423871731247341
-0.00578827943553495
-0.00396692031693352
0.00779481869933075
-0.00537349024047646
0.00029896155536166
-0.0210418272179698
0.00256695315661108
0.000584476781749325
0.00619115256186948
0.0420741603637144
-0.00800234687987652
0.0120005248407239
0.00829422974436248
0.0102581652089414
-0.00787930273045232
0.000744832392077169
0.0133811798962226
0.0017639504223739
-0.0101499935844573
-0.00203588784933055
-0.00446233940256283
0.00972863225279847
0.00457349839484445
-0.00849896128938278
-0.000864995464990134
0.0132333436666269
-0.00127584524177405
-0.00170553719344303
-0.00400605549060653
-0.00355106268912157
0.00682428036097528
-0.000156013007752214
-0.00835102546494486
-0.0014729101184298
-0.00498433850733847
0.0015194412452494
0.00116627825881942
-0.00305643498938067
-0.0027421318446548
-0.00687473311458608
0.0017618903780737
-0.00241875192925565
0.000109271668903015
-0.000392953296480607
-0.0052564453100277
-0.00333247202263239
0.00224896884898061
-7.29338723567388e-05
-0.00145441688468516
-0.00230870001017986
-0.00147757885231654
0.00258556317733565
0.00293665171971886
-0.00701635925842746
-0.000318195787464175
4.22445524304268e-05
-0.00486937168290176
0.00600374501961448
0.000932073813150313
0.000726872136669908
-0.00174323605565822
0.000297932509308479
0.00624925973060442
-0.000701721632141758
-0.008280153824921
0.00390062334768129
0.0004212077473445
0.000294017787120459
-0.00266488295343525
-0.00347291291865685
0.00257536070594317
-0.00141186985683421
0.00190213500699504
0.0106605607299712
0.00792327063409516
0.00503507815480913
0.00325138360037037
-0.0127519318189259
-0.00923675442703387
0.00626329791143636
0.00209042779743656
0.00178660529330132
0.00626256645478548
0.000738044286217214
0.00756374699846095
0.00422302757115912
-0.000415864247921358
-0.000830999144221995
-0.00102881374802385
0.0026371461572499
-0.00596216582266726
-0.00355959285673947
-0.00421329779625082
0.00284628910294919
-0.00201338500882588
-0.000113024094721967
-0.00585762521605815
0.00701124013870826
0.00586293405955911
0.00638608357943404
-0.00449556712190786
0.00923916126056645
-0.00415357229689382
-0.00435062817640533
-0.00139577817735999
-0.000783292964679262
-0.00173383040392072
-0.00202039809541372
-0.000543148257569205
-0.00358729233504477
0.000246044242868035
0.00195320448770243
0.000317436196122719
-0.000585686826042633
0.000654443880694881
-0.000570213299771974
9.03392443490815e-06
-0.000966563261462972
0.000641575488178144
-0.000990135219488069
0.00225513709477832
-0.000385749887793843
0.00214096878014239
-0.000512880129868751
-0.000585315843343384
-0.000716871326102998
0.000116487912626673
0.000653828585510881
-8.71893807656376e-06
-0.000811344331457357
0.000381675588855659
6.79883239393533e-05
-0.00170790077984984
-0.000998352572618715
-0.000670478080631576
0.00442016006750736
-0.000511220486504476
-0.00022885186471684
0.000322387556131531
0.00266937717482073
0.0010511100044501
0.0030565648678919
0.000635387633936956
0.00353060486002627
-0.000523807120364254
0.00194252230512586
-0.000951978440471476
-0.000316902590678206
-0.00203048298449331
0.000257332531208336
-0.0049879399816303
0.00025029458538016
-0.00214272625037517
0.00268350384394466
0.00157989007843749
0.000687329875134902
0.000421153836261209
-0.000271671388802432
-0.000889437437102443
0.00082370860884655
-0.000683917302858259
-0.000221208231795264
-0.000919664884607242
0.00253004068021688
-0.00135141220843012
-0.000636096734364846
-5.79960399768975e-05
0.000181776883197413
-0.0011068624503509
9.94526572029324e-05
7.09175666222512e-05
-0.00063532693670379
6.26323705507504e-05
3.07063971880302e-05
0.000484122623109297
3.37572053463924e-05
-0.00252465705848767
-0.000347583273689122
0.000390764752879589
-0.000737303586112366
-0.00160269792814722
-0.000235193915867764
-0.00375890695527342
0.000210540146149178
0.000164301125008579
0.000206313059546991
-0.000665090053858823
-0.000555862195307918
-0.00731675017001187
-0.000183155308747729
0.000999357245487366
-0.000108790334022604
7.00311073662704e-05
-8.30060707809147e-05
-0.00081601524164166
0.000266087405619915
0.00031425598322188
1.18254088381724e-05
0.000100450164877446
0.000429000503897733
0.00105023302310421
0.00099962124941415
-0.000791187086459891
0.00190645523471146
0.000641437353158582
-0.00409305187570644
-0.00227806029032254
-0.00162123251486275
-0.000240997477405552
-0.000776288800625286
-0.000449683842605427
-0.000385704233554221
0.000147027682166206
-0.00113187175751979
-0.00418362017578478
-0.000965511555114477
0.000339392153330786
-0.000224501489045963
-0.000763909393464834
-0.00176050462903534
-2.22356723842132e-05
-0.000426339648539693
-0.0001384538087767
-6.87544582247194e-05
-0.000144197327146023
-0.000630734771389906
-0.000256854037947475
-1.05215296335172e-05
-0.000720420888447313
-0.000395283628575801
-0.000407646691279639
-0.0005722019687701
-0.000846803448746643
