-0.920572177170433
-0.949642096264669
-0.686116098843342
-0.381229746190583
-0.216141683757038
-0.0194027016627121
-0.0785401193590337
-0.0890138627230666
-0.0713560733041707
-0.027674385309184
-0.0264743753073361
-0.00358828340439108
0.0506590244337182
-0.000741190898130059
-0.0303959662299687
-0.00184612693663724
-0.0777825572386294
-0.0252990540531399
-0.0231529290258317
0.00339806058459238
-0.0023970644306407
0.0148169591940224
-0.000385234364502986
0.0184941057106453
0.00234837618773388
0.0161599297124531
0.0236071057238367
0.00175918721254124
0.0086560485422596
-0.0155795597496445
-0.0517912661970195
-0.0407338558589428
-0.0106407342526227
-0.0217455705721839
-0.0138445609996457
0.00631262688832114
-0.0479557928738256
0.00485480636391802
0.0079668639552496
0.00469519776516196
-0.00592067641862583
0.0122157912790828
0.0340980210680124
0.00391147372105922
-0.00663000551016738
0.00658020025710863
-0.00230298156655449
0.00905666875277657
-0.0145738871617519
-0.0376238661684598
-0.000141607611400132
-0.00373139574902437
-0.00606651968220265
-0.0178501484370475
-0.00201945921160677
-0.00493912187768598
-0.0753944257647607
-0.0723421416968248
-0.0406984593050066
0.00305933274253445
0.00769395040374088
0.027338970718038
-0.0291255908792588
0.00935375204255572
0.00208684263854053
0.0146404585622455
0.00678277452271491
-0.0109520523072206
0.000705263792889335
-0.00132816536595849
-0.0465555844711968
-0.0337972254131813
0.0247568895457073
0.00979123726384263
-0.00260034634745866
-0.0417420755869816
-0.0243059628389936
-0.0411985778591704
0.00310070981440767
0.0022392520371032
-0.034322096654843
-0.0150264788169544
-0.00106673762482622
0.0203326282473928
0.0151351091899902
0.00352621267706444
0.0340918369749665
0.0233225058916113
-0.0138095268727034
-0.0391134349130158
-0.00228978073978135
0.00705950213185715
0.000315552485590686
-0.0206845910587508
0.00132840616822402
0.0236795595443521
-0.0174629811639748
-0.0486811069961034
0.0167820304280381
0.00657269158028039
-0.0014001685626337
0.00716886487853335
-0.0196264532851901
-0.0250919662865728
-0.0752346438115661
0.00929749240017679
-0.0150062376214075
-0.00704400157766367
-0.00849846281798252
0.0454686226359162
-0.00152304905674761
0.0621726819853269
0.0154021250608679
0.0716302646933494
0.0379581909484783
0.0088464599780669
-0.00526231301198104
0.0251261535413599
-0.0782447210260726
0.0299608838014199
-0.000194660751011514
-0.0129253496989756
0.0543280453283181
0.0206207498830846
-0.00227898408938752
-0.0880961430010188
-0.00475285618477361
-0.0464883379247785
-0.00142378737883686
0.0261778812269598
-0.0288445713444935
0.0229880788679928
-0.00199845472757959
-0.00232071494689982
0.0278685224050251
-0.0444348486155705
0.00365473669326757
0.0244821521065633
-0.0130709989651861
-0.0117581081869899
-0.0425501850311477
0.0328693445301085
0.00475003693844595
0.0290617547736405
0.0310085565620195
0.0251648648714214
-0.0245096326259713
-0.00629986695820344
0.00347273243402332
0.0177874020247767
0.01544971085708
-0.0029983187533899
-0.0926123553217648
1.51231873545266e-05
0.00286046834028187
0.00791197960049371
0.00239687850918257
0.00251945535386202
-0.00398981144189418
0.0305213889190206
0.00698113078585972
0.00549816814824089
0.0047834040938012
0.000232773945304579
-0.0105716433587098
-0.0188812403417526
-0.0175367840572495
0.00254143840146425
-0.00737769423569597
-0.0015209791447524
0.010216295707499
-0.0063184179303745
-0.0191982715532219
0.00056024058698883
0.0199063346164477
0.00730687760985224
0.010476388104182
-0.00822752165791575
-0.00396529880526827
-0.0076768071403975
-0.00872605881993894
-0.0107953114061705
0.00151755605044959
0.00747189914960932
-0.0204253343045585
-0.032673026084055
-0.00903217556269406
-0.0086094829788227
-0.000210747445610741
0.00738887589204192
-0.00993042312392131
0.0009756601779485
-0.00452895711079528
-0.00576254725922721
-0.0554660538635826
-0.0228907940224633
-0.00884667063385054
-0.00400142607904615
-0.000365286768618788
-0.0355155086831374
-0.012492277269157
-0.00295072789774628
-0.00466581894638934
-0.00752182299490163
-0.0118619651091081
0.0112695958012487
0.00186070472061568
-0.0594684348536424
-0.0293900044114658
-0.017723682308064
-0.0124249486587642
-0.000973369751108533
-0.00867845343892742
-0.0133619343611489
-0.0620791591511603
0.0195356402358598
0.000464889950713901
-0.00752435791471558
-0.0299193383186134
-0.0156309531450568
-0.000936744225820839
0.0298973093583283
0.0337565487925018
0.044097192863957
-0.00511244779686748
-0.00932474949865437
-0.00405029280200911
-0.00198845396960774
-0.0109193422791666
0.00223607378758241
-0.00823221189630888
0.0241879640310668
-0.0236363375566693
0.00097824960731953
-0.00260981585045295
0.0213969484317256
-0.00343866451852229
0.00716200052060589
0.0267262973483098
-0.00333103417349434
0.00450971595365126
-0.0269544876236073
-0.00269610762692892
-0.00812575133551506
0.0124006140703868
0.0152117210323902
-0.000271251514120475
0.00199619939113039
0.0351497836779963
-0.00244048112576913
0.013007458184411
0.00410426518970582
-0.0230840760117536
0.00888071665675154
-0.0107704816666582
0.0405296778296658
0.00926891133868363
0.00941770798471273
0.000329169264116119
0.000130089977500439
0.00150070797337867
-0.0237093219952321
-0.0420783874120567
0.0187611187007196
0.00436149325890037
-0.00155522825326457
0.0201118070135911
-0.0618066803481545
-0.00992191923429543
-0.0110658943019961
-0.00268183502820338
-0.00364443293827848
-0.00524212880069009
-0.00231739992025227
-0.0202500907481432
0.0191475744525543
-0.00413712320292117
0.00291740573893786
0.0265505674315858
0.00309689447959656
-0.0067826124366542
-0.0227635313880317
-0.0293341296688003
-0.0233089890377238
0.0108498461304775
-0.00437234032581655
-0.00362307117386567
0.00970629838783173
-0.0219201382732473
0.0184463566118078
0.0104557863672149
-0.00123171953413161
-0.0497312290910244
-0.00873235000355953
-0.0148393688961905
0.00143385746651317
-0.0231699473972893
0.0288329637539556
-0.00718008899593943
-0.00845585718140381
-0.0438023802899674
-0.0417280961613809
-0.0305165494790112
-0.00947968323154943
-0.0154150854760133
0.00313894372830852
0.000600361805308791
0.00740204208156276
-0.00325693663637298
-0.0183607026788448
0.00879364890730861
0.0475540442391509
0.0134302541480415
0.00888905284456486
-0.000445086935465142
-0.018723977310336
-0.00143697007064308
0.0003459094166842
0.0292800378306688
0.00873643870250252
-0.00167140573827591
0.0234860300020678
-0.107970818784606
-0.0251974438214555
0.0152021196174298
0.00815406478261192
-0.0294544255688286
0.00175868948425173
0.00318379288693097
0.00240654202244458
0.00439189453858249
-0.0111764681885184
0.0205525802042936
-0.0125246162350524
-0.00243672084530954
-0.0123389264262836
0.00171939559165842
-0.024895181396222
0.010801117515485
-0.00107244833274367
0.0100590556915004
0.0641393368423023
0.026139257567703
0.00708642203772452
0.0106102817614351
0.0179996921294925
0.0106626854981711
0.00287666209346167
0.0062670910623576
-0.00603410531961932
0.00816929325256109
-0.0150709832217536
-0.00386756843902136
0.016014065262686
-0.0151554704872041
-0.0120287287020027
-0.000110631067043575
0.00699036932676645
0.0113944912835763
-0.00137203792761818
0.00499037123474726
-0.00523792151075838
0.0140881635261036
-0.00402676610009819
-0.00978390973803805
0.0100874060479902
0.0381162480477882
-0.0163070557407103
-0.00172010161892054
-0.00350768353261451
-0.00565582871083881
-0.00357206824236423
-0.00486855820679781
-0.00648287625924987
0.00584412346077545
-3.6964476918666e-05
0.0140146207013382
-0.00180162271386393
0.00134890885258844
-0.000145771090777699
0.0286565244578675
0.0344033628521093
0.00552679229531109
-0.00113745641349772
-0.00675868163376264
-0.00532688084777778
-0.00513444504281668
-0.00965451081295436
-0.0024543144977803
-0.000743625487946729
0.00438888203682742
0.0162059281063506
-0.00955402438031527
-0.00212856034879923
0.00357220991708505
-0.00231635890126181
0.00161948596798205
-2.30083322823024e-05
0.00723541459787296
-0.0141079444067847
-0.0053077846109519
-0.0149962786795299
-0.0031202218721456
0.00817297150739107
0.000653845075817657
0.00356971165191624
0.00460043016704022
-2.93364545118115e-05
0.00523880531792346
0.00865439543558886
0.000411548017834126
-0.000561955826762396
0.0169347960951412
0.0147252632969381
-0.0107211460353581
0.0287494653881605
0.0103562677570018
0.000726905510632027
-0.00970633312334741
-0.00183229468167981
0.00508286219635812
-0.00878772070959548
0.00877746096015905
-0.00438698226379839
0.00245603976014615
0.00127346650090748
0.000396088167466975
-0.00266610570647602
-0.00707529032598793
-0.00537150602989099
0.000818815700231639
0.00209285054277164
-0.0133949115542069
0.00730456798235432
0.00322038797774164
0.00437681931897339
-0.000934670798525963
0.00408157718361899
0.000167429276133186
0.00106251003613884
0.0107805771728299
0.0075745625842495
0.00891436010723155
0.00402843137672375
-0.000332019165819807
-3.52547345698253e-05
-0.00144678449792388
-0.00417827379563889
-0.000852061733684817
0.00102643080447126
0.0122591745871994
-0.000425807050064378
-0.0137043308776327
0.00715913387947242
0.00349061145304244
0.00141389259117962
-0.00093579289127393
-0.00941863738712958
-0.00724774305651904
-0.0132103181281376
-0.00571646037915582
-0.00148798119477508
-0.00225387652993132
-0.00360209672086928
-0.00446227393468957
-0.0101375150776794
0.00346755450620944
-0.00631646635785678
0.00224791102640623
0.0064882121784487
-0.00787160391329609
-0.0129132615117287
-2.64138392900471e-05
0.0067543434167976
0.00649395950967
-0.00474990533410005
-0.00225607631716617
0.0018524785993668
0.00224117077258347
0.00136521571940542
-0.00127980720173213
-0.000738782782104565
-0.0057027615455072
-0.00479675030962868
-0.00365954645676403
-0.0044006366581981
0.000534698598375129
-0.00247802201263886
0.0108743358940747
-0.00545467831861308
0.00385574356751489
-0.0017124194199325
-0.000988396537015165
-0.0080735919118958
0.00159235830996546
5.69450661236542e-05
-5.13652961123642e-05
-5.50111225081788e-05
-0.00887960637000328
-0.00219197105023555
0.000299207968076663
-0.000752956199889274
-0.000245676440423358
4.09824150334984e-05
-0.000324784793890102
-0.000209437390128638
-2.73305994418377e-05
-0.00279328530815428
-0.00292275272059015
-0.00124929496111594
-3.55401383594697e-05
-0.00354613928620708
-0.00195086353215761
