-9.962131381034851074e-01
-8.955897688865661621e-01
-8.641753792762756348e-01
-8.338379263877868652e-01
-8.045750856399536133e-01
-7.763786315917968750e-01
-7.231256961822509766e-01
-6.980282664299011230e-01
-6.739165186882019043e-01
-6.507616639137268066e-01
-6.285318732261657715e-01
-5.670600533485412598e-01
-5.481914877891540527e-01
-5.126740336418151855e-01
-4.959550499916076660e-01
-4.798837304115295410e-01
-4.644268155097961426e-01
-4.495528936386108398e-01
-4.352313876152038574e-01
-4.214333891868591309e-01
-4.081314802169799805e-01
-3.829135894775390625e-01
-3.709510564804077148e-01
-3.373987674713134766e-01
-3.269332647323608398e-01
-3.069859743118286133e-01
-2.974776029586791992e-01
-2.882634997367858887e-01
-2.793329358100891113e-01
-2.706759274005889893e-01
-2.622835040092468262e-01
-2.541477084159851074e-01
-2.462604641914367676e-01
-2.386149168014526367e-01
-2.312041521072387695e-01
-2.170623391866683960e-01
-2.103193551301956177e-01
-2.037876397371292114e-01
-1.974617838859558105e-01
-1.913364380598068237e-01
-1.854063868522644043e-01
-1.796667575836181641e-01
-1.741122007369995117e-01
-1.585098505020141602e-01
-1.536463201045989990e-01
-1.489432007074356079e-01
-1.443954110145568848e-01
-1.357477158308029175e-01
-1.316381245851516724e-01
-1.276651620864868164e-01
-1.238243281841278076e-01
-1.165207698941230774e-01
-1.130495145916938782e-01
-1.096927896142005920e-01
-1.064468622207641602e-01
-1.033073589205741882e-01
-1.002705395221710205e-01
-9.733282029628753662e-02
-9.449037164449691772e-02
-9.173972904682159424e-02
-8.650085330009460449e-02
-8.159013092517852783e-02
-7.925060391426086426e-02
-7.698421925306320190e-02
-7.478843629360198975e-02
-7.266101986169815063e-02
-7.059905678033828735e-02
-6.860050559043884277e-02
-6.478407979011535645e-02
-6.296240538358688354e-02
-6.119523197412490845e-02
-5.948129296302795410e-02
-5.781815946102142334e-02
-5.620469897985458374e-02
-5.463892221450805664e-02
-5.311928689479827881e-02
-5.164420604705810547e-02
-5.021242797374725342e-02
-4.882233589887619019e-02
-4.616250097751617432e-02
-4.489003121852874756e-02
-4.365427047014236450e-02
-4.128866642713546753e-02
-3.905704617500305176e-02
-3.798900544643402100e-02
-3.695157170295715332e-02
-3.594387322664260864e-02
-3.401391208171844482e-02
-3.309013694524765015e-02
-3.219271451234817505e-02
-3.132105618715286255e-02
-3.047420084476470947e-02
-2.965175360441207886e-02
-2.885263413190841675e-02
-2.807656303048133850e-02
-2.732279151678085327e-02
-2.659048140048980713e-02
-2.587912976741790771e-02
-2.518838271498680115e-02
-2.451742812991142273e-02
-2.323300391435623169e-02
-2.261855825781822205e-02
-2.202182263135910034e-02
-2.144253626465797424e-02
-2.087991684675216675e-02
-2.033364772796630859e-02
-1.980341225862503052e-02
-1.928856223821640015e-02
-1.878884807229042053e-02
-1.830364763736724854e-02
-1.783282309770584106e-02
-1.737579703330993652e-02
-1.693220436573028564e-02
-1.650171726942062378e-02
-1.608397439122200012e-02
-1.567854732275009155e-02
-1.528523117303848267e-02
-1.490364223718643188e-02
-1.382571458816528320e-02
-1.348778232932090759e-02
-1.315983384847640991e-02
-1.284202188253402710e-02
-1.253367215394973755e-02
-1.223465800285339355e-02
-1.194460690021514893e-02
-1.166333258152008057e-02
-1.139067113399505615e-02
-1.112641394138336182e-02
-1.087020710110664368e-02
-1.062173396348953247e-02
-1.038091257214546204e-02
-1.014764606952667236e-02
-9.921379387378692627e-03
-9.702134877443313599e-03
-9.489648044109344482e-03
-9.283769875764846802e-03
-9.084273129701614380e-03
-8.890993893146514893e-03
-8.703760802745819092e-03
-8.522272109985351562e-03
-8.346516638994216919e-03
-8.176289498805999756e-03
-8.011166006326675415e-03
-7.851362228393554688e-03
-7.696717977523803711e-03
-7.546797394752502441e-03
-7.401708513498306274e-03
-7.261097431182861328e-03
-7.124993950128555298e-03
-6.993249058723449707e-03
-6.742063909769058228e-03
-6.622500717639923096e-03
-6.506823003292083740e-03
-6.394747644662857056e-03
-6.286248564720153809e-03
-6.181374192237854004e-03
-6.079658865928649902e-03
-5.981296300888061523e-03
-5.886062979698181152e-03
-5.794055759906768799e-03
-5.704991519451141357e-03
-5.618680268526077271e-03
-5.535252392292022705e-03
-5.454637110233306885e-03
-5.376748740673065186e-03
-5.301088094711303711e-03
-5.157563835382461548e-03
-5.089208483695983887e-03
-5.023173987865447998e-03
-4.897400736808776855e-03
-4.837810993194580078e-03
-4.780083894729614258e-03
-4.670441150665283203e-03
-4.567891359329223633e-03
-4.519157111644744873e-03
-4.472047090530395508e-03
-4.426687955856323242e-03
-4.382766783237457275e-03
-4.340492188930511475e-03
-4.299446940422058105e-03
-4.259973764419555664e-03
-4.221707582473754883e-03
-4.184909164905548096e-03
-4.149220883846282959e-03
-4.081711173057556152e-03
-4.049621522426605225e-03
-4.018783569335937500e-03
-3.988981246948242188e-03
-3.960341215133666992e-03
-3.932513296604156494e-03
-3.905788064002990723e-03
-3.880016505718231201e-03
-3.855235874652862549e-03
-3.831304609775543213e-03
-3.808230161666870117e-03
-3.785923123359680176e-03
-3.764703869819641113e-03
-3.744006156921386719e-03
-3.724142909049987793e-03
-3.705158829689025879e-03
-3.686696290969848633e-03
-3.669053316116333008e-03
-3.651976585388183594e-03
-3.635637462139129639e-03
-3.620065748691558838e-03
-3.604762256145477295e-03
-3.590270876884460449e-03
-3.576368093490600586e-03
-3.537908196449279785e-03
-3.526076674461364746e-03
-3.514856100082397461e-03
-3.504022955894470215e-03
-3.493756055831909180e-03
-3.483824431896209717e-03
-3.474429249763488770e-03
-3.465317189693450928e-03
-3.448419272899627686e-03
-3.419101238250732422e-03
-3.406703472137451172e-03
-3.400772809982299805e-03
-3.395281732082366943e-03
-3.390029072761535645e-03
-3.385134041309356689e-03
-3.376223146915435791e-03
-3.371968865394592285e-03
-3.364503383636474609e-03
-3.361143171787261963e-03
-3.354974091053009033e-03
-3.352366387844085693e-03
-3.347471356391906738e-03
-3.345318138599395752e-03
-3.343522548675537109e-03
-3.341630101203918457e-03
-3.340028226375579834e-03
-3.338590264320373535e-03
-3.337457776069641113e-03
-3.334596753120422363e-03
-3.333777189254760742e-03
-3.333345055580139160e-03
-3.332570195198059082e-03
-3.332316875457763672e-03
-3.332480788230895996e-03
-3.332331776618957520e-03
-3.332681953907012939e-03
-3.332905471324920654e-03
-3.333315253257751465e-03
-3.333732485771179199e-03
-3.334179520606994629e-03
-3.334879875183105469e-03
-3.335639834403991699e-03
-3.336504101753234863e-03
-3.337286412715911865e-03
-3.338277339935302734e-03
-3.341570496559143066e-03
-3.342792391777038574e-03
-3.344096243381500244e-03
-3.346771001815795898e-03
-3.348186612129211426e-03
-3.349661827087402344e-03
-3.351174294948577881e-03
-3.354407846927642822e-03
-3.356024622917175293e-03
-3.361128270626068115e-03
-3.362901508808135986e-03
-3.364607691764831543e-03
-3.368258476257324219e-03
-3.370061516761779785e-03
-3.373853862285614014e-03
-3.375835716724395752e-03
-3.377780318260192871e-03
-3.379628062248229980e-03
-3.381580114364624023e-03
-3.383457660675048828e-03
-3.385417163372039795e-03
-3.387153148651123047e-03
-3.389261662960052490e-03
-3.391191363334655762e-03
-3.393173217773437500e-03
-3.397002816200256348e-03
-3.399014472961425781e-03
-3.400772809982299805e-03
-3.402724862098693848e-03
-3.404587507247924805e-03
-3.406494855880737305e-03
-3.408394753932952881e-03
-3.410249948501586914e-03
-3.411948680877685547e-03
-3.413930535316467285e-03
-3.415748476982116699e-03
-3.417551517486572266e-03
-3.419362008571624756e-03
-3.421127796173095703e-03
-3.422856330871582031e-03
-3.424391150474548340e-03
-3.426238894462585449e-03
-3.427900373935699463e-03
-3.429532051086425781e-03
-3.431178629398345947e-03
-3.432825207710266113e-03
-3.434389829635620117e-03
-3.435894846916198730e-03
-3.437429666519165039e-03
-3.438964486122131348e-03
-3.440335392951965332e-03
-3.443151712417602539e-03
-3.444589674472808838e-03
-3.447189927101135254e-03
-3.448456525802612305e-03
-3.450922667980194092e-03
-3.454267978668212891e-03
-3.455385565757751465e-03
-3.456443548202514648e-03
-3.457546234130859375e-03
-3.458380699157714844e-03
-3.459304571151733398e-03
-3.460153937339782715e-03
-3.460988402366638184e-03
-3.461837768554687500e-03
-3.462761640548706055e-03
-3.464087843894958496e-03
-3.464870154857635498e-03
-3.465354442596435547e-03
-3.466576337814331055e-03
-3.467589616775512695e-03
-3.468319773674011230e-03
-3.468729555606842041e-03
-3.469146788120269775e-03
-3.469310700893402100e-03
-3.469660878181457520e-03
-3.469884395599365234e-03
-3.469973802566528320e-03
-3.470130264759063721e-03
-3.470227122306823730e-03
-3.470204770565032959e-03
-3.470100462436676025e-03
-3.469951450824737549e-03
-3.469854593276977539e-03
-3.469631075859069824e-03
-3.469422459602355957e-03
-3.469139337539672852e-03
-3.468915820121765137e-03
-3.468103706836700439e-03
-3.467231988906860352e-03
-3.466695547103881836e-03
-3.466293215751647949e-03
-3.464311361312866211e-03
-3.463670611381530762e-03
-3.463014960289001465e-03
-3.462202847003936768e-03
-3.461524844169616699e-03
-3.460556268692016602e-03
-3.459766507148742676e-03
-3.458745777606964111e-03
-3.456898033618927002e-03
-3.455951809883117676e-03
-3.453709185123443604e-03
-3.452628850936889648e-03
-3.451623022556304932e-03
-3.450334072113037109e-03
-3.449022769927978516e-03
-3.447994589805603027e-03
-3.445416688919067383e-03
-3.443948924541473389e-03
-3.442607820034027100e-03
-3.441169857978820801e-03
-3.439664840698242188e-03
-3.438293933868408203e-03
-3.435350954532623291e-03
-3.433808684349060059e-03
-3.432124853134155273e-03
-3.429040312767028809e-03
-3.427200019359588623e-03
-3.425613045692443848e-03
-3.422126173973083496e-03
-3.420352935791015625e-03
-3.418505191802978516e-03
-3.411144018173217773e-03
-3.409273922443389893e-03
-3.407247364521026611e-03
-3.403335809707641602e-03
-3.401279449462890625e-03
-3.399208188056945801e-03
-3.397196531295776367e-03
-3.395199775695800781e-03
-3.393113613128662109e-03
-3.390856087207794189e-03
-3.388792276382446289e-03
-3.386676311492919922e-03
-3.384411334991455078e-03
-3.382228314876556396e-03
-3.380089998245239258e-03
-3.377802670001983643e-03
-3.375500440597534180e-03
-3.373295068740844727e-03
-3.371000289916992188e-03
-3.366366028785705566e-03
-3.364071249961853027e-03
-3.361657261848449707e-03
-3.359422087669372559e-03
-3.354534506797790527e-03
-3.352187573909759521e-03
-3.349795937538146973e-03
-3.347381949424743652e-03
-3.344960510730743408e-03
-3.342591226100921631e-03
-3.340087831020355225e-03
-3.337502479553222656e-03
-3.335058689117431641e-03
-3.332644701004028320e-03
-3.329932689666748047e-03
-3.325015306472778320e-03
-3.322646021842956543e-03
-3.319934010505676270e-03
-3.312312066555023193e-03
-3.309726715087890625e-03
-3.307178616523742676e-03
-3.302052617073059082e-03
-3.299422562122344971e-03
-3.296852111816406250e-03
-3.294244408607482910e-03
-3.291696310043334961e-03
-3.286421298980712891e-03
-3.283873200416564941e-03
-3.281235694885253906e-03
-3.278568387031555176e-03
-3.276094794273376465e-03
-3.273397684097290039e-03
-3.270760178565979004e-03
-3.268145024776458740e-03
-3.265649080276489258e-03
-3.262981772422790527e-03
-3.260254859924316406e-03
-3.257706761360168457e-03
-3.255099058151245117e-03
-3.247275948524475098e-03
-3.244593739509582520e-03
-3.242090344429016113e-03
-3.239482641220092773e-03
-3.231756389141082764e-03
-3.226518630981445312e-03
-3.224015235900878906e-03
-3.221333026885986328e-03
-3.216370940208435059e-03
-3.211222589015960693e-03
-3.208756446838378906e-03
-3.203585743904113770e-03
-3.201186656951904297e-03
-3.198631107807159424e-03
-3.196150064468383789e-03
-3.193706274032592773e-03
-3.191217780113220215e-03
-3.188684582710266113e-03
-3.183826804161071777e-03
-3.179036080837249756e-03
-3.176465630531311035e-03
-3.174141049385070801e-03
-3.171727061271667480e-03
-3.167100250720977783e-03
-3.164686262607574463e-03
-3.162309527397155762e-03
-3.159865736961364746e-03
-3.157600760459899902e-03
-3.155291080474853516e-03
-3.153100609779357910e-03
-3.150746226310729980e-03
-3.148466348648071289e-03
-3.146104514598846436e-03
-3.144010901451110840e-03
-3.141820430755615234e-03
-3.139540553092956543e-03
-3.135204315185546875e-03
-3.130793571472167969e-03
-3.128632903099060059e-03
-3.126412630081176758e-03
-3.124371170997619629e-03
-3.122352063655853271e-03
-3.120094537734985352e-03
-3.118224442005157471e-03
-3.116086125373840332e-03
-3.113992512226104736e-03
-3.112129867076873779e-03
-3.108218312263488770e-03
-3.106176853179931641e-03
-3.102347254753112793e-03
-3.100469708442687988e-03
-3.098458051681518555e-03
-3.096617758274078369e-03
-3.092855215072631836e-03
-3.089219331741333008e-03
-3.085717558860778809e-03
-3.084018826484680176e-03
-3.082185983657836914e-03
-3.080606460571289062e-03
-3.078907728195190430e-03
-3.077089786529541016e-03
-3.075398504734039307e-03
-3.073893487453460693e-03
-3.070607781410217285e-03
-3.069043159484863281e-03
-3.067500889301300049e-03
-3.065884113311767578e-03
-3.064349293708801270e-03
-3.062941133975982666e-03
-3.061324357986450195e-03
-3.060013055801391602e-03
-3.058560192584991455e-03
-3.057137131690979004e-03
-3.055743873119354248e-03
-3.054410219192504883e-03
-3.050237894058227539e-03
-3.049015998840332031e-03
-3.046497702598571777e-03
-3.044001758098602295e-03
-3.042832016944885254e-03
-3.041632473468780518e-03
-3.040462732315063477e-03
-3.038272261619567871e-03
-3.037162125110626221e-03
-3.036022186279296875e-03
-3.034010529518127441e-03
-3.033056855201721191e-03
-3.030925989151000977e-03
-3.029167652130126953e-03
-3.028258681297302246e-03
-3.027364611625671387e-03
-3.026559948921203613e-03
-3.025740385055541992e-03
-3.022551536560058594e-03
-3.021709620952606201e-03
-3.021076321601867676e-03
-3.020405769348144531e-03
-3.019824624061584473e-03
-3.019042313098907471e-03
-3.016546368598937988e-03
-3.016039729118347168e-03
-3.015510737895965576e-03
-3.014080226421356201e-03
-3.013134002685546875e-03
-3.012821078300476074e-03
-3.012448549270629883e-03
-3.012001514434814453e-03
-3.011651337146759033e-03
-3.011405467987060547e-03
-3.011077642440795898e-03
-3.010496497154235840e-03
-3.010243177413940430e-03
-3.010123968124389648e-03
-3.009825944900512695e-03
-3.009721636772155762e-03
-3.009349107742309570e-03
-3.009125590324401855e-03
-3.009073436260223389e-03
-3.009021282196044922e-03
-3.008894622325897217e-03
-3.008797764778137207e-03
-3.008812665939331055e-03
-3.008902072906494141e-03
-3.009036183357238770e-03
-3.009229898452758789e-03
-3.009207546710968018e-03
-3.009527921676635742e-03
-3.009662032127380371e-03
-3.010332584381103516e-03
-3.010660409927368164e-03
-3.010854125022888184e-03
-3.011286258697509766e-03
-3.011360764503479004e-03
-3.012120723724365234e-03
-3.012485802173614502e-03
-3.012821078300476074e-03
-3.013603389263153076e-03
-3.014415502548217773e-03
-3.014877438545227051e-03
-3.015913069248199463e-03
-3.016501665115356445e-03
-3.017038106918334961e-03
-3.017470240592956543e-03
-3.017939627170562744e-03
-3.018647432327270508e-03
-3.019139170646667480e-03
-3.019660711288452148e-03
-3.020361065864562988e-03
-3.020860254764556885e-03
-3.021605312824249268e-03
-3.022313117980957031e-03
-3.022909164428710938e-03
-3.023669123649597168e-03
-3.024369478225708008e-03
-3.025054931640625000e-03
-3.026627004146575928e-03
-3.027275204658508301e-03
-3.027997910976409912e-03
-3.028884530067443848e-03
-3.029674291610717773e-03
-3.030389547348022461e-03
-3.031224012374877930e-03
-3.033883869647979736e-03
-3.034710884094238281e-03
-3.036573529243469238e-03
-3.038562834262847900e-03
-3.041401505470275879e-03
-3.043264150619506836e-03
-3.044232726097106934e-03
-3.045268356800079346e-03
-3.046274185180664062e-03
-3.047376871109008789e-03
-3.048360347747802734e-03
-3.052726387977600098e-03
-3.053784370422363281e-03
-3.054872155189514160e-03
-3.055967390537261963e-03
-3.057137131690979004e-03
-3.060549497604370117e-03
-3.061823546886444092e-03
-3.062918782234191895e-03
-3.064244985580444336e-03
-3.065384924411773682e-03
-3.066509962081909180e-03
-3.069087862968444824e-03
-3.070369362831115723e-03
-3.072783350944519043e-03
-3.074012696743011475e-03
-3.077901899814605713e-03
-3.079235553741455078e-03
-3.080427646636962891e-03
-3.081850707530975342e-03
-3.083139657974243164e-03
-3.084398806095123291e-03
-3.085613250732421875e-03
-3.086954355239868164e-03
-3.088429570198059082e-03
-3.089785575866699219e-03
-3.092512488365173340e-03
-3.093793988227844238e-03
-3.096610307693481445e-03
-3.097921609878540039e-03
-3.099307417869567871e-03
-3.100708127021789551e-03
-3.102064132690429688e-03
-3.103405237197875977e-03
-3.104925155639648438e-03
-3.106236457824707031e-03
-3.107681870460510254e-03
-3.109142184257507324e-03
-3.110438585281372070e-03
-3.112018108367919922e-03
-3.113403916358947754e-03
-3.114908933639526367e-03
-3.116190433502197266e-03
-3.117695450782775879e-03
-3.120541572570800781e-03
-3.121912479400634766e-03
-3.123477101325988770e-03
-3.124982118606567383e-03
-3.127694129943847656e-03
-3.129273653030395508e-03
-3.130674362182617188e-03
-3.132253885269165039e-03
-3.135144710540771484e-03
-3.136545419692993164e-03
-3.138050436973571777e-03
-3.139495849609375000e-03
-3.145366907119750977e-03
-3.146737813949584961e-03
-3.151252865791320801e-03
-3.154143691062927246e-03
-3.155604004859924316e-03
-3.158539533615112305e-03
-3.162994980812072754e-03
-3.164380788803100586e-03
-3.167405724525451660e-03
-3.168821334838867188e-03
-3.170207142829895020e-03
-3.171741962432861328e-03
-3.173142671585083008e-03
-3.175958991050720215e-03
-3.177464008331298828e-03
-3.178909420967102051e-03
-3.180325031280517578e-03
-3.181785345077514648e-03
-3.184646368026733398e-03
-3.185972571372985840e-03
-3.187462687492370605e-03
-3.188863396644592285e-03
-3.190368413925170898e-03
-3.191635012626647949e-03
-3.193065524101257324e-03
-3.197267651557922363e-03
-3.198713064193725586e-03
-3.200128674507141113e-03
-3.201514482498168945e-03
-3.202691674232482910e-03
-3.204166889190673828e-03
-3.205418586730957031e-03
-3.206789493560791016e-03
-3.208115696907043457e-03
-3.209426999092102051e-03
-3.210932016372680664e-03
-3.213495016098022461e-03
-3.216132521629333496e-03
-3.220081329345703125e-03
-3.221243619918823242e-03
-3.223702311515808105e-03
-3.224983811378479004e-03
-3.226310014724731445e-03
-3.227517008781433105e-03
-3.228873014450073242e-03
-3.229901194572448730e-03
-3.231212496757507324e-03
-3.232404589653015137e-03
-3.233626484870910645e-03
-3.236010670661926270e-03
-3.239512443542480469e-03
-3.240644931793212891e-03
-3.241837024688720703e-03
-3.242939710617065430e-03
-3.244116902351379395e-03
-3.245249390602111816e-03
-3.246217966079711914e-03
-3.248393535614013672e-03
-3.250539302825927734e-03
-3.251612186431884766e-03
-3.252610564231872559e-03
-3.253802657127380371e-03
-3.254592418670654297e-03
-3.255680203437805176e-03
-3.256723284721374512e-03
-3.257602453231811523e-03
-3.258615732192993164e-03
-3.259599208831787109e-03
-3.261446952819824219e-03
-3.262355923652648926e-03
-3.264263272285461426e-03
-3.266066312789916992e-03
-3.267690539360046387e-03
-3.269344568252563477e-03
-3.270342946052551270e-03
-3.270938992500305176e-03
-3.271862864494323730e-03
-3.273382782936096191e-03
-3.274142742156982422e-03
-3.275513648986816406e-03
-3.276333212852478027e-03
-3.276899456977844238e-03
-3.277748823165893555e-03
-3.278270363807678223e-03
-3.278985619544982910e-03
-3.279700875282287598e-03
-3.280222415924072266e-03
-3.280997276306152344e-03
-3.281384706497192383e-03
-3.282040357589721680e-03
-3.282621502876281738e-03
-3.283187747001647949e-03
-3.283619880676269531e-03
-3.284171223640441895e-03
-3.285259008407592773e-03
-3.285810351371765137e-03
-3.286197781562805176e-03
-3.286704421043395996e-03
-3.287211060523986816e-03
-3.287479281425476074e-03
-3.287941217422485352e-03
-3.288343548774719238e-03
-3.288760781288146973e-03
-3.289014101028442383e-03
-3.289431333541870117e-03
-3.289714455604553223e-03
-3.290042281150817871e-03
-3.290519118309020996e-03
-3.290876746177673340e-03
-3.291100263595581055e-03
-3.291577100753784180e-03
-3.291741013526916504e-03
-3.291919827461242676e-03
-3.292128443717956543e-03
-3.292396664619445801e-03
-3.292575478553771973e-03
-3.292769193649291992e-03
-3.292843699455261230e-03
-3.292769193649291992e-03
-3.292560577392578125e-03
-3.292426466941833496e-03
-3.292530775070190430e-03
-3.292217850685119629e-03
-3.292068839073181152e-03
-3.291890025138854980e-03
-3.291636705398559570e-03
-3.291457891464233398e-03
-3.290742635726928711e-03
-3.290355205535888672e-03
-3.289952874183654785e-03
-3.289312124252319336e-03
-3.289088606834411621e-03
-3.288626670837402344e-03
-3.288269042968750000e-03
-3.287926316261291504e-03
-3.287285566329956055e-03
-3.286987543106079102e-03
-3.286436200141906738e-03
-3.285899758338928223e-03
-3.285452723503112793e-03
-3.284826874732971191e-03
-3.283664584159851074e-03
-3.283068537712097168e-03
-3.282472491264343262e-03
-3.281846642494201660e-03
-3.281131386756896973e-03
-3.279790282249450684e-03
-3.279045224189758301e-03
-3.277525305747985840e-03
-3.276690840721130371e-03
-3.275930881500244141e-03
-3.275200724601745605e-03
-3.274291753768920898e-03
-3.273412585258483887e-03
-3.272354602813720703e-03
-3.271535038948059082e-03
-3.270611166954040527e-03
-3.269687294960021973e-03
-3.267705440521240234e-03
-3.266558051109313965e-03
-3.265619277954101562e-03
-3.264591097831726074e-03
-3.263488411903381348e-03
-3.262460231781005859e-03
-3.261178731918334961e-03
-3.260061144828796387e-03
-3.258958458900451660e-03
-3.257632255554199219e-03
-3.255158662796020508e-03
-3.253906965255737305e-03
-3.252685070037841797e-03
-3.251522779464721680e-03
-3.250107169151306152e-03
-3.248736262321472168e-03
-3.247350454330444336e-03
-3.244653344154357910e-03
-3.243193030357360840e-03
-3.238603472709655762e-03
