-0.973809391036659
-0.909595793092514
-0.76095659221623
-0.65097898915394
-0.730429536346815
-0.469367714190556
-0.117704874135914
-0.071451629356378
-0.0883741727501629
-0.349825841442365
-0.406720445851189
-0.307916165787563
-0.29194649846707
-0.168814140209911
-0.0543514795429968
-0.00799210444262802
-0.0446827384115078
-0.150020415401188
-0.160169683235205
-0.00726680797066678
-0.0429414424294
-0.106785020682421
-0.0733532544994022
-0.0773092412152491
-0.0490270066710125
0.0487928676596014
0.0229709744981781
-0.0403402155504114
-0.0263384588460342
-0.0649509511865458
-0.0107714080983611
-0.00196555834360138
-0.0223800674529328
0.00434015281967607
0.00784009089005847
0.00252559571210061
0.000879296207872481
-0.0613805036261325
-0.0265680039216185
0.00626500494891104
0.0332803162657881
-0.00732274176465119
-0.00753669110559338
-0.000988536794729475
0.00671017418285439
-0.014903376757548
-0.021526189874716
-0.0418166885515395
-0.00940253854321948
0.0150281040616137
0.00061462060038325
0.00197273639767382
0.0170967554794234
-0.00140546531495394
0.000719478385989002
0.00498853169072489
0.0169889956276261
0.0192879698171886
-0.00230108914054026
-0.00028320119431163
0.0132105693858831
-0.00124685588749179
-0.00118473815745862
0.00145665108701373
-0.00631060619307916
-0.000758823117809165
-2.35459845318955e-06
0.00467324949633401
0.00593210380795208
0.0059594655741534
-0.00195031267058951
0.0110636839350444
0.00589093346860161
-0.00897847703068412
0.00201141612375657
0.00636910723871715
-0.00614310594358369
0.0113341984165318
-0.00859039352916591
0.00498505496896651
-0.0033409803351451
-0.00232016680698051
0.000988325910678383
-4.03413121938911e-05
0.00342763344710049
0.00464026933332598
-0.00367714986266583
0.0133373761258565
-0.00367331233447963
-0.0070811038642626
0.00290570431397832
-0.00474499476123082
-0.0127240271107164
-0.0251039135000355
0.0103185770067733
-0.0048690878780852
0.00232449477489498
-0.000442705662014343
0.000839639062885988
-0.0181164435182586
-0.0131152272693464
-0.00653876153777189
0.000458079657209941
0.0162859652880096
-0.0221948766695776
-0.00885425184783675
-0.0138894986591342
-0.00836186809968012
-0.0025351060391048
0.0014347347450362
-0.00097242597639977
-0.00732919818339282
0.000367574340550652
-0.00682467451012476
0.00993773758466482
-0.015853082705805
-0.00859506792863471
-0.00620241567529891
-0.0131643273866985
-0.0126006102871632
0.00353208336435089
0.00321439972039672
-0.00174260644864856
-0.00825874594367761
-0.00223151999028338
-0.00740141222208382
-0.00780844886543371
0.00389801154476399
-0.00705248115445669
-0.0264725485585158
-0.0189637275018072
-0.000380266708208896
0.00667208385412866
-0.00473395573129065
-0.00807841307997465
-0.0106426111947792
-0.000374332239467819
-0.000695559504539
-0.000831318056852093
0.00215979420791923
-0.00183664420645279
-0.000560007869737688
-9.36390455648852e-05
-0.00233121382620715
0.00313401892004348
-0.00105611326788419
-0.00202498747925616
0.00284979420931258
0.000553427343194326
-9.95121288850603e-05
-0.00622633153258098
-0.00353608980861235
0.000299424378837866
-0.00577978249445256
-0.00456584319863448
-0.000676112670492146
-0.00457111910801832
-0.0135709183672652
-0.00825814878026023
-0.0045943554459325
-0.0114550076079982
-0.00489931213271278
-0.000988771759091879
-0.00459200232586031
-0.00213031888580839
-0.00631105724021678
-0.00121336803215805
-0.00356898897892803
-0.00658922729718629
-0.00525239763634503
-0.00303303059375834
-0.00238563506605427
-0.00271278262808224
