-0.984158463434263
-0.977140672991246
-0.760187939189096
-0.319208700403446
-0.182018027944836
-0.280324233104616
-0.303467176467322
-0.237431443882103
-0.197535018740904
-0.171525267899897
-0.0654572402916995
-0.0994134905830441
-0.0877312921505134
-0.234173897889568
-0.198001880943968
-0.147625257866389
-0.144621497974546
-0.0661354495889337
-0.0597477816532229
-0.0415403813834664
-0.0105479207774358
-0.00307562078058838
0.00148352677058671
-0.011377078415386
-0.0350897038956589
0.0192661960995146
0.0161814756533952
-0.00924551550241417
0.0157162247810645
-0.00957865743982232
-0.0514544799056429
0.0486512956950755
0.012152383642336
-0.00205010952575644
0.00409101631211246
0.00633071096377915
0.0120020168437983
0.0208420953604615
-0.00106747952043286
0.0227839578731341
-0.00699120658652633
0.00371589202554025
0.0169396286409809
-0.00650422573869408
0.00600116660043936
0.022170276567217
-0.0233011759239974
-0.00271334066514014
0.0230868643291165
0.00519183320842143
-0.0244465766567093
0.0182299922411617
0.0128127430860326
-0.0131556465682477
-0.00322359892849783
0.0578566161474965
-0.00374779033476685
0.0145387829046663
-0.00183751284641325
0.00266220655901561
-0.00874337841953838
0.00895848893741933
0.0270245773547778
-0.00189365181611283
-0.00355712642306482
-0.0322683488768577
-0.0232507647799571
0.0433822693931169
0.00425117970629003
0.00175958112428464
-0.00154673189427004
0.0264732952964557
0.00839165603991903
0.0240202637922612
0.00877481474366701
0.00187991804690672
-0.0120740394259366
0.0524899634122545
0.00135636528136999
-0.0609117056621532
0.00734076595016762
0.00159102297250409
-0.00186381790729872
0.0170569760777115
0.00472156169955618
-0.00246625742402244
0.00526952967163654
-0.00450006812420163
-0.0182699985090899
-0.00101062552701331
0.000850663174595865
-0.000363134339153291
-0.0163463748715117
0.00578073364903127
0.00368273649701655
-0.00369197218851197
0.0237855136200431
0.0111296977713642
-0.000762032456042261
-0.00543956526419784
-0.00273512094527749
-0.0196767501921877
0.00537645963841254
0.0563770613506617
0.0246204982004632
-0.00103918804818024
-0.0393454355559441
0.00642780024093522
0.00142451367763877
0.000490047715775863
0.00291015406841846
0.00874784553881228
-0.0202576554676171
-0.018839206586601
-0.00131589097116516
-0.00122771247147277
-0.00719162263069613
0.0119829834697436
-0.0620012831289938
-0.00218031375693984
-0.00615605698689416
-0.00448345104194377
0.0155829163405576
3.025219118002e-05
0.0118620738751408
-0.0075408176820425
0.00396049684894119
0.00930002236940018
-0.0209518880784529
-0.00698928534929828
0.00576095872107781
0.0145706209175676
0.00203289021532243
-0.00793882767901686
0.00106896009330029
-0.00686443731643236
0.00638080870028813
0.00857686278275363
-0.0154514798587077
-0.00251278994964189
0.000772543924207295
-0.00216095338958449
-0.00991979431093729
-0.00608239109256258
-0.00504232724386138
0.0324394111868593
0.00278124179855305
-0.00414587888615048
0.00101881238644467
0.00649002407925775
-0.00989068435999413
-0.00269856944010051
0.0127623649290176
-0.00478494399563039
0.0131124732106011
0.00493145327886985
-0.00513287877072437
-0.00105229939437598
-0.0124677917637549
-0.00047768937369087
0.000702449497237877
-0.00136448991950204
-0.000113986701906911
0.000459553480917296
0.00374555624451136
-0.000349019462330433
-0.000924370542094348
-0.00617306869481299
0.00131794586716243
-0.00758600802342399
0.00128724295881948
0.00600403706479372
-0.0134138968487446
0.000342704257847786
0.00865670653304236
-0.00115802365880988
-0.00160717858245938
-0.00121085149644671
-0.00912372340930608
-0.00431082938706317
-0.00175951257795994
0.000906623220711721
0.0369571248390775
0.0104872954340034
0.00124611774409683
0.0115782146800564
-0.00094878292646026
-0.00329996448991172
-0.0101180811545833
0.0125729210021585
0.00570985836210268
-0.00184866867553472
-0.001451176429334
-0.00214928285009223
-0.00448355462581184
0.00112982721524719
-0.000787477402497459
0.00562773109467324
0.0154149408215752
0.000265962871463961
0.00669756864503221
-8.77051361376563e-07
0.005472721492892
-0.0238859193665399
-0.00104339922009326
0.00145177374497312
-0.000764090609893682
0.00139545205716116
0.000576557506336912
0.00177110936565881
0.00860753146427932
-0.00366719330506137
-0.00279498260344902
0.00260036369896081
-0.00256999494497032
0.00447892960237814
-0.00672320990408122
-0.00143127718541984
-0.0113688833321962
-0.00286854320057874
0.00638534746365362
-0.000591696138802037
-0.00412551280012047
-0.00207027979474719
-0.00124192555505124
0.0020865763782921
-0.00105388438383781
-0.00325933840446344
0.00358104851321656
-0.00599097103158149
0.00852129981111263
8.36854759930055e-05
-0.00592928567031121
0.00112962718269286
0.000332973634373155
-0.00321644513927828
-0.00310409239405455
0.000945172919480746
-0.00513810070072488
0.00338870740690625
-0.00380301416095575
0.00439499195695429
7.84320325671814e-05
-0.00105386086626719
0.000399904524983114
-0.00493840071804531
0.00153785304776651
0.000783926923069344
-0.00100720758880964
-0.00500970096697476
-0.00153909975918971
-0.0009226137824789
-0.00286135942018825
0.00130323943750462
-0.000782732102501266
0.000276258190259147
0.000243844427801691
-0.00423396234791015
-0.00892334677731278
0.00202054295138446
3.04914604040349e-06
-0.000227653344559711
0.000349358201202833
-0.000601808274497051
-0.00822142404805616
0.00382555179855918
0.0052155547162075
-0.00206617969875968
-0.000176052445413242
-0.00184324887314482
-0.0127702550652593
-0.00300520489243982
-0.00218021659396494
-0.00193516271609747
-0.000306170170599563
0.000300151982263848
-0.000250339897180784
0.00652518041689389
0.00092949351205305
0.0030247102699922
-0.000190348217260236
-0.0053545384639695
0.000509026108888158
0.000452374492107653
-0.00249372656505731
-0.00167036406917403
-0.000960923610868278
-0.000171556439757821
0.00127635684550067
-0.000153167067199637
0.0004565234908726
-0.00114165137654102
0.000204120588803818
-0.00138601770520232
-0.00147174581582682
-0.000557990108028848
-0.00228028996673745
-0.00240999262295981
0.000226948129957744
0.00104181444691115
-0.00136516792933111
-0.000860209893828129
0.000868360280311812
0.00347594128438009
-0.000353828068411828
0.0002936732230972
-0.000269970259460154
-0.00117551559917764
0.000601512283582929
0.000383180588091819
0.000645309881310891
-0.000513642277149352
-0.00717114673021564
-0.00176404008168707
-0.00114389099455431
0.000261830241616642
-0.00425570981314357
-0.00152861246243365
-0.000979683285318003
0.000864526677931157
-0.00049352829559575
-0.000142672360522057
0.000129446331667654
-0.000417519363196548
-0.000948118639520771
-0.000230802350426148
-5.6206995242216e-05
-0.00086094743607962
-0.000194928871714703
-0.000582113316888038
-2.33737057798066e-06
-0.0004008836949491
-0.00226101762099879
0.000897393125954321
-0.000166692144641893
-0.00091854553852011
3.1317889267977e-05
-0.000803031661412105
-0.00137722013497889
-0.000760685840061927
-0.000246607041923378
-0.000231299005980456
-0.000599529236932051
-0.00120669839925396
-0.000731623680722168
