-0.942812133633388
-0.884340457315172
-0.584700999179147
-0.274632874129576
-0.238624871886846
-0.364732665782424
-0.0905240759858197
-0.00734876883869702
-0.020307400431021
-0.074258486034955
-0.0394281186842211
-0.0145118994306385
-0.0618780056252185
-0.0196906427310748
-0.0373430629251757
-0.0496422322101932
-0.0603667433773294
-0.0474369782265262
-0.0251025394507788
-0.020305829961772
0.00882317103921073
-0.00484173877196121
-0.00602605928911567
0.0167016586741134
0.172614179560748
0.0794307003056961
-0.0237464837946056
0.119358926822695
0.0141597187480182
-0.0154406851080289
0.0167936302476064
0.00755573415286596
0.0164642042474312
-0.0235835091182815
0.0166554255124105
-0.0153551872880869
-0.0469603330692051
-0.00292858740477952
0.00538400742617533
-0.0142004814125517
0.00331712909953267
-0.0257022600420481
-0.0246997760775924
-0.00596085712645318
-0.0602879245611063
-0.0184429021441883
0.00057704825723864
0.0176070387727509
-0.000737161808200116
-0.00436279292628098
-0.0182013876381124
0.0071723635374661
0.0140752275290337
0.00837840336407344
-0.117936009485401
-0.000667056403720346
0.00186626716869829
-0.0587490430566867
0.00977854972934379
0.00431629386809301
-0.0132194984927658
-0.00194423165355684
-0.0233040154771446
-0.0311281945357527
-0.0056832267990704
-0.00133066097637613
0.0573797543704233
-0.0131719111557764
0.0144896063482024
0.0115370058348024
0.0048371565647384
-0.00182380371258935
-0.00214772061265091
0.026423884668337
-0.00370679557267244
0.0153930121086772
-0.0155614617785425
-0.00578239785664329
0.00868655920728057
-0.00103969695124049
-0.00991793152583787
0.00133816202393874
0.00476412838948893
0.00773327955186075
0.0186208253778896
0.00319978304616169
0.00122096086385205
0.0198468517684422
-0.00218721857569613
0.0155608863181353
0.00713911588031963
0.00597278164886169
0.011819773423708
-0.0012522452462419
-0.000170119580297504
-0.00263573398141131
0.0102785469926232
0.00516479048932136
0.00249172272284624
0.000510958307128406
-0.0237498088320129
0.00352221539047613
-0.00177023781732143
0.00184987232369546
0.00336820463818623
0.0101877467017542
-0.0168868754997731
0.0156069059890735
-0.00864959931079857
0.0188677868852887
0.00476613404896841
0.0061122722152106
0.015024348276826
0.00062450441676241
0.0261548730827623
0.00124737336321438
0.0161511935936663
0.00162661642120857
0.0072210518065469
-0.00272729726688144
-0.016248662529435
-0.00141540814193645
0.00886640629414748
-0.00861083952683196
0.00101010325331401
0.00978237697337677
0.00356952472277419
-0.00561191256115177
-0.00580370211937005
-0.00110003017484779
-0.00295145565480417
0.00229502104982242
0.000385886915147371
-0.00924968627396475
-0.0353996601289135
-0.0257788573703758
-0.00921372817967543
-0.00449196916076464
-0.00120038988179552
-0.00334645683757389
-0.0062953072102486
-0.0283334431718184
0.00383298407196532
-0.00222684507991985
-0.000129861989606232
-0.00428742335779057
-0.00938317780777087
-0.0117517260321703
-0.000343501181111797
0.0117170762597885
-0.00709165521917228
0.00269410123715587
-0.00210820439187851
0.0145227790413033
-0.00859536481891756
0.00153218488593241
-0.00182885742942749
-0.00551006513687727
-0.0117465869529253
0.0128868674982416
-0.0190531579076616
0.0160812447613879
-0.00907428372544638
-0.0117590730666047
0.00180324574328353
0.00588575068129437
-0.0187093409985146
-0.00665106723060915
-0.00655071743868513
-0.00159766011849923
-0.00728761313374553
-0.00738062138936359
0.00508150974222348
0.00313634713148455
0.0150000760857086
0.00339264505901692
0.00647059149026153
0.00166681880889576
0.0108594156043575
0.00366587785737442
0.00276403167877977
-0.00193417184645324
0.000512988127325345
-0.00120517607589419
0.00173940965076041
-0.000254592465181765
0.000177456620982333
0.00288896638906105
0.0029073255430914
0.00164266112197042
0.00115390882272658
0.000588616397225612
-0.0056026116424993
0.00749599445240159
0.00501235595828129
-0.00535762721274389
0.00271348872169028
-0.00528358754552513
0.0111841646934844
0.00111515311573603
-0.00523608735095984
0.00136912561169021
-0.0140968947247519
0.0102488004137186
0.000976016672731493
-0.00250086916706637
0.00282514122940626
-0.000211814892093409
0.0224454689995316
-0.00578898625274138
0.00761484750238689
0.00158018905232996
0.000150702740164067
-0.000116429701046999
0.00145823653233628
-0.00129050256585737
0.00105306934880513
0.000178988698813272
0.00232868208288501
0.00137217230526786
-0.00394561462022736
0.00187175931975474
-0.00298473384312351
-0.0011204943842989
-0.00130785860263919
0.00482207282172119
-0.00997687225297303
-8.13817844360458e-05
0.000623811824916439
-0.0100026815175207
-0.00271733811125306
-0.000601942558502876
0.00986487235846704
0.00183553958727279
0.00200098804781111
-0.00212706420203052
-0.00242733940817727
-0.00923264800151754
0.0053516283291678
0.00356174204248898
-0.00390331107630968
0.00682288983876855
-0.00103129145445797
-0.00175769354300481
-0.00129221942632437
-0.0102302086400325
-0.00115897391555005
0.00116962646776797
0.000982853398176666
-0.0122561540792869
-0.000414976450497642
6.66849872577002e-05
-0.00960770824556505
-0.00188946721837498
-0.00559347418536791
-0.00204369090430413
-0.0048279246773461
0.00165121515912127
-0.00400737459744684
-0.000163322046535262
0.00394649773869997
0.000658696736261815
0.000398884516623568
7.36863239902158e-05
-0.00082934679992171
-5.20792075073017e-05
-0.00235455627906213
-0.0173559852531031
-0.00313975923210064
-0.000334083861378027
-0.00129453886455365
-0.00154332315579011
-0.0084608282352331
0.005084233909128
-0.00429534568238269
-0.00334862020994164
0.000108200575566471
-0.000522396921336878
0.00220847246927103
-0.00597556429542698
-0.00274517430824518
-0.00155390558084833
-0.000887499583290121
-0.00553449542894329
0.00203921510202459
0.00059035003745405
-0.000220713762633858
-0.000241047611678698
-0.00092937914811898
0.00172246642313238
0.000205478170364901
0.000244605356331982
-0.00172763035411759
-0.00461786807201283
-0.000368356204129695
-0.00502087070717524
-5.45222124863688e-05
0.00533999680090779
0.000465860271707788
-0.000119311095949348
-0.0017241896335345
-0.00318590813248506
-0.00181593660533226
0.00133514402395178
0.000122577216632055
0.00135152548857545
0.000741258231596479
-0.00187991119845149
-0.00358726035587882
5.10045049618611e-05
0.00079623167610192
0.000591485253831712
-0.000335070869321887
7.84331127118385e-06
9.66338690703523e-05
-0.000384209171017801
-0.00437898452422335
-0.000152804658065159
-0.00138478995895653
0.00278995826409633
0.001751998432727
-0.000684577422221391
0.000270316102960968
0.000746575376601597
-0.000465504922200405
-0.00164047434090527
-3.81254964779306e-05
-9.74532443575791e-05
-0.000528219100940622
-0.00169398135674052
-0.00150555630888557
9.92989185574782e-05
0.000113841720488106
-6.37613056045166e-05
0.000388510372473029
-0.000272376535397174
-0.000593723649228608
-0.000500466196533812
0.000390768270417053
-0.000664248123662131
-0.00108055265184568
-0.00280316500461557
-0.000596805274396868
-0.00102934932623178
-0.00106564524596862
