-0.928932737082232
-0.928932737082231
-0.919010550391914
-0.918238216677707
-0.898224188899626
-0.871720281885164
-0.812558951328156
-0.752840572029476
-0.682071620838511
-0.62714395884904
-0.610544003471258
-0.625444191733305
-0.639985514638664
-0.6559492387432
-0.660353195027751
-0.649765020383868
-0.571239299645914
-0.49744122987976
-0.477851709109351
-0.43682550419141
-0.389859201923674
-0.431688013121917
-0.500713476301718
-0.507454470922715
-0.532833419565516
-0.578586128496951
-0.539821260425884
-0.441544775768388
-0.407161456983848
-0.34797600150786
-0.295005050314726
-0.282540439409229
-0.296363748041524
-0.288856830220801
-0.305651298467676
-0.349033982215163
-0.355801595898774
-0.324629624057621
-0.29962234411652
-0.280763511159089
-0.265011008985427
-0.268929347327357
-0.295237394652247
-0.314284751565969
-0.315332115940051
-0.300312860653466
-0.306651660450252
-0.289784852549145
-0.330480336082622
-0.367644278586
-0.303383766172238
-0.196785657577744
-0.132540158377471
-0.08393591719537
-0.0114376077226122
-0.0483497383776684
-0.118580437152601
-0.159331841460243
-0.231457364160596
-0.28619723983746
-0.235773228404662
-0.157542085577254
-0.117877000055908
-0.0712966600454086
-0.0162094366964856
-0.0378234963778059
-0.0978053100771105
-0.129522564868647
-0.1805288191824
-0.217459976885429
-0.188182288696157
-0.103116480975181
-0.0619467842296078
-0.026440475539908
0.0175360843499367
0.00452105295732586
-0.0484537992850738
-0.0759711922767009
-0.100507305554532
-0.143424987572942
-0.135880488830325
-0.0632416014638723
-0.0154374913365525
-0.00970095521053891
0.0113434423130029
0.0135812279907693
-0.0366934772005392
-0.0638747533823595
-0.0794792065683333
-0.0833700504535523
-0.0945587994488982
-0.0787303801115556
-0.0442043098965803
-0.0493460022229464
-0.0408000824117808
-0.0470038697038229
-0.0847354914045136
-0.096369779938794
-0.0883011891063425
-0.101434981922109
-0.108478963197104
-0.0814935780020292
-0.056316382537813
-0.0517694352232214
-0.0388190308951196
-0.0232408163686437
-0.0339606114404717
-0.048149237504704
-0.0473510481451809
-0.0546881093096536
-0.077477434449983
-0.0580491027310803
-0.0405891220475849
-0.0636621522265051
-0.0642876550284783
-0.0427668178925496
-0.057928365852624
-0.07795148993925
-0.060965825870235
-0.057409163696898
-0.0765828261723768
-0.0644157498744022
-0.0405863072469336
-0.0476624372228533
-0.0537637194300575
-0.0333039580737807
-0.0354183201249525
-0.0604489219009344
-0.0405039211341758
-0.0214797087198763
-0.0470474262905243
-0.0475038060974021
-0.036025110071893
-0.0531206714778406
-0.0596266001626079
-0.0420266830319773
-0.0285909580990927
-0.0343775327444322
-0.0196027129188415
-0.00519835664133708
-0.0106388126336822
-0.0171362740075873
-0.0290520662337738
-0.0299708087325058
-0.0346555892947438
-0.016373874648714
-0.00982992745983914
-0.0125791821188489
-0.0188955376591234
-0.0410389960983829
-0.0725642338629096
-0.0783105386756648
-0.0802838040184393
-0.0800756926323866
-0.0507362251563253
-0.0131525404623698
-0.00743543397219869
-0.00951911260151362
-0.0230108969336211
-0.00635323962251662
-0.00601747715239223
-0.0128909397866339
-0.02493275157963
-0.0235306582775039
-0.0213440620709925
-0.0184771487475661
-0.0112797537702581
-0.0035775780091954
0.00196483741206115
-0.000640877226775191
-0.0118974180589321
-0.0203959950205378
-0.0238438789375193
-0.0307515885995645
-0.0260693307610415
-0.00676052175363086
-0.00258485155217938
-0.00511856409804773
0.00186812987518557
-0.00526151630041941
-0.0125316353623699
-0.0124885178765597
-0.00144174276647303
-0.000860367965037826
-0.00135925643400362
0.00595723453812393
0.0036818242516719
-0.00864648038675608
-0.00966904057700813
-0.00793420849107042
-0.012395377946002
-0.0103487908996814
-0.00169837490117873
-0.000441948304962976
0.00102673706978065
0.0151380067125368
0.0222498678603431
0.00651153054147594
-0.0343109133740388
-0.0414331289047034
-0.0056651483873517
-0.0080491630665036
-0.00802357667567757
0.00669352865867701
0.0148714441000567
-0.0134782731331497
-0.0351481938489978
-0.0355867708017958
-0.0478141485737228
-0.0429622506181507
-0.013376291600102
0.00145478659881649
-0.00169829589993722
0.00267067194494342
0.000265686746770031
-0.0218595936200191
-0.0342287019920059
-0.0236899441720151
-0.0174832920384954
-0.0172296759378359
-0.00633419725755023
0.000284778812269442
-0.0043673824076559
-0.00200882088023768
0.000731622395172741
-0.00872875567353335
-0.0224372217131225
-0.0265422426100699
-0.0260949131038811
-0.0331955535583895
-0.0201597901250376
0.00104285632056424
-0.0106448782831379
-0.0298918010918399
-0.0290403705082102
-0.0358248393600542
-0.0405106643005386
-0.0468313652300449
-0.0556325022750186
-0.042537507686948
-0.0481716304958967
-0.0354802285462365
-0.0359544543914792
-0.0482693072793912
-0.0478086499910681
-0.0485899184630816
-0.0588193981801956
-0.0482022308986562
-0.00929877117827277
0.0097797138512083
0.0116246717238863
0.0195270449882292
0.016352866964494
0.00408084709160683
-6.37938594527749e-05
-0.00371161907106398
0.000369322039687255
0.0260195672926519
0.0472720396197839
0.0478188191626117
0.0473470568872199
0.0363535947009849
0.0123833910542409
-0.00124016651686405
-0.00186664795471645
-0.00919514550890168
-0.00703008574436713
0.0125566743052791
0.0229149610730815
0.017936857052652
0.0239971771690739
0.0301182036972723
0.014721790889674
-0.00968623042517604
-0.0139500189037765
-0.010910637174424
-0.00938750834314151
-0.0154447001469596
-0.000338560607625996
0.011807665070118
0.00874883009527642
0.00673111590050317
0.00209646073420449
-0.0132963243109696
-0.0299231379105309
-0.0227535150066557
-0.0147080007260053
-0.0190917813462854
-0.0153091177966719
-0.0171941043961269
-0.00328783285163927
-0.000451677718467059
0.00166267111839322
-0.00373873593609286
-0.00836267595779064
-0.0133181712853585
-0.0180976539681417
-0.00737628013737114
-0.00329021573351951
-0.00135262527166264
0.00532002357453561
0.00907157031020437
0.00789415246224026
0.0160526830610777
0.0233208331847608
0.00469178197190687
-0.0157153879079264
-0.0151525859796186
-0.0173632312751526
-0.024023753696868
-0.0159057299454394
-0.0103698391403604
-0.0104023909668876
0.00239983691420378
0.00322961165955202
-0.0148325578267416
-0.00678033854260373
0.000539732159591841
-0.00184063346968402
-0.0130203233737392
-0.00382529399368825
-0.0110951278154492
-0.0125317552042782
-0.00927395738354977
-0.00412656915069153
0.00343786968448337
0.00465686912528908
-0.00281134684083947
-0.00772531644553006
-0.00331179503377936
-0.00485444585178007
-0.012026506548346
-0.018928306091559
-0.0258390361536027
-0.0253543527249377
-0.0158674181278374
-0.00647897538906936
-0.000296253878945333
-0.00115676938154114
0.000403823395049482
-0.000443888649855601
-0.0134515632025629
-0.0139102568725808
0.00134913827620787
-0.00143568847651103
0.00754768463824469
0.0273980171213365
0.0180596930855322
-0.0101203011204106
-0.010893711337983
-0.013963003508869
-0.00838908225238606
-0.00143401309283197
0.0143780878419756
0.0173668470652849
0.0187678206573736
0.0106629551164986
-0.000259336532888031
0.00557074766920821
-0.0124914024917234
-0.0190848975578148
-0.0149883617319937
-0.0156271939261018
-0.00569536402172822
-0.00287517463460037
-0.00393299219051138
0.0092722111184829
-0.00520898607004761
-0.011198564961031
-0.00952670649934709
-0.0120064727796601
-0.00899839114984136
-0.0049157008846024
-0.00200521335755527
-0.00195987473183853
-0.0121067869159883
-0.0169061294814703
-0.0176045573169245
-0.0223106645782488
-0.0210137533035659
-0.0197216864964294
-0.0236015393173918
-0.0204492353135171
-0.00826180273427794
-0.00809900696572184
-0.00307218198944766
-0.0106063497336841
-0.0058914597394989
-0.00630386709594141
-0.015834865648163
-0.0128618531291573
-0.00931697712310008
-0.0174222345961794
-0.0149015499282209
-0.00962972378234657
-0.0129695332477167
-0.013700243711876
-0.0263647375104828
-0.0119019433088708
-0.00198314386695114
-0.00303593500647471
-0.0108062250532001
-0.0165777673095134
-0.0257498948275172
-0.0297956282915714
-0.0207163442469396
-0.000592183141035625
0.00931568318131917
0.0103387000237511
0.00973094460940096
0.00518892014658555
0.00344681137452816
0.0023364526266797
0.00115377302664309
0.00103812574165182
0.00142129638503481
0.00242696497777731
0.00378955087451106
0.00443954141536473
0.00488667183721777
0.00468404591473281
0.00306486342165975
0.00426314717367688
0.00495908999330013
0.000661114316921707
-0.00273239953472105
-9.70040616462792e-05
0.00126453717833997
0.000559127716558588
0.00174752767588714
0.00690281583227225
0.00293000894940397
0.000639178757610048
0.00172663436646794
0.00441173030069731
0.00129592736258962
-0.00488524843935107
-0.00353991909125549
-0.00452849341699672
0.000944940347967203
0.0048698700325325
0.00990112441746907
-0.00150370761594999
-0.00202425866600031
0.000162586457292561
-0.00014102757162518
-0.000235793663241248
-0.00162918806705591
-0.00201466859823956
-0.000980256182587857
0.00019090269642714
0.000353515377789989
0.00130210605012304
0.00128081066657346
-0.001494781044473
-0.00312692922907968
-0.00129249655842998
-0.00130929404049805
0.00131391672589014
0.00539815240655786
0.0065131468028094
-0.00503534317226698
-0.00648536728356986
-0.00836600617213559
-0.00880344767054972
-0.00627571038818481
-0.0025153659852482
-0.00312129220678229
-0.00568502781407785
-0.00122893202713545
-0.00106606283562213
-0.00136093378576703
-0.00136093378576703
-0.00136093378576708
-0.00136093378576706
-0.00136093378576707
-0.00136093378576707
-0.00136093378576703
-0.001360933785767
-0.00324437705636861
-0.0033098970159424
-0.000637350142687905
0.00762705880833723
0.00137662385010435
-0.00656095094631745
-0.00184166884707216
-0.00344810009319126
-0.00866923729641688
-0.00771249226099178
-0.00394753196300311
0.00342528405829281
0.00289833381356511
0.0043043998966561
0.00713454553202134
0.00454121421808477
-8.28916384949391e-05
-0.000783545590214351
-0.0042101169918821
-0.00847057890781803
-0.00334190907400272
0.00459282990663818
0.00583938312135066
0.00822500628932015
0.0123255056718504
0.00731137595005414
-0.0016917033747461
-0.00379193755216045
-0.00365648020998485
-0.006260363805919
-0.00442691832171489
0.000470748057025005
0.00133146464778305
0.00631575953902851
0.013961207809245
0.0176840680040236
0.0212204166086331
0.0228194624276321
0.0175688731766657
0.0111262450179264
0.00351814517800939
0.00224177544633084
0.00183268271233986
0.00360613296304542
0.00397454933897097
0.00820712175630645
0.011606806388753
0.0197132300819263
0.0304997074221023
0.0229495802161324
0.016696015802494
0.0192435959076332
0.0046915749858864
-0.00990784961799985
-0.00494171044412491
0.0056000738056382
0.00688828218612332
0.0153828295086091
0.0262656738742865
0.01944240693321
0.00739529465691727
0.00637640532006318
0.00293950062235196
-0.00642987470687282
-0.00806925655335998
0.00403363933441323
0.000992482105019945
0.00879352941565774
0.00848596421874917
9.77575754251502e-05
0.000973367233161327
0.00319659827478535
-0.00211930020795976
-0.00512673018367525
0.00588533872654326
0.00576647562831364
0.00189162750887604
0.00435017250118638
0.00895347454979308
0.00841409334961988
0.00475592879564511
0.00383176014837067
0.00199914814325573
0.00224543083929759
-0.00353455408615756
-0.0145147762678464
-0.0117684603172657
-0.0112191627565324
-0.00977744485779767
-0.00176836134796706
0.00301500596671847
-0.000717223365828359
-0.00321813562282686
-0.00441938656744846
-0.0133762277570211
-0.0211605366750156
-0.0163303767814861
-0.0093308909590893
0.00577129070185031
0.0165792827742787
0.0162506439453719
0.0171278860250132
0.0107900699734707
0.00255932951504403
0.00290757907187973
-6.71158138024477e-05
-0.000431545656552523
-0.000890622236768851
0.0016614320859913
0.00178891970384873
-0.00245236053097237
-0.00128822999020762
0.000808144632938735
-0.000301552596325562
-0.00139155537932636
0.00300832245305866
0.00647756185415382
0.00524504270594731
0.00465119708908167
0.00491886564124585
0.00127553336853645
-0.00197028086353435
-0.000524413801770105
5.63404301211594e-05
-0.000938653174320469
0.00282513121309367
0.00723173300719269
0.00637193927151648
0.00509974298105336
0.00556544524656059
0.00205972791618973
-0.00353799196008444
-0.00395605330032656
-0.0018540793611105
-0.00102249901734235
-0.000392302813626995
0.000948313593205646
0.00208022012638866
0.0037885208564052
0.00376827252646012
0.00308601583929931
0.00258253073754218
0.0025154644612064
0.0018199119264418
0.00227866954397548
0.00418645292133596
0.0041304960519891
0.00277289448157432
0.00447077707659869
-0.00489077630993154
-0.00197083522016462
0.00452080485569467
0.00281828920233452
-0.000336848304155478
-0.00220081882573841
-0.000479784569684119
-0.00132805485807426
-0.00206513040848417
0.000754037582986063
0.0034930128984483
0.00283568768293492
0.00111991513110413
0.000662291903743561
0.000343245774458101
4.01235315827175e-05
0.000185642330191616
-0.000743894271348947
-0.00173885917314337
4.97139161813131e-05
0.00313650978859067
0.00403660571426622
0.00435398900562754
0.00546496121189433
0.0049190101501923
0.000253276946112559
-0.000401068290833913
0.000157471288678676
-0.000546592065438942
-0.000953596598677844
0.000508983945502805
0.000689509414364414
-0.0016679931135532
-0.00370498474608589
-0.00383159693332406
-0.0014320241028979
-0.000636466180676389
-0.00278349734574282
-0.00491448688309998
-0.00512292460160384
-0.00388570603932179
-0.0065573172963107
-0.00755482433312135
-0.00454886758207844
-0.00316974042125081
-0.00329024384791102
0.000178256916672022
0.0015792682826754
0.000621157393478979
0.00185077982717697
0.00248691780026107
0.000757219705890827
-0.000376673252436318
0.000156246516631103
-0.000118622629884301
-0.00120470670846053
-0.000624160468378958
0.000572031342313323
0.000159700740074778
0.00054279081932076
0.00109282241697313
0.00144666704299961
0.000347941451680579
5.11972751744065e-06
0.000905719227987431
-5.60115783526595e-06
-0.000951104738333303
-0.00149318310186388
-0.000839377033426012
-0.00385537012504642
-0.00477642633845101
0.000390149709019384
-0.000671418310793389
-0.000588850961457008
-0.00246903414805293
0.000742980001724676
-0.00147356481754401
-0.00142743678445427
-0.00245301332554903
-0.0048902463415887
-0.00778412022488234
-0.00391724930985242
-0.000456333228555048
-0.00107098303365998
-0.00448479211138731
-0.00695917042116746
-0.00911554620916435
-0.00720919708604633
-0.00201673047615723
-0.00200012850322915
-0.00267803107446305
-0.000972766242488926
-0.00319101195966277
-0.00514308207210524
-0.0062573613137165
-0.00489405255813898
-0.00616061631850807
-0.0044427810396302
-0.0018270193078418
-0.00343540025860727
-0.0047771488503271
-0.000894683086645081
-0.000774821469606405
-0.0015387107278816
-0.00100031169442856
-0.000743033690697502
-0.00098198336616404
-0.000232738259718426
0.00105732488875161
0.000928173003481291
-0.000294150135953219
-0.00102032134418924
-0.000377948420469653
-0.000643683595070875
-0.00121866028411804
0.000589772422941954
0.00304428442059938
0.00497367141916604
0.00523574730608801
0.0052798100597335
0.00781653727623088
0.00456105215926258
0.000854917662510506
0.00171978622327331
0.00209963122464484
0.00076907502253468
0.0020223688801826
0.00312663423509694
0.00106303877688992
0.00147016135847863
0.00230950516312722
0.00369764220253826
0.00324300826888554
-0.00122378939349451
0.00160149971989763
0.00242495240117552
0.00288704479761391
0.00379146208978709
0.00582264441054247
0.0045177865550368
0.00406059674380479
0.00262429119825317
0.0037495570826503
0.00132279208992405
0.000855578480837267
0.000256091623302089
-0.000186724352843694
-0.000994178483529418
-0.00378983461587242
-0.00397907471468453
-0.00432617705500113
-0.00557041912336881
-0.00424966995360827
-0.0012006399210685
0.000102266559387476
-0.000147844229084518
0.000478280115440173
0.00023693351489011
-0.000903834610291736
-0.000866403275488116
0.000592652910201042
-0.000816104303095291
-0.00214936143149715
-0.00248611294788342
-0.00162158487206444
-0.000403972355391215
-0.00326546954573088
-0.00304245486643936
-0.00164855453831283
-0.00112142520229208
-0.000943787157431772
-0.000306294718449304
0.000379161984131425
0.000108151129084623
-0.00112746589133015
-0.00129840668465486
0.000639508422531396
9.75475180178742e-05
0.000279935735710263
-0.00126526246544042
-0.00203555238419462
-0.000300562038220738
0.000626451624068302
0.00247940718036053
0.00365723835500073
0.00294939889862651
0.00118849484342318
-9.46516122493444e-05
0.000133547961900321
-0.000322757373522816
-0.000530352826846296
-0.00365152386419594
-0.00683033146321325
-0.0104776926694124
-0.010914735505576
-0.00501895445469148
0.0011426296649767
0.00326078824435466
0.00120356026114379
0.00028860137980839
0.00117067627517336
0.00205690109557587
0.00177356580584455
9.0960567927568e-06
-0.000468827592233217
-0.000903914824840229
-0.00204469203683042
-0.00165662622740152
-7.14438570675758e-05
0.000630316920632803
0.000733657042743469
0.00153394902462283
0.00162374340865083
0.000164328128006195
-0.00053361567272644
-0.000268378974374093
-0.00225535721402346
-0.00130078477654918
-0.000220143565876168
0.000379811146464418
0.000317071947477488
0.00241034304884141
0.00253177038419507
-0.00138397355634919
-0.00553873782753076
-0.00633491969276537
-0.00694768680711873
-0.00692110972486591
-0.00534941085634662
-0.00406422134441752
-0.000922020791847869
4.61647219504978e-05
0.00155682201586445
0.00170163950125868
0.00177603498651292
-4.65370230256839e-06
-0.00198655256701888
-0.00134495266795435
-4.95459715251379e-05
0.000205503750807709
0.000990457822625783
0.00127186387948889
0.00128723570653766
0.000835918621650878
0.000708117192771082
0.000639646334142211
0.000105729999216104
0.000220404844363708
0.00120968784836574
0.00152379341076781
0.00116860749954773
0.00145198138710023
0.00160680514484966
0.000487985739627086
-0.00035140894692718
0.000520671802729063
0.000421138410096158
-0.00118163093039111
-0.000632128634273639
0.00168195769885233
0.00184595124447226
0.000489541840154191
0.000135837910165237
0.000343555893020606
0.00106324504059436
-0.0013468011341497
-0.0001964391685768
0.00077093306160354
0.000264865222524839
-0.000169331636172
-0.000400219758863231
-0.000466486940398216
-0.000617691899625634
-0.000301257990089649
-0.00138009110736442
-0.000973511248450672
-0.00115694723118396
-0.00134354192620803
-0.00132126256738266
-0.00116922431929863
-0.000823375322203166
-0.000100336231000316
-0.000336476105342583
-0.000419825309384378
-0.000685786209578602
-0.00153094096501364
-0.00207758934060149
-0.00219128774171159
-0.00270703420496223
-0.00161586649407275
-0.000101653397880629
0.000217961527681941
0.000129118760997601
0.000162743219434951
-0.000469420990632959
-0.00186682756846729
-0.00212513823938134
-0.00152402799126209
-0.00140590670781833
-0.00111767587511649
-0.000121924023445292
0.000423042623365088
8.63976585495835e-05
0.000431219553874547
0.000480302398908228
-0.00102173010439329
-0.00199027643840121
-0.000941888793166929
-0.000623332685096523
-0.000139704587777987
0.000132487788152982
0.00087970956664807
0.00129495607288489
0.00449365517746074
0.00145928474132802
0.00013309638205319
-0.000297578113942671
0.000605730163896547
3.40187077885114e-05
7.97700589771386e-05
1.61212731969343e-05
-0.000640894337823869
-0.00155522472946418
-0.00312413674678634
-0.00428635592719006
-0.00373930077125215
-0.00328628324983609
-0.00345684432924024
-0.00144471371677286
0.000563475699971148
0.000385216817203389
0.000122419427031071
0.000171683102226505
-0.00130937082043777
-0.00329994504129167
-0.00356117489842306
-0.00421869555247117
-0.00419652710382177
-0.00283988912926892
-0.00173997843792275
-0.00191640246749733
-0.00133909490818469
-0.000411732542640148
-0.000493153599649483
-0.000644827368344311
-0.000781982517733197
-0.000578730593406828
-0.000792987298798165
-0.00104233777585501
-0.00126255448026899
-0.00182332626343904
-0.00142166829418282
-0.000825953986944111
-0.000785411387333254
-0.0010782615340995
-0.00136604226592638
-0.00121220493775661
-0.00048089086871107
-6.42142111628197e-05
-3.69081709267897e-05
-8.91156747773697e-05
-0.000411251659661232
-0.000784769478625968
-0.000860849720920973
-0.00107466063594757
-0.00150178477619288
-0.00207146891160415
-0.00180843687210406
-0.00232553586099643
-0.00212660836656692
-0.00139309209106201
-0.000838617215887276
-0.000557249386437356
-0.000341242690908639
-0.000258553581963729
-0.000631590350043175
-0.00141318050636902
-0.00217024171237396
-0.0033560572927942
-0.00334486797311624
-0.00334486797311624
-0.00334486797311623
-0.00334486797311624
-0.00334486797311623
-0.00334486797311623
-0.00334486797311624
-0.00334486797311624
-0.00334486797311624
-0.00334486797311624
-0.00334486797311623
-0.00334486797311623
-0.00334486797311623
-0.00334486797311622
-0.00334486797311621
-0.00334486797311621
-0.00334486797311621
-0.0033448679731162
