-0.994667638326933
-0.994667638326932
-0.994667638326932
-0.994667638326931
-0.994667638326931
-0.99466763832693
-0.99466763832693
-0.99466763832693
-0.99466763832693
-0.99466763832693
-0.99466763832693
-0.994667638326929
-0.994667638326929
-0.994667638326929
-0.990363221656287
-0.991595799902812
-0.986514982599881
-0.98686839800227
-0.913784749029997
-0.812447897740289
-0.768426316550538
-0.698460200695192
-0.623424718775279
-0.620721349578735
-0.619224290107886
-0.599447749868347
-0.602286650423965
-0.607827074633113
-0.588247885970033
-0.563324857068675
-0.534193574984397
-0.5141017091553
-0.49577374613977
-0.493306067118488
-0.525081715859869
-0.540247499131108
-0.528063542082399
-0.52506649402913
-0.530095589357586
-0.498931260683572
-0.476605467531165
-0.430503116437122
-0.320704939665447
-0.255373621292126
-0.284888052088196
-0.278281332017931
-0.284188292290903
-0.387373465117231
-0.447887396129162
-0.398272372843609
-0.388823238995378
-0.391466899097513
-0.305711318122381
-0.211686901114649
-0.1836770621187
-0.139979563251751
-0.0739785656009391
-0.162698132868944
-0.262096307145944
-0.325004052486363
-0.344455876480968
-0.384299791196216
-0.345701007725409
-0.294344400156621
-0.282237966797257
-0.26204131885025
-0.222551768293227
-0.205961391120748
-0.200612712311937
-0.189495067772367
-0.181558132962223
-0.188378970300476
-0.170156497482595
-0.155431638383215
-0.11240723980271
-0.0872735453419645
-0.0733939126485801
-0.0370760465321901
-0.0037724001186294
-0.00632774088433782
-0.0589872332953103
-0.0736462667036716
-0.0810254602403295
-0.104885102931819
-0.0856418095818281
-0.0508731597865939
-0.0427548641432735
-0.0282740887191048
-0.00297996626375091
-0.000952476161079664
-0.0233481131396085
-0.0193728665985876
-0.0412845938481048
-0.0798012816241563
-0.0900541001793857
-0.0635502606451276
-0.0553385307889114
-0.0499401813221896
-0.0259799964551779
-0.0201585691918628
-0.0359189474332938
-0.033046030762995
-0.0460578511652709
-0.105637112390986
-0.136138345897866
-0.104018949663756
-0.105774481906404
-0.0972705639355145
-0.0626897333013009
-0.0444783979041906
-0.0525649173752162
-0.0641797503186968
-0.0567607574592258
-0.0604224705534255
-0.107750905295539
-0.111414413573727
-0.130304978277433
-0.0989862068542963
-0.14018965755533
-0.156035261722918
-0.139874032002823
-0.107310213381188
-0.0898174465210832
-0.0866037271982868
-0.0796051132042004
-0.0794705198504175
-0.099848729716687
-0.103404671015609
-0.0926401622199082
-0.103441905302477
-0.104851042986766
-0.0811927892162016
-0.068017012076804
-0.063149934189294
-0.0428281085551471
-0.0388052471158276
-0.0635191570451677
-0.0798963167641463
-0.0850051904202403
-0.102433691642354
-0.111499553687962
-0.108730370248949
-0.053283597390965
-0.0514036078088528
-0.0521140778434272
-0.0486489935109604
-0.0489581802137822
-0.0608995404323924
-0.0569562602948637
-0.0487551835459937
-0.0418645675953005
-0.0198616918752829
-0.00955528573777255
-0.0129756720925322
-0.0216753812397795
-0.0298024797329709
-0.0237894575804306
-0.0223572540550711
-0.0427492454676826
-0.0557829269315699
-0.0527930856899647
-0.0357964145231081
-0.0279090263855504
-0.0271782960656741
-0.0268372065104669
-0.0396138305431281
-0.0425228619083867
-0.0340831337374642
-0.0306307503518164
-0.0190198039380407
-0.00989127787974537
-0.0132750483284694
-0.0292908286639184
-0.0525719991142965
-0.0661609632678697
-0.08234568721995
-0.0904736517757723
-0.0600411519605851
-0.0370686587518349
-0.017885016526887
-0.0339982988999261
-0.040172160345733
-0.0459520426724383
-0.0324907872959072
-0.0302826536167378
-0.0355652309993682
-0.0407293579131261
-0.0395607020726322
-0.0543583446845915
-0.0723232783096107
-0.0731129230890674
-0.0879623756664229
-0.0508323437219644
-0.0253626967597429
-0.0144254759854742
-0.00679584040071152
-0.0169249005222224
-0.0227188906651362
-0.0359645753579086
-0.0297377076562703
-0.0226358813804023
-0.0135541265101401
-0.00603162547274152
-0.00288225375114321
-0.0119713051880469
-0.0153208346781679
-0.0126175678821442
-0.0419540680931404
-0.0536639572950551
-0.0482448676080657
-0.0503759414903343
-0.0473802916069081
-0.025880909625736
-0.0159175059489372
-0.0236128448165441
-0.0264166326535694
-0.0194571961173547
-0.0282322289630124
-0.0321827158005736
-0.0197184983881448
-0.00954531699615294
-0.00833137558473955
-0.00949073140841279
-0.00649722592580357
0.00559821502865305
-0.0115122314444628
-0.0189256935625482
-0.023953400307799
-0.0164091587177776
-0.0171388990420351
-0.00841420868988843
-0.00637727283715686
0.0013917255480266
-0.000173158469204414
0.00394845208534646
0.0037370817787843
-0.00462162051128895
-0.00776939429864276
-0.00452797304086208
-0.00347309605877672
-0.00307583033231304
0.00221916335802562
0.00821229934852511
0.000189539209208988
-0.0105386374293845
-0.0164403507964338
-0.0246058848589144
-0.0259730098768793
-0.0124744965115969
0.00794387398068935
-0.00590946418309439
-0.00422481622976316
0.00904049577653785
-0.0131708625057741
-0.0295055657082638
-0.00680807916048107
0.0258435456753592
0.0225362271405548
0.0160010981537332
0.018797828742404
0.0211992929232883
0.00156436959161296
-0.0138491547417764
-0.00667517355314962
0.00868547572583972
0.00394969772057657
-0.00678145685287059
-0.0067072064009834
0.011964179171939
0.0261044292583572
0.0244896922245565
0.0236548666132144
0.0249408019708984
0.0141104687287183
-0.0113794010999236
-0.00811377916046577
-0.00437872872273698
-0.0065410902316352
-0.00240672145961612
0.00736343096054663
0.00648887523708154
0.00471242792093693
0.00315197474527449
-0.000386755416437187
-0.00468161261667429
-0.00436334481084757
0.00353832897044235
0.00519590867072433
0.00638937878217341
0.00853245337155826
0.00570096112496692
0.0078139786919998
0.0133291298410232
0.00362967696223963
0.0134017069009528
0.0112795156451281
0.00819265380577706
0.00819265380577699
0.00819265380577709
0.00819265380577687
0.0081926538057771
0.00819265380577795
0.00819265380577768
0.00819265380577783
0.0102135368572783
0.00125661180280677
0.00188356446323523
-6.94584381777334e-05
0.00141991790962012
0.00495256743628906
0.000410218062078985
0.00684963616262994
0.0164577582988863
0.0172463104838521
0.0181407943714669
0.0209708161932345
0.0121102547440823
-0.000864445509856038
0.000143433708456616
0.00603277896203096
-0.00514896817034895
-0.00023152734170989
0.0110227336047982
0.0119569503811508
0.018578387382184
0.0164467020612731
0.00429780866247664
-0.0030651686989773
-0.00404686847040203
-0.00510123212878699
-0.00538119708437713
-0.000894722422568395
0.00244021134687351
0.00297064718027048
0.00528906574237669
0.0049517852951929
-0.00379162875661823
-0.0107044850040496
-0.0105116621720874
-0.0158304155311331
-0.018521483467617
-0.00895455110665927
-0.00173656277315128
-0.00359594972329506
0.00404456918193687
0.0052565612760504
-0.00164641800721829
-0.00509296408109762
0.000673191326806188
0.00410207538351089
0.00555457922405941
0.009720254417843
0.0118589336235614
0.00964359683665561
0.00821778332960277
0.0102749168053515
0.00788568591666594
0.00143236021032377
-0.0029669652648646
0.000960399821344558
-2.41416657829176e-05
-0.00106694574420428
0.00110457366791771
0.00996362752149322
-0.000870752830715367
-0.00204225877041353
0.00212660475455785
-0.0058105373635291
-0.0165308384469076
-0.0181063677530384
-0.0225727343011258
-0.0220981260873805
-0.00765247640728816
-0.000402908996444621
-3.65708999829318e-05
-0.0026172856251099
-0.00854196519680133
-0.0170294331444784
-0.0231245333971116
-0.00918562009403993
-0.0125429137138856
-0.00721871656937145
-0.00163190342262184
0.00296874751620633
0.00197021127561798
0.000590405913900104
0.00292258393110124
-0.00215733255802401
-0.00801528098973337
-0.00630523298052189
-0.00441951841323432
-0.00454109556262943
0.000544200262046724
0.00570049143746009
0.00334342046803917
-0.00579728021508892
-0.00465830227499024
-0.0123477346032758
-0.0252843097371567
-0.025507437693086
-0.0220749465602893
-0.0225437664361856
-0.00925153221339183
-0.00649147504495333
-0.00359042821034193
0.000353985300686475
0.00314438562492787
-0.00175357647487472
0.00375604014209665
0.0064950812222512
0.00707674181514558
0.00110049230736364
0.00811265628851273
0.00908560095012951
-0.00341282063090307
-0.0075534757173024
-0.0084631998572375
-0.0134315524587462
-0.00313581525650495
-0.00290419245694517
-0.0150647700086551
-0.0251567565115345
-0.0221546381659145
-0.0259976862183939
-0.0295794914797725
-0.0184437145435137
-0.0146726521283104
-0.0255483505177269
-0.0196289039688789
-0.00748598674280442
-0.0147977567987257
-0.031369428506578
-0.0278969939310832
-0.0294060531893954
-0.0472947719329263
-0.0409235546698561
-0.0171087538787772
0.000280341388344738
-0.0119715999637751
0.000700050096244909
-0.0101621826240528
-0.0404570070576549
-0.0470543153084296
-0.0482538517274747
-0.0388247067129143
-0.0178695858280177
-0.0140207909338512
-0.00874335998488589
-0.00979151047266377
0.00448295746097549
-0.00322339920690444
-0.000469421669489172
0.000513817502976936
-0.00434249659517529
-0.00864882861657736
-0.00830426780134613
-0.00334798315732544
0.000372093311782075
0.00323746959323714
-9.98653314232641e-05
-0.00716400368428871
-0.00770474346720469
-0.00845705034801883
-0.00971409087311029
-0.00824662464775706
-0.00355563427796829
-0.00285443303248593
-0.0061855120696798
-0.00199866797106674
0.00484736293296363
0.000925241494306748
0.00373070106243724
0.000276970140826274
-0.00257375132564408
-0.00073839285966272
0.00269718753047279
0.0139300539099762
0.0119168212782027
0.00775622775461011
-0.00136545520575184
-0.00290960734390269
-0.0121273523197651
-0.0121319037484972
-0.00484401464617692
-0.00341951181660836
-0.00237804655244662
0.00671922989114228
0.0087806511597235
0.00445453443725482
0.00540284834868048
0.000677999638788468
-0.0119067113727777
-0.014809314407365
-0.0114269851010863
-0.0141371889340429
-0.0148211645126699
-0.0030509371757027
0.0055702169710285
0.00479632632736582
0.00674894499866319
0.00513751480496124
-0.0255967112804564
-0.0424430894754273
-0.0192941960857422
-0.00390499788360464
-0.00587889048518581
0.00339908659004038
0.0121963831339742
0.00118289011880992
-0.016597244707767
-0.0167223562737418
-0.018510487381739
-0.0259306062498046
-0.0311989884543083
-0.0195032036765122
-0.00389704597211195
-0.00172944412201129
0.00112631521904602
0.00372080463219077
-0.00169904126230441
-0.00348984678821393
0.00391907096168512
0.00472251681546778
0.00584895661335262
-0.0094570381046227
-0.0172731056697533
-0.00743047986056563
-0.00224107883906814
-0.000748815963932859
-0.00157125181926685
-0.00573256767836182
-0.0209370333523954
-0.0275781340602763
-0.021290862998817
-0.0186581800049171
-0.0160338746845804
-0.00250234091619328
0.00517876947829117
0.00344999162059521
0.00312403057454051
0.00312840648065718
-0.00198413378517798
-0.0113779105719038
-0.0142248436163745
-0.0153610064607932
-0.0161364438500109
-0.0145153337666725
-0.0022879935163764
0.00904061906228874
0.00157521568368119
-0.00637400226998776
-0.0103587035079435
-0.0121625150432724
-0.0109099220296931
-0.00204062836346624
0.00476925213460498
0.00289267640635729
0.00852222750142954
0.00722696827654799
0.00173707000772657
-0.0119374483319764
-0.00491070689852849
0.0035975819743019
0.00923581667953531
0.00857073438257316
0.00857073438257284
0.00857073438257268
0.00857073438257261
0.00857073438257256
0.00857073438257219
0.00857073438257204
0.00857073438257204
0.00857073438257184
0.00857073438257181
0.00857073438257175
0.00857073438257154
0.00857073438257137
0.0085707343825714
0.00857073438257133
0.0040796468681993
-0.00466144593756742
-0.00375802263073242
0.000712596515813096
0.00130545386591296
0.00561364591748281
0.00887580355306985
0.0106824022341088
0.0102285806020838
0.0118507070228534
0.00865305833585609
0.00594770723711934
0.00365467443747746
0.000153400462421901
-0.00316771442492383
-0.00213561680127582
-0.000616760451384726
0.000427159765212212
0.00682196744137431
0.0115037999262225
0.00831536892405792
0.0050370425624376
0.00517444737094494
-0.000304210662916479
-0.00716082387230571
-0.00331040536387706
0.00245034967011421
0.0041563603021416
0.00936756783563003
0.0150819716343792
0.013001987992628
0.00698311306116018
0.00499457523850181
-0.00223325794120315
-0.0127038631950175
-0.00833330398447724
-0.00188464804060309
0.000456683003269473
0.0013188884968571
-0.000453234910216398
-0.000993079553954987
4.59597600038358e-05
-0.00251754195244384
-0.00282598133777814
-0.0056425783724426
-0.00829098841987027
-0.0091609652851399
-0.0143229803638108
-0.0115970786379096
-0.0115804611898805
-0.00609562438526872
0.00420730971173103
0.00554969066354376
0.00511127857528417
0.00632999225170666
0.00204490177486827
-0.00339323457972465
-0.0125601274730867
-0.00703541428832079
-0.0116530760373934
-0.0143502383901433
-0.00999715528190769
-0.00491914510377877
-0.00349729483762574
0.00459156466911898
0.0074693343861429
8.92646510278882e-05
-0.006055057657746
-0.00586576838808534
-0.00986199557330317
-0.0111176269917747
-0.00182957556717355
-0.000214819858033305
0.00192686270822934
-0.00391886804929166
-0.0118395225489032
-0.0106640132769574
-0.0139560864111553
-0.0146861871709794
-0.0111775912833055
-0.008570000733217
-0.00432337236604391
-0.00682829641810199
-0.000384757579634363
-0.000600152879167892
0.00121146350737598
8.35253454179894e-06
-0.00324163469265636
-0.00338448112994176
0.000354659790818665
0.00161939478074878
-0.00184689170971558
-0.00313363062797401
-0.00957000139705434
-0.0146070205629225
-0.00629055432117254
0.00392158949860369
0.00308121342279968
0.00342465988686514
0.00803667798298867
-0.00144434698523392
-0.000435909571564697
-0.00224594554445309
-0.000133165496129678
0.0025221777383405
0.00717070218099853
0.00745667516025697
0.0098718135947686
0.0120101117109218
0.0118058386568677
0.00060847852045235
-0.0103060639319336
-0.0106482493360146
-0.00325146497605361
-0.000487748428470006
0.00160860623653411
0.00769420939078558
0.00802029436153878
-0.000618735896550865
-0.00538698331592725
-0.00474846292641939
-0.00857276890379787
-0.0106742854594816
-0.00303618249419746
0.00388194851444753
0.00338689818512901
0.00521661919508245
0.00759240706357836
0.000470203555987547
-0.00625530023432855
-0.00600479046012158
-0.00840704837695122
-0.0127235143420468
-0.00887094000984924
-0.00267008997615374
-0.00625330625218145
-0.00824941693010169
-0.000724531813159033
0.00309487758988464
0.0105405014468152
0.00217989273688009
-0.00278084516228638
-0.00904071966942794
-0.0132075981406122
-0.0264964765231384
-0.0143503389594003
-0.00751959974162163
-0.00597957816823351
-0.00273669561457701
0.00336874408163785
0.00416186429370267
-0.0015346703045514
-0.00222854772859394
-0.00804078585382208
-0.0165893745994767
-0.0204825635088862
-0.0191975042828423
-0.0166949251402878
-0.0113972590944542
-0.0100352572674303
-0.00909162053948651
-0.00856055995829325
-0.0110794550828926
-0.0140028227594416
-0.0138688963653328
-0.0151634179401039
-0.0123788117866403
-0.00713437496453757
-0.00603811606928436
-0.00950513895415379
-0.00612325343497166
-0.00174699368709977
-0.00789043378534334
-0.00988866155666382
-0.00951171390014443
-0.0105475135467121
-0.0247619372989065
-0.0136770815880308
-0.00409469197866411
-0.00318580700449655
-0.00525256291644345
-0.00489004054310115
-0.00661803735234713
-0.00781710538149627
-0.00607475171871048
-0.00458321401281927
-0.00397779175887445
-0.00232724939934897
-0.0029535674113754
-0.00103895752320657
0.00038264133167272
-0.00364448243857748
-0.00706821895902771
-0.0096421576187042
-0.00830577486609249
-0.0038211246183701
-0.00152494508070628
0.000826902148601304
0.00112320423176786
-0.00374694216854272
-0.00948457683293716
-0.0111094746900504
-0.0110209793921106
-0.0098150085651119
-0.00621222280225315
-0.00225576644531
2.4389943442977e-05
0.000260911112544134
-0.00157476881412343
-0.00427040847450354
-0.0202602564140678
-0.0192629087002841
-0.0213357735698155
-0.0225533917432578
-0.011061216840402
-0.0119743609139948
-0.00585109556574527
-0.00712285557651163
-0.00516799784447248
-0.00263900589939938
-0.00633126530813944
-0.00932414269347043
-0.00945335788886009
-0.00993007721577648
-0.0130862413527152
-0.0115096738226578
-0.00822182039649618
-0.0080262949698216
-0.00614426344162309
-0.00917284855766698
-0.0052250946349187
-0.0121525973410666
-0.0122643764766271
-0.0115794826751036
-0.0124728355072262
-0.0112439822149369
-0.0122949065555779
-0.00731188242798894
-0.00653567850510167
-0.00384747828813322
-0.00784095701779425
-0.0170335417953611
-0.0205134814515066
-0.03159725553619
-0.0203060507281581
-0.0177834542276644
-0.0106144286290686
-0.0137292428081766
-0.00288712369406092
-0.000923462539748642
-0.00335050949038394
-0.00631154237334642
-0.00768649777856334
-0.0108655233672677
-0.00991496195223449
-0.00236273624341742
-0.000740999824435471
0.000948593438877675
0.000399815334388927
-0.000826488926777128
-0.00137394971074659
-0.00224135088698355
-0.00285336495933682
-0.00185899181405706
-0.000267277806224418
7.03228553710521e-05
-6.00963206149634e-05
0.00017058838312401
-9.04814142658727e-05
-0.000723007553359265
-0.000565575432453001
0.000398679801417213
-0.000145469570616269
-0.000942882040312436
-0.00331486430658775
-0.00449163230068518
-0.0034907982664047
-0.000141393564576742
0.00208337514780242
-0.00181967707823361
-0.00534361567264102
-0.00629340197104207
-0.00565715491045771
-0.00377097153377738
-0.00116860447420379
5.32923947048488e-05
-0.000132695332173198
-0.000433483057060002
-0.00253343262600806
0.00041811849244457
-0.00120333227746916
-0.0008576820488423
-0.00163949667123668
-0.00298307130689455
-0.00367444505365458
-0.00238156001484861
-0.00118607457710899
0.000352717689853061
-0.000498617215848899
-0.000415095593669289
-0.00433289320643205
-0.00527606866873929
-0.00614824471423745
-0.00688427496233662
-0.00362398927472913
0.000358655701783892
0.000539382050095788
-0.000155295040519643
0.000100458526018349
-0.00387133760568983
-0.00891574205226037
-0.00951714079710123
-0.00767942082338107
-0.00869563445099476
-0.00657680709871848
0.000950548035772328
0.00330257908439862
0.000447099582183707
0.000880865521947364
-0.00160154356266447
-0.0107264870244481
-0.0135031210962706
-0.0107659755439307
-0.0122649326528544
-0.00978769506308384
0.00043835366950646
0.00166641325708333
-0.00163146588300238
-0.00445069933109664
-0.0099701007274794
-0.0100620217453907
-0.0102861788682248
-0.00619982662180298
-0.00505970117645412
-0.00275050047752861
0.00249703056452071
6.88175614199336e-05
-0.0023635980895147
-0.000649936244271418
-0.00326832708980857
-0.00511912307631348
-0.00518233928357408
-0.00468907413469019
-0.0066137166922436
-0.00666931361435281
-0.00548400259293863
-0.0026741581382705
-0.00256568598358399
-0.00479954783254086
-0.00754278500159589
-0.00994554237878898
-0.0126277689709745
-0.0125805641464534
-0.0114095118897951
-0.00917549495576427
-0.00605654476537161
-0.00361204430421214
-0.00252448312480494
-0.00339067705000367
-0.0055925429443525
-0.0073286326205357
-0.00878072954287852
-0.00932144945668834
-0.00808012416238382
-0.00677357619794467
-0.00596131360958336
-0.00368347456723936
-0.00104320384391012
-0.00125153510659662
-0.00193591935137447
-0.0012499863673718
-0.00233264123234529
-0.00232845490300883
-0.00343305443350227
-0.00546895771477378
-0.00754815770751829
-0.00537583219169494
-0.00114330616786131
-0.000111879536209503
-0.000672920620264633
-0.0011014279175644
-0.00146619861228538
-0.00127524379091612
-0.00137996335622051
-0.00273431779999229
-0.00426419980190914
-0.00415729721528708
-0.00305805415293318
-0.00314739819521679
-0.0043534390489175
-0.00565188648728402
-0.00732399808718735
-0.00783059663154942
-0.00498889003827728
-0.00229099671193612
-0.00116337674660974
-0.000188010157999383
-0.000213185397837285
-0.000800191766252711
-0.00251775056304197
-0.00471786051372346
-0.00517515943441693
-0.00475322726770704
-0.0042419922385498
-0.00272156076123172
-0.00112771959627688
-0.000495408468410625
-0.000423810351970621
-0.000299847404661419
-0.00137868772960557
-0.00343381165985189
-0.00458334600459298
-0.00541840576157108
-0.00617855508176923
-0.00687060165921758
-0.00605546641952304
-0.00526267167657576
-0.00314897477502285
-0.00177210450944693
-0.000621079967509722
-0.000929009360085508
-0.00195368192443773
-0.00230088514260601
-0.00402440191464889
-0.00493914928586687
-0.0036625526485834
-0.00173462020273588
-0.000973897308293974
-0.000448556342778209
8.90922857661092e-05
0.000314655967618594
-0.00161521844746271
-0.002732042591241
-0.00374686985912962
-0.00480933112021831
-0.0061173653643226
-0.00710261006353243
-0.00580054353144015
-0.00500273151165854
-0.00420027371111345
-0.0029505829752995
-0.0020260664307978
-0.00374223698489261
-0.00516592024725066
-0.00595781032073311
-0.00595781032073311
