-0.99291228985955
-0.992912289859549
-0.992912289859549
-0.992912289859548
-0.992912289859548
-0.98903660637526
-0.986504256339006
-0.941182947393944
-0.881947687379182
-0.884417962846586
-0.808426631931094
-0.681015979996173
-0.714389765205353
-0.764594073731987
-0.725626351750886
-0.777792481651439
-0.878076535322329
-0.846206544770192
-0.766933691196423
-0.761518832848032
-0.654671649603856
-0.4517724527002
-0.415735910795808
-0.470678015758633
-0.442876459009622
-0.490857863998157
-0.650444169184461
-0.662931060690836
-0.577213014098142
-0.51990133320904
-0.405366524943044
-0.247749419920133
-0.203703470904219
-0.245925500130568
-0.280606139908756
-0.340749139092749
-0.455133088791775
-0.501707225352264
-0.453880960700867
-0.398923202102405
-0.341955307322739
-0.210548805745734
-0.121397729364188
-0.118634653414699
-0.130674981880596
-0.177215652469022
-0.22062269822683
-0.297738310269588
-0.329444105640247
-0.323277258973443
-0.284730590519057
-0.20766509847145
-0.16360325475214
-0.106575025898582
-0.0699188289660032
-0.0648982857091942
-0.0546974691814089
-0.0685284448362136
-0.0856537122679571
-0.111859068477639
-0.0825751650119395
-0.0476268194418985
-0.0560949271847939
-0.0475706872779903
-0.0182770039622024
-0.0178701937890667
-0.0156818828506256
-0.0557239719598962
-0.0728194902589388
-0.0759862502912214
-0.101639851940843
-0.072883242385983
-0.0330427906034342
-0.0224534490162855
-0.0160843463306079
0.00150015642529396
-0.00295389239005703
-0.0299571061080839
-0.0618448457909037
-0.0847610170955321
-0.112375113955592
-0.106321491568998
-0.0843500799843972
-0.0748060361012444
-0.0601138712961829
-0.038891485055645
-0.0466520963855602
-0.0716374302127262
-0.0828450665463052
-0.0984067746599167
-0.131298898089985
-0.157001254971269
-0.107773343023031
-0.0838893055417537
-0.0655000014334306
-0.020119738447704
-0.0131496210637971
-0.0342222288787495
-0.0284053888292626
-0.0368209222225765
-0.0811325228175704
-0.0872885236130646
-0.0527159168693335
-0.0510105543099149
-0.0395276207608667
0.00329426210992445
0.0103915279860179
-0.017338586987026
-0.013624207766438
-0.0105029241462638
-0.0497133119123872
-0.0462942798491451
-0.0474629428769345
-0.0732837439739332
-0.0713591206290991
-0.0378037208774364
-0.059629627746686
-0.069645171903496
-0.0324103660098947
-0.0150472587834897
-0.0463061417799304
-0.0496586539061057
-0.0537133772247498
-0.0758120388414954
-0.0641564667040012
-0.0519644852193106
-0.0408714795000319
-0.0153718328180423
0.00700153016300232
0.000345276518580524
0.00801867055791143
0.00131226443783247
0.00439565712030194
0.00394326282424617
0.00474787835305487
0.00749814154543774
0.00635496100076588
0.00195679586542973
0.00909953830958058
0.0152851289681028
-0.000847563985141599
-0.00688265589181952
-0.0101921893652824
-0.0163844987101194
-0.0130355241017791
-0.000584389440285752
0.00290041321748092
0.00505250269559574
0.0142533540009978
0.0107911447594401
-0.00884099071809036
-0.0103132523529597
-0.00895006602177146
-0.0112101623323426
0.00269740295590959
0.0109630437198927
0.00994496501044471
-0.00453529386301294
-0.0146632076936551
-0.0246637353519643
-0.0385675959380105
-0.0301598644390943
-0.0181152117237392
-0.0124507292376028
0.000935033151398916
0.00744146141905189
-0.00836808519707217
-0.0148780343653761
-0.0133430634238011
-0.00702569121210842
-0.00778945941879829
-0.0208746199469823
-0.0207557354509295
-0.0168134664990849
-0.000463589618966483
-0.0127243456527957
-0.0127243456527962
-0.0127243456527967
-0.0127243456527975
-0.012724345652798
-0.0127243456527973
-0.0112275891646608
-0.0254826462405469
-0.0328610796975681
-0.0236919620065176
-0.0263674628645531
-0.0352213713749935
-0.0325157152491036
-0.0231738443510427
-0.0244930830656995
-0.0272925855953927
-0.019163155272694
-0.0103055101235643
-0.0079959959580465
-0.00587355694984918
-0.00286983777411284
-0.00654896146438566
-0.0182388352932931
-0.0247236580329894
-0.0217685162267839
-0.021187204957812
-0.0219129343903867
-0.0208305495992402
-0.0147703885443246
-0.0093686765296566
-0.00929657731881286
-0.0110349802000333
-0.0123541432213507
-0.0135201439601182
-0.0154011795195676
-0.0128295902293908
-0.00895291736991788
-0.00351833436677391
0.00460042781982907
0.00962721230414435
0.0165272067615788
0.0126316080587747
0.0130729251282423
0.0182272048045331
0.012876941539268
0.00468652192961882
-0.0119333956031763
-0.0187100960702959
-0.0178409888053052
-0.010763291136107
-0.0179265238066007
-0.0242859640215044
-0.0136408145538354
-0.0080428364545299
-0.011812633275598
-0.0169358342186211
-0.026651421260599
-0.0256172003013224
-0.00857738508266856
0.00217534203405472
0.0073142553935067
-0.00374029918620333
-0.015639490382635
-0.0210914892967858
-0.0303892802594571
-0.0281441197875593
-0.0169881251718749
-0.0170660401618458
-0.0127124256173387
-0.00258288192634456
0.000150143168617501
-0.00332700001104601
-0.00444938228676256
-0.0100752158489674
-0.0224007852815484
-0.0323370238808609
-0.0467116762836672
-0.0288579918565816
-0.0148497477537774
-0.0102593726474517
-0.00620333423218954
0.00193962183313264
-0.00505398726392965
-0.0218344053802969
-0.0255544105962265
-0.0280165362661042
-0.038468191887259
-0.0349259910494102
-0.0176430992124189
-0.00674150401484618
-0.00609604085680556
0.00793473902541848
0.00485497861548888
0.00166919038661903
-0.00447746100507077
-0.000787361377251015
-0.00242676906033974
-0.00711462050068982
0.00587632186884154
0.0225991516305399
0.0114085569977061
-0.000645562760051319
-0.0201072593227403
-0.042364376621416
-0.0366947962124691
-0.0178776040734986
-0.00590616606079102
-0.00140374498521091
0.00449126974404763
0.00825287195427194
-0.001013947679351
-0.00975068957908574
-0.0105771828747427
-0.0170986012885345
-0.0187750223777713
-0.00558673308636584
0.00154995074551937
0.000669061841636927
0.0124180855217281
0.00701771382751917
-0.00705998994554158
-0.0127507643854321
-0.0279380015604881
-0.0363739146085799
-0.0318117275074577
-0.0128581379396253
-0.00156818351771245
0.00451201826890546
0.00991058596802492
0.00148296252545278
-0.000355127341165639
0.001550432300783
-0.00130109723302247
-0.000227424763495887
0.0033855687868346
0.00838060801148934
0.00870742615736618
0.00810645071208655
0.0125398508385866
0.00836411082457823
-0.00129712498196945
-0.00185392314945674
-0.00797362847997284
-0.0119044253113595
-0.0128723590638414
0.00345582991689066
0.00942846264011125
-0.0126307445157541
-0.016696004676522
-0.010113861956088
-0.00276604479992779
0.00403273371408368
0.0093354055571341
0.0148995617697701
0.0149211563883415
0.00857954185063009
0.0101358582680129
0.00553862561788298
-0.000499308231470536
-0.00281709984992169
-0.00988806172296467
-0.0127430044349
-0.0080493391921426
-0.00327665301554758
-0.00545993630399804
-0.0263128055483475
-0.0470066235773323
-0.0297659699265815
0.00685233467451192
0.0168386958312198
0.0134288320797858
0.0162955949854766
0.0230674408399552
0.0211505561620612
0.0125836717810789
0.012316370695066
0.00685999748004142
-0.00710118171760545
-0.0136131377493767
0.00022154165658295
0.00307324197071894
0.00262563587918894
0.00922052309783364
0.00396265905416835
-0.0177493863088099
-0.0283253596740054
-0.0164110939062801
-0.00948095745328018
-0.00892229639847055
-0.00661203889776912
0.000253332047759172
-0.000830263380170562
-0.00411647088971474
-0.00286727461412234
-0.00424065693230493
-0.0084134117417991
-0.00770475453082272
-0.00621197200258771
-0.00993263417020653
-0.0160249976014817
-0.0101508960085653
-0.00209143923420701
-0.00446195575930818
-0.000283598848524702
-0.00210864092701816
0.00470079520775861
0.00749194363365726
0.00749194363365718
0.00577177738111215
0.00796398219672323
-0.00524201369914392
-0.0161654024299398
-0.00434844456400306
-0.0128257225932817
-0.00571919058113508
0.00551589416231261
-0.0021795219560827
0.00323634766222125
0.00957459652981684
0.0180957581893033
0.0179060373733105
0.0200622373496627
0.0354922866433927
0.0356301186459285
0.0175544282072967
0.0103579825946949
0.00882646894192125
-0.000459710712644644
0.00463342309222643
0.0266130767107785
0.0317498701824542
0.027278008102604
0.0312080631173084
0.0261082746831756
0.0127144599309788
0.0084866964107727
0.00538887525128563
-0.00682174632885306
-0.00779607658058523
0.00264738305922955
0.0031393359227576
0.00202283503163451
0.00502038556901099
-0.00361751936542412
-0.00256599809882023
0.00211127136741346
-0.00470732006145536
-0.00424751325089506
-0.0139984612741171
-0.0245816548887524
0.00351902685841791
0.0134792146248024
0.0174399954515735
-0.0191428273958239
-0.0256491942161829
-0.0401680340096651
-0.0480874736579314
-0.023794762697909
-0.0160138008228072
-0.00845931037005905
-0.00766805922131221
-0.0096965472129409
-0.011606421439625
-0.0118762490806141
-0.0118612049505892
-0.0118975585165684
-0.0107035666383041
-0.00886691153472604
-0.00793100654874867
-0.00756195841240455
-0.00725218205819549
-0.0116642377304098
-0.0102171812515225
-0.00675609565336949
-0.00853393209619719
-0.0132498974354996
-0.014076335128935
-0.0155688083241549
-0.018058923984085
-0.0237709993275513
-0.0202363748391615
-0.0120505141592167
-0.0149399520973803
-0.0131711044974968
-0.00496281073256507
0.00682332509389003
0.00601993799246391
-0.00352373434453935
0.00225687104499233
0.00174460575475881
-0.00211745071567999
-0.00467602915894532
-0.00324623065074638
-0.000835344512945732
-0.00419377640762322
-0.00384208804465523
0.00377526984038828
0.00170603490380495
-0.00216159372938839
-0.00409132870573373
-0.00788618557075169
-0.00753456340639855
-0.00224240810814031
-0.000258952157816532
-0.00273428776091012
-0.00211421556085362
-0.000170352787672525
-0.000813316415959008
0.000511513525091435
-0.00225519606789295
-0.00966996380265916
-0.0116165548042145
-0.00424500492038692
-0.00327777613735546
-0.00455650486733015
-0.0026877556597406
-0.0030246500325431
-0.00759069596174416
-0.0119551397162956
-0.0107865058302173
-0.0257651204488096
-0.0265901380665692
-0.0186593186527994
-0.0117510472714011
-0.00963608821982479
-0.0149969693468065
-0.0110130941358625
-0.00842735634102934
-0.00680073772514915
-0.00086043889650193
0.00348171224088858
-0.00855565476690428
-0.0140656846283114
-0.00645348970609537
-0.00713087410178164
-0.012367708703905
-0.00727543610147253
0.00579213620915707
0.00486501249809016
-0.00193919548528498
0.000785523494026336
-0.000790238639702568
-0.0103539423332854
-0.00976565876190661
-0.00477281702389641
-0.00817264201259207
-0.00190963916610385
0.00852269397922484
0.0076061056886943
0.00132730580263998
0.000874423736306017
0.00200353169724419
-0.00351349025076324
-0.00810912178375139
-0.00685546047661352
-0.00876731865448569
-0.00700440866632893
-0.00859839804450524
-0.00227070500304668
-0.00921075401353179
-0.00586285878609605
0.0138909413405757
-0.00260724158200534
-0.0164127979080059
-0.0151865131998217
-0.00924768698981842
-0.00550996564594851
-0.00241997262963832
-0.000464592474454655
0.00031109573179318
-0.00306255962069868
-0.0176737863975277
-0.0161797449580708
-0.0106634760886842
-0.0139190421415202
-0.0132989170455367
0.00786477540581125
0.00829272537363091
0.00766519189424618
-0.00151102986302219
-0.00145563753869575
-0.00589059611107278
-0.0082985128410064
0.000836582849575076
0.00282197311042456
-0.00364920828886019
0.000779137526534572
-0.00492416314216764
-0.00154298160268933
-0.00146440889596185
-0.00298674796262624
-0.00367614373562862
-0.00535324285060827
0.000710617250431873
-0.000318464847221682
-0.00109278000154027
0.00422538525968494
0.0151582447134679
0.024118809590739
0.0121305012183041
-0.0002915936457117
-1.18626966937952e-05
-0.00299847770121871
-0.00452145917043887
0.00191831329350519
0.00839492067840075
0.0170478566722476
0.0316784649340614
0.026993722108392
0.00869689124992859
0.00305604232624899
0.00217240483588195
-0.00516920571052054
-0.0145663591476421
-0.0137785872036641
-0.00979192709535352
-0.018327763776569
-0.00483406847320134
0.00715845568704943
0.0129504874115324
0.00782150874139509
0.00590330075980468
0.00204049332824352
-0.000901364194021288
-0.000207984421114549
-0.00371814588986429
-0.00366163588960871
-0.00597351528933336
-0.0112065854697209
-0.0105647054761227
-0.00184482266617271
-0.0039898220177796
-0.000827027956934558
0.0011025924869732
0.000853418545145403
-0.000919517378205737
0.00689758071027923
0.0100756090310196
0.0216440425179886
0.0213197082830253
0.0202773667920964
0.0226131082644829
0.0142198503496409
0.00598724135735634
0.00364927022975014
0.00983579294695594
0.00280808548116797
-0.0206524084932046
-0.0161461006541433
-0.00409889304685931
-0.00285557948259485
0.00200863344269289
0.0136252120668281
0.014702652031317
0.0113653959575908
0.00217543335101523
-0.00151189612772754
-0.00190791296233663
0.0126180429474914
0.0291205308076631
0.0335689778168516
0.0329989796768979
0.0289826590797994
0.0156660598139001
0.00876540723689779
0.0100220902037046
0.00420598171298454
-0.0119016034674273
-0.0114831870565017
-0.0125534803902652
-0.0120625583624835
-0.0177604600625131
-0.0143429069798525
-0.00326172735436203
0.0007036704620416
-0.0027269778604578
-0.00809960148540039
-0.0245024843355695
-0.0233020448708594
-0.0191590303835726
-0.02633214051066
-0.0255675420116244
-0.0171966106439435
-0.0150633382177639
-0.0219484969639471
-0.0159142633951013
-0.015016764553902
-0.0244239765245627
-0.0194753722064445
-0.0115000499835993
-0.00988679621808136
-0.00528963112043619
-0.0014374448211809
0.000155650424120811
-0.00246979161294427
-0.00829864395783105
-0.00169928491997216
0.00403407614034257
-0.000510141969214586
-0.00301985355357994
-0.00173387504655724
-0.00313663701425339
-0.00263718490140475
0.00410397694043536
0.00802946089515365
0.00448970991118743
0.00224893061261189
0.00218939464224818
-0.003233689252211
-0.00914770013905506
-0.00236669184182401
0.00521698669460817
-0.00255248636832292
-0.000213684962514199
0.00571862648562613
0.002362332710263
-0.000775310496734971
-0.00164179468647755
-0.00553741864396167
-0.00933737909424785
-0.0114948207678754
-0.00999568209292818
-0.0121817808972641
-0.00614842802305787
0.00170218263858324
0.00274835264393086
-0.000542634865833792
-0.00452099405444319
-0.00076576592515607
0.00048701152253568
0.00378581015241846
-0.00208113536148769
-0.00917529357120282
-0.00860764123603666
-0.0115201651507711
-0.0134480668770885
-0.00682701518954308
0.000535733392955325
0.000427655735525186
0.000906927834209411
0.00190851101984981
-0.00293507357364164
-0.00907912521261793
-0.0100356381265383
-0.0107138995568951
-0.0128907251832662
-0.00805776963424245
-0.000128759421401156
-0.000639846144534977
-0.00301785996026492
-0.00263908612945462
-0.00491221605544956
-0.0103002647327137
-0.0122342688782022
-0.0114779964012557
-0.0127327283449796
-0.00689011922555302
-0.00354396711821649
-0.00354238477345197
-0.0110448045620808
-0.0134271658805946
-0.00763651069084193
0.0019021289187486
-0.00278743858023349
-0.0219459727943752
-0.0153259806509556
-0.00581898473586132
-0.0101033000491714
-0.0131226773018021
-0.00841894314175
-0.00529811296617641
-0.00536094813296424
-0.0139268475855762
-0.00622096552011111
-0.00457136015797702
-0.00584581913606521
-0.0091374751937707
-0.011317931425475
-0.0112653432139323
-0.0102631441801814
-0.00879705108313553
-0.0097235109939377
-0.00310208405120484
-0.0016694578139699
0.00355909129819178
0.0112808917325025
0.0175740786623824
0.0161357006871383
0.00808271804883944
0.00397909600133158
0.00294715411844425
0.001133666073008
-0.00211341740954272
-0.00361301639107241
-0.0018378234480675
-0.00289785020918166
0.000150269875514743
0.0018925360126253
0.00983420169181039
0.00258561067056496
-0.00587370170822478
-0.00687877374754757
-0.0152083632807982
-0.0255989826718518
-0.0193142836714181
-0.00531298117970171
0.0017781329943205
0.00572609269030507
0.00974754069627506
0.00718374954640452
-0.0024924561234966
-0.00262446861801084
-0.00171676755751285
-0.00793022267232939
-0.00760214051914715
4.41398133929133e-05
0.000762978675980432
0.00421702737603383
0.00403274638138377
-0.00103549591329789
-0.000508953686795344
0.00103529553475623
-0.0010877738559088
-0.0160136279079949
-0.0200816174579869
-0.0160469440897529
-0.0145495046160143
-0.00983373947463433
-0.00838780547844871
-0.00360360840591711
0.00359208468133447
-0.00237682407732264
-0.00692021824723371
-0.00836729063668283
-0.0139012721934525
-0.0176258003129145
-0.0168598661750814
-0.0135321039804453
-0.0133080898247809
-0.0103159568410805
-0.00476795644082922
-0.00618019710839483
-0.0114616826093044
-0.0120983756537601
-0.012012587109728
-0.0162486134911484
-0.0178697096145548
-0.0153023570708687
-0.0124057647634309
-0.00588790632849867
0.000958662647479163
0.000957062295139412
-0.00828293455758004
-0.0212687774262752
-0.0113826684431173
-0.0220571981325164
-0.0123820288800884
-0.00681237423726895
0.00386057419293206
-0.00308873345780521
-0.00441959044099043
-0.000146434002926435
-0.0157745758445275
-0.0136170745129847
-0.00970159460857723
-0.00468641933365922
-0.0100783177830256
-0.0103954480164614
-0.00564592669735456
-0.00425260177590945
-0.00870376191247108
-0.0107181984888722
-0.00980695298798402
-0.0138855970720345
-0.0157562220889255
-0.00979753854697617
-0.00652909900363539
-0.0092801854191282
-0.00654189950255259
-0.00272795723644652
-0.00892679463552275
-0.0151092952598884
-0.014539510170359
-0.017748691615157
-0.0244523261677404
-0.0244425152597966
-0.0199260183015503
-0.0118715461253898
-0.00535980462005049
5.99953991580054e-05
-0.00138743656573926
-0.00968607217855964
-0.0116068601374456
-0.0088776427667681
-0.00544076305371612
-0.00421176450497627
0.000431193256773375
9.6400556730479e-05
-0.00130468284421751
-0.00611177887972646
-0.00138650751425128
-0.00273096906685366
-0.00205020391915061
0.001995342886044
-0.000472043853552203
-0.00297870966495277
-0.00286517078597562
-0.00128717065954101
-0.00121780371954073
-0.000327035240649959
0.000576054743430477
-0.000291192988462136
-0.000587379910128617
-0.000824123150708436
-0.00163076199550929
-0.00228971110684365
-0.00197669018661231
3.79928709072644e-05
0.00168437122907467
-5.53475399076216e-05
-0.00341758919170385
-0.00457660411791493
-0.00460803699120334
-0.00407475692840577
-0.00183454457458912
0.00135004624118016
0.00134109501120213
0.00260688372117309
0.00416320633487073
-0.00199883940767733
-0.00899105856809134
-0.00930754297897444
-0.00759410797099242
-0.00525362735674263
-0.00195001643983243
-0.00333673949107637
-0.00146651441877877
-0.00139527218595387
-0.000784147151798851
-0.00332169590305549
-0.000979499897845573
-0.000212793966218434
-2.80246901827748e-05
-8.63455441222269e-05
-0.000281465402908539
-0.000138586917548529
-0.00184596081055111
-0.00550687575753976
-0.00669903230012574
-0.00743126249706009
-0.00849786680950258
-0.00692352845463737
-0.00793550540193665
-0.0108704428671278
-0.0103803210821371
-0.00814880549569616
-0.00493290224868879
-0.002885692340164
-0.000596652803254249
-0.00061838064557863
-0.00155819755131485
-0.00217499328705531
-0.00229762631507995
-0.00272354885451525
-0.00305012194102931
-0.00340221267012609
-0.00256337948274982
-0.00182396464662307
-0.00107893759749777
-0.00183326735889229
-0.0029756071439929
-0.00285007712708566
-0.00177622976677071
-0.00192691475950355
-0.00165049999645722
0.000251826418435683
0.00275237155405556
-0.000374330469880712
-0.00175626988953225
-0.00144691859348526
-0.00309103796029593
-0.00505337385693449
-0.00455691732066455
-0.00345806839294145
-0.00379492547004611
-0.00178951131834732
0.00036146701829358
-0.000369007353156795
-0.00131934494801949
-0.000526060592804912
-0.00122822867205962
-0.00464040795746827
-0.00239616434543765
-0.00280988829450868
-0.00290023368006662
-0.008306189244526
-0.00223488518033447
-8.37514377283413e-05
0.000422996203434138
-0.000584024899357836
-0.00416101412936738
-0.0060952163375897
-0.00679269922361118
-0.00687933426338233
-0.0045831739483033
-0.00571473523324227
-0.00588329867815292
-0.00757934039407837
-0.00793480720619129
-0.00549434183808567
-0.00336218810987093
-0.00108991605349077
-0.00047039231008203
-0.000871629600094759
-0.0015630467265629
-0.00363715898094055
-0.00653938222023917
-0.00552865852952856
-0.00724063442424095
-0.00762043279911039
-0.00685421696268361
-0.00545299307517295
-0.00355152155314399
-0.00089816778699687
0.000621280925924543
-0.000340722647379751
-0.00219281503069721
-0.00389451447215511
-0.00593460455522602
-0.00761119384806042
-0.0070393428714923
-0.00500799343128766
-0.00273057182751462
-0.000459050458963016
0.000166686319926819
-0.000141153954425419
-0.00353056639395233
-0.00463069562489898
-0.00685575547401749
-0.00991605807555431
-0.00803706241015988
-0.006219520833136
-0.00302528672093733
-0.00178788022306268
-0.00148365144457835
-0.00112906396585338
-0.00112906396585338
-0.00112906396585338
-0.00112906396585338
-0.00112906396585338
