-0.961920712072931
-0.961275789701974
-0.963673437099544
-0.962465717438104
-0.959421500025108
-0.924642525768776
-0.827403644143173
-0.741857128547777
-0.725984099350943
-0.698962245326155
-0.6538870044159
-0.63856872941134
-0.633113928084935
-0.613583609724067
-0.584527447881712
-0.571994684376086
-0.558999363947152
-0.503618619275885
-0.480302326926461
-0.507246705899975
-0.517493177663384
-0.505898508338373
-0.543306316233298
-0.572052934211692
-0.528053492487275
-0.496794156786863
-0.503927186868204
-0.465555383283396
-0.419433047444209
-0.443126377681393
-0.47044138259756
-0.461822359109881
-0.48643087817689
-0.524061628024526
-0.498011688817058
-0.448015786195844
-0.460200701508973
-0.444998436309833
-0.415487721502884
-0.403556528123376
-0.376384636698675
-0.285204242856447
-0.280198225045585
-0.257991040608822
-0.188108987055152
-0.192078374646917
-0.202123606666721
-0.211074555271232
-0.252125721118647
-0.347983757108868
-0.345202040016184
-0.312254304737068
-0.318941013427099
-0.297912808649402
-0.236107310113591
-0.242716219130941
-0.253656329566666
-0.243850026617777
-0.245283581201653
-0.225035183413114
-0.148448064334115
-0.0688458639177014
-0.05312867520832
-0.0572169873625063
-0.069276784589507
-0.0958904436833336
-0.127897983862894
-0.13301050138938
-0.128590280187182
-0.124079466801911
-0.103136834874379
-0.0579228149269146
-0.0267936050092188
-0.0330875911247065
-0.0282290002372828
-0.0429113748047543
-0.100671495975147
-0.137946701240706
-0.139779312787643
-0.133198412655625
-0.109687778547453
-0.0802275277681872
-0.070149263274174
-0.0760560524214192
-0.0970189419259121
-0.157460981022145
-0.206640133730191
-0.218604977652731
-0.175188966727447
-0.157033844635334
-0.127512765255017
-0.0518378858775328
-0.0258148685695452
-0.0675750573883351
-0.11794293491413
-0.141715444236361
-0.134548930335704
-0.163521993959115
-0.167281268703433
-0.165253430594605
-0.151515154758011
-0.164335606223178
-0.140144189440283
-0.104330083795725
-0.110176678298559
-0.0825006309524827
-0.035665005253898
-0.0510217349489759
-0.0779203404427492
-0.0676344410658472
-0.0887927400216918
-0.14803526541497
-0.166218320396528
-0.142792614442673
-0.143561577661891
-0.127771259255917
-0.0667150673892144
-0.0503054788147043
-0.0805012171584134
-0.0833934603783929
-0.0929200751246524
-0.148018576717941
-0.162370093178311
-0.138551453110588
-0.129309635431301
-0.121231551300745
-0.062749677513126
-0.0359854421916644
-0.0395081096861902
-0.0269027970207919
-0.0240797545910217
-0.0325190383709362
-0.0417742999220113
-0.0439759414279119
-0.0348572765595564
-0.0368631028088938
-0.0234257822572833
0.012500419736144
0.0110651665529499
-0.00581660204163155
-0.026309875799301
-0.0295649494108958
-0.021838656486219
-0.013548995390971
-0.0115843967845804
-0.00849684018503229
-0.00644197415000577
-0.0129541695799014
-0.022328166256954
-0.0283008269430235
-0.0300688291843605
-0.0286765282400149
-0.0118099709954983
0.00464569479563989
-0.00374420872470737
-0.025353332312468
-0.0234859439419471
-0.0110357424298242
-0.00165427258070829
0.0101177891263177
0.00687714444093529
-0.0189139640829073
-0.0293160888635301
-0.0297828535845151
-0.0359050240289108
-0.0274037950848897
-0.0121940172394485
-0.0106651628035687
-0.000186055683715294
0.0135572156422862
0.00205868750669138
-0.0115183740848478
-0.0083167658755211
-0.0253603908878122
-0.0449176334568556
-0.0137885375519967
-0.00352401784237696
-0.00774898107876538
-0.000482603198795293
0.0155678463029438
0.00192140320106569
-0.0185088869426809
-0.00417255218383209
0.00102381144165595
-0.0301417183783016
-0.0389044640837943
-0.0203028048698009
-0.00786790719536538
0.00113535820751804
0.00317970632193457
-0.0140633055120639
-0.00159766916445914
-0.0219717765839416
-0.0225377544312477
-0.019824201953842
-0.00411385509772362
0.005358350679183
0.000855447332785541
-0.0107387851113808
-0.0220636558961336
-0.0444535538343918
-0.0641244408606445
-0.0556249261800638
-0.0344426386670486
-0.031788113739714
-0.0333537845110251
-0.0420368815837037
-0.0444755198568285
-0.040496716464529
-0.0429166470571105
-0.0483861153821281
-0.0429426983646515
-0.0405833077208032
-0.043730743869213
-0.063791867931395
-0.0648655336935096
-0.0532675411066621
-0.0247014306381451
-2.84969509610142e-05
0.0166987929955696
0.000991396746290354
1.96648157308006e-05
0.00354379104334031
-0.0114823087971514
-0.0144819565849564
-0.0133546181251738
-0.0103329712413881
-0.0120353179953837
-0.000121500365602423
0.0089138176760157
0.00723465032921488
0.00899449424039215
0.00630854867401129
0.000395325760365639
0.00480739446486141
0.00646376374253291
-0.00404716678311074
-0.00691750462969784
0.00665560365630122
0.00257735178918007
0.00210198792977823
0.0167877447387485
0.0166316455145562
0.0124473792518757
0.011196450684869
0.00532127980036892
-0.00123939397179228
-0.00343808180691825
-0.00360333289483339
-0.0116891281400412
-0.0160653617231993
-0.00495199763504199
-0.0177092714128709
-0.0214765677190434
-0.0198307391945089
-0.0191674195108731
-0.0150461546142836
-0.0113655276685631
-0.000512906615544095
0.00300908802831244
-0.000487986475588113
-0.00432810838706154
-0.00533579576754672
-0.00674427442497902
-0.00966510067193459
-0.0155666450568381
0.0123491046216457
0.00902864176799858
-0.0139327855558774
-0.0193304820183487
-0.0126881127245753
-0.0220416148133657
-0.0254884480928991
-0.0109496812534746
-0.00365305804851368
-0.00914381857216306
0.000648715925984025
0.00473018049421246
-0.0017541098300501
-0.00821816394136489
-0.018557365048494
-0.0335581857307575
-0.0413031823682465
-0.027686817622829
-0.0121723076804593
-0.0105453136038755
0.000783442855102391
0.0144658660866655
0.0026426712868273
-0.0188343361514149
-0.0222274716364989
-0.0220158238636376
-0.0267006259399125
-0.0213883593316305
-0.00447277741572682
0.0108160011932307
0.00336910233671315
0.00161981136566598
0.00187584271874741
-0.00357352106157847
-0.00266200587365245
0.00954760573333811
0.0153348224370711
-0.00216393300117361
-0.00326922372507666
0.00439102069652825
0.00451941991960849
0.00519036836533272
0.00141777917246852
0.00139849706115988
0.0025334596495136
-0.00174180819106309
0.000569441658377773
0.0128455875005175
0.0216683586400453
0.0159175327061982
0.0129713322196014
0.00818594456014087
0.00933652252012411
0.00794586042493737
0.0128970043549807
0.0120118000027081
0.010462083234947
0.0135204121548379
0.0115230650898794
0.000916310704548404
0.00364830338737994
0.00810048077209827
0.00487767260579058
0.0178439361785833
0.0331820275299532
0.0276970219803527
0.0139849946765299
0.00425106683110923
0.0210381354595052
0.0100274694937087
0.019544050889338
0.013460538643427
-0.00666730389230277
0.000121802050221269
0.00161908839076718
0.00135322328730129
0.0107225175034677
0.0141759407372086
0.0143235521922968
0.0057969405075489
-0.00187331028228818
5.77491380057086e-06
0.00148625194990862
0.000603833440331313
-0.00378824436432031
-0.00756016274707243
-0.00136939248370266
-0.00473985386245574
0.00277340498298608
0.00905978255377862
-0.00216993249493022
-0.0112099181266537
-0.00623989649594184
-0.00213172766107882
-0.00123852300047694
0.0111468807961507
0.0168194103377188
0.0148135200026241
0.00421497727493846
-0.00449834799072495
-0.0104305188968013
0.00130362411496941
0.00414132682585835
0.00536774209563318
0.00521151091284092
0.000295925760074903
-0.00348102536328926
-0.00169793601862698
-0.00299514855269578
-0.00889665184031072
-0.00493961375206126
-0.00433745849306059
-0.0097560690708342
-0.0165517329455146
-0.0192887690842916
-0.0177486475317988
-0.0141169898841084
-0.000310776077740301
0.00803518787896182
0.00114056450210925
-0.00339799583754087
-0.0054455782761541
-0.00550849718094535
-0.00980988635217307
-0.0102942920667619
-0.00232798636240189
-0.00312572866645136
-0.0056748770981565
-0.005219192592885
0.00469529454870484
0.00768627143988712
0.00566834739757636
-0.00546485841567338
-0.00100832920684328
-0.000984713158450431
-0.00350630994547271
-0.00456437866613013
-0.00401538551463151
-0.00493691423318683
-0.00241504531185963
-0.00109977599465559
-0.00479791981088386
-0.0135145705706297
-0.0117628095665185
-0.00779878323161401
-0.00757804336788893
-0.00546560912769419
-8.26712980375571e-05
0.00147824129929655
0.00393037409977985
-0.00928364342257674
-0.0124860623131563
-0.00830065272415984
-0.00226749901796579
-0.0012709755428614
0.00071574798989375
0.00686405656233992
0.00518215924404027
0.000943191159473575
0.00132997015745849
0.000135660893187115
-8.63079222983478e-05
-0.00607313409485545
-0.00741201921981408
-0.00501697262541283
-0.00831723700125657
-0.00160930820645569
-0.00289113077377238
-0.00474822855184901
-0.00880591331620013
-0.0169134836130862
0.00480687051230616
0.0135408879027691
0.021134720749971
0.0092349940799428
0.0046060996430089
0.00355507721555659
0.00079668274477967
-0.000107695918177179
0.004797684570659
0.0099174766158541
0.0112492539489399
0.0123857022024848
0.0139046274586092
0.010384483979283
0.00516350790634903
0.00469409547743237
0.0042090230313813
0.00124148321050243
0.00168189915579427
-0.00150781005626147
-0.000686013143515475
0.00769139446904274
0.0111950910589709
-0.00109153763729017
-0.00236638227289979
-0.000460926610997568
-0.000939377200201346
-0.000231825759764994
0.000141770826830309
-0.00240244153126245
-0.00128068323185221
0.00117096081880043
-0.000339361193979349
-0.00289098853889425
-0.00417556498719037
-0.0108792693126913
-0.0152284870715545
-0.0118270533289097
-0.00971374784710226
-0.00580555894455208
0.00109373581625187
0.00308821558415658
0.000253552389361549
-0.000805728315660883
-0.005545814332842
-0.0158876700378812
-0.0126494683240132
-0.0009641414027958
0.00267724472263405
-0.00396042540259828
-0.0095934665773746
-0.00777077891922008
-0.0137034202102039
-0.0170825723452724
-0.0158813798119034
-0.0123300968543517
-0.0146708512349883
-0.0162748415414545
-0.00439118932286485
0.0114038402523605
0.00171008691999095
0.00607581934824238
0.00905749572138873
0.0140355226561761
0.0131536830962593
0.0198111641302409
0.0195863473906943
0.0167506038439422
0.016651414681499
0.012946409975729
0.00579631930679848
0.00487414088916145
0.00790703455511055
0.00781425412402096
0.0111559926910672
0.0186103998244561
0.0215448007142489
0.0201568837863631
0.0147848553377831
0.0067355842368808
0.00149613507434787
0.000897429655952877
-0.00496982599976284
-0.00908010579917696
0.00825755707725791
0.0159093361460863
0.00250188079130989
0.00600622938187033
0.00773155780159874
0.00598623086248918
0.0050025744003931
0.00885720924248446
0.00765729144213393
0.011876794963557
0.00708464868312008
0.00113641219153865
0.000170604457904113
-0.000640722141655387
0.00211014898380883
0.00518523403609822
0.00375920206602854
0.0035130188032779
0.00464498645028088
-0.000281100334354141
-0.00569313413462991
-0.00466260498203131
-0.00418072652238351
-0.00527636537806109
-0.00021642145406653
0.00560120917734239
0.0038578080987703
0.00150514130692913
0.00203471699628441
-0.00256959054004057
-0.00946960735756371
-0.00889991475173111
-0.00659410325903111
-0.00457344194475934
-0.00475696938522569
-0.000565877750360769
0.00105210452022588
-0.00470357741467358
-0.0131222225916159
-0.0170150040218983
-0.0194887680637205
-0.0186045311045422
-0.017384896731221
-0.0151869808661083
-0.0185010697375008
-0.0203810275949139
-0.0139922691029947
-0.00963087528946721
-0.0106707185638508
-0.00990151511881796
-0.013783867497092
-0.00663645650712901
-0.0030245082547029
-0.00316992323263064
0.00209096503556921
0.00510329641367745
-0.00142236073889535
-0.00642348837584069
-0.0061057778833035
-0.00848039835719578
-0.00991765862192574
-0.00183233487807335
0.0100967709029596
0.0132116213991376
0.0128801664499854
0.0140596681689867
0.0106271154201523
0.00291941654393726
-0.000640403960782722
-0.00145635159143659
-0.00631802037104931
-0.0113684082167043
-0.020184315296773
-0.0239449878188609
-0.0238761314966666
-0.00745512533479628
-0.0030741476034075
-0.00605241076840288
-0.00901276968090514
-0.0122064069066123
-0.016509915089482
-0.0283155025605589
-0.0149851498055477
-0.026146418454262
-0.0322508930625307
-0.0334497695669892
-0.0239600667126854
-0.0169008986121354
-0.015102426203183
-0.0129476833448906
-0.0102345198323924
-0.0188844872663319
-0.032900027598174
-0.0388572321672888
-0.0424465870705105
-0.0409088819358996
-0.0321069455579632
-0.00972446750359368
-0.00593892627908967
-0.00352439915380369
0.000223081668892997
0.000438345843461176
-0.00620917194801285
-0.013452014908562
-0.0162380963101431
-0.0170282144734948
-0.0155757921000034
-0.010001860199327
-0.00492589433549451
-0.00233494076204571
3.04095374145424e-05
0.000723905688207551
0.00137704089416295
0.00250774368560406
-0.00595466909187212
-0.0137182710712119
-0.0134423762900841
-0.0166497205614508
-0.0158232275743778
-0.0123564688124713
-0.0115472060971025
-0.00732860100778339
-0.0016221630378068
0.00210478849803126
0.000649496036263325
-0.00130136763515141
-0.00165877009631497
-0.00528147921593908
-0.00828252600810398
-0.00525553298656257
-0.00318286664354973
-0.00330706389966687
-0.00106536232265022
0.00616542032915217
0.00905334918893828
0.000960269431047498
-0.0142700532494092
-0.0275951274031927
-0.0344233238980063
-0.0290215242422883
-0.0267060917739988
-0.0245545830410724
-0.0151802736767616
-0.00987363248452686
-0.0139793990722988
-0.0236466647652653
-0.019096200024399
-0.0350406561660768
-0.0598466062965132
-0.0621173069047464
-0.0590821761026723
-0.05990764397069
-0.0431494755797836
-0.0172986317282772
-0.0110328213087552
-0.0135094683796486
-0.00846126707480517
-0.0172982436692972
-0.0317850238288876
-0.00505552294399335
0.00046037755531528
0.000382178298845433
-0.000252989195349077
-0.00335107489540469
-0.00374330567441843
-0.00878690252538518
-0.0122134200205226
-0.00665685071780917
-0.00649958889388934
-0.0106809916622334
-0.00185631070935564
0.00681052262097213
0.0018130263000548
-0.00194995998356841
-0.00015644789005212
-0.00185298914532576
-0.00288045960360346
-0.00582085396946416
0.000569689818757046
0.0113550547737969
0.0134404136517373
0.0103609953180255
0.0140538514451151
0.0117970758998145
-0.0176114123370518
-0.0236050535236209
-0.0148566768875825
-0.0122904626081646
-0.00708438708047144
0.00694772606755772
0.0178961167168797
0.00508343372185535
-0.00680152444624934
-0.00859317391556121
-0.00993883773723022
-0.0002742229735684
0.00562169505167671
0.0014656879765976
-0.0110050318798799
-0.0110030533878328
-0.0115513144781413
-0.00998109694782088
-0.00977210914702711
-0.0068963468596901
-0.00631485785659078
-0.00522905186907771
-0.00493893073567491
-0.00766695292588345
-0.00909058467427167
-0.0122499482916934
-0.0170930889467532
-0.0189905420336191
-0.0153509897422004
-0.0129096915152467
-0.00950583999756394
-0.00873821567310718
-0.0122678981325216
-0.0102364094752418
-0.00843287963767932
-0.0114655985830871
-0.0160966868397071
-0.0178584781235291
-0.0162379305144407
-0.014480087726593
-0.00781835482305518
-0.00299004471464597
-0.00118317952721668
-0.0069332369108628
-0.00524723286326474
-0.0033982494463082
-0.00355692167001105
-0.00182085009827258
0.00033187287201627
0.0022746077749463
0.000890974795188343
6.54890279634403e-05
-0.00323418695966613
-0.00398295359340971
2.30186401390334e-05
0.000683215389184709
-0.00164050760474619
0.00106588204581744
0.0007167391730343
-0.00130732570832015
-0.00206484111936424
-0.00224842243563337
-0.0031676887889392
-0.00373016964498138
-0.00325749535571411
-0.00340742975718369
0.00060332136593866
0.00742107887268909
0.00806836407603381
-0.000903860643038201
0.00369828736598366
0.00509550586306835
0.00217047850219139
0.000962262723480113
0.00454478670597402
0.00567565605489002
0.00398732336629831
0.00555332578481162
0.00712224046999471
0.00492618797760321
0.00415284871944033
0.0067940093038045
0.00548337143712626
0.00356572896373833
0.00696176887891272
0.0156469359195238
0.00972616827988857
0.00628819139116962
0.00272837750501016
0.0037873080645875
0.00839354801900517
0.00868634059497632
0.00839583302948135
0.0105052585235233
0.014556953454268
0.0161563968212424
0.0162214917594392
0.0171348379005498
0.0168530911227946
0.0142691741691383
0.0148324413282563
0.0210107720660104
0.0129122840420819
0.0027297095715751
0.00175670526476103
0.000223567183833071
-0.00529336327607615
-0.00729853744141754
-0.00429004167120934
-0.0060244498312254
-0.00594420378737553
-0.00455885843190573
-0.0033736774073932
-0.00272231665270811
-0.00270384209302025
-0.000771013648151432
0.000660917438405108
-0.000590964049440443
-0.00202239610067513
-0.00235762583294313
-0.00505036164317596
-0.00447442643868673
-0.00339595698824061
-3.33788627211542e-05
0.00365462322736755
0.00237883327935409
0.00401562015418305
0.00477865233984585
-0.00113994157449544
-0.00438454160397274
-0.00255055565487757
5.61846722882536e-05
0.00130795371718512
0.00294960321615574
0.00414906045553802
0.00211063697206017
-0.000367256980777887
9.82272596778285e-05
0.00269427178306838
0.000531934860519226
-0.00854343904117524
-0.00460585695403296
-0.00816392159704654
-0.00894826944963189
-0.00360564778246109
0.000506974468456508
-0.0010246221157794
-0.00267035160352011
0.0018899636093229
0.00139320646540939
0.00125401307700536
0.000499748980427699
-0.000670001861907474
5.48923682086953e-05
0.00189047300553305
0.00162024410678847
0.00205457050481542
0.0047233825113141
0.00542458752859823
0.0039596642494106
0.00358798903888271
0.00176170542355165
0.000427121639434641
-0.00031427060435918
-0.000206339171936722
-0.000641410817075613
-0.000603492127728465
0.0011699461869219
0.0023004014653507
0.000667792754733643
-0.00148889247328143
-0.0019191277225304
-0.00178547717869057
-0.00183367920670987
-0.00112358316633797
-7.84453378905723e-05
0.00014573803304038
-4.48763182165561e-05
3.32951105260648e-05
-0.00018204385144901
2.15921370474079e-05
-0.000526755344888406
0.000143415046888443
0.00311058596448441
0.00318318687524773
0.000577236400088063
0.000838553676035466
0.000608419286277056
-0.00119992072210419
-0.000973941756328619
1.66700907458133e-05
8.52331965469895e-05
-0.000193475899889228
-0.000409737273399157
-0.000297362017733398
-0.000710818579083682
-0.00103680861362991
-0.00101944772015065
-0.000923509887059086
-0.000994001653957334
-0.000768393921171445
-0.000620714727152535
-0.00057058054027929
-0.000215902175274879
-0.000117460669819523
-0.000544205115184563
0.000308295514989093
-0.000421792346879387
-0.00134475808922337
-0.00252478600669946
-0.00130237337469205
-0.000541649969111752
-9.80120113004763e-05
0.00189939486770303
0.00175536165919307
0.000142003651855216
-0.000261436134169185
-0.00143863982730576
-0.00456074584983052
-0.00540408004324421
-0.00392084911656516
-0.00339412014809079
-0.00253938739841193
8.30010975756283e-05
0.000828661718432097
-0.000157802851999503
0.000693162336132692
0.000749938513107989
-0.000873598790319592
-0.00239370521124135
-0.00166346203390601
-0.0024102556708082
-0.00186117295349445
0.00116900221439737
0.00247630535097538
0.00196918672894291
0.00278598919055891
0.00269779968448055
0.000138697270855215
-0.00116684220061411
-0.000876628387429746
-0.00174542679634885
-0.00265552364867304
-0.000698616227249143
0.00151705189570351
0.00116890993809396
0.001224624176124
0.00130666455064456
0.000800635279133809
0.00191667558259819
0.00191667558259822
0.00191667558259824
0.00191667558259829
0.00191667558259832
0.00191667558259834
0.00191667558259838
0.00191667558259832
0.00191667558259831
0.0019166755825983
0.00192935999922609
0.00164351788981726
0.000841908357463965
0.000616479080857714
0.000963647810271251
0.000899330471102455
0.000211771963589059
0.000201559108705102
0.000459100849961653
-0.000624717429742619
-0.0017216103694952
-0.00279606520480997
-0.00231228586356595
-0.00109146108618235
-0.0024472440465028
-0.00411578641012844
-0.00272546256840554
-0.00239042448700698
-0.00366514908729024
-0.00474472950566001
-0.00491313184551504
-0.00458564789294461
-0.0029750318669045
-0.00164130087710677
-0.00107817154186638
-0.000517671867250658
-0.000840386225619803
-0.00307038820536013
-0.0045874512493916
-0.00382677867248307
-0.00319004064750911
-0.00365248976587451
-0.00282727834045596
-0.000980102992283229
-0.000557337404204795
-0.00120327701275193
-0.00187813416283736
-0.00288339951841641
-0.00450948518434701
-0.00512449869028439
-0.00501861835129737
-0.00501810825464524
-0.00490669592867372
-0.00500859215840709
-0.00214491996301476
-0.00106301486348283
-0.000981011574917551
-0.00280375292553226
-0.00823400709004322
-0.0098991106078125
-0.0099950453335333
-0.00378210945316659
-0.0026860706398873
-0.000757411128354526
-0.000718891159779618
-0.00102991258963987
-0.00102991258963987
-0.00102991258963987
-0.00102991258963987
-0.00102991258963987
-0.00102991258963988
