-0.981100320604616
-0.960723374358685
-0.916785212633003
-0.893698886671019
-0.829182774599777
-0.745755732528798
-0.740222140960306
-0.753639091096883
-0.743481094110614
-0.774502215568694
-0.826503518726912
-0.826633558508491
-0.809531713139726
-0.801590025996202
-0.761955197015388
-0.672566456764418
-0.549951071997901
-0.461924571877983
-0.423641163540562
-0.457436114862262
-0.509225354028055
-0.600825268502601
-0.675375965078625
-0.666812130168667
-0.620462936388833
-0.581628978196201
-0.505740660772544
-0.360634286808325
-0.299041075430408
-0.194735115780413
-0.187133506952347
-0.236479441580761
-0.233758850349763
-0.239713359760442
-0.298000879752355
-0.29434017736267
-0.244848829806981
-0.232738923979774
-0.204382844484458
-0.142349937138302
-0.12603577582425
-0.109020756229351
-0.187137186770742
-0.237686255022106
-0.277516936448997
-0.305213656758808
-0.303476440682965
-0.25669553019826
-0.205062855541407
-0.169675578266909
-0.137128587061887
-0.114862471323993
-0.126750675331547
-0.139111899374809
-0.200308685008166
-0.207547486902839
-0.24502223812064
-0.294920360501171
-0.275447976047751
-0.22324704704136
-0.198730179225391
-0.174257170134967
-0.144807387819371
-0.171060654112074
-0.185805118165806
-0.225183195708773
-0.239569223937267
-0.254025839082239
-0.244188821948191
-0.222543757941683
-0.195162663370686
-0.161902623563889
-0.159285201663981
-0.180200313570024
-0.192825501541831
-0.213824572114678
-0.250961470471477
-0.25843540630955
-0.265053453241744
-0.243699162324803
-0.232797420198656
-0.184576925139539
-0.110068690348366
-0.103160927192943
-0.0778787833131324
-0.0533842700623037
-0.0761946503720616
-0.0994986238503426
-0.0962127267802371
-0.0824116989099592
-0.104546182788475
-0.0717132707594909
-0.0714719203349485
-0.089430913125687
-0.0637480854262327
-0.045067466538684
-0.0616628806170566
-0.0696875367080658
-0.0448075762368
-0.0385582389239913
-0.0493674567451593
-0.0325016448768084
-0.0186331882495006
-0.0368051768745133
-0.0369196805207686
-0.0161907497958326
-0.0100342463877648
-0.0376768317676857
-0.0540344792086746
-0.068464283433506
-0.0797026550903349
-0.0755839382167654
-0.0526041329665557
-0.0202504986169237
-0.0128272940444318
-0.0189702555862171
-0.0176962147657935
-0.0506881826022569
-0.0836326322911828
-0.0751148059232788
-0.0993419130824034
-0.13281174124909
-0.119684249770045
-0.0928140404066075
-0.0829999029336083
-0.083535447814933
-0.0871484027916642
-0.0925336321390755
-0.116330577086506
-0.107278057356566
-0.106124056513236
-0.0993785884031386
-0.10865817898521
-0.102193913780953
-0.0726980770849879
-0.0571112999239974
-0.0545362717379474
-0.0349654598708504
-0.027200360734022
-0.0526255158004315
-0.0673163576098109
-0.0551715992755974
-0.0737407645763379
-0.0695172777486881
-0.0490734311533648
-0.0300896930232526
-0.0247154323907016
-0.0128479056081348
-0.00956754282399065
-0.0254509507248644
-0.0403491956233634
-0.0390227664183284
-0.044481274958161
-0.0429381706129072
-0.0526161570621254
-0.0442588845943641
-0.0462750315126846
-0.0527186104833031
-0.0415941583355386
0.00129543607694471
0.0216112505741148
0.0156861697921822
0.0227215118113816
0.0304085581325442
0.00517269378364099
-0.0405010409327623
-0.0520997723914153
-0.0224934803211452
-0.0199173300706359
-0.021783857103455
0.033901579910201
0.0347786052564746
-0.00822690305934457
-0.0259538968601097
-0.0464110884981489
-0.149134185082109
-0.208763326770678
-0.13049421751625
-0.0820523821728902
-0.0596666506152386
0.000325014696631667
0.0158806374632796
-0.0175723028999374
-0.0411336979381426
-0.0466722384976548
-0.0694034145414404
-0.0753620489538204
-0.0435131687659905
-0.0375721844553922
-0.0515162427135839
-0.00731638482577116
0.00811690621403216
-0.00739550567552508
-0.0201462998418821
-0.0309732617722223
-0.0318390378781658
-0.0471175484822457
-0.00900188270124988
-0.0279913893342124
-0.0430003054941847
-0.0436819850460172
-0.0429562761585296
-0.0324760606355844
-0.00966286312826065
-0.00717471391348923
-0.0165243930127483
-0.0241503236517985
-0.0344439733086156
-0.0459820448517819
-0.0501080900347993
-0.0485208918122005
-0.0459486163143481
-0.035369237877582
-0.0177327466117986
-0.00371446712379133
0.00833045061219937
0.00506061682613997
0.00192328336124668
-0.0124165476731648
-0.035007185242445
-0.0227298420766933
-0.0106323099363925
-0.0113414838628174
0.00714009763027401
0.0204509806683146
0.0202119868336265
0.0226279392994789
0.0260625290944186
0.0098679557595734
0.000520638956794137
0.0019694859174857
-0.000387201713703019
0.00412404110426852
0.00292979847651651
-0.0114512420114983
-0.00684590072893802
0.00203980255742831
0.00568117541021394
0.0117916250317275
-0.00139931413975096
0.00406235090889353
0.00619534787355277
-0.0165222317383083
-0.019563293001927
0.00715492432672525
0.0177178850385595
0.0454465864167393
0.0552104904152269
0.0598493462006388
0.0523935801353318
0.0349986189862742
0.0249200539955088
0.019593252320496
0.00855891333852228
0.0215930783624563
0.0241908422737266
0.0218349427936689
0.026884279195337
0.0317836054131153
0.0161566222533049
-0.00160673358057009
-0.00469498054838765
0.00499881967509207
0.00457774624983246
0.00331493692285846
0.0183969374858003
0.0221706244671204
0.0159190610655631
0.0250646995517996
0.0258491416929791
-0.00157558952753652
-0.00480920134380664
0.00836761210378715
0.0129041011197419
0.0178908579991029
0.0266889371515654
0.0337120899292916
0.0437262901824202
0.0392981554530876
0.0346969737069939
0.0132449925537445
-0.00656604588018987
-0.010357304222593
-0.00190368513777503
-0.00252665001895097
-0.0121105160163711
-0.0123769850238604
0.00420382002121788
0.0115838853547064
0.0103384906159741
0.0217163414782513
0.0236872858358916
0.00480831184609981
-0.00365502687621058
-0.00176026821878161
-0.0134088084174377
-0.0205577058083523
-0.00280036197815238
0.00789478082090173
0.0131962471370928
0.0300037630720798
0.00556710879049538
-0.0168223723836711
-0.00919083634172318
-0.00942989755540333
-0.0134158926618978
-0.0106344048144538
0.000838126313351471
0.0128965478598947
0.0128085246348004
0.00209433697332429
0.0068062968308197
-0.00614319303304741
-0.00934499405468144
-0.00808816306361988
0.00414540146147464
-0.00488734078360848
0.0060822086149378
0.0020556811717584
0.00320272050080061
-0.0239865125569171
-0.0419717774020367
-0.032453855404137
-0.0258967081723469
-0.0230146351443332
-0.00831398333907727
0.00322892770764259
-0.00654549584944744
-0.0238028504536267
-0.0268917558561869
-0.0370992031301302
-0.0524934451594248
-0.0556472147025107
-0.0404444873950232
-0.0402407713340552
-0.0163315225183735
0.00639977732865876
0.00275367443151106
-0.0102258004028389
-0.0153931098223638
-0.0270006622904044
-0.0460085509883451
-0.0433867531791777
-0.0295049169921045
-0.0288786364706099
-0.0161546592592733
0.0131731512223354
0.022352619800524
0.0128215782721976
0.012838678518014
-0.000564684969057441
-0.0366277587440882
-0.052155664188409
-0.0324263597636603
-0.0198894970930923
-0.0191886684458367
-0.0101859929236433
0.00381499108307816
-0.0174768153121762
-0.0427605503154341
-0.0603740854741464
-0.0750388450592436
-0.0840249624569648
-0.0657136301014278
-0.0434084057762648
-0.0404730476428206
-0.032940204732134
-0.0160295746144294
-0.0246631248952387
-0.0548367340142098
0.0120820388104728
0.0224608461842221
-0.00870818304766303
-0.0084911142189097
0.010815456559818
0.0222030188102534
0.00459025428073747
-0.000453422457688635
0.0175141419209985
0.00819851767970793
0.0021253255711327
-0.00840490566261105
-0.0011101198084084
-0.00313534655621127
-0.00307639724197747
-0.00199534789116417
-0.00448512202962928
-0.0102378757620251
-0.0162181645287286
-0.0156281836220066
-0.0114336291060323
-0.0111580091053254
-0.00946793589389104
-0.00681676891804381
-0.00561232709543636
-0.00109504625599587
0.00525219703191776
0.00604667946235712
0.00269226717250218
0.00551698843309186
0.00695902945809527
0.00640510532305861
0.00361663844638418
0.000699976504096868
0.00135718690062119
0.00256865730802788
-0.00236615850862785
-0.00603511733820323
0.0026608857897425
0.0125326898231295
0.0191986359518139
-0.00679826788170646
0.00551894608942745
0.000467532268003956
0.00048668821953413
-0.0107376051659739
-0.00752757031150289
-0.00571295165778958
0.00525346086284905
0.000669868759258784
0.00774113399473391
0.00262340805581663
0.00417594058968486
0.000909863186815521
0.00581353884880114
0.00729650418461732
0.00658129217664042
0.00982919239312332
0.00963027721437704
0.00641229068076358
0.00205302635716398
-0.000550162978117818
-0.00231694902946002
-0.00134529182002874
-0.000447634309019781
-0.000128598474482975
-0.000368596835917435
-0.00107440450968073
-0.00243495996231635
-0.00157711925706004
-0.0041870382067825
-0.00575125974826388
-0.00401470867974213
-0.0017858625331481
-0.000645728700424654
-0.000447225663591879
-0.000490719888412123
-0.00215599079434314
-0.0024416076713765
-0.000722628244826824
-0.000470410705073248
-0.00224327357079612
-0.00663562407014729
-0.00378048510261421
0.000268243619716724
0.00388478515042925
0.0114934966379686
0.0113575490280308
0.0055349657263627
0.00850900622639401
0.00756278944883818
0.0111146516175658
0.0123369041707188
0.0267886787468125
0.0177295527512013
0.0201678049261022
0.0292223541068833
0.0240558431808517
0.0168652548501781
0.0166249079551884
0.0128416978850005
0.000500681159814277
0.00317264328996644
0.00716327315173028
0.00702210381114883
0.0125542312273649
0.0157347305942215
0.0130294764016684
0.00890653924129392
0.00713263850243745
0.00190803789748003
-0.0041881389853631
-0.00273209444487073
0.00134348023360592
0.00177318664108641
0.00708098858794492
0.00653174322563552
0.00322259413291546
-0.00105188410751539
-0.00242497030961853
-0.00289622873561909
-0.00412253709522369
-0.00250895437635073
0.000668653662037603
0.00359566792534632
-0.00270307848428139
-0.00529542332375198
-0.00260299759610297
-0.0115942099412653
-0.00687223242460029
-0.00182853277538019
-0.00247404485424303
-0.00277248793911029
-0.000833152102844091
-0.000621035149212627
-0.000122987139175852
0.000522098413631249
-5.9020710857382e-05
0.000122699832532279
0.00106145809197335
1.1014401083225e-06
-0.000915007286802343
9.32480294089577e-05
-0.00184191668635662
-0.002527487410518
-0.00304460019834163
0.00128606528351132
-0.000761840200140151
-0.00215338319208945
-0.00507385616354641
-0.0050151065443943
-0.00494499582206756
-0.000280749514044055
-0.000235174611846651
0.0010924041139942
0.00320760970938859
0.00324196947465808
0.00238822649577328
0.00146374833541846
0.00533268224208829
0.00247686853497577
-0.00437214685326303
-0.0202842338709794
-0.0389091071080825
-0.0239455069740362
-0.00484186196848057
-0.000698320957349849
0.00182390421164627
-0.00291636300352811
-0.00435032519028327
-0.00476175572834925
-0.00596203078543338
-0.00628334396396624
-0.00808242262582467
-0.0113113588724919
-0.0149698170207145
-0.0164103519631328
-0.00831726852977097
0.0029823228942892
0.00405797320710102
0.000529580930855046
-0.00101082411439256
-0.00622755110749879
-0.0114335956736262
-0.00916040212987825
-0.0112344794521893
-0.00738970796062137
-0.000114094485591178
-0.000130595674798006
-3.13306746325188e-05
-0.00650309129638094
-0.015278037015791
-0.0113301067388619
-0.0101416034193672
-0.00427488731532066
-0.00347305556551699
-0.0158274364125271
-0.018593821611519
-0.0151940096999892
-0.0102984278004969
0.00664866537484276
-0.015354925917185
-0.0244930759971697
-0.0232416522086735
-0.0215631313877747
-0.0210428070499711
-0.0170645674150851
-0.0135615101778017
-0.0135495177574288
-0.0095017864916149
-0.0030636128881271
0.00350524578178843
0.000949915592864902
0.00156865896457928
0.00355467919383692
-4.57119570488954e-05
0.00541570816253604
0.0047884156601264
-0.00192848492635011
0.0141831074462618
0.0122568711372012
0.0110391006929294
0.00525500515196036
-0.00209720138501272
-0.00834103298714383
-0.000804535735058831
0.00627008433581712
0.00468734819239785
0.00647603630496143
0.0113925307947279
0.00546864071855921
-0.00388832805345693
0.00546283245552706
-0.000546300104913848
-0.000617183379786758
0.00892307979491061
0.00818059036055224
0.00168703100548036
0.00357319397697147
0.00210442063674017
-0.00649286531888683
-0.00365284617116229
0.00546389938462979
0.00263638736494492
-0.000945679268570526
0.00589204232265468
0.00843396116260699
-0.000342295131339957
-0.00208922155556789
-0.0156785796712407
-0.0105911202498781
-0.00463138052565658
0.0129583433973803
0.00906142124490186
0.000693647279075574
-0.00196692383316848
-0.00106714384204162
0.00194498018976727
0.00179251582199512
0.000189502394818151
0.000123713864243774
0.00308847797580121
0.00213580013014376
0.0011600125299354
0.00149598223221667
0.00295066391146594
0.00888185850092648
0.0208653204318046
0.0279177629577376
0.0289214101925841
0.0280381309937977
0.0196577653979877
0.0087291725509464
0.00431466897637855
0.00277736487268375
0.000999251424691785
0.00449929404406409
0.0118724139470325
0.0174865342788763
0.0234796510712412
0.0278971759742258
0.027388939242636
0.0149355838589534
0.0098374426256388
0.0079688099254789
0.000583360666307741
0.00636406493534963
0.0111527135059844
0.00901838835397272
0.0155862720139666
-0.00522725872151496
-0.00367967497082622
-0.00395881886973048
-0.00127196678708554
0.000468433881627753
0.00131485290375133
-0.000685813448789575
0.0139160091678221
0.00536532798966219
0.00487888340263175
-0.00175033998700081
-0.00619055921696472
7.85936661634699e-05
0.00238749650659389
-0.00313668952811283
-0.00190318120335403
0.00238190473842458
0.00205492751260419
0.000100710823930008
0.000948622010660048
-0.000431242274800432
-0.00553281486262798
-0.00723347492030204
-0.0068534683659767
-0.00819495965548938
-0.00762173848811572
-0.00414996233054578
-0.00245723809409485
-0.00215519914234447
-0.00051431592880165
-0.000222385942943748
-0.00321019837534345
-0.00549869370237093
-0.00552814936624634
-0.00641005842207746
-0.00936203193164501
-0.012929765804257
-0.0079762749999268
-0.00546433077043406
-0.00949548384120634
-0.00992261243017021
-0.00326105446549978
-0.00732476429663603
-0.00843944385172732
-0.00953026412451075
-0.0144957880107873
-0.00359869582919727
-0.00352205942137541
-0.0024668803885217
-0.000260522779614044
0.0117559458992252
0.0222542625445473
0.0186814978200138
0.0102271965352644
0.0075086993381436
0.00396463153492991
-0.00138919717379747
-0.00100562460016461
0.00421501710261029
0.00688743110659011
0.013882711737571
0.0165445714059145
0.0147640961804638
0.0114600009799
0.0080353121091967
0.00685124841190688
0.00131222247141681
-0.00343789226859308
-0.0034610137735729
0.000592976169280676
0.00196673169161002
0.00431318115954502
0.00728454429394087
0.0072415567300363
0.00519275009886418
0.00476820728607583
0.00334206125323378
0.000490782773388425
-0.000469905258675818
0.00210166233257468
0.00456547361654583
0.00349750598274301
0.00405169811269989
0.00173743615898926
0.000613636007992779
0.00289101330624491
-0.0022961408692733
-0.00835422505362408
-0.00985327259013666
-0.0127390503723915
-0.015014756941008
-0.00471438965348873
0.000805969300720718
0.000512018808847487
0.00384277142634185
0.00577621508829736
-0.00529833476360937
-0.00747199758147169
-0.00438395260444049
-0.00873781368373805
-0.00929656477307195
-0.00516094708085462
-0.00103231328347524
-0.00343053321802217
0.00651351371864745
0.00734144946720647
0.00572890786477597
0.0114105914495687
0.0107491387075855
0.000858576367404847
0.00365729227242433
0.00206019002897214
-0.00204968851671641
-0.000247454195495341
0.00959609265638106
0.0207836762457225
0.00180799124903162
-0.0150588515698281
-0.0128390610243312
-0.0127949179144616
-0.00889193253359086
0.00406861267918664
-0.00477926555151513
-0.00891993322169393
-0.00891656703039479
-0.00537721304866429
-0.0035410742977126
-0.00770162145124359
-0.00476238304085273
-0.00433333112265266
-0.00589323640991275
-0.00648907660765618
-0.00787617704775761
-0.00394329466264391
0.00198582678626191
0.0025732176333986
0.00245248541228476
0.00405631375002729
0.00125255702586981
-0.00385831073138181
-0.00425904601592332
-0.0031188780842691
-0.00412793274974851
-0.002769255157719
0.0035430580807944
0.00668396596458469
0.00752687172984907
0.00713236430006311
0.00266271942362421
-0.00164766770467462
-0.00211973333749952
-0.00191448413889853
-0.00981706969182335
-0.0120217181375738
-0.00481770683298229
0.0021529207359768
-0.00236420011381779
0.000444385622328862
-0.000978690629318212
-0.0105494736952551
-0.0187030908174299
-0.0171895001387475
-0.0222017576843095
-0.0241079972775103
-0.0175687668814473
-0.007582077360466
-0.00575225371854432
-0.00187172138062981
-0.00100671452595392
-0.0045129814219727
-0.00642294985743898
-0.00655479882150173
-0.00819753670023746
-0.00824600777283385
-0.00753725542927905
-0.00830811454450909
-0.00783288808796586
-0.00421646787280334
-0.00398937272165903
-0.00869293286138295
-0.00947802449159351
-0.00595690041015259
-0.00587088220443612
-0.00934296212703323
-0.00910367350278814
-0.00702738272003715
-0.00921083115164504
-0.00882224626419607
-0.00864907942407034
-0.00758250973633482
-0.00902663449892635
-0.00871017536704669
-0.00727475748370139
-0.00830538093041536
-0.00943452751844593
-0.00675720796790634
-0.0133810406670035
-0.0127838498176774
-0.00685985368940638
-0.00646322512932027
-0.00783585299778136
-0.00395124361778453
-0.00326987768807154
-0.00748731387655778
-0.0093413219837345
-0.00984876835696674
-0.0126390726486146
-0.0128191520571134
-0.00608693439321754
-0.00305760055380747
-0.00405198551305772
-0.0040462852974249
-0.00297372183304206
-0.00283028339048705
-0.00387873131724896
-0.00698198181198006
-0.00674506699856867
-0.00609423223221411
-0.00568238519125774
-0.00562352594819831
-0.0058268642123822
-0.00556284610145676
-0.00638080153407188
-0.00784988308274628
-0.00816384377615852
-0.00758831446990826
-0.00689328932067652
-0.00531264512679459
-0.00360959003443438
-0.00363830756587252
-0.00334148874960018
-0.000631458145687172
-0.00099564198843223
-0.0032728614009576
-0.00204472419385538
-0.00263551131933827
-0.00133035971330413
-0.00150983834748438
-0.00203904014960813
-0.00341896783328055
-0.00538646550743904
-0.00747663735300684
-0.0103333926786364
-0.0126683373777481
-0.013847982910299
-0.00934254394818627
-0.00635804429541653
-0.00354958917050478
-0.00126696379373179
-0.000659519931036084
-0.00230930464184825
-0.00746503762709395
-0.00648450895772442
-0.00595025413213476
-0.00399018651052211
-0.00145834942676881
-0.000734009090598872
0.00186240045270433
0.00363772482661968
0.00118631012423094
-0.00179506989609709
-0.00227481432929714
-0.00310386251059617
-0.00411058905369455
-0.00183534445741046
0.000617649056289666
0.000683431928732621
0.000193133320601603
7.52335251101494e-05
-0.00106319312891858
-0.00104325651448377
-0.000784415893133874
-0.00110140391443925
-0.00100323308886445
0.000176640912676944
0.000893776662930187
0.00204330064357334
0.00226533336465459
0.00208373844254065
0.000169634645922328
-0.00113383881394581
-0.00117004331203521
-0.000919188959495605
-0.000922803708857062
0.00133896281213995
0.00358540038029876
0.00198779244950078
0.00150302093594869
0.0010884803602851
-0.000327860747776029
-0.00316368598405381
-0.00371048095427933
-0.0018738626313981
0.00031876255103677
0.00131684482684811
0.000672661811182807
2.93644210276373e-05
0.000559982984092307
0.000230625747269705
0.000532463962918714
0.000808563248351495
-0.000484347907592854
-0.00152735582693847
-0.00173868569377006
-0.0028665688974073
-0.00309493143478009
-0.00209506068580547
-0.00162891062058483
-0.00118721050703629
0.000384229067608438
0.000771804104783275
-0.000745023527812155
-0.00131684802528355
-0.00159682195136095
-0.00373111148212132
-0.00452751349287258
-0.00216157560614054
-0.00154611619743782
-0.00204591161117088
-0.000489793188729538
-0.000819074776043095
-0.00318177241333642
-0.00334851562894659
-0.0029944334513853
-0.00393893482776519
-0.00189844334242036
-0.000246222274707683
0.00072465830246244
0.000182624963911509
-0.00103986814591129
-0.00331744511972822
-0.00692611137919238
-0.0108246758034946
-0.0125285031299628
-0.0112594910362506
-0.00868103202313923
-0.00504489377738729
-0.00215873203017686
-0.000696352078504758
-0.0021268420651179
-0.00418287655020058
-0.00649341195195027
-0.0084535982617605
-0.00896485320169882
-0.00766325906354316
-0.00539982192515989
-0.00305019050181338
-0.00118017910531491
-0.000526733879836272
-0.00147403755248929
-0.00311085797471672
-0.00482566526516894
-0.00647486992926422
-0.00723708847720019
-0.00662830067147587
-0.00513011583953315
-0.00313916750092687
-0.00106920202282747
2.35989728057989e-05
-0.000720990111571793
-0.00095913278068466
-0.00123752029042786
-0.00270964412163094
-0.00179806351372418
-0.00245096118826022
