-0.938133119699962
-0.915795670570146
-0.659796763770285
-0.292599341297431
-0.3602351796079
-0.388685908241685
-0.279174248148468
-0.159502058367267
-0.286375341349605
-0.451141702520067
-0.283225123380614
-0.145002472841065
-0.150588975937801
-0.117372432447115
-0.0830265800873004
-0.03113369430036
-0.0396613056684739
-0.0938890883991782
-0.140863350012967
-0.129366026360116
-0.0323993951159211
-0.0329143784515179
-0.150449072207702
-0.168110953204003
-0.0929493026223952
-0.0620151260703425
0.00844973776868049
-0.0227921002425074
-0.041843920310719
-0.0651576883760552
0.00415941037855541
0.00363690348838469
-0.00687938987304208
-0.0272026842337361
-0.0376926271204605
-0.0429781304679497
-0.00555112628501341
0.0195221998013724
-0.0368577023257237
0.00827749125619217
0.00476083871345654
-0.00289094135072222
0.0176706688566037
0.00759235894821894
-0.0380293769868523
-0.0460482687445384
0.00284970320314599
-0.00957876222435175
-0.0387390570789029
-0.0283310365201121
-0.00219487045543137
-0.0121034079746432
0.0140321237597025
0.0224934187443197
-0.0353987897308335
-0.000814442944317054
0.0200309048180685
0.0174517527279738
-0.0173532945713148
-0.00896338825376925
-0.0021558333113971
0.0173955824696538
0.0288338528429612
0.00862081123150639
-0.00210739140580562
0.016842111290646
0.0104084847127273
0.00444823975200687
0.0193890200978933
0.0153053570958174
0.0180739937286647
-0.0212058569647567
-0.000124401016510811
0.00188866526364678
0.0024426730580862
-0.00337772956525336
0.00165202990493665
-0.00173906953994397
-0.00239323592105338
0.00234306411868958
0.00428097212282935
-0.012412575250718
0.00168648715043747
-0.00938317302810524
0.0116359222704536
-0.00265768970688445
0.00386786867157442
-0.0370463141732032
0.0870713695313859
0.0203169504346552
0.00781834926973113
0.00047136230559992
-0.0174264540115339
-0.00453015132398621
-0.00150254351535813
0.00482553651339873
-0.00479024288464221
-0.00890399677298138
-0.00357241847019619
-0.00207239566291724
-0.0238503671686548
-0.0529358192992706
-0.00883706884987528
-3.60698400448003e-05
0.00272696838555012
-0.0033291908894475
-0.0084317814584224
0.00555899473997002
0.0196930254792628
0.00174550304436892
-0.00864799614400369
-0.0205206859596817
0.00205178998259195
-0.002925567504211
-0.000122559699310608
0.00406792908465756
0.0024258799879307
-0.00931621958189416
-0.0031924152403145
-0.000549733408507896
0.00195612176614836
-0.00730935615070367
0.00129339901968986
-0.000479849462337594
0.00511805399087774
0.00109834458602137
0.00294258381003558
0.00138566098046519
-0.00502534309083448
0.00053189421511488
-0.00338602280135899
0.00128643754282273
0.000335993819274979
-0.0203991372052177
0.00241669062918409
0.000121161913733996
-0.00750982250360241
-0.000797042406646011
0.00232669309934941
0.00305006257546225
0.00116465392952901
-0.00303660257474686
-0.00518888428233917
-0.00690040772720093
-0.00989245717773869
-0.00668502025401731
-0.00101105592641234
-0.000378126101045858
-0.00950819866113664
-0.00757461415551298
-0.00508832434006563
0.00168488199217121
-0.00249859668982369
-0.0127432590166646
-0.010983752859585
-0.0069797078940501
-0.00580867892644129
-0.0060299811244998
-0.00989551518887745
-0.00531304044441569
-0.00155509159833469
-0.000902883839529713
-0.00173341231737685
-0.00173386847071158
-7.93965514645516e-05
-0.00488215231194476
-0.00155579439019131
-0.00127499675913812
-0.00305682611450801
-0.00303026446430514
-0.00235103387747009
-0.00246935616007301
-0.00214839800074021
