-0.984940088335902
-0.911466335972283
-0.656357001100922
-0.28055250829903
-0.07156163783522
-0.10324016858922
-0.250273045794967
-0.310935811828235
-0.309094436592251
-0.262671568376471
-0.256899684076155
-0.236404264546316
-0.251552686658881
-0.171401800853415
-0.0908358072336632
-0.0381521242767552
-0.119812390228779
-0.0626158165164611
-0.0149321343877914
-0.0320520845106921
-0.0341079656912637
0.00331402071433053
0.00600458149080896
-0.0107009344742429
0.0165286850458339
-0.0185134056897763
-0.0197562938824702
-0.0509126370412718
-0.0322471908337749
-0.031106373741115
-0.0252118260373337
0.00852413923486781
-0.00745127896797706
-0.0261619420215278
-0.0115837294622814
-0.0264869213209978
-0.0307670271174239
-0.0512740689949969
-0.0473847380687304
-0.00221588685177573
-0.00552537520993875
-0.00464222296834543
-0.0158370183595601
-0.0523494925144346
-0.00218170191033368
0.0118072119489786
0.00189110264989016
-0.00552197567938779
-0.0126387073512264
0.00642112639698098
0.0171276532081754
0.00857896382653595
0.00124413080770054
0.00132253171812651
-0.00265617015478672
0.0109326585756154
0.00352565056472585
-0.0126432327239732
-0.00713698563892998
-0.000180331671460233
0.00554869551663638
-0.0248277384213146
0.00465838028241439
-0.0245833099937178
-0.0175411544977028
0.0108639664610593
-0.00883818344564976
-0.0160831862637065
-0.0109892260411313
-0.0197905803906546
-0.00493227421837546
-0.0121910703176907
-0.000897403939249235
-0.00113108266536866
-0.0207364301368626
-0.0077241627761762
0.0019156939978776
-0.00220846679804917
-0.00364926311397851
0.00271086260939491
0.00966693274540153
0.0154915166923987
0.00395381591372373
-0.00694903558941315
-0.00188262775429057
0.00175838662144797
0.00205575941034984
0.005055290527673
0.00127798606758728
-0.0012797596908855
-0.00703541936276509
0.00273506991566531
-0.00749291702891388
-0.0117764610942868
-0.00374353604191817
0.0013946144413041
0.00190741671862022
0.000353527534048899
0.00363880160310284
-0.00264475622266624
0.0032809418967812
-0.00429619966013997
-0.00676932235701946
8.87572891820647e-05
-0.00613268759436714
-0.00661818311315039
-0.013817748891509
-0.00188799686497419
0.0014678046035936
0.00245022449028042
0.00990019689442548
0.000240090181358091
-0.00830970144811757
-0.00391236142671676
-0.00964666094020389
0.000165365842938845
-0.00307767475864901
-0.0100680081057492
-0.00607338710969889
-0.0113281987142405
-0.0238972709474198
-0.00391214251443548
0.00192614161369761
-0.0144069176928034
-0.011066542693524
-0.00517234181903405
6.27600555374477e-05
0.00450557317352586
0.000827189757201471
0.00287749587538457
0.0037520774122626
0.00274153928540862
0.000329443411542321
-0.00346936709750335
-0.00245278273015932
0.00240517110977144
-0.00478436092251405
-0.0114576614218321
-0.010389502572422
-0.00488122306315396
-0.00051149747687448
-0.0014953936720827
-0.00666856894127062
-0.00838600559637262
-0.00613771036537918
-0.0052948182080097
0.00105082733171424
-0.00267819452918885
-0.00299153034802854
-0.0101597198015462
-0.0033352415362252
-0.00376164857094618
-0.00520120378006753
-0.0083677143175597
-0.00761374661445349
-0.00614394311956374
-0.00323507083502553
-0.00204151480824423
-0.000279998651187434
-0.00250199440880931
-0.00300232867055967
-0.00119770173076124
-0.00235114526315494
0.000853185885172552
-0.0011469499161857
-0.000709799837824295
-0.00170997975416477
-0.00202270393080948
-0.000596975965029518
-0.000273547899270378
-0.00076867122817503
-0.000557912934447272
-0.000557912934447277
