-0.971023283238818
-0.899957172305726
-0.476410630721976
-0.250599026681707
-0.420635943840974
-0.485958659989491
-0.476018972381883
-0.350362857844298
-0.185542132388066
-0.162427485562678
-0.0521009209079098
-0.000128112673655416
-0.110134930403903
-0.152086558303155
-0.0691831729032394
-0.0373842592362186
-0.0812026160843441
-0.141228653892117
-0.0868379573599287
-0.0535944490316943
0.0130360731299965
0.0391589717465468
-0.0263282411130074
-0.0350573758897839
-0.0322072839520576
0.00619399282526381
-0.0112951504991456
-0.00193944904186402
0.015191265452202
0.00618064207557508
0.00361249331392691
-0.0458921443372083
-0.0276518086176331
-0.0174079661278303
-0.0246341452368161
-0.0309106774235787
-0.0425325461320892
-0.0195272313282006
-0.0476272687906008
-0.0502000249865731
-0.039717491613054
-0.0144372913324942
-0.00251959008904799
0.00176332538362536
0.000626740379413432
-0.00131871112237171
-0.00196027123876486
-0.00562916838756551
-0.00929673177011879
-0.00581645391663622
-0.0049136274385628
-0.0146613592758853
-0.0186676702653806
-0.0043451513987072
-0.0266958894503564
0.00646294352279327
-0.00218616590347623
-0.0310558964437902
-0.0171494140153403
-0.00598158974217475
-0.0133879402015177
0.00360093725798388
-0.00431784233864212
0.0203162489897425
-0.000186594712697058
0.00023441568296906
-0.0147255013362662
-0.0134006317913093
-0.0214980492257232
-0.00299818106977925
0.0100858309295724
-0.00624375854221099
0.0119873461180835
-0.00117046035843899
-0.0134868877013623
-0.00485468999246391
0.017283663096984
-0.0348491469842688
-0.0224983911093092
0.00154548255300464
-0.00415528877971242
0.00483555914767731
-0.00141677533759484
0.0101410081689826
0.00776281250124226
-0.0034718284435767
-0.0135937268932487
-0.0019663742513627
-0.00940513030930938
0.00526600010931617
0.00480627786088701
-0.0133345325095193
-0.0111569747185042
-0.0070273105760743
-0.00924126089579957
0.00303223936255236
0.00125567758611249
-0.00890253738418965
0.000356701004801986
-0.0319585292520855
-0.0162948399925297
-0.00486892211936032
0.0005441246499378
-0.0044549094468247
0.01260538005127
-0.0145430382496394
-0.00751220965855145
-0.0058628496458334
-0.00513877512577827
-0.00385680898824946
0.0024968774698262
-0.000617173306465525
0.000202660133253171
0.00565869098299337
0.0134380301431125
-0.000235318363375795
-0.0191814552220443
-0.00720786851467179
-0.00187658360701491
0.000839693756779788
0.00835466090600704
0.00369486085598559
-0.00998526475405287
-0.0051926992037265
-0.00218327685199292
-0.00712879383566408
-0.00448163182515269
-0.00140052107403677
0.00264508814563553
0.000946009824458755
-0.0044904424326705
-0.000879099105293209
-0.00158680298736408
0.000272526686006412
0.000451735546357973
-0.0135919787377691
-0.00698754214796721
0.002285889493062
-0.00150760110611043
-0.0152256646240262
0.00165450280495183
0.00152810391565975
-0.000367756796022289
-0.00132956448615402
-0.0035387175521997
0.000352531527143063
-0.00235837914503816
-0.000904291483871231
-0.000823167320093126
-0.000100587315807478
-0.00103981923323653
0.000891075538250656
0.000724372022407576
-0.00123208238966673
-8.37977117769916e-05
0.000286462308477545
-0.00323401691633962
-0.000202901000198764
-0.00128074823444808
-0.00174516387062032
-0.00117665860585116
5.52491961988114e-05
-0.000860468149194202
-3.87277874605054e-05
0.000350341205822664
0.000243858509789979
-0.00233362561403014
-0.00456809873037575
-0.00346551335830078
-0.000380919765239385
-0.00322588124525181
-0.00299981784849616
-0.00299981784849617
