-0.939734148327345
-0.858905364726293
-0.425248500450166
-0.126401810902624
-0.285391369571328
-0.474028053984417
-0.312427080331997
-0.0637503568121812
-0.105981493248606
-0.128205401001462
-0.14330474079185
-0.192014564631152
-0.216353704852634
-0.12113651279805
-0.0851263681743738
-0.0433179677804693
-0.143184851449612
-0.1093382507429
-0.00708355604129882
-0.00929759786512773
-0.135932797391265
-0.184724300711739
-0.0953457361653106
-0.00886505958049397
0.0209245933719528
-0.0470051993504139
-0.111130220857184
-0.0289740160824966
0.0275418629652569
-0.0100359697232816
-0.0229563381183535
0.0288441664445002
0.077907117874309
-0.0193233306863923
-0.0570098704677166
-0.0481156878865938
-0.0122055029147493
-0.00757361388795056
0.0268526186412186
-0.0176561278590268
-0.0155352820186178
-0.00858473695134322
-0.0327460617866719
-0.00362418105200794
-0.00690509905894621
-0.00482447595876175
-0.036797854134202
-0.0168083342800174
-0.00524094743333325
-0.0105377771538493
-0.00393537445419201
-0.00512938865769876
0.00809366898096449
-0.0327122913090809
-0.02302973863176
-0.0169588050779524
-0.00445969657035553
-0.00315420545895984
-0.00351823194117906
0.00332446632383402
-0.00237950620474824
0.000519560947508419
0.00396005165038094
-0.0102453313064406
-0.00766293434602017
0.00965501807282324
-0.0259628549204592
-0.0362007367646681
-0.017674553557548
-0.00756658024554162
-0.011899735563986
-0.00171643086651615
-0.0307287622362837
-0.0259947080498684
-0.0172742040597055
-0.014266758052265
-0.00866386471781391
-0.0524484930708136
-0.0482593637840883
0.000829868203636953
-0.0202518840346887
-0.00167007399147448
-0.00265886927388674
-0.00990968444839352
-0.0053564259003507
-0.00991308476212405
-0.00243689059902458
0.00277155429577084
-0.0220448492708551
-0.00106778674276066
0.0013683209680055
-0.0101146107067858
-0.00578382714596716
0.00545963965014414
0.00848107469776916
-0.00307544322327277
-0.00231574792157852
-0.0113932445898403
-0.000872701241683255
-0.00189147590657158
0.00174452947660071
0.00318607418100132
-0.0177918028718041
-0.00630857426144805
-0.0136885019329687
-0.0142123602895451
-0.0113208668517783
-0.0258147846118164
0.000304223008429663
-0.00085293371094942
-0.0031283359354705
-0.00475501145443726
0.000690972994843731
0.000572833254059994
0.000161973696621967
0.00030283646426292
0.00551489418456013
-0.00831364195254056
0.00100804974036085
-0.0128278482731886
-0.022988307604781
-0.0433273625890061
-0.0128286113370543
-0.00498530006421879
0.00118600204619279
-0.0165453452896758
-0.0244292897740902
-0.00485292870870841
-0.00254328990333485
-0.00246263082913566
-0.00515146067285218
-0.00137284801817702
0.000121329555479555
0.00106780103858815
-0.00101017818689686
-0.00964898391191257
-0.00477812485174163
-0.00340808206544527
-0.00139998707417231
0.00363523093000028
-0.00350687753348822
-0.00415788927365028
-0.00492800568147179
-0.00080324002786663
-0.00602189406511779
0.000158646437604883
-0.000159378540715512
0.00286944898383064
-0.00141081187821714
-0.00223318877860773
0.00105829152046668
-0.00147369756396049
-0.00417654747969101
-0.000814530166149314
-0.00785863735109291
0.000364575632059792
-0.00818824581417922
-0.003584401968245
-0.00807510477307593
-0.0157487489597462
-0.0102497806108208
-0.000530152388232651
-0.00102325696074295
-0.0032066583050759
-0.0013796249749859
-0.00289309591734744
-0.000321256885334754
-0.00201287839187125
-0.000844660149895165
-0.000583270561219919
-0.0039059114303759
-0.0021309812957168
-0.00289734560558619
