-0.994746612125944
-0.888185877763294
-0.540734266168963
-0.295967639262222
-0.182017074302979
-0.195147624438357
-0.280281271908698
-0.237875062058684
-0.0761555802318268
-0.169594654764323
-0.253406562785148
-0.149535186408258
-0.112703575409193
-0.093095048806152
-0.115380122902764
-0.0520109244799036
-0.0171386500735521
-0.00987318157058235
0.00267433058679137
-0.0098055442321209
-0.0157002292993279
-0.0333983183625796
-0.0559124658372412
-0.10578745946189
-0.0577056321804485
-0.0552988840025051
-0.0116976892097927
0.00672576505313298
0.000714916110421062
-0.00729974786503668
-0.0267466510019841
-0.0091194123174504
0.010229514048433
0.020932939660247
-0.00184571183728934
-0.00411852111632214
-0.0153552963066857
-0.00418426790351666
-0.0272283885476629
-0.00391085975040105
-0.000119963707188264
-0.00569930378867812
-0.00983839614052482
0.00778648249959714
-0.0157778282778945
0.0132815585981697
0.00689904669099056
-0.0175821918092542
0.0101772939942177
0.0100498675438214
-0.00147065529476847
-0.0158498201151467
-0.00863427742993443
-0.000546436205285048
0.00149946307517801
0.0014289026251134
-4.0961837707628e-06
0.0253418478067286
-0.00789091364824184
-0.00155588145127985
-0.0119003331009094
0.00602284417442177
-0.0044629599438454
-0.0561646807197009
-0.0280079435283118
-0.00640612891948717
-0.0188937093756996
-0.0308543590099329
0.0088012661197709
-0.00343365789668188
-0.00306011459373961
0.0185087362539566
0.0350415719341205
0.0198694661167983
-0.00092239756772116
-0.0181030310588113
-0.00836121456707396
0.0116809037838742
-0.000291348417166655
-0.00749428383530549
-0.0193133795724644
-0.025965563877001
0.00241098466965882
-0.00691651242095852
-0.00781014002772372
-0.000479577319796982
0.00204190616222458
-0.0071516396695987
-0.0137867255708689
-0.00392883062531271
0.00582048615501466
-0.0409463107208565
0.00294266979900405
0.0111886875558346
-0.00292955722127337
0.000436529154003159
-0.0103182538674957
-0.00372049133274906
0.000253312136915377
-0.0209710955863897
-0.0191319333380006
-0.0116639487932028
0.00755089064745409
-0.0284381967669445
-0.0166341571156776
-0.0184398906504328
-0.00670013827128387
-0.00258798699502022
-0.0077421735345933
-0.0076377480190256
-0.0146953666863113
0.00499150156418238
0.00848238083841203
-0.00273402888340325
-0.000570109368589746
0.0181918881502881
0.0236366404142275
-0.0040311238247589
-0.00650443433289361
-0.0189051810071637
-0.0147479378809037
-0.00284944180278364
0.000573838876939739
-0.0299083559535122
-0.0405648016638786
0.00166484508902178
0.00235791560175245
-0.0038278596861497
-0.00891526805641862
-0.00727120703124005
-0.0198147616710753
-0.00454724959049465
-0.00913205846378033
-0.00288284635374702
-0.00236142573543527
-0.0103390265498606
-0.0336726888315242
-0.0293956416595888
-0.00601407206020673
-0.00271300707447707
0.00495672828861822
0.00131550162888085
-0.00349950492060516
-0.00754867062952343
0.000538006698386373
-0.0151507074982526
-0.00656073267920596
-0.00560809495526726
-0.0146025700921282
-0.00280898457787138
-0.0126766077746199
-0.00084875987538744
-0.00769542548926391
0.00292165067694761
-0.003907503095142
-0.0083186687666183
-0.00943245137158932
-0.00351042495034681
-0.00340521140414051
-0.0016609741488553
-0.000569233158595162
-0.0134149579823108
-0.016186255297758
-0.00752285252558211
-0.00687926684302078
-0.00128872630024203
-0.00276644482092637
-0.0109643193067897
-0.00830198941717681
-0.00256251027121808
-0.00289082140885846
-0.00212512406062177
-0.00277550944619167
