-0.937718771489712
-0.98942866380748
-0.751427081861704
-0.341910680270823
-0.373266425560093
-0.293802790394417
-0.0819096386045717
-0.174859746634388
-0.182741648699378
-0.0643091351738983
-0.0762802659130115
-0.17997268824491
-0.240098428662909
-0.126619232540963
-0.0457404403365592
-0.105838552299068
-0.0256465641965602
-0.00657797565777779
0.00980645502741674
-0.0534984271511917
-0.0805736124972661
-0.00247376071798112
-0.0113223038928802
-0.0291723836035991
-0.0128181179554734
-0.064408676990801
-0.0532153916921582
0.00177596637978376
0.0017165411645654
0.00657852659294349
0.0234849584746702
-0.00638749859063603
0.0110025489714971
0.00915534668715857
-0.00859263275486972
-0.00317678634038225
0.00958041930579431
-0.000281916400992628
0.0127613473671802
0.0137766762505147
-0.00914956593920538
0.000958132685544607
-0.00664095026359398
-0.050057303180214
0.0364478888373258
0.0489719368787427
0.00183355037645693
0.00328871176297133
-0.00748735440228095
-0.00723502326533888
-0.00476873619389857
0.000865205136418832
0.0109315170394672
0.000494672874952792
0.0582886479796936
0.0208118070267564
-0.00475818573423359
0.00374620930580394
0.0210348545693028
-0.0144205536839217
-0.0299895623762918
-0.0198839562770144
-0.0241491772623374
-0.0103329612273941
0.00151996046177518
0.00402167881863406
-0.00163825413493364
0.000864705382655006
0.00105201727947383
0.00466859795056911
-0.000936026254311394
0.00872210654103603
0.00411791177777663
-0.00689505572525892
-0.0117062650112338
0.00159378709203679
-0.0129404666819124
-0.0155449329503054
-0.0150611972390119
-0.0203138291860771
0.00193338945632255
-0.0040165100273351
-0.00079734403414971
0.00626250190367472
-0.0477455146127336
-0.00706915869447991
-0.00399783116750544
-0.000142294278030081
3.15371924772391e-05
0.00819848122501903
0.00138942700896465
0.00589130591670456
-0.00135054028720025
0.00846849841091457
-0.0174362907459045
-0.00613620617808864
-0.0220152699526156
-0.00939254436616132
-0.00326472047556257
-0.00628903182730162
0.0212325528750124
0.011528017730763
-0.00331587117033574
-0.0110564558616625
-0.00030549355294055
-0.0096899113023385
-0.00110425721790478
0.00653296141526516
0.0014964736032758
-0.00673932486724697
-0.0130601695584604
-0.011620546173074
0.00511917324964478
0.00233294234573494
0.000160121797421768
0.00782894908985793
-0.00712655502437207
0.00568235328646489
-0.0133290888378083
-0.00132373748862611
-0.000901684246345584
-0.000346046644246987
0.00284506078188695
-0.00157997541821366
-0.00405997532486281
0.00129456770488593
-0.00171965184227665
-0.000176392291316065
0.00175411741764785
0.000887394341741096
0.00360586037042261
0.00488371474880477
0.000472013213906016
0.00306256340169888
-8.41914061542786e-05
-0.000981116634550355
-0.00346436354490006
0.00105887797277724
0.00268407152295501
-0.0082017383105348
-0.0292554284258283
-0.0066758687332757
-0.00390147482099207
-0.00148752157697321
-0.00103212089664476
-0.0102079964888212
-0.0125867457725192
-0.00176526520476081
-0.00505495459530858
-0.00523280583325505
-0.00626710523084973
0.00019449491744036
-0.0129432153135603
-0.00452376719646728
-0.00502867562769585
-0.00336002800873198
0.000603403498828302
-0.0028170431922451
-0.00784786992280792
-0.0105082086327918
0.00132965264298323
0.000590775440518095
-0.00184315072453516
0.000291802134762325
-0.00727593368769133
-0.0050980439116136
-0.000864894426913917
-0.00230626995827725
-0.00411695294913952
-0.00210645533225271
-0.00189751342522273
-0.000914870593091596
-0.000275485631560553
