4.878048780487799670e-03
1.512195121951220023e-01
2.000000000000000111e-01
2.487804878048779922e-01
2.975609756097559733e-01
3.463414634146340099e-01
4.439024390243900275e-01
4.926829268292680086e-01
5.414634146341460452e-01
5.902439024390240263e-01
6.390243902439020074e-01
7.365853658536589688e-01
7.853658536585369498e-01
8.341463414634150420e-01
8.829268292682930230e-01
9.317073170731710041e-01
9.804878048780489852e-01
1.029268292682929964e+00
1.078048780487800062e+00
1.126829268292679931e+00
1.175609756097560021e+00
1.224390243902439890e+00
1.273170731707319980e+00
1.370731707317069947e+00
1.419512195121950038e+00
1.565853658536590087e+00
1.614634146341459964e+00
1.712195121951219923e+00
1.760975609756100013e+00
1.809756097560980104e+00
1.858536585365849980e+00
1.907317073170730071e+00
1.956097560975609939e+00
2.004878048780490030e+00
2.053658536585369898e+00
2.102439024390239997e+00
2.151219512195119865e+00
2.248780487804880046e+00
2.297560975609759915e+00
2.346341463414630013e+00
2.395121951219509882e+00
2.443902439024390194e+00
2.492682926829270063e+00
2.541463414634149931e+00
2.590243902439020030e+00
2.736585365853660079e+00
2.785365853658539947e+00
2.834146341463410046e+00
2.882926829268289914e+00
2.980487804878050095e+00
3.029268292682929964e+00
3.078048780487800062e+00
3.126829268292679931e+00
3.224390243902440112e+00
3.273170731707319980e+00
3.321951219512190079e+00
3.370731707317069947e+00
3.419512195121949816e+00
3.468292682926830128e+00
3.517073170731709997e+00
3.565853658536589865e+00
3.614634146341459964e+00
3.712195121951220145e+00
3.809756097560979882e+00
3.858536585365849980e+00
3.907317073170729849e+00
3.956097560975610161e+00
4.004878048780489586e+00
4.053658536585370342e+00
4.102439024390240441e+00
4.200000000000000178e+00
4.248780487804880046e+00
4.297560975609759915e+00
4.346341463414630013e+00
4.395121951219509882e+00
4.443902439024389750e+00
4.492682926829269618e+00
4.541463414634150375e+00
4.590243902439019585e+00
4.639024390243900342e+00
4.687804878048780211e+00
4.785365853658539947e+00
4.834146341463410046e+00
4.882926829268289914e+00
4.980487804878049651e+00
5.078048780487799618e+00
5.126829268292680375e+00
5.175609756097560243e+00
5.224390243902440112e+00
5.321951219512199849e+00
5.370731707317069947e+00
5.419512195121949816e+00
5.468292682926829684e+00
5.517073170731710441e+00
5.565853658536579651e+00
5.614634146341460408e+00
5.663414634146340276e+00
5.712195121951220145e+00
5.760975609756100013e+00
5.809756097560979882e+00
5.858536585365849980e+00
5.907317073170729849e+00
6.004878048780489586e+00
6.053658536585370342e+00
6.102439024390240441e+00
6.151219512195120309e+00
6.200000000000000178e+00
6.248780487804880046e+00
6.297560975609759915e+00
6.346341463414630013e+00
6.395121951219509882e+00
6.443902439024389750e+00
6.492682926829269618e+00
6.541463414634150375e+00
6.590243902439019585e+00
6.639024390243900342e+00
6.687804878048780211e+00
6.736585365853660079e+00
6.785365853658539947e+00
6.834146341463410046e+00
6.980487804878049651e+00
7.126829268292680375e+00
7.175609756097560243e+00
7.224390243902440112e+00
7.273170731707319980e+00
7.321951219512199849e+00
7.370731707317069947e+00
7.419512195121949816e+00
7.468292682926829684e+00
7.517073170731710441e+00
7.565853658536579651e+00
7.614634146341460408e+00
7.663414634146340276e+00
7.712195121951220145e+00
7.760975609756100013e+00
7.809756097560979882e+00
7.858536585365849980e+00
7.907317073170729849e+00
7.956097560975609717e+00
8.004878048780490474e+00
8.053658536585370342e+00
8.102439024390239553e+00
8.151219512195119421e+00
8.199999999999999289e+00
8.248780487804879158e+00
8.297560975609760803e+00
8.346341463414630013e+00
8.395121951219509882e+00
8.443902439024389750e+00
8.492682926829269618e+00
8.590243902439020474e+00
8.639024390243900342e+00
8.687804878048780211e+00
8.736585365853660079e+00
8.785365853658539947e+00
8.834146341463409158e+00
8.882926829268290803e+00
8.931707317073170671e+00
8.980487804878050540e+00
9.029268292682930408e+00
9.078048780487799618e+00
9.126829268292679487e+00
9.175609756097559355e+00
9.224390243902439224e+00
9.321951219512200737e+00
9.370731707317069947e+00
9.419512195121949816e+00
9.468292682926829684e+00
9.517073170731709553e+00
9.614634146341460408e+00
9.663414634146340276e+00
9.712195121951220145e+00
9.809756097560979882e+00
9.907317073170730737e+00
9.956097560975610605e+00
1.000487804878049936e+01
1.005365853658540054e+01
1.010243902439020047e+01
1.015121951219509988e+01
1.019999999999999929e+01
1.024878048780490047e+01
1.029756097560979988e+01
1.034634146341459981e+01
1.039512195121949922e+01
1.054146341463409975e+01
1.059024390243899916e+01
1.063902439024390034e+01
1.068780487804879975e+01
1.073658536585369916e+01
1.078536585365850087e+01
1.083414634146340028e+01
1.088292682926829968e+01
1.093170731707320087e+01
1.098048780487800080e+01
1.102926829268290021e+01
1.107804878048779962e+01
1.112682926829270080e+01
1.117560975609760021e+01
1.127317073170729955e+01
1.132195121951220074e+01
1.137073170731710015e+01
1.141951219512199955e+01
1.146829268292679949e+01
1.151707317073170067e+01
1.156585365853660008e+01
1.161463414634149949e+01
1.176097560975610001e+01
1.180975609756099942e+01
1.185853658536590061e+01
1.190731707317070054e+01
1.195609756097559995e+01
1.200487804878049936e+01
1.210243902439020047e+01
1.219999999999999929e+01
1.224878048780490047e+01
1.239512195121949922e+01
1.249268292682929982e+01
1.254146341463409975e+01
1.259024390243899916e+01
1.263902439024390034e+01
1.268780487804879975e+01
1.278536585365850087e+01
1.283414634146340028e+01
1.293170731707320087e+01
1.298048780487800080e+01
1.307804878048779962e+01
1.312682926829270080e+01
1.322439024390240014e+01
1.332195121951220074e+01
1.337073170731710015e+01
1.341951219512199955e+01
1.346829268292679949e+01
1.351707317073170067e+01
1.356585365853660008e+01
1.366341463414629942e+01
1.371219512195120060e+01
1.376097560975610001e+01
1.385853658536590061e+01
1.390731707317070054e+01
1.395609756097559995e+01
1.400487804878049936e+01
1.405365853658540054e+01
1.410243902439020047e+01
1.415121951219509988e+01
1.419999999999999929e+01
1.424878048780490047e+01
1.429756097560979988e+01
1.444390243902440041e+01
1.449268292682929982e+01
1.463902439024390034e+01
1.468780487804879975e+01
1.473658536585369916e+01
1.478536585365850087e+01
1.483414634146340028e+01
1.488292682926829968e+01
1.498048780487800080e+01
1.507804878048779962e+01
1.517560975609760021e+01
1.527317073170729955e+01
1.532195121951220074e+01
1.537073170731710015e+01
1.541951219512199955e+01
1.546829268292679949e+01
1.551707317073170067e+01
1.566341463414629942e+01
1.571219512195120060e+01
1.576097560975610001e+01
1.580975609756099942e+01
1.585853658536590061e+01
1.590731707317070054e+01
1.595609756097559995e+01
1.600487804878050113e+01
1.605365853658539876e+01
1.619999999999999929e+01
1.624878048780490047e+01
1.629756097560980166e+01
1.634634146341459981e+01
1.639512195121950100e+01
1.644390243902439863e+01
1.649268292682929982e+01
1.654146341463410153e+01
1.659024390243899916e+01
1.663902439024390034e+01
1.668780487804880153e+01
1.673658536585369916e+01
1.678536585365850087e+01
1.683414634146339850e+01
1.688292682926829968e+01
1.693170731707320087e+01
1.698048780487799903e+01
1.702926829268290021e+01
1.707804878048780139e+01
1.712682926829269903e+01
1.717560975609760021e+01
1.722439024390239837e+01
1.727317073170729955e+01
1.732195121951220074e+01
1.737073170731709837e+01
1.741951219512190008e+01
1.746829268292680126e+01
1.751707317073169889e+01
1.756585365853660008e+01
1.761463414634150126e+01
1.771219512195120060e+01
1.780975609756099942e+01
1.785853658536590061e+01
1.795609756097559995e+01
1.800487804878050113e+01
1.805365853658539876e+01
1.810243902439020047e+01
1.815121951219510166e+01
1.819999999999999929e+01
1.824878048780490047e+01
1.829756097560980166e+01
1.834634146341459981e+01
1.839512195121950100e+01
1.844390243902439863e+01
1.849268292682929982e+01
1.859024390243899916e+01
1.863902439024390034e+01
1.868780487804880153e+01
1.873658536585369916e+01
1.878536585365850087e+01
1.888292682926829968e+01
1.893170731707320087e+01
1.898048780487799903e+01
1.902926829268290021e+01
1.907804878048780139e+01
1.912682926829269903e+01
1.917560975609760021e+01
1.922439024390239837e+01
1.932195121951220074e+01
1.937073170731709837e+01
1.941951219512190008e+01
1.946829268292680126e+01
1.951707317073169889e+01
1.956585365853660008e+01
1.971219512195120060e+01
1.976097560975609824e+01
1.985853658536590061e+01
1.990731707317069876e+01
1.995609756097559995e+01
2.000487804878050113e+01
2.005365853658539876e+01
2.019999999999999929e+01
2.024878048780490047e+01
2.034634146341459981e+01
2.039512195121950100e+01
2.044390243902439863e+01
2.049268292682929982e+01
2.054146341463410153e+01
2.063902439024390034e+01
2.068780487804880153e+01
2.073658536585369916e+01
2.078536585365850087e+01
2.083414634146339850e+01
2.088292682926829968e+01
2.093170731707320087e+01
2.098048780487799903e+01
2.102926829268290021e+01
2.112682926829269903e+01
2.117560975609760021e+01
2.122439024390239837e+01
2.127317073170729955e+01
2.132195121951220074e+01
2.137073170731709837e+01
2.141951219512190008e+01
2.146829268292680126e+01
2.151707317073169889e+01
2.156585365853660008e+01
2.161463414634150126e+01
2.166341463414629942e+01
2.171219512195120060e+01
2.176097560975609824e+01
2.185853658536590061e+01
2.190731707317069876e+01
2.195609756097559995e+01
2.210243902439020047e+01
2.215121951219510166e+01
2.219999999999999929e+01
2.224878048780490047e+01
2.234634146341459981e+01
2.239512195121950100e+01
2.244390243902439863e+01
2.249268292682929982e+01
2.259024390243899916e+01
2.263902439024390034e+01
2.268780487804880153e+01
2.273658536585369916e+01
2.278536585365850087e+01
2.283414634146339850e+01
2.288292682926829968e+01
2.293170731707320087e+01
2.302926829268290021e+01
2.307804878048780139e+01
2.312682926829269903e+01
2.317560975609760021e+01
2.322439024390239837e+01
2.337073170731709837e+01
2.341951219512190008e+01
2.361463414634150126e+01
2.371219512195120060e+01
2.376097560975609824e+01
2.380975609756099942e+01
2.385853658536590061e+01
2.390731707317069876e+01
2.395609756097559995e+01
2.405365853658539876e+01
2.415121951219510166e+01
2.419999999999999929e+01
2.424878048780490047e+01
2.429756097560980166e+01
2.434634146341459981e+01
2.449268292682929982e+01
2.459024390243899916e+01
2.468780487804880153e+01
2.473658536585369916e+01
2.478536585365850087e+01
2.483414634146339850e+01
2.488292682926829968e+01
2.498048780487799903e+01
2.502926829268290021e+01
2.507804878048780139e+01
2.512682926829269903e+01
2.517560975609760021e+01
2.522439024390239837e+01
2.532195121951220074e+01
2.541951219512190008e+01
2.556585365853660008e+01
2.561463414634150126e+01
2.571219512195120060e+01
2.576097560975609824e+01
2.585853658536590061e+01
2.590731707317069876e+01
2.595609756097559995e+01
2.600487804878050113e+01
2.605365853658539876e+01
2.610243902439020047e+01
2.615121951219510166e+01
2.619999999999999929e+01
2.629756097560980166e+01
2.634634146341459981e+01
2.639512195121950100e+01
2.644390243902439863e+01
2.649268292682929982e+01
2.654146341463410153e+01
2.659024390243899916e+01
2.668780487804880153e+01
2.673658536585369916e+01
2.678536585365850087e+01
2.683414634146339850e+01
2.688292682926829968e+01
2.693170731707320087e+01
2.698048780487799903e+01
2.702926829268290021e+01
2.707804878048780139e+01
2.712682926829269903e+01
2.727317073170729955e+01
2.732195121951220074e+01
2.737073170731709837e+01
2.741951219512190008e+01
2.746829268292680126e+01
2.751707317073169889e+01
2.756585365853660008e+01
2.761463414634150126e+01
2.771219512195120060e+01
2.780975609756099942e+01
2.785853658536590061e+01
2.790731707317069876e+01
2.795609756097559995e+01
2.800487804878050113e+01
2.805365853658539876e+01
2.810243902439020047e+01
2.815121951219510166e+01
2.824878048780490047e+01
2.829756097560980166e+01
2.834634146341459981e+01
2.839512195121950100e+01
2.849268292682929982e+01
2.854146341463410153e+01
2.859024390243899916e+01
2.863902439024390034e+01
2.868780487804880153e+01
2.873658536585369916e+01
2.878536585365850087e+01
2.883414634146339850e+01
2.893170731707320087e+01
2.898048780487799903e+01
2.902926829268290021e+01
2.912682926829269903e+01
2.917560975609760021e+01
2.922439024390239837e+01
2.927317073170729955e+01
2.937073170731709837e+01
2.941951219512190008e+01
2.946829268292680126e+01
2.951707317073169889e+01
2.956585365853660008e+01
2.961463414634150126e+01
2.976097560975609824e+01
2.980975609756099942e+01
2.985853658536590061e+01
3.005365853658539876e+01
3.010243902439020047e+01
3.019999999999999929e+01
3.024878048780490047e+01
3.029756097560980166e+01
3.034634146341459981e+01
3.039512195121950100e+01
3.059024390243899916e+01
3.063902439024390034e+01
3.068780487804880153e+01
3.078536585365850087e+01
3.088292682926829968e+01
3.093170731707320087e+01
3.098048780487799903e+01
3.107804878048780139e+01
3.117560975609760021e+01
3.127317073170729955e+01
3.132195121951220074e+01
3.137073170731709837e+01
3.141951219512190008e+01
3.146829268292680126e+01
3.156585365853660008e+01
3.161463414634150126e+01
3.171219512195120060e+01
3.185853658536590061e+01
3.200487804878049758e+01
3.205365853658540232e+01
3.210243902439020047e+01
3.215121951219509810e+01
3.220000000000000284e+01
3.229756097560979811e+01
3.234634146341460337e+01
3.239512195121950100e+01
3.244390243902439863e+01
3.249268292682930337e+01
3.254146341463410153e+01
3.259024390243899916e+01
3.263902439024389679e+01
3.268780487804880153e+01
3.278536585365849731e+01
3.283414634146340205e+01
3.288292682926829968e+01
3.293170731707319732e+01
3.298048780487800258e+01
3.302926829268290021e+01
3.307804878048779784e+01
3.312682926829270258e+01
3.317560975609760021e+01
3.322439024390239837e+01
3.327317073170730310e+01
3.337073170731709837e+01
3.346829268292680126e+01
3.351707317073169889e+01
3.356585365853659653e+01
3.366341463414629942e+01
3.371219512195119705e+01
3.376097560975610179e+01
3.380975609756099942e+01
3.385853658536589705e+01
3.390731707317070232e+01
3.395609756097559995e+01
3.400487804878049758e+01
3.405365853658540232e+01
3.410243902439020047e+01
3.415121951219509810e+01
3.420000000000000284e+01
3.429756097560979811e+01
3.434634146341460337e+01
3.439512195121950100e+01
3.444390243902439863e+01
3.449268292682930337e+01
3.454146341463410153e+01
3.459024390243899916e+01
3.483414634146340205e+01
3.488292682926829968e+01
3.493170731707319732e+01
3.498048780487800258e+01
3.502926829268290021e+01
3.507804878048779784e+01
3.512682926829270258e+01
3.517560975609760021e+01
3.522439024390239837e+01
3.527317073170730310e+01
3.537073170731709837e+01
3.541951219512200311e+01
3.546829268292680126e+01
3.556585365853659653e+01
3.561463414634150126e+01
3.571219512195119705e+01
3.580975609756099942e+01
3.585853658536589705e+01
3.590731707317070232e+01
3.595609756097559995e+01
3.600487804878049758e+01
3.605365853658540232e+01
3.615121951219509810e+01
3.620000000000000284e+01
3.634634146341460337e+01
3.639512195121950100e+01
3.644390243902439863e+01
3.649268292682930337e+01
3.654146341463410153e+01
3.659024390243899916e+01
3.663902439024389679e+01
3.678536585365849731e+01
3.683414634146340205e+01
3.688292682926829968e+01
3.693170731707319732e+01
3.702926829268290021e+01
3.707804878048779784e+01
3.712682926829270258e+01
3.717560975609760021e+01
3.722439024390239837e+01
3.727317073170730310e+01
3.732195121951220074e+01
3.737073170731709837e+01
3.741951219512200311e+01
3.746829268292680126e+01
3.751707317073169889e+01
3.756585365853659653e+01
3.761463414634150126e+01
3.776097560975610179e+01
3.780975609756099942e+01
3.785853658536589705e+01
3.790731707317070232e+01
3.795609756097559995e+01
3.800487804878049758e+01
3.805365853658540232e+01
3.810243902439020047e+01
3.815121951219509810e+01
3.820000000000000284e+01
3.824878048780490047e+01
3.834634146341460337e+01
3.839512195121950100e+01
3.849268292682930337e+01
3.854146341463410153e+01
3.859024390243899916e+01
3.868780487804880153e+01
3.873658536585369916e+01
3.878536585365849731e+01
3.888292682926829968e+01
3.893170731707319732e+01
3.907804878048779784e+01
3.912682926829270258e+01
3.917560975609760021e+01
3.922439024390239837e+01
3.927317073170730310e+01
3.932195121951220074e+01
3.941951219512200311e+01
3.946829268292680126e+01
3.951707317073169889e+01
3.956585365853659653e+01
3.961463414634150126e+01
3.980975609756099942e+01
3.985853658536589705e+01
3.990731707317070232e+01
3.995609756097559995e+01
4.000487804878049758e+01
4.005365853658540232e+01
4.010243902439020047e+01
4.020000000000000284e+01
4.024878048780490047e+01
4.029756097560979811e+01
4.034634146341460337e+01
4.039512195121950100e+01
4.044390243902439863e+01
4.049268292682930337e+01
4.054146341463410153e+01
4.059024390243899916e+01
4.068780487804880153e+01
4.073658536585369916e+01
4.093170731707319732e+01
4.098048780487800258e+01
4.107804878048779784e+01
4.112682926829270258e+01
4.117560975609760021e+01
4.122439024390239837e+01
4.127317073170730310e+01
4.132195121951220074e+01
4.137073170731709837e+01
4.141951219512200311e+01
4.146829268292680126e+01
4.151707317073169889e+01
4.156585365853659653e+01
4.161463414634150126e+01
4.166341463414629942e+01
4.171219512195119705e+01
4.176097560975610179e+01
4.180975609756099942e+01
4.185853658536589705e+01
4.190731707317070232e+01
4.195609756097559995e+01
4.200487804878049758e+01
4.205365853658540232e+01
4.215121951219509810e+01
4.220000000000000284e+01
4.229756097560979811e+01
4.234634146341460337e+01
4.239512195121950100e+01
4.244390243902439863e+01
4.249268292682930337e+01
4.254146341463410153e+01
4.259024390243899916e+01
4.263902439024389679e+01
4.273658536585369916e+01
4.283414634146340205e+01
4.293170731707319732e+01
4.298048780487800258e+01
4.302926829268290021e+01
4.312682926829270258e+01
4.317560975609760021e+01
4.332195121951220074e+01
4.337073170731709837e+01
4.341951219512200311e+01
4.346829268292680126e+01
4.356585365853659653e+01
4.361463414634150126e+01
4.371219512195119705e+01
4.376097560975610179e+01
4.385853658536589705e+01
4.390731707317070232e+01
4.395609756097559995e+01
4.400487804878049758e+01
4.410243902439020047e+01
4.415121951219509810e+01
4.420000000000000284e+01
4.424878048780490047e+01
4.429756097560979811e+01
4.434634146341460337e+01
4.439512195121950100e+01
4.449268292682930337e+01
4.459024390243899916e+01
4.463902439024389679e+01
4.468780487804880153e+01
4.478536585365849731e+01
4.483414634146340205e+01
4.488292682926829968e+01
4.493170731707319732e+01
4.498048780487800258e+01
4.507804878048779784e+01
4.517560975609760021e+01
4.522439024390239837e+01
4.532195121951220074e+01
4.546829268292680126e+01
4.551707317073169889e+01
4.556585365853659653e+01
4.561463414634150126e+01
4.566341463414629942e+01
4.571219512195119705e+01
4.576097560975610179e+01
4.580975609756099942e+01
4.590731707317070232e+01
4.595609756097559995e+01
4.600487804878049758e+01
4.605365853658540232e+01
4.615121951219509810e+01
4.620000000000000284e+01
4.624878048780490047e+01
4.629756097560979811e+01
4.634634146341460337e+01
4.639512195121950100e+01
4.649268292682930337e+01
4.654146341463410153e+01
4.659024390243899916e+01
4.663902439024389679e+01
4.668780487804880153e+01
4.673658536585369916e+01
4.678536585365849731e+01
4.683414634146340205e+01
4.688292682926829968e+01
4.698048780487800258e+01
4.702926829268290021e+01
4.712682926829270258e+01
4.717560975609760021e+01
4.727317073170730310e+01
4.732195121951220074e+01
4.741951219512200311e+01
4.746829268292680126e+01
4.751707317073169889e+01
4.756585365853659653e+01
4.761463414634150126e+01
4.766341463414629942e+01
4.771219512195119705e+01
4.776097560975610179e+01
4.780975609756099942e+01
4.785853658536589705e+01
4.795609756097559995e+01
4.800487804878049758e+01
4.805365853658540232e+01
4.810243902439020047e+01
4.820000000000000284e+01
4.824878048780490047e+01
4.829756097560979811e+01
4.834634146341460337e+01
4.839512195121950100e+01
4.844390243902439863e+01
4.854146341463410153e+01
4.859024390243899916e+01
4.863902439024389679e+01
4.868780487804880153e+01
4.873658536585369916e+01
4.883414634146340205e+01
4.888292682926829968e+01
4.893170731707319732e+01
4.898048780487800258e+01
4.902926829268290021e+01
4.907804878048779784e+01
4.917560975609760021e+01
4.922439024390239837e+01
4.927317073170730310e+01
4.941951219512200311e+01
4.956585365853659653e+01
4.961463414634150126e+01
4.966341463414629942e+01
4.971219512195119705e+01
4.985853658536589705e+01
4.990731707317070232e+01
4.995609756097559995e+01
