-0.9657337527487
-0.742488587246249
-0.424362410452425
-0.588616665327291
-0.295118881896493
-0.0296259160402123
-0.162160050542183
-0.0800259267818521
0.0268596014152592
-0.0244110058701776
0.0277218979115505
0.00312884087159323
0.000366466454797847
-0.0155665301654134
-0.00380552554019429
0.0152403727190909
0.00941248341735362
0.00158096094259051
0.00973100171763447
0.00859995444500497
-0.00835953864833046
0.0115391010380369
0.0108309380064006
-0.074824848499361
-0.0460431709731646
0.0219208399837126
0.0306266889766134
0.0158622122253656
0.0186770550073797
0.0284877948239083
-0.000899887339189218
0.0376471874279869
0.0305184486126643
0.105401942950889
-0.0173025001183295
-0.02916554702547
-0.00824575065725711
0.00293584610607251
0.000673374759086617
-0.00270688318511823
-0.002228992194536
0.00445896793017781
0.0067605046113568
0.00388122642586811
-0.0187832098572066
-0.00721714967967796
-0.000439108587644991
-0.00131375093593092
-0.011281022242955
-0.00426538009065148
-0.00187707826017351
-0.00634984724022392
-0.00289559505487652
0.00817772916067832
0.0288422305978039
-0.0121375770625113
-0.0169679737555326
-0.00214979759732555
0.0207572700383502
0.0364183577700928
0.00124475620667111
0.0146714351850095
0.025079316747545
0.0226526549224214
-0.00452741016139988
0.00278189572168995
-0.0151730393644314
0.0187460541806552
0.0161914702107281
-0.014293805305161
-0.00262984662432783
0.0416005974501396
-0.0155971126532166
0.000427270676191017
0.00945825625180585
0.0137591304121405
-0.0194124734135239
-0.0190546440607977
-0.00768951226788145
0.00384278978531144
-0.00998361281376703
-0.0202692072334324
0.00020401505082897
0.0119885052945522
0.00095349446608925
-0.00121221546877706
-0.00255837289121962
-0.00693140605430021
0.000868072543874402
-0.0144293459261376
-0.00387197374063901
-0.00248581631905207
-0.00478147014267108
-0.00485598368814271
0.00202040362140991
-0.0377717817933848
2.214242195885e-05
0.00135118931157286
-0.0290132311363401
-0.0044038740145184
-0.0101013864751243
-0.00630451505908688
-0.00352278674900895
-0.00214734585971803
-0.021246028118726
-0.00258472132307517
0.00782421165982972
0.00739897601295718
0.00533558030036674
0.00398199529246664
-0.000429251593538429
-0.00503954966533445
0.00270564471130345
0.00156227719554502
-0.000367008834652733
0.000722653753978903
0.00424910331540949
-0.00750583282960909
0.00926248034235105
-0.00173630163265343
-0.00595118117883162
-0.0062492316574974
-0.0208409998979287
0.0254884880733902
-0.0086675239068548
-0.0174696584002909
-0.000653177689709994
-0.0133979354631445
-0.00110923561258411
-0.000536630120949216
-0.0364538015325302
0.0101245125691917
-0.00479735259042506
-0.00254923149268785
0.00809998380131854
0.0290055338065245
0.0151307710711812
-0.0127849183960168
-0.00647063390695076
-0.0299036157043051
-0.00401294788581169
0.00611722240461161
0.00677793284928294
0.0086421664758692
-0.00362088314812826
0.0300668410740208
-0.00993295251493694
-0.0121337707801974
0.00375429922832582
-0.00441161896784139
0.00152321614870956
-0.00612940426177563
-0.00481540629397651
-0.00828175992877107
-0.00497643244108355
0.0178864129357055
0.03817594799049
0.00315567899439427
0.000107476723999063
-0.0192923416719669
-0.0211928228009745
0.000532810866908763
0.0120388446844311
0.000739754627202314
-0.00117522551800118
-0.00112092074656553
-0.00992081683366228
-0.00932748492463003
0.00775850152641136
-0.0103193345170187
-0.0197923215818994
-0.00659835726559282
0.00169332258337142
0.000470171947816504
0.00287245337946998
0.0179464712663673
0.00532785892725883
0.00136812295296075
0.0244591856347117
-0.000583378091003572
-0.00101450319497202
-0.00169860084521516
-0.00693308584028102
0.00329632221404636
0.00360905034355497
0.00405412047110234
-0.00384684267350499
0.000196403063597405
-0.00204019378127766
-0.0034202661917262
-0.0173101741526768
-0.0135375050413564
-0.00548874019180003
0.00208051903712734
-0.0103742954132167
0.00444620675563259
0.0026647903927565
-0.000435368593683139
0.00409917367564846
-0.00719456570696887
-0.00178426685992715
-0.0105816162204429
-0.015821229093906
0.00316882117420505
0.00668908180513016
0.00529652940866265
-0.00575161102513634
-0.0379867004545182
-0.00666629312830605
-0.00736196999078777
-0.0152608816774975
-0.0117952915267081
-0.00309141040787684
-0.0024587757655445
-0.00186973791827845
0.000171329950169316
-0.0145124998702491
-0.00172807033678245
-0.00727847052289422
-0.00704145660313074
-0.000459839034686789
-0.000446511108231798
-0.00365698631290676
-0.0101089352721919
-0.00304032662718718
-0.00411692372266503
-0.0018774860043917
4.13156792449096e-05
0.00119868263916241
-0.00271183992393367
-0.00093208784394126
-0.0155290022982069
-0.00240384498026129
-0.00420063463147864
-0.00395338191588795
-0.00286548641542517
0.00116838089646593
-0.000558985487962374
-0.00434841571708742
-0.000564265416478834
-0.00327366052644707
0.0012222821803463
-0.000363544969299403
-0.00148964928302778
-0.000388886019299239
-0.00273434824632115
-0.000170561914737403
-0.00381392649470853
-0.00288235034137787
0.00211801009964254
-0.00633614524937864
1.38931961329246e-05
-0.00288117838096915
-0.00169941750933721
-0.0098801221804664
-0.00185263466108511
-0.00285256020135299
-0.00125160154386737
-0.00174148872794776
