-0.958607363522265
-0.861684148815911
-0.412636581105025
-0.191435379830991
-0.23182133700731
-0.132352542894853
-0.0169997921882908
-0.0170866432446617
-0.0344442617118841
-0.0258778522441218
-0.00380278461897624
-0.0201897109309327
0.000690745959416945
0.00888313773080688
0.0112025958390055
0.0433499922512915
-0.0036384360865285
-0.0369423247834285
-0.0852280995356312
0.00106600614291098
-0.0143221740881367
0.00576737807930071
-0.0123352700415287
0.0176300288345624
-0.0122027412661824
-0.00987464867590677
-0.00356210022234439
-0.0150838646572939
-0.0192232686643271
-0.00270508212330369
0.0098721891297528
0.0207510727256258
-0.00344925699775284
0.0117090625779488
-0.00264054786606023
-0.0142657284191685
0.0231766403381423
0.0127771040354594
0.0133019556742393
0.00741251968066049
0.0262261747876046
0.0177430006259884
-0.0128670482663846
-0.00047720411359177
0.0184420701748643
-0.00505236510623832
-0.0292626999500028
0.00131295004528071
0.012489947936419
-0.00511093419061072
-0.0193979278924311
-0.0305824793421631
-0.000665134406330942
-0.00805234008238134
-0.00280118362946672
-0.0153113310733944
0.013744329630313
0.00224325713322286
0.0104330677557839
-0.00343881271047693
-0.0169336528547759
-0.00920601308386775
-0.0134235838803846
-0.0133148691404811
0.0161628536977012
0.0354076811387389
0.0320758610619496
0.0130828829129624
0.00382770929865098
-0.0109213720685687
0.0166795064244995
-0.0231072587623211
-0.0191447372786158
-0.0109384612413063
-0.017657513314176
0.000162710039509389
-0.00271944717709582
-0.0258867090364531
0.0236925489706091
0.00245909561678584
-0.000608288427142067
0.00198215414169624
0.0175720273018038
-0.000171361969372209
0.012961240409682
-0.00166032839927512
-0.0453884021618078
0.00474108345617982
-0.0116686052647025
0.00375443510014231
0.00627634581868274
0.000481118404424137
0.0128861895886191
-0.0144719104120131
-0.011397815910379
-0.023226783244057
0.00430161932360869
0.00218906006263923
0.00834218279440187
-0.0116985129380166
0.00928332798088766
0.00223120763373486
-0.0418679611414062
-0.0316297785992297
0.00803393700921626
0.00904269177499017
-0.0047830432422619
0.026064310951666
-0.00941228535971434
-0.0169400457217989
8.54798276949748e-05
-0.0180364269798316
0.0146972852972792
-0.00911577156024356
0.00886341350338061
0.000251838888906434
-0.000824060001755254
0.0119883142467905
-0.0439244125535016
-0.000576699827307894
-0.0127595831813084
-0.0155076899801264
-0.00315405711875746
-0.000468145063526628
0.012630710960324
-0.00328672698716594
0.0109713618803999
-0.0287680594808584
0.00994542700605914
-0.00448262523207601
0.0104302215743586
-0.0234762202756015
0.000591898421362296
0.00243468213288876
-0.0354174591059347
0.00342958503841456
-0.000924159392117263
-0.00513121381197579
-0.0631010620866089
-0.000992666316649482
0.0139080838934469
-0.000977233440740867
-0.00234758401059275
-0.025218278825022
-0.00542289743487871
0.0159443238004539
-0.00409955703323136
-8.44446246058101e-05
-0.00381758766758244
0.00276077903808988
-0.00334376097615581
-0.0070163615407997
0.022202564104954
0.00375577138261404
0.0208283240310996
-0.00769021679953476
0.00145695260909312
-0.0101650566448321
-0.0139312134373333
-0.00481040328007103
-0.0197256385923605
-0.00157006245752374
-0.00136656601537014
-0.00442444621905871
-0.00365112233629539
0.00206891863424366
-0.00268033585428364
0.00688925861793252
-0.0103030207610267
-0.00569303382839215
-0.00239658284081948
0.00919353141673475
-0.00533301786909414
-0.0133428429416243
0.0015794148692212
0.00714880519332846
-0.00426295631882561
0.00428357197893196
-0.0031052999550085
-0.0086415659761028
0.00335967316797157
-0.00714140921815949
-0.00488490706625035
0.00636540864693897
0.0118016490138586
-0.00310211844947406
-0.00945455299688221
-0.000348827905694793
-0.0109251111007442
-0.000149510408854475
-0.00204654679434764
-0.00838497637345725
-0.0031164017582339
-0.00949221645275275
-0.000509321080304189
-0.00435536148875615
-0.000175796758060654
-0.00465579106459695
-0.00590270450977287
-0.0150672364432065
0.0062730390313779
0.00166987957115854
-0.00224034552291284
-0.00500557109018364
-0.00178026942952644
-0.0019162858712805
0.00276375492678607
-0.00503468120047677
-0.00420804220675243
-0.00274900343043493
-0.00624924226291882
0.00532562020750166
0.00192394528690172
0.00621688648019051
-0.0013670520160386
-0.000809109322759672
-0.00493467605826922
-0.00237805243606928
0.000833294073895625
-0.00816839911229678
-0.00260941839415101
-0.00386284527430308
0.00162948953105897
-0.00860686509250529
0.000127426294964882
0.00198502318304746
-0.00110805786396387
-0.000711735600757413
-0.0016735199638215
-0.000804433879071159
-0.0023985255265587
-0.00295475476777812
0.00337268482232129
-0.00638306858147662
-0.00412301645710008
0.00170261404395019
-0.00872623051935245
-0.0030523193409523
-0.00136837429672784
-0.000955070313119798
-0.00382684582564677
-0.00137717089858658
0.00201679070576496
0.00265407424688096
-0.000413401186551862
0.00101734092666785
-0.00134268712933009
0.000234465109920515
-0.00122957894512058
0.00290046383902473
-0.000888661999054827
0.00109817689723345
-0.00361434007795048
0.00212926164991638
-0.00123390384596544
0.000267030959980652
-0.000282085806362546
-0.00307186245936994
-0.00265840079482126
