-0.989709075859903
-0.887384251185196
-0.325808938297232
-0.545960863834764
-0.340315443197932
-0.0917997044858338
-0.145970724353234
-0.0843474021173932
-0.0240906844520829
-0.00190075001997073
-0.00988959438531186
-0.00340598377710415
0.0663806816947165
-0.0494532341240155
0.0290686116601857
-0.0146527723165761
0.0182162174968331
-0.0849790396254665
-0.00851448806423337
0.0145934143726843
-0.0138938541232707
-0.0561347734881943
0.0365301954606304
0.00883672595277846
0.0239254325916417
0.000477843387592573
0.0162831162402072
-0.00260010490360555
-0.00964198841445885
-0.0120462270656874
0.0162306335566935
0.0144934973379284
0.02402482742095
0.052571644811617
-0.0285938370377013
-0.038963835587806
-0.0431395337748176
-0.00865321893354067
0.0166744667414924
0.0648121265705804
-0.0042310590416279
-0.00241946705937196
0.0309363304840865
-0.0330210637296316
-0.0269184962673931
-0.00450827548082093
-0.0102041394159012
0.0125613699008448
-0.029726879745773
0.00268467572637113
0.00123739989708579
0.00248853149812215
-0.00844369152253191
-0.00571784910820777
0.0027344772380402
0.00287524682615683
-0.071865636995677
0.0173764938697442
0.00930806675608241
0.0337530005781616
-0.0122163478133063
0.0126887382657989
-0.00254790964855231
0.0170313888539353
-0.0213497281384768
-0.00209450736136489
-0.0142670679579875
0.0107181925754778
-0.00196634395956161
0.001356582611531
0.0299329952022985
-0.0094441900430997
0.00473018075833518
-0.00953258483719219
0.0113357596110758
0.0138436910248482
-0.0270691001010017
0.00661062289112376
-0.00130416380126696
0.0196142128257119
0.000520200877169346
0.00253225724554175
0.00648507546670312
0.00266463482434118
-0.0252714701071516
0.0173983995637541
0.00696034315751139
-0.0187186176366313
-0.0232209814389575
0.00490807236740629
0.00233570513299658
0.00405004920804369
0.0033576105834724
-0.000672110429877759
0.0191586873063012
-0.00226566168245828
0.00384102532966668
0.0124479703904709
0.00151943442674761
-0.00724837829540863
-0.00556333073107696
0.0330455195638319
-0.000738678726146231
0.00729038460098352
0.0128161911478082
-0.0126106681859119
-0.023232308073697
-0.00764669440267352
-0.0121724523320148
-0.0210125751713043
-0.0122885905858074
0.0284613326353494
0.00244561466798983
-0.016654244280471
-0.001117679642273
0.00631146892140346
-0.00993109650518441
0.00955402353708282
0.00598637943042194
0.00250747268885158
0.0108926665185627
0.00205043727941016
-0.00628003034840904
-0.00206870204138689
0.00210045646488836
-0.0180567399879955
-0.0109155526683466
-0.0326389853713261
0.00389632158395464
-0.00229272346401808
0.00151134648818217
0.0311020483109451
-0.0170968930026001
0.000435861223802936
-0.0143060829592104
-1.60738567075034e-05
-0.0529747340804038
-0.0119635794891034
-0.00752284411806982
-0.0251493878307835
-0.0406799692223514
0.0106922842415779
0.0207197240396282
-0.0281910855798883
0.00143693168123398
-0.00457157104018037
-0.00302280492259448
-0.000967301460829717
-0.0030385560970088
-0.000672988558835635
0.00118168859851001
-0.0124911930644216
0.0068616206415496
0.0211290953035709
0.0112179327961626
0.00258790591096854
0.0152322863227873
0.00293382970392745
-0.000528870811832339
0.00407293100053604
-0.0122171739784142
0.0162389675709901
-8.25789385338008e-05
-0.00975455868498362
-0.0162932895693005
-0.00557759946814125
-0.00821712788902672
-0.00204466111521034
0.00718233802885525
0.00887944476542608
-0.000496145349698949
0.00996058946786267
-0.00924679813947886
0.00428753729596438
0.0050056312200259
-0.00461399392382496
-0.00961126370280771
0.00246368047435238
-0.00243733819349167
0.0193553955418678
-0.0250179302687466
-0.0134749646613592
0.00234028707279132
-0.00438594091514095
-0.012656303176021
-0.00954284680836358
0.00283353411230454
0.00388038780595341
-0.0469168998106641
-0.0152657276939608
-0.0154422884759438
-0.00159626798437082
-0.00438398604327253
-0.00685347365829335
-0.000300848818134104
-0.00344105862471102
0.000331691089424773
0.0139318464550527
0.00111576317708696
-0.00522025405642326
0.00499214341007297
-0.00344985227332556
-0.00381802419609971
-0.011879181048231
0.00102779259385686
-0.00361182580987936
-0.00833582232967229
0.00283696861672719
-0.00803601471158813
-0.00316908877007648
-0.0137153224838283
-0.0118002209081977
-0.00154028517035111
-0.000445774074312105
0.00615350916759265
-0.0124084342419713
0.00197700472528303
-0.00580738482333478
-0.00544811235058566
0.000852859452665437
-0.00804761946026148
-0.00837158737449173
0.000680115723831943
0.00208704713679035
-0.00329014321857178
0.00270681833830034
0.000827188510081985
-0.00212414358256103
0.000399468624451988
-0.000518741085713442
0.00271402998585054
-0.00285037964950846
-0.00455837015255379
0.00036341059634726
0.000838430182742688
-0.00189154590388899
0.00152820764584062
-0.00372991872581716
-0.00671262612897697
-0.000527123826483073
0.000991137101312143
0.00391124823725628
-0.00050430597091076
0.00108337755742174
-0.00232799241908916
0.00100015555368005
0.000992320573917123
-0.0030355402876203
-0.000835907021605851
0.000265199397676595
-0.00860253929364494
-0.000607781800390109
-0.00264852598528279
-0.00495380851656513
-0.00164443639203693
-0.00417826726278238
-0.00236268209484211
-0.00132240034284523
-0.00215687869001628
