-0.976555313884365
-0.758994766491938
-0.454172629515745
-0.448887818945448
-0.450263800793404
-0.239725426712736
-0.093991472168791
-0.0207574695935889
-0.0653977281561347
-0.0390201711175284
-0.0516532429270565
-0.00390821224038899
-0.0617230961500633
-0.0116274664262639
0.0350926817744538
0.0137043245764922
-0.0117889412806247
-0.00425997731297764
0.00232888290771282
-0.0126991664745245
0.029476829350319
0.00296124886207164
-0.00576679308318837
0.00556689216368254
0.000211132817768026
-0.025239515939354
-0.00100571771572359
-0.00187855759781788
-0.0156693319333007
-0.00418320168313345
-0.000290617712382597
0.0163092623846475
0.0315197105691384
0.00251937016334646
-0.0400565345179761
0.00588522861617574
0.0117995591535732
-0.0146900902099461
0.0566361148780807
0.0211101529787683
-0.00971083996238424
-0.0109277793552187
0.00713605715778353
-0.000544210175049552
-0.00167666498069638
0.00747817767916966
0.005539685974295
-0.00589579716462206
0.00327421010803078
0.00143041745598829
0.0288579555292119
0.0250213453015293
-0.00665984698743299
-0.0217027119658368
-0.0178183358679841
0.0205356941981643
-0.0198243207225464
0.00224794650978463
0.0038555300747262
0.00923489364874848
0.00378952536754684
-0.00698347151345451
0.00252127219678825
-0.019244259274831
-0.0120572214727432
0.0164138579872192
0.0351983601259949
-0.00326558281684437
0.00746951441399074
0.0279773702538739
0.00693775143183066
-0.0005501731490499
-0.0180912519615199
0.014185520586922
0.00564497154807641
0.00140440510787957
0.00647561581544494
0.00821458537453995
0.0259948993037819
0.000979038833729868
-0.00221234070385857
-0.0087645107518444
0.00184433074096241
0.00450846475648616
-0.00123100509664287
0.0187646988814542
0.000954693290693445
0.00659018772127524
-0.00891841760836559
-0.00258164214008299
2.30182384957371e-05
-0.00282418095555453
-0.00156061717371394
0.00124402023849036
-0.012399819465817
0.00359981325897933
0.00815201453457914
0.00381897882167473
0.00650736207265437
-0.00499113372125351
0.00240567788159055
-0.0165269566720693
-0.015698661673014
-0.00277190956120124
0.0202765389847085
-0.00686865236448762
0.0106862892293764
0.00595077680594382
-0.000145670728416045
-0.0123585576693287
-0.0173828668197299
-0.0256243913494982
-0.00481485772155898
0.00486938758935223
-0.0152551978627255
-0.00891954500782717
0.000352354930719659
-0.000137427217785346
-0.00300674367088746
0.000135786937517912
-0.0127483368162137
0.00348735471805541
0.0112103377275383
0.00263711847520094
0.00106065646334318
-0.00284367293468697
-0.000708016711791332
-0.00424055165833583
0.00250641638986973
-0.00363115258942014
-0.00634880942385593
0.00907424666272526
0.00268549804588775
-0.00395063211855937
-0.0209206888573231
0.00247212901668446
-0.00283627915217229
0.00127146395710299
-0.007313703192666
0.000985529713177834
0.000393389662007551
0.00493946895754083
0.000517764644588125
0.00698638639574877
-0.00901367011741732
-0.000190909582979112
-0.00664556617483175
-0.00542073837153796
-0.00121147086619864
-0.000410189462630278
-0.00709207862594084
-0.00429809431566736
-0.00632016009373496
-0.00202087562303332
0.000635851775984112
0.0154963428321773
0.000211478230074578
0.020400918060332
-0.00312670842006407
-0.00367556301963772
0.0248251018229517
0.00590844422050954
-0.00658584126466915
-0.00821240441430144
0.00495111008200675
0.00193447128470588
0.000366533289544858
-0.00287535470897611
0.00891543821417601
-0.00320969500013181
0.00104688732524062
-0.00641746985075109
-0.0143485243542778
0.00716973635028018
-0.00489309452180732
-0.0182475838539108
0.00049556349278756
0.00779289604147088
-0.0100461570348063
-0.00115778732863034
0.0164033206536322
0.0072370075656921
0.0138971788081071
0.00500319741569485
0.0054343405805094
-0.00597458555113542
-0.00869331938774255
0.000535789307248491
-0.00424678403406725
-0.00252379988892313
0.000776511359414866
-0.000724646126077809
-0.000316827845893173
0.00564532603160994
-0.000979793232884995
-0.00501279997247476
0.000998055570096953
-0.00118899828591318
-0.00220850396977327
0.00458399821218818
0.00709896235425853
0.0044926005200119
-0.00112226833841801
-0.00551499053098342
-0.0141706282059312
-0.0105594899433065
-0.00215803693144671
-0.000667428175256262
0.00559393304915122
-0.00313444134006965
-0.00520191103896557
0.00170481269590144
0.000924538386810525
-0.00739144049767639
-0.00119677014238061
-0.00340800931037749
-0.00242372503933803
0.00492614128614521
0.00646225816403776
-0.00255638425404105
0.000414504727999075
-4.21706838926554e-05
0.00134588642536713
-0.00109603805198421
0.00016830146717258
-0.00536444872524477
0.00052864708386775
-0.00021784973951734
-0.00124022871860402
-0.00250071499872715
-0.00112356242268194
-0.00106372521722243
0.00676338297310711
0.00319272004136775
0.00162347100943594
0.00374999302325908
-0.00022345160321071
0.000487193069626064
0.000332749089445501
0.00432263780518995
-0.00655525345422875
-0.000787936080227533
-0.000266857006787582
-0.00159917472341794
-0.000569023692146803
-9.35669005757918e-05
-0.000455036316850691
-0.00332665168994158
-0.000348123716782043
-0.000925215558089144
-0.000814079474157347
-0.000421694048213021
-0.000521451543634152
-0.00108972674799477
-0.00358046832677238
-0.00326245090675794
-0.000352604602682132
-0.000362867442551194
-0.00104212062979736
