-0.994583137814825
-0.81555408051814
-0.312785335455667
-0.64229708741373
-0.391930201104668
-0.144078457859107
-0.107516645929941
-0.0717322350544313
-0.092525380077123
0.00573003943921797
0.00169883194537237
-0.0173733483645621
0.000809575358860198
-0.00308301448981847
0.0060933388333698
-0.0101234677290575
0.00918715915606498
0.0284230491446732
-0.000450687306813306
0.0131574024630182
-0.00799019086601871
0.00306767912793678
-0.00805629306854568
-0.0130915148893652
-0.0268360010346061
-0.0123196688458229
-0.0194279384587866
0.00842868316184132
0.00961200725711793
-0.0129040803650798
-0.0222846564932366
-0.0215227219007465
0.0338218188926756
-0.000784178658146446
0.0454764518602318
-0.00575403253986393
0.00570481604882117
-0.00648061873872197
0.016706689091802
0.0102272711531601
0.00427708742736435
0.0247925866910004
0.0151137421282917
0.0020383346519502
-0.00481679972813311
-0.0279764497607859
0.01405167794636
0.0110877982680131
-0.00983344613216743
-0.00195341675961597
-0.00970125272472758
-0.0215191417990682
0.0200808968631008
-0.0261062760022159
-0.0307817252037689
-0.0146970446355758
-0.0502713564747904
0.00405528986123193
0.0288204095437593
-0.0190195058403808
-0.015613921557831
-0.0313046534777642
-0.0114714398831625
0.00232984910402111
0.00723408778340279
0.00662501091029917
0.0163842510832023
-0.00587177125171082
-0.0542773423816749
-0.0267245565972328
-0.00426848752490661
0.00771759203114498
-0.000116837925402018
-0.00507165923071029
-0.0207201858492884
-0.00786924410438364
0.0355915073286144
0.0048116498432632
-0.0576812753386875
-0.0192666767848279
0.00536207683084964
0.0150191837386069
-0.0148035540339331
0.0159837215380225
-0.0160612729364864
0.00334027106405468
0.00177339735171935
0.00318939865201693
-0.0189995165562753
-0.0196028011476943
0.00434009809095126
-0.00652795985449454
0.00340266434545828
0.0297497648044929
-0.00163710996684525
-0.00534994023175276
-0.00137942783480441
0.0168889144661416
-0.0148164001114759
0.0091275940866069
-0.00420579182383351
0.0075376909207706
-0.00131009580029693
-0.00290009826387728
-0.0148160739072313
0.0027313730913277
-0.00306620275983105
-0.00247871474493644
-0.014115327109481
0.0044705515211212
-0.00369957456788585
0.00364872854756114
-0.0195050507741518
-0.00339433650155306
0.00112907244441174
-0.00165436903351849
-0.0153799064183945
-0.00219995098004466
0.00073033409450431
-0.000326816037043063
-0.00746947678018049
-0.00313195898759433
0.00628418324238682
-0.0219727568208243
0.0130708011745105
0.021200705728329
0.00892150699264822
-0.0164659552442527
-0.00100027362832433
-0.00261697204330388
-0.00131571664093981
-0.00972130107764603
-0.0254957219174756
-0.000322324275752485
0.0015780591742216
-0.00790294992971072
-0.021102060462446
0.0106260151649628
-0.00427996010004847
-0.00523840649112596
-0.000830491287853545
0.00272537283471257
0.0108678720158844
-0.00373400383353013
-0.00124109483929721
0.00569782047672724
-0.00943654651033681
-0.00088839279781082
-0.0250225249268536
-0.00560335226322824
-0.00290761874035309
-0.00364684842473598
0.00484557779011393
-0.0109062658440349
0.00921511608643526
0.00228951163299162
-0.00631340751027086
0.0040935424548957
0.0181729369254961
0.00450280318078378
-0.00431820062628064
-0.00606213210668808
-0.00064657127965915
-0.00610064520044931
-0.0310620993517904
-0.00210368847753687
-0.000781442288056301
-0.00431648620944956
-0.0205559875935117
0.00130099993538787
0.00548476472627664
-0.0317782573505372
-0.00717851453461429
-0.0156376693665042
0.00413816628310938
-0.00223056845459611
-0.0168684020328732
-0.0012747058903364
0.000212848548252825
0.00332044410309019
0.0011370069682444
0.00186813490746079
-0.00581491372958214
-0.0022021811044925
-0.000597781847877131
0.000783187709407194
0.00636144458333692
-0.0202254203219491
0.0012624625358222
-0.00356416210540097
-0.0127503770076049
-0.00029630682201738
-0.00264527470711853
0.00202065502229417
-0.00424412653619005
0.00315376745152778
-0.000582023405989519
-0.00227321145698029
0.000468923384100894
-0.00168603196123325
0.016441982267989
-0.000758800230249236
0.00487917676609624
-0.00647129931442995
-0.00647162829329123
-0.00820480851088055
-0.00725174903898164
0.00342559032870432
-0.00131810709868404
-0.0149398992247256
-0.01575286029052
-0.00151222371913355
-0.00189499589272671
0.00105499759806648
-0.0100494980909088
0.0063983298094808
-0.00389214573052418
-0.000637098732267137
-0.000516504266059098
-0.00132759734957509
0.00679803502494958
-0.00476165095739415
-0.00607560248023765
-0.00225318217416868
-0.0023752469963283
-0.0117757791250143
-0.0126129838642919
-0.00158297596433464
-0.00878594272894765
-0.00507209736208039
-0.0169546102895101
-0.00155610941692688
0.000800001866392435
-0.000662805008799893
0.00251294001226533
0.000690988595400013
0.00270142541482314
-0.00171376364344509
0.00149073500205236
-0.00653642534434996
-0.0094216729360834
5.59005686991797e-07
-0.00260282157615254
-0.00211978840888975
0.00343709479911862
-0.0018756943298125
-0.00225845552727689
0.000332855248930895
-0.000837439651020579
-0.00166859595991687
5.3573338482446e-05
-0.00310206585535749
0.00137746214924887
-0.00106098871493554
-0.000104762881281987
0.00010845040146659
-9.87394139878329e-05
-0.000980271330786187
-0.000921281698948146
